Docklight Log File (HEX) - Started 2021/10/8 14:43:47.149 
 TEST CASE: USAT018-1

 --- Set POS COM PORT Settings
 Set POS COM PORT...
 POS operating on COM1 @ 9600 baud...
 Set POS COM PORT - COMPLETE

 

 --- Burst OFF mode

2021/10/8 14:44:10.036 [TX] - 56 69 56 4F 74 65 63 68 32 00 04 00 00 05 DF EE 7E 01 00 60 1E 
2021/10/8 14:44:10.071 [RX] - 56 69 56 4F 74 65 63 68 32 00 04 00 00 00 AE 16  

 --- Auto poll

2021/10/8 14:44:10.589 [TX] - 56 69 56 4F 74 65 63 68 32 00 01 01 00 01 00 F6 24 
2021/10/8 14:44:10.622 [RX] - 56 69 56 4F 74 65 63 68 32 00 01 00 00 00 12 53  

 --- 04-00 w/ DFEF7A = 01

2021/10/8 14:44:11.142 [TX] - 56 69 56 4F 74 65 63 68 32 00 04 00 00 05 DF EF 7A 01 01 35 A4 
2021/10/8 14:44:11.180 [RX] - 56 69 56 4F 74 65 63 68 32 00 04 00 00 00 AE 16  

 --- 03-00 (Tap Phone (AndroidPay))

2021/10/8 14:44:21.169 [TX] - 56 69 56 4F 74 65 63 68 32 00 03 00 00 00 3B FF 
2021/10/8 14:44:21.342 [RX] - 56 69 56 4F 74 65 63 68 32 00 03 23 01 54 00 00 00 00 50 0B 56 69 73 61 20 43 72 65 64 69 74 57 13 49 98 75 13 09 76 77 09 D2 31 22 01 00 00 00 00 00 00 0F 82 02 00 40 84 07 A0 00 00 00 03 10 10 95 05 00 00 00 00 00 9A 03 21 10 08 9B 02 00 00 9C 01 00 5F 2A 02 08 40 5F 2D 02 65 6E 5F 34 01 00 9F 02 06 00 00 00 00 00 01 9F 03 06 00 00 00 00 00 00 9F 06 07 A0 00 00 00 03 10 10 9F 07 02 00 00 9F 10 20 1F 43 FE 51 20 00 00 00 00 00 00 00 00 01 66 54 00 00 00 00 00 00 00 00 00 00 00 00 00 00 00 00 9F 1A 02 08 40 9F 1B 04 00 00 00 00 9F 21 03 06 44 17 9F 26 08 E4 17 FA CD 30 62 ED 85 9F 27 01 80 9F 33 03 00 08 E8 9F 36 02 05 51 9F 37 04 BD 68 FB 8A 9F 39 01 07 9F 45 02 00 00 9F 4C 08 00 00 00 00 00 00 00 00 9F 4E 1E 00 00 00 00 00 00 00 00 00 00 00 00 00 00 00 00 00 00 00 00 00 00 00 00 00 00 00 00 00 00 9F 66 04 20 80 40 00 9F 6C 02 01 80 9F 6E 04 23 8C 00 00 DF 81 26 06 00 00 00 00 60 00 FF EE 01 14 DF EE 30 01 00 DF EE 52 01 03 DF EE 5B 01 08 DF EF 7F 01 00 9F 19 06 04 00 10 07 50 01 DF EF 7B  --> DFEF7B 01 02 9F 1E 08 39 54 32 39 39 33 34 32 DF EE 26 02 21 00 7D 4C  

 --- 03-40 (Tap Phone (AndroidPay))

2021/10/8 14:44:26.998 [TX] - 56 69 56 4F 74 65 63 68 32 00 03 40 00 00 96 E2 
2021/10/8 14:44:27.375 [RX] - 56 69 56 4F 74 65 63 68 32 00 03 23 01 86 21 50 0B 56 69 73 61 20 43 72 65 64 69 74 57 13 49 98 75 13 09 76 77 09 D2 31 22 01 00 00 00 00 00 00 0F 82 02 00 40 84 07 A0 00 00 00 03 10 10 95 05 00 00 00 00 00 9A 03 21 10 08 9B 02 00 00 9C 01 00 5F 2A 02 08 40 5F 2D 02 65 6E 5F 34 01 00 9F 02 06 00 00 00 00 00 01 9F 03 06 00 00 00 00 00 00 9F 06 07 A0 00 00 00 03 10 10 9F 07 02 00 00 9F 10 20 1F 43 FE 00 20 00 00 00 00 00 00 00 00 01 66 54 00 00 00 00 00 00 00 00 00 00 00 00 00 00 00 00 9F 1A 02 08 40 9F 1B 04 00 00 00 00 9F 21 03 06 44 22 9F 26 08 DB 6B 08 AC 5D D2 72 1E 9F 27 01 80 9F 33 03 00 08 E8 9F 36 02 05 52 9F 37 04 6E 75 B0 D5 9F 39 01 07 9F 45 02 00 00 9F 4C 08 00 00 00 00 00 00 00 00 9F 4E 1E 00 00 00 00 00 00 00 00 00 00 00 00 00 00 00 00 00 00 00 00 00 00 00 00 00 00 00 00 00 00 9F 66 04 20 80 40 00 9F 6C 02 01 80 9F 6E 04 23 8C 00 00 DF 81 26 06 00 00 00 00 60 00 FF EE 01 14 DF EE 30 01 00 DF EE 52 01 03 DF EE 5B 01 08 DF EF 7F 01 00 9F 19 06 04 00 10 07 50 01 DF EF 7B  --> DFEF7B 01 02 9F 1E 08 39 54 32 39 39 33 34 32 DF EF 4C 06 00 27 00 00 00 00 DF EF 4D 27 3B 34 39 39 38 37 35 31 33 30 39 37 36 37 37 30 39 3D 32 33 31 32 32 30 31 30 30 30 30 30 30 30 30 30 30 30 30 30 3F DF EE 26 02 21 00 5F 81  

 Result = PASSED
 ---------- END OF TEST ----------

 Result = PASSED


Docklight Log File (HEX) - Stopped 2021/10/8 14:44:29.117 

