Docklight Log File (HEX) - Started 2026/3/23 13:08:12.387 
 TEST CASE: RD02006

 --- Set POS COM PORT Settings
 Set POS COM PORT...
 POS operating on COM90 @ 9600 baud...
 Set POS COM PORT - COMPLETE

 
User selected 'No'

 
Set Params (04-00) on FFF8 to 00 (UI: VivoTech)


2026/3/23 13:08:15.227 [TX] - 56 69 56 4F 74 65 63 68 32 00 04 00 00 04 FF F8 01 00 88 02 
2026/3/23 13:08:15.237 [RX] - 56 69 56 4F 74 65 63 68 32 00 04 00 00 00 AE 16 00 00 00 00 00 00 00 00 00 00 00 00 00 00 00 00 00 00 00 00 00 00 00 00 00 00 00 00 00 00 00 00 00 00 00 00 00 00 00 00 00 00 00 00 00 00 00  
Set Source - RTC Internal and All external


2026/3/23 13:08:15.263 [TX] - 56 69 56 4F 74 65 63 68 32 00 01 05 00 02 1A 0A 42 0F 
2026/3/23 13:08:15.271 [RX] - 56 69 56 4F 74 65 63 68 32 00 01 00 00 00 12 53 00 00 00 00 00 00 00 00 00 00 00 00 00 00 00 00 00 00 00 00 00 00 00 00 00 00 00 00 00 00 00 00 00 00 00 00 00 00 00 00 00 00 00 00 00 00 00  
One 400ms beep with LED 3 Off (01-02)


2026/3/23 13:08:15.295 [TX] - 56 69 56 4F 74 65 63 68 32 00 01 02 00 04 FF 06 03 00 E4 B4 
2026/3/23 13:08:15.303 [RX] - 45 00 55 00 04 02 21 00 00 76 CF 00 00 00 00 00 00 00 00 00 00 00 00 00 00 00 00 00 00 00 00 00 00 00 00 00 00 00 00 00 00 00 00 00 00 00 00 00 00 00 00 00 00 00 00 00 00 00 00 00 00 00 00 56 69 56 4F 74 65 63 68 32 00 01 00 00 00 12 53 00 00 00 00 00 00 00 00 00 00 00 00 00 00 00 00 00 00 00 00 00 00 00 00 00 00 00 00 00 00 00 00 00 00 00 00 00 00 00 00 00 00 00 00 00 00 00  
One 200ms beep with LED 3 On (01-02)


2026/3/23 13:08:18.306 [TX] - 56 69 56 4F 74 65 63 68 32 00 01 02 00 04 FF 05 03 01 95 FD 
2026/3/23 13:08:18.316 [RX] - 45 00 55 00 04 01 31 00 00 AE 70 00 00 00 00 00 00 00 00 00 00 00 00 00 00 00 00 00 00 00 00 00 00 00 00 00 00 00 00 00 00 00 00 00 00 00 00 00 00 00 00 00 00 00 00 00 00 00 00 00 00 00 00 45 00 55 00 04 02 20 00 00 41 FF 00 00 00 00 00 00 00 00 00 00 00 00 00 00 00 00 00 00 00 00 00 00 00 00 00 00 00 00 00 00 00 00 00 00 00 00 00 00 00 00 00 00 00 00 00 00 00 00 00 00 00 00 56 69 56 4F 74 65 63 68 32 00 01 00 00 00 12 53 00 00 00 00 00 00 00 00 00 00 00 00 00 00 00 00 00 00 00 00 00 00 00 00 00 00 00 00 00 00 00 00 00 00 00 00 00 00 00 00 00 00 00 00 00 00 00  
Set Source - RTC_Internal - All Internal


2026/3/23 13:08:18.343 [TX] - 56 69 56 4F 74 65 63 68 32 00 01 05 00 02 15 05 93 EE 
2026/3/23 13:08:18.351 [RX] - 56 69 56 4F 74 65 63 68 32 00 01 0A 00 00 D5 92 00 00 00 00 00 00 00 00 00 00 00 00 00 00 00 00 00 00 00 00 00 00 00 00 00 00 00 00 00 00 00 00 00 00 00 00 00 00 00 00 00 00 00 00 00 00 00  

 Result = PASSED
 ---------- END OF TEST ----------

 

 MASTER RESULT = PASSED


Docklight Log File (HEX) - Stopped 2026/3/23 13:08:25.976 

