Docklight Log File (HEX) - Started 2026/6/16 16:24:03.319 
 TEST CASE: EVT004

 --- Set POS COM PORT Settings
 Set POS COM PORT...
 POS operating on COM90 @ 115200 baud...
 Set POS COM PORT - COMPLETE

 --- 90-07_UMFG Start Secure Task

2026/6/16 16:24:05.751 [TX] - 56 69 56 4F 74 65 63 68 32 00 90 07 00 01 00 B4 8F 
2026/6/16 16:24:05.766 [RX] - 56 69 56 4F 74 65 63 68 32 00 90 00  OK 00 00 A2 78 00 00 00 00 00 00 00 00 00 00 00 00 00 00 00 00 00 00 00 00 00 00 00 00 00 00 00 00 00 00 00 00 00 00 00 00 00 00 00 00 00 00 00 00 00 00 00  

 --- Card Detect

2026/6/16 16:24:05.785 [TX] - 56 69 56 4F 74 65 63 68 32 00 90 13 00 02 30 03 9D 35 
2026/6/16 16:24:05.895 [RX] - 56 69 56 4F 74 65 63 68 32 00 90 00  OK 00 01 00 DE 99 00 00 00 00 00 00 00 00 00 00 00 00 00 00 00 00 00 00 00 00 00 00 00 00 00 00 00 00 00 00 00 00 00 00 00 00 00 00 00 00 00 00 00 00 00 00  

 --- Card Detect

2026/6/16 16:24:11.324 [TX] - 56 69 56 4F 74 65 63 68 32 00 90 13 00 02 30 03 9D 35 
2026/6/16 16:24:11.435 [RX] - 56 69 56 4F 74 65 63 68 32 00 90 00  OK 00 01 06 BE 5F 00 00 00 00 00 00 00 00 00 00 00 00 00 00 00 00 00 00 00 00 00 00 00 00 00 00 00 00 00 00 00 00 00 00 00 00 00 00 00 00 00 00 00 00 00 00  

 --- Card Get ATR

2026/6/16 16:24:11.462 [TX] - 56 69 56 4F 74 65 63 68 32 00 90 13 00 02 30 00 FE 05 
2026/6/16 16:24:11.538 [RX] - 56 69 56 4F 74 65 63 68 32 00 90 00  OK 00 09 3B E0 00 FF 81 31 FE 45 14 0B CD 00 00 00 00 00 00 00 00 00 00 00 00 00 00 00 00 00 00 00 00 00 00 00 00 00 00 00 00 00 00 00 00 00 00 00 00 00 00  

 --- Card APDU

2026/6/16 16:24:11.555 [TX] - 56 69 56 4F 74 65 63 68 32 00 90 13 00 0F 30 01 00 A4 04 00 08 A0 00 00 00 03 00 00 00 03 90 
2026/6/16 16:24:11.603 [RX] - 56 69 56 4F 74 65 63 68 32 00 90 00  OK 00 02 67 00 78 5E 00 00 00 00 00 00 00 00 00 00 00 00 00 00 00 00 00 00 00 00 00 00 00 00 00 00 00 00 00 00 00 00 00 00 00 00 00 00 00 00 00 00 00 00 00  

 --- Retrieve ADC Voltage

2026/6/16 16:24:11.621 [TX] - 56 69 56 4F 74 65 63 68 32 00 90 13 00 02 30 04 7A 45 
2026/6/16 16:24:11.636 [RX] - 56 69 56 4F 74 65 63 68 32 00 90 00  OK 00 02 25 34 65 27 00 00 00 00 00 00 00 00 00 00 00 00 00 00 00 00 00 00 00 00 00 00 00 00 00 00 00 00 00 00 00 00 00 00 00 00 00 00 00 00 00 00 00 00 00  

 --- Card Detect

2026/6/16 16:24:11.663 [TX] - 56 69 56 4F 74 65 63 68 32 00 90 13 00 02 30 03 9D 35 
2026/6/16 16:24:11.776 [RX] - 56 69 56 4F 74 65 63 68 32 00 90 00  OK 00 01 07 AE 7E 00 00 00 00 00 00 00 00 00 00 00 00 00 00 00 00 00 00 00 00 00 00 00 00 00 00 00 00 00 00 00 00 00 00 00 00 00 00 00 00 00 00 00 00 00 00  

 --- Card Power OFF

2026/6/16 16:24:11.797 [TX] - 56 69 56 4F 74 65 63 68 32 00 90 13 00 02 30 02 BC 25 
2026/6/16 16:24:11.810 [RX] - 56 69 56 4F 74 65 63 68 32 00 90 00  OK 00 00 A2 78 00 00 00 00 00 00 00 00 00 00 00 00 00 00 00 00 00 00 00 00 00 00 00 00 00 00 00 00 00 00 00 00 00 00 00 00 00 00 00 00 00 00 00 00 00 00 00  

 --- 90-07_UMFG Start Secure Task

2026/6/16 16:24:13.942 [TX] - 56 69 56 4F 74 65 63 68 32 00 90 07 00 01 01 95 9F 
2026/6/16 16:24:13.957 [RX] - 56 69 56 4F 74 65 63 68 32 00 90 00  OK 00 00 A2 78 00 00 00 00 00 00 00 00 00 00 00 00 00 00 00 00 00 00 00 00 00 00 00 00 00 00 00 00 00 00 00 00 00 00 00 00 00 00 00 00 00 00 00 00 00 00 00  

 ---------- END OF TEST ----------

 Result = PASSED


Docklight Log File (HEX) - Stopped 2026/6/16 16:24:14.085 

