Docklight Log File (HEX) - Started 2025/12/15 14:19:41.593 
 TEST CASE: VAS002-01

 --- Set POS COM PORT Settings
 Set POS COM PORT...
 POS operating on COM90 @ 9600 baud...
 Set POS COM PORT - COMPLETE

 

 --- Clear Merchant 1

2025/12/15 14:19:42.954 [TX] - 56 69 56 4F 74 65 63 68 32 00 04 11 00 63 01 00 00 00 00 00 00 00 00 00 00 00 00 00 00 00 00 00 00 00 00 00 00 00 00 00 00 00 00 00 00 00 00 00 00 00 00 00 00 00 00 00 00 00 00 00 00 00 00 00 00 00 00 00 00 00 00 00 00 00 00 00 00 00 00 00 00 00 00 00 00 00 00 00 00 00 00 00 00 00 00 00 00 00 00 00 00 00 00 00 00 00 00 00 00 00 00 00 00 4D EC 
2025/12/15 14:19:42.965 [RX] - 56 69 56 4F 74 65 63 68 32 00 04 00 00 00 AE 16 00 00 00 00 00 00 00 00 00 00 00 00 00 00 00 00 00 00 00 00 00 00 00 00 00 00 00 00 00 00 00 00 00 00 00 00 00 00 00 00 00 00 00 00 00 00 00  

 --- Clear Merchant 2

2025/12/15 14:19:42.992 [TX] - 56 69 56 4F 74 65 63 68 32 00 04 11 00 63 02 00 00 00 00 00 00 00 00 00 00 00 00 00 00 00 00 00 00 00 00 00 00 00 00 00 00 00 00 00 00 00 00 00 00 00 00 00 00 00 00 00 00 00 00 00 00 00 00 00 00 00 00 00 00 00 00 00 00 00 00 00 00 00 00 00 00 00 00 00 00 00 00 00 00 00 00 00 00 00 00 00 00 00 00 00 00 00 00 00 00 00 00 00 00 00 00 00 00 6B 09 
2025/12/15 14:19:43.005 [RX] - 56 69 56 4F 74 65 63 68 32 00 04 00 00 00 AE 16 00 00 00 00 00 00 00 00 00 00 00 00 00 00 00 00 00 00 00 00 00 00 00 00 00 00 00 00 00 00 00 00 00 00 00 00 00 00 00 00 00 00 00 00 00 00 00  

 --- Clear Merchant 3

2025/12/15 14:19:43.027 [TX] - 56 69 56 4F 74 65 63 68 32 00 04 11 00 63 03 00 00 00 00 00 00 00 00 00 00 00 00 00 00 00 00 00 00 00 00 00 00 00 00 00 00 00 00 00 00 00 00 00 00 00 00 00 00 00 00 00 00 00 00 00 00 00 00 00 00 00 00 00 00 00 00 00 00 00 00 00 00 00 00 00 00 00 00 00 00 00 00 00 00 00 00 00 00 00 00 00 00 00 00 00 00 00 00 00 00 00 00 00 00 00 00 00 00 96 A5 
2025/12/15 14:19:43.041 [RX] - 56 69 56 4F 74 65 63 68 32 00 04 00 00 00 AE 16 00 00 00 00 00 00 00 00 00 00 00 00 00 00 00 00 00 00 00 00 00 00 00 00 00 00 00 00 00 00 00 00 00 00 00 00 00 00 00 00 00 00 00 00 00 00 00  

 --- Clear Merchant 4

2025/12/15 14:19:43.068 [TX] - 56 69 56 4F 74 65 63 68 32 00 04 11 00 63 04 00 00 00 00 00 00 00 00 00 00 00 00 00 00 00 00 00 00 00 00 00 00 00 00 00 00 00 00 00 00 00 00 00 00 00 00 00 00 00 00 00 00 00 00 00 00 00 00 00 00 00 00 00 00 00 00 00 00 00 00 00 00 00 00 00 00 00 00 00 00 00 00 00 00 00 00 00 00 00 00 00 00 00 00 00 00 00 00 00 00 00 00 00 00 00 00 00 00 06 D3 
2025/12/15 14:19:43.077 [RX] - 56 69 56 4F 74 65 63 68 32 00 04 00 00 00 AE 16 00 00 00 00 00 00 00 00 00 00 00 00 00 00 00 00 00 00 00 00 00 00 00 00 00 00 00 00 00 00 00 00 00 00 00 00 00 00 00 00 00 00 00 00 00 00 00  

 --- Clear Merchant 5

2025/12/15 14:19:43.112 [TX] - 56 69 56 4F 74 65 63 68 32 00 04 11 00 63 05 00 00 00 00 00 00 00 00 00 00 00 00 00 00 00 00 00 00 00 00 00 00 00 00 00 00 00 00 00 00 00 00 00 00 00 00 00 00 00 00 00 00 00 00 00 00 00 00 00 00 00 00 00 00 00 00 00 00 00 00 00 00 00 00 00 00 00 00 00 00 00 00 00 00 00 00 00 00 00 00 00 00 00 00 00 00 00 00 00 00 00 00 00 00 00 00 00 00 FB 7F 
2025/12/15 14:19:43.121 [RX] - 56 69 56 4F 74 65 63 68 32 00 04 00 00 00 AE 16 00 00 00 00 00 00 00 00 00 00 00 00 00 00 00 00 00 00 00 00 00 00 00 00 00 00 00 00 00 00 00 00 00 00 00 00 00 00 00 00 00 00 00 00 00 00 00  

 --- Clear Merchant 6

2025/12/15 14:19:43.142 [TX] - 56 69 56 4F 74 65 63 68 32 00 04 11 00 63 06 00 00 00 00 00 00 00 00 00 00 00 00 00 00 00 00 00 00 00 00 00 00 00 00 00 00 00 00 00 00 00 00 00 00 00 00 00 00 00 00 00 00 00 00 00 00 00 00 00 00 00 00 00 00 00 00 00 00 00 00 00 00 00 00 00 00 00 00 00 00 00 00 00 00 00 00 00 00 00 00 00 00 00 00 00 00 00 00 00 00 00 00 00 00 00 00 00 00 DD 9A 
2025/12/15 14:19:43.153 [RX] - 56 69 56 4F 74 65 63 68 32 00 04 00 00 00 AE 16 00 00 00 00 00 00 00 00 00 00 00 00 00 00 00 00 00 00 00 00 00 00 00 00 00 00 00 00 00 00 00 00 00 00 00 00 00 00 00 00 00 00 00 00 00 00 00  

 --- Set Merchant 3 - pass.com.apple.wallet.vas.test_Starbucks 

2025/12/15 14:19:43.190 [TX] - 56 69 56 4F 74 65 63 68 32 00 04 11 00 63 03 01 3D F3 E8 AF 26 98 2A 42 79 72 88 66 4D 56 42 AB 48 C8 0F 99 91 90 A5 1B E0 97 C1 CF 86 E4 CF DF 00 00 00 00 00 00 00 00 00 00 00 00 00 00 00 00 00 00 00 00 00 00 00 00 00 00 00 00 00 00 00 00 00 00 00 00 00 00 00 00 00 00 00 00 00 00 00 00 00 00 00 00 00 00 00 00 00 00 00 00 00 00 00 00 00 06 00 
2025/12/15 14:19:43.201 [RX] - 56 69 56 4F 74 65 63 68 32 00 04 00 00 00 AE 16 00 00 00 00 00 00 00 00 00 00 00 00 00 00 00 00 00 00 00 00 00 00 00 00 00 00 00 00 00 00 00 00 00 00 00 00 00 00 00 00 00 00 00 00 00 00 00  

 --- Set Merchant 4 - pass.com.apple.wallet.panera w/URL 

2025/12/15 14:19:43.248 [TX] - 56 69 56 4F 74 65 63 68 32 00 04 11 00 63 04 01 06 41 3B 95 7A 52 59 98 3B 60 8C FC 89 CF B1 DA B9 0C E7 05 AD 8E FF 78 E9 DE 12 2C CF 8D 2C BF 0E 77 77 77 2E 70 61 6E 65 72 61 2E 63 6F 6D 00 00 00 00 00 00 00 00 00 00 00 00 00 00 00 00 00 00 00 00 00 00 00 00 00 00 00 00 00 00 00 00 00 00 00 00 00 00 00 00 00 00 00 00 00 00 00 00 00 00 BD 5C 
2025/12/15 14:19:43.261 [RX] - 56 69 56 4F 74 65 63 68 32 00 04 00 00 00 AE 16 00 00 00 00 00 00 00 00 00 00 00 00 00 00 00 00 00 00 00 00 00 00 00 00 00 00 00 00 00 00 00 00 00 00 00 00 00 00 00 00 00 00 00 00 00 00 00  

 --- Get Merchant 3  

2025/12/15 14:19:43.306 [TX] - 56 69 56 4F 74 65 63 68 32 00 03 11 00 01 03 B1 4B 
2025/12/15 14:19:43.322 [RX] - 56 69 56 4F 74 65 63 68 32 00 03 00 00 63 03 01 3D F3 E8 AF 26 98 2A 42 79 72 88 66 4D 56 42 AB 48 C8 0F 99 91 90 A5 1B E0 97 C1 CF 86 E4 CF DF 00 00 00 00 00 00 00 00 00 00 00 00 00 00 00 00 00 00 00 00 00 00 00 00 00 00 00 00 00 00 00 00 00 00 00 00 00 00 00 00 00 00 00 00 00 00 00 00 00 00 00 00 00 00 00 00 00 00 00 00 00 00 00 00 00 C7 F9 00 00 00 00 00 00 00 00 00 00 00  

 --- Get Merchant 4  

2025/12/15 14:19:43.344 [TX] - 56 69 56 4F 74 65 63 68 32 00 03 11 00 01 04 56 3B 
2025/12/15 14:19:43.353 [RX] - 56 69 56 4F 74 65 63 68 32 00 03 00 00 63 04 01 06 41 3B 95 7A 52 59 98 3B 60 8C FC 89 CF B1 DA B9 0C E7 05 AD 8E FF 78 E9 DE 12 2C CF 8D 2C BF 0E 77 77 77 2E 70 61 6E 65 72 61 2E 63 6F 6D 00 00 00 00 00 00 00 00 00 00 00 00 00 00 00 00 00 00 00 00 00 00 00 00 00 00 00 00 00 00 00 00 00 00 00 00 00 00 00 00 00 00 00 00 00 00 00 00 00 00 9B 42 00 00 00 00 00 00 00 00 00 00 00  

 --- ACT - VAS OR Pay

2025/12/15 14:19:44.741 [TX] - 56 69 56 4F 74 65 63 68 32 00 02 01 00 29 30 9F 02 06 00 00 00 00 00 01 9C 01 00 FF EE 06 18 9F 22 02 01 00 9F 26 04 00 00 00 00 9F 2B 05 01 00 00 00 00 DF 01 01 01 09 CA 
2025/12/15 14:19:46.381 [RX] - 56 69 56 4F 74 65 63 68 32 00 02 23 01 83 00 00 00 4F 07 A0 00 00 00 04 10 10 82 02 1B 00 95 05 00 00 00 00 00 9A 03 14 08 10 9C 01 00 5F 2A 02 08 40 5F 2D 02 65 6E 9F 02 06 00 00 00 00 00 01 9F 03 06 00 00 00 00 00 00 9F 06 07 A0 00 00 00 04 10 10 9F 09 02 00 02 9F 1A 02 08 40 FF F2 08 32 54 31 33 35 34 34 39 9F 21 03 14 58 22 9F 33 03 00 00 E8 9F 34 03 00 00 00 9F 35 01 22 9F 36 02 00 8D 9F 37 04 7F D7 30 37 9F 39 01 91 9F 41 04 00 00 00 17 9F 53 01 00 DF 81 29 08 30 F0 F0 00 30 F0 FF 00 FF 81 06 3B DF 81 2A 18 30 30 30 30 30 30 30 30 30 30 30 30 30 30 30 30 30 30 30 30 30 30 30 30 DF 81 2B 07 00 00 00 00 00 00 0F DF 81 15 06 00 00 00 00 00 FF 9F 6E 07 08 40 00 00 32 31 00 FF 81 05 66 50 0A 4D 41 53 54 45 52 43 41 52 44 84 07 A0 00 00 00 04 10 10 9F 6D 02 00 01 56 34 42 35 32 30 34 32 34 30 34 39 37 38 35 31 32 36 36 5E 20 2F 5E 32 36 31 30 32 30 31 30 30 31 34 31 32 33 39 34 34 34 34 30 30 30 30 30 30 30 30 30 30 30 39 9F 6B 13 52 04 24 04 97 85 12 66 D2 61 02 01 00 14 15 42 44 44 9F FF EE 01 2F DF 30 01 00 DF 31 18 30 30 30 30 30 30 30 30 30 30 30 30 30 30 30 30 30 30 30 30 30 30 30 30 DF 32 0D 30 30 30 30 30 30 30 30 30 30 30 30 30 FF EE 06 07 DF 02 04 82 6A 83 04 DF EE 26 01 11 F3 60 00 00 00 00 00 00 00 00 00 00 00 00 00 00 00 00 00 00 00 00 00 00 00 00 00 00 00 00 00 00 00 00 00 00 00 00 00 00  

 ---------- END OF TEST ----------

 Result = PASSED


Docklight Log File (HEX) - Stopped 2025/12/15 14:19:46.518 

