Docklight Log File (HEX) - Started 2022/1/17 14:23:55.437 
 TEST CASE: EMT0415

 --- Set POS COM PORT Settings
 Set POS COM PORT...
 POS operating on COM1 @ 9600 baud...
 Set POS COM PORT - COMPLETE

 

Set MSR Secure Parameters (C7-38)- 0F

2022/1/17 14:23:56.593 [TX] - 56 69 56 4F 74 65 63 68 32 00 C7 38 00 05 DF DE 04 01 0F 86 49 
2022/1/17 14:23:56.661 [RX] - 55 55 55 55 55 55 55 55 55 55 55 55 55 55 55 55 55 55 55 55 55 55 55 55 55 55 55 55 55 55 66 56 69 56 4F 74 65 63 68 32 00 C7 00 00 00 86 6E  pass pass pass  

Get MSR Secure Parameters (C7-39)

2022/1/17 14:23:56.754 [TX] - 56 69 56 4F 74 65 63 68 32 00 C7 39 00 03 DF DE 04 64 62 
2022/1/17 14:23:56.817 [RX] - 55 55 55 55 55 55 55 55 55 55 55 55 55 55 55 55 55 55 55 55 55 55 55 55 55 55 55 55 55 55 66 56 69 56 4F 74 65 63 68 32 00 C7 00 00 05 DF DE 04 01 0F 11 80  pass  

Burst mode Off

2022/1/17 14:23:56.921 [TX] - 56 69 56 4F 74 65 63 68 32 00 04 00 00 04 FF F7 01 00 B9 2E 
2022/1/17 14:23:56.986 [RX] - 55 55 55 55 55 55 55 55 55 55 55 55 55 55 55 55 55 55 55 55 55 55 55 55 55 55 55 55 55 55 66 56 69 56 4F 74 65 63 68 32 00 04 00 00 00 AE 16  pass pass  

Poll on Demand

2022/1/17 14:23:57.080 [TX] - 56 69 56 4F 74 65 63 68 32 00 01 01 00 01 01 D7 34 
2022/1/17 14:23:57.139 [RX] - 55 55 55 55 55 55 55 55 55 55 55 55 55 55 55 55 55 55 55 55 55 55 55 55 55 55 55 55 55 55 66 56 69 56 4F 74 65 63 68 32 00 01 00 00 00 12 53  pass  

Poll on Demand

2022/1/17 14:23:57.236 [TX] - 56 69 56 4F 74 65 63 68 32 00 01 01 00 01 01 D7 34 
2022/1/17 14:23:57.294 [RX] - 55 55 55 55 55 55 55 55 55 55 55 55 55 55 55 55 55 55 55 55 55 55 55 55 55 55 55 55 55 55 66 56 69 56 4F 74 65 63 68 32 00 01 00 00 00 12 53  pass  

 Erase All Keys...

2022/1/17 14:23:57.390 [TX] - 56 69 56 4F 74 65 63 68 32 00 83 00 00 00 03 22 
2022/1/17 14:23:57.447 [RX] - 55 55 55 55 55 55 55 55 55 55 55 55 55 55 55 55 55 55 55 55 55 55 55 55 55 55 55 55 55 55 66 56 69 56 4F 74 65 63 68 32 00 83 00 00 00 22 03  pass  

 Set DUKPT Key Encryption Type...

2022/1/17 14:23:57.741 [TX] - 56 69 56 4F 74 65 63 68 32 00 C7 32 00 01 00 6D FE 
2022/1/17 14:23:57.799 [RX] - 55 55 55 55 55 55 55 55 55 55 55 55 55 55 55 55 55 55 55 55 55 55 55 55 55 55 55 55 55 55 66 56 69 56 4F 74 65 63 68 32 00 C7 00 00 00 86 6E  pass pass pass  

 Get DUKPT Key Encryption Type...

2022/1/17 14:23:58.096 [TX] - 56 69 56 4F 74 65 63 68 32 00 C7 33 00 00 1A 9B 
2022/1/17 14:23:58.152 [RX] - 55 55 55 55 55 55 55 55 55 55 55 55 55 55 55 55 55 55 55 55 55 55 55 55 55 55 55 55 55 55 66 56 69 56 4F 74 65 63 68 32 00 C7 00 00 01 00 AC 7F  pass pass  

 Loading DUKPT key...

2022/1/17 14:23:58.448 [TX] - 56 69 56 4F 74 65 63 68 32 00 80 00 00 65 30 45 43 36 30 46 33 35 31 34 37 45 43 41 30 30 38 38 4B 30 54 44 30 30 4E 30 30 30 30 30 30 38 30 39 43 30 37 41 39 39 31 44 43 38 30 33 34 45 43 31 32 45 31 36 39 43 30 44 35 34 35 35 44 45 41 32 39 34 35 31 34 32 34 37 38 30 38 30 35 36 38 32 33 34 39 38 37 31 32 30 32 33 34 30 30 30 30 30 30 30 30 12 43 
2022/1/17 14:23:58.736 [RX] - 55 55 55 55 55 55 55 55 55 55 55 55 55 55 55 55 55 55 55 55 55 55 55 55 55 55 55 55 55 55 66 56 69 56 4F 74 65 63 68 32 00 80 00 00 00 B9 DF  pass 
2022/1/17 14:23:59.027 [TX] - 56 69 56 4F 74 65 63 68 32 00 80 00 00 65 31 34 43 45 32 35 35 35 31 34 37 45 43 41 30 30 38 38 4B 30 54 44 30 30 4E 30 30 30 30 30 30 38 30 46 35 30 36 46 36 41 33 44 34 30 38 39 39 45 30 35 35 42 42 35 42 39 45 33 41 44 44 36 30 30 42 38 38 35 33 32 37 37 39 32 32 34 36 30 39 32 36 32 33 41 39 39 37 31 32 36 32 33 34 30 30 30 30 30 30 30 30 35 7F 
2022/1/17 14:23:59.315 [RX] - 55 55 55 55 55 55 55 55 55 55 55 55 55 55 55 55 55 55 55 55 55 55 55 55 55 55 55 55 55 55 66 56 69 56 4F 74 65 63 68 32 00 80 00 00 00 B9 DF  pass 
2022/1/17 14:23:59.608 [TX] - 56 69 56 4F 74 65 63 68 32 00 80 01 00 58 41 30 30 38 38 4B 30 54 44 30 30 4E 30 30 30 30 43 44 32 46 43 43 36 44 37 39 32 44 33 42 32 34 46 30 38 33 37 42 30 33 32 44 30 38 36 38 46 45 43 39 46 44 44 43 39 43 32 36 33 31 31 35 46 30 44 43 43 34 42 44 42 35 37 43 36 30 33 43 34 32 46 34 41 35 30 34 34 39 97 D5 
2022/1/17 14:23:59.868 [RX] - 55 55 55 55 55 55 55 55 55 55 55 55 55 55 55 55 55 55 55 55 55 55 55 55 55 55 55 55 55 55 66 56 69 56 4F 74 65 63 68 32 00 80 00 00 00 B9 DF  pass 
2022/1/17 14:24:00.162 [TX] - 56 69 56 4F 74 65 63 68 32 00 81 00 00 71 05 41 30 31 31 32 44 30 54 45 30 30 4E 30 31 30 30 4B 53 31 38 36 32 39 39 34 39 30 31 32 43 30 30 30 34 36 30 30 30 30 31 39 34 34 38 36 43 33 31 36 38 43 41 31 46 42 34 41 38 30 39 45 36 33 39 46 46 39 43 33 42 37 32 36 45 32 34 37 43 35 39 30 42 32 32 38 43 35 44 32 32 36 35 30 46 36 36 39 37 45 38 34 37 41 32 46 38 41 32 37 33 39 33 47 AE 
2022/1/17 14:24:00.488 [RX] - 55 55 55 55 55 55 55 55 55 55 55 55 55 55 55 55 55 55 55 55 55 55 55 55 55 55 55 55 55 55 66 56 69 56 4F 74 65 63 68 32 00 81 00 00 00 CF 6B  pass 
2022/1/17 14:24:00.784 [TX] - 56 69 56 4F 74 65 63 68 32 00 C7 36 00 01 03 6C 97 
2022/1/17 14:24:00.842 [RX] - 55 55 55 55 55 55 55 55 55 55 55 55 55 55 55 55 55 55 55 55 55 55 55 55 55 55 55 55 55 55 66 56 69 56 4F 74 65 63 68 32 00 C7 00 00 00 86 6E  pass pass pass  

--- IDT

2022/1/17 14:24:01.141 [TX] - 56 69 56 4F 74 65 63 68 32 00 02 40 00 0A 0A 9F 02 06 00 00 00 00 10 00 18 73 
2022/1/17 14:24:01.804 [RX] - 55 55 55 55 55 55 55 55 55 55 55 55 55 55 55 55 55 55 55 55 55 55 55 55 55 55 55 55 55 55 66 56 69 56 4F 74 65 63 68 32 00 02 00 01 63 C8 DF EE 25 02 00 11 DF EE 23 82 01 45 02 3F 01 83 3F 4F 28 6B 80 BF 1A C4 1D 38 F3 82 4A 91 39 12 AC 21 57 37 F0 ED 81 B5 54 F8 FF 7C BF C4 0B 05 CD 25 E2 E1 EB 56 10 F8 D7 D5 4D FF 92 44 73 AC D5 6B 67 1F F1 BA B7 07 C9 90 63 9B 43 B0 5F DA 56 2C A5 7A 40 88 EE 1C 00 0B BD 24 40 AC 32 03 4A E9 1A D7 3D 70 E0 78 1B 29 C8 1C B3 77 DF 89 75 44 C5 B4 8F E7 18 7D 23 EE 38 95 AE 66 5D C0 F5 8D 6B 97 2D E3 0A D3 6C A9 F9 20 A6 23 90 7A AE DD 87 F5 DA 8E F5 44 58 ED E3 AA F9 2B E9 ED 51 36 72 EA 77 7D 9E 8B 8D 07 5E 38 A3 24 57 1F 43 52 4C 12 DD DC 2B 67 B5 1C 8F 52 DC CF 06 52 2A 56 52 79 44 DF 20 B2 83 CA A8 4C 0A D3 62 BF E7 11 F6 53 BB 90 7D 15 AC D5 C9 3A EF 23 31 57 61 B7 85 09 66 58 B8 53 02 A3 DC CA 4B 85 92 C0 89 07 CC BE A8 2F B2 80 0F 48 82 6E A6 86 58 78 7F 9D EB 10 29 7D F1 08 DE 4F C8 BC 7C DA 57 A9 E4 54 B4 BE BA 5E 9A C8 4F CF 5C F2 4B 10 B9 72 1D A8 8F 82 59 C6 68 88 61 C1 57 C1 CE 2E 0F 72 CE 0F 3B B5 98 A6 14 EA AB B1 37 33 39 54 30 32 35 37 39 33 62 99 49 01 2C 00 04 60 00 01 67 DD 03 9F 39 01 90 FF EE 01 04 DF 30 01 0C DF EE 26 01 C8 3C FF  

 Erase All Keys...

2022/1/17 14:24:02.840 [TX] - 56 69 56 4F 74 65 63 68 32 00 83 00 00 00 03 22 
2022/1/17 14:24:02.896 [RX] - 55 55 55 55 55 55 55 55 55 55 55 55 55 55 55 55 55 55 55 55 55 55 55 55 55 55 55 55 55 55 66 56 69 56 4F 74 65 63 68 32 00 83 00 00 00 22 03  pass  

 Set DUKPT Key Encryption Type...

2022/1/17 14:24:03.190 [TX] - 56 69 56 4F 74 65 63 68 32 00 C7 32 00 01 00 6D FE 
2022/1/17 14:24:03.248 [RX] - 55 55 55 55 55 55 55 55 55 55 55 55 55 55 55 55 55 55 55 55 55 55 55 55 55 55 55 55 55 55 66 56 69 56 4F 74 65 63 68 32 00 C7 00 00 00 86 6E  pass pass pass  

 Get DUKPT Key Encryption Type...

2022/1/17 14:24:03.548 [TX] - 56 69 56 4F 74 65 63 68 32 00 C7 33 00 00 1A 9B 
2022/1/17 14:24:03.604 [RX] - 55 55 55 55 55 55 55 55 55 55 55 55 55 55 55 55 55 55 55 55 55 55 55 55 55 55 55 55 55 55 66 56 69 56 4F 74 65 63 68 32 00 C7 00 00 01 00 AC 7F  pass pass  

 Loading DUKPT key...

2022/1/17 14:24:03.900 [TX] - 56 69 56 4F 74 65 63 68 32 00 80 00 00 65 30 45 43 36 30 46 33 35 31 34 37 45 43 41 30 30 38 38 4B 30 54 44 30 30 4E 30 30 30 30 30 30 38 30 39 43 30 37 41 39 39 31 44 43 38 30 33 34 45 43 31 32 45 31 36 39 43 30 44 35 34 35 35 44 45 41 32 39 34 35 31 34 32 34 37 38 30 38 30 35 36 38 32 33 34 39 38 37 31 32 30 32 33 34 30 30 30 30 30 30 30 30 12 43 
2022/1/17 14:24:04.188 [RX] - 55 55 55 55 55 55 55 55 55 55 55 55 55 55 55 55 55 55 55 55 55 55 55 55 55 55 55 55 55 55 66 56 69 56 4F 74 65 63 68 32 00 80 00 00 00 B9 DF  pass 
2022/1/17 14:24:04.480 [TX] - 56 69 56 4F 74 65 63 68 32 00 80 00 00 65 31 34 43 45 32 35 35 35 31 34 37 45 43 41 30 30 38 38 4B 30 54 44 30 30 4E 30 30 30 30 30 30 38 30 46 35 30 36 46 36 41 33 44 34 30 38 39 39 45 30 35 35 42 42 35 42 39 45 33 41 44 44 36 30 30 42 38 38 35 33 32 37 37 39 32 32 34 36 30 39 32 36 32 33 41 39 39 37 31 32 36 32 33 34 30 30 30 30 30 30 30 30 35 7F 
2022/1/17 14:24:04.768 [RX] - 55 55 55 55 55 55 55 55 55 55 55 55 55 55 55 55 55 55 55 55 55 55 55 55 55 55 55 55 55 55 66 56 69 56 4F 74 65 63 68 32 00 80 00 00 00 B9 DF  pass 
2022/1/17 14:24:05.061 [TX] - 56 69 56 4F 74 65 63 68 32 00 80 01 00 58 41 30 30 38 38 4B 30 54 44 30 30 4E 30 30 30 30 43 44 32 46 43 43 36 44 37 39 32 44 33 42 32 34 46 30 38 33 37 42 30 33 32 44 30 38 36 38 46 45 43 39 46 44 44 43 39 43 32 36 33 31 31 35 46 30 44 43 43 34 42 44 42 35 37 43 36 30 33 43 34 32 46 34 41 35 30 34 34 39 97 D5 
2022/1/17 14:24:05.321 [RX] - 55 55 55 55 55 55 55 55 55 55 55 55 55 55 55 55 55 55 55 55 55 55 55 55 55 55 55 55 55 55 66 56 69 56 4F 74 65 63 68 32 00 80 00 00 00 B9 DF  pass 
2022/1/17 14:24:05.615 [TX] - 56 69 56 4F 74 65 63 68 32 00 81 00 00 71 05 41 30 31 31 32 44 30 54 45 30 30 4E 30 31 30 30 4B 53 31 38 36 32 39 39 34 39 30 31 32 43 30 30 30 34 36 30 30 30 30 31 39 34 34 38 36 43 33 31 36 38 43 41 31 46 42 34 41 38 30 39 45 36 33 39 46 46 39 43 33 42 37 32 36 45 32 34 37 43 35 39 30 42 32 32 38 43 35 44 32 32 36 35 30 46 36 36 39 37 45 38 34 37 41 32 46 38 41 32 37 33 39 33 47 AE 
2022/1/17 14:24:05.942 [RX] - 55 55 55 55 55 55 55 55 55 55 55 55 55 55 55 55 55 55 55 55 55 55 55 55 55 55 55 55 55 55 66 56 69 56 4F 74 65 63 68 32 00 81 00 00 00 CF 6B  pass 
2022/1/17 14:24:06.236 [TX] - 56 69 56 4F 74 65 63 68 32 00 C7 36 00 01 03 6C 97 
2022/1/17 14:24:06.295 [RX] - 55 55 55 55 55 55 55 55 55 55 55 55 55 55 55 55 55 55 55 55 55 55 55 55 55 55 55 55 55 55 66 56 69 56 4F 74 65 63 68 32 00 C7 00 00 00 86 6E  pass pass pass  

--- Discover

2022/1/17 14:24:06.594 [TX] - 56 69 56 4F 74 65 63 68 32 00 02 40 00 0A 0A 9F 02 06 00 00 00 00 10 00 18 73 
2022/1/17 14:24:07.256 [RX] - 55 55 55 55 55 55 55 55 55 55 55 55 55 55 55 55 55 55 55 55 55 55 55 55 55 55 55 55 55 55 66 56 69 56 4F 74 65 63 68 32 00 02 00 01 0C C8 DF EE 25 02 00 11 DF EE 23 81 B9 02 B3 00 80 1F 44 28 00 A0 9B C7 27 B0 60 AB FC 2B 62 4C 4D 6E 59 96 E2 2D 84 8D 87 D6 E3 82 0D 57 37 4F 6D 3F B3 1F 75 06 1A DC 17 89 FB C3 C7 50 C7 5D 06 65 00 04 08 CA B4 CA 0C 62 47 62 EE 86 0F BD 54 17 E0 FD D5 7E 1D A9 C9 FA 98 FB DF 49 CA CE 1B DC 33 AA 1A DD A5 D6 52 C6 FC CF C5 DC A9 46 A8 07 1F 1C 13 1B 7F E6 5F 75 06 01 CE C6 1E 8A 64 0E 1C 2B EC 80 D4 51 48 AB 78 7E 8B 8D 05 DC 8A C9 07 9E FC 98 53 27 0B ED B9 10 02 52 D6 AA D8 46 CB 85 69 24 FE 7C 93 52 0B 36 DA D9 25 37 33 39 54 30 32 35 37 39 33 62 99 49 01 2C 00 04 60 00 01 F7 DD 03 9F 39 01 90 FF EE 01 04 DF 30 01 0C DF EE 26 01 C8 DF EF  Discover MagStripe card - pass 4C 06 00 27 00 00 00 00 DF EF 4D 28 CE 1B DC 33 AA 1A DD A5 D6 52 C6 FC CF C5 DC A9 46 A8 07 1F 1C 13 1B 7F E6 5F 75 06 01 CE C6 1E 42 71 F3 A3 EF 56 39 CA 81 44  

 Erase All Keys...

2022/1/17 14:24:08.000 [TX] - 56 69 56 4F 74 65 63 68 32 00 83 00 00 00 03 22 
2022/1/17 14:24:08.056 [RX] - 55 55 55 55 55 55 55 55 55 55 55 55 55 55 55 55 55 55 55 55 55 55 55 55 55 55 55 55 55 55 66 56 69 56 4F 74 65 63 68 32 00 83 00 00 00 22 03  pass  

 Set DUKPT Key Encryption Type...

2022/1/17 14:24:08.351 [TX] - 56 69 56 4F 74 65 63 68 32 00 C7 32 00 01 00 6D FE 
2022/1/17 14:24:08.409 [RX] - 55 55 55 55 55 55 55 55 55 55 55 55 55 55 55 55 55 55 55 55 55 55 55 55 55 55 55 55 55 55 66 56 69 56 4F 74 65 63 68 32 00 C7 00 00 00 86 6E  pass pass pass  

 Get DUKPT Key Encryption Type...

2022/1/17 14:24:08.704 [TX] - 56 69 56 4F 74 65 63 68 32 00 C7 33 00 00 1A 9B 
2022/1/17 14:24:08.760 [RX] - 55 55 55 55 55 55 55 55 55 55 55 55 55 55 55 55 55 55 55 55 55 55 55 55 55 55 55 55 55 55 66 56 69 56 4F 74 65 63 68 32 00 C7 00 00 01 00 AC 7F  pass pass  

 Loading DUKPT key...

2022/1/17 14:24:09.055 [TX] - 56 69 56 4F 74 65 63 68 32 00 80 00 00 65 30 45 43 36 30 46 33 35 31 34 37 45 43 41 30 30 38 38 4B 30 54 44 30 30 4E 30 30 30 30 30 30 38 30 39 43 30 37 41 39 39 31 44 43 38 30 33 34 45 43 31 32 45 31 36 39 43 30 44 35 34 35 35 44 45 41 32 39 34 35 31 34 32 34 37 38 30 38 30 35 36 38 32 33 34 39 38 37 31 32 30 32 33 34 30 30 30 30 30 30 30 30 12 43 
2022/1/17 14:24:09.343 [RX] - 55 55 55 55 55 55 55 55 55 55 55 55 55 55 55 55 55 55 55 55 55 55 55 55 55 55 55 55 55 55 66 56 69 56 4F 74 65 63 68 32 00 80 00 00 00 B9 DF  pass 
2022/1/17 14:24:09.634 [TX] - 56 69 56 4F 74 65 63 68 32 00 80 00 00 65 31 34 43 45 32 35 35 35 31 34 37 45 43 41 30 30 38 38 4B 30 54 44 30 30 4E 30 30 30 30 30 30 38 30 46 35 30 36 46 36 41 33 44 34 30 38 39 39 45 30 35 35 42 42 35 42 39 45 33 41 44 44 36 30 30 42 38 38 35 33 32 37 37 39 32 32 34 36 30 39 32 36 32 33 41 39 39 37 31 32 36 32 33 34 30 30 30 30 30 30 30 30 35 7F 
2022/1/17 14:24:09.923 [RX] - 55 55 55 55 55 55 55 55 55 55 55 55 55 55 55 55 55 55 55 55 55 55 55 55 55 55 55 55 55 55 66 56 69 56 4F 74 65 63 68 32 00 80 00 00 00 B9 DF  pass 
2022/1/17 14:24:10.215 [TX] - 56 69 56 4F 74 65 63 68 32 00 80 01 00 58 41 30 30 38 38 4B 30 54 44 30 30 4E 30 30 30 30 43 44 32 46 43 43 36 44 37 39 32 44 33 42 32 34 46 30 38 33 37 42 30 33 32 44 30 38 36 38 46 45 43 39 46 44 44 43 39 43 32 36 33 31 31 35 46 30 44 43 43 34 42 44 42 35 37 43 36 30 33 43 34 32 46 34 41 35 30 34 34 39 97 D5 
2022/1/17 14:24:10.475 [RX] - 55 55 55 55 55 55 55 55 55 55 55 55 55 55 55 55 55 55 55 55 55 55 55 55 55 55 55 55 55 55 66 56 69 56 4F 74 65 63 68 32 00 80 00 00 00 B9 DF  pass 
2022/1/17 14:24:10.768 [TX] - 56 69 56 4F 74 65 63 68 32 00 81 00 00 71 05 41 30 31 31 32 44 30 54 45 30 30 4E 30 31 30 30 4B 53 31 38 36 32 39 39 34 39 30 31 32 43 30 30 30 34 36 30 30 30 30 31 39 34 34 38 36 43 33 31 36 38 43 41 31 46 42 34 41 38 30 39 45 36 33 39 46 46 39 43 33 42 37 32 36 45 32 34 37 43 35 39 30 42 32 32 38 43 35 44 32 32 36 35 30 46 36 36 39 37 45 38 34 37 41 32 46 38 41 32 37 33 39 33 47 AE 
2022/1/17 14:24:11.095 [RX] - 55 55 55 55 55 55 55 55 55 55 55 55 55 55 55 55 55 55 55 55 55 55 55 55 55 55 55 55 55 55 66 56 69 56 4F 74 65 63 68 32 00 81 00 00 00 CF 6B  pass 
2022/1/17 14:24:11.388 [TX] - 56 69 56 4F 74 65 63 68 32 00 C7 36 00 01 03 6C 97 
2022/1/17 14:24:11.447 [RX] - 55 55 55 55 55 55 55 55 55 55 55 55 55 55 55 55 55 55 55 55 55 55 55 55 55 55 55 55 55 55 66 56 69 56 4F 74 65 63 68 32 00 C7 00 00 00 86 6E  pass pass pass  

--- JIS1

2022/1/17 14:24:11.747 [TX] - 56 69 56 4F 74 65 63 68 32 00 02 40 00 0A 0A 9F 02 06 00 00 00 00 10 00 18 73 
2022/1/17 14:24:12.386 [RX] - 55 55 55 55 55 55 55 55 55 55 55 55 55 55 55 55 55 55 55 55 55 55 55 55 55 55 55 55 55 55 66 56 69 56 4F 74 65 63 68 32 00 02 00 00 D6 C8 DF EE 25 02 00 11 DF EE 23 81 B9 02 B3 00 86 1F 48 28 00 80 9B 88 C9 A3 6E DD 0F A6 99 2C A2 29 61 EA B0 CA 2A C1 66 0E 63 45 74 03 9D 8F F0 CE 80 7F 72 DC 4B E3 F1 A4 09 59 71 EC 08 F4 0B F4 B9 E6 9B 9B 2D B6 4B E9 BE 7A 4C 91 CE 37 61 4D DB F2 B4 86 03 08 95 3E B0 A9 E4 3E 03 DA 1B F5 A0 AA B4 C9 6B B6 7D 9C 0C B7 FF 06 F5 C6 5F 35 B0 8E 97 0B CF 1E 46 87 67 8D 63 AA 01 CB 85 B9 0C 33 A2 E0 F0 22 53 BB 7F 5A 95 59 55 40 72 53 C1 06 B4 33 86 42 44 BF EC 69 E4 C5 3F F7 53 B0 2E 12 21 1F 5E 75 13 6C 76 51 C4 63 62 37 33 39 54 30 32 35 37 39 33 62 99 49 01 2C 00 04 60 00 01 DC 44 03 9F 39 01 90 FF EE 01 04 DF 30 01 0C DF EE 26 01 C8 D5 28  

 Erase All Keys...

2022/1/17 14:24:13.127 [TX] - 56 69 56 4F 74 65 63 68 32 00 83 00 00 00 03 22 
2022/1/17 14:24:13.184 [RX] - 55 55 55 55 55 55 55 55 55 55 55 55 55 55 55 55 55 55 55 55 55 55 55 55 55 55 55 55 55 55 66 56 69 56 4F 74 65 63 68 32 00 83 00 00 00 22 03  pass  

 Set DUKPT Key Encryption Type...

2022/1/17 14:24:13.479 [TX] - 56 69 56 4F 74 65 63 68 32 00 C7 32 00 01 00 6D FE 
2022/1/17 14:24:13.538 [RX] - 55 55 55 55 55 55 55 55 55 55 55 55 55 55 55 55 55 55 55 55 55 55 55 55 55 55 55 55 55 55 66 56 69 56 4F 74 65 63 68 32 00 C7 00 00 00 86 6E  pass pass pass  

 Get DUKPT Key Encryption Type...

2022/1/17 14:24:13.833 [TX] - 56 69 56 4F 74 65 63 68 32 00 C7 33 00 00 1A 9B 
2022/1/17 14:24:13.889 [RX] - 55 55 55 55 55 55 55 55 55 55 55 55 55 55 55 55 55 55 55 55 55 55 55 55 55 55 55 55 55 55 66 56 69 56 4F 74 65 63 68 32 00 C7 00 00 01 00 AC 7F  pass pass  

 Loading DUKPT key...

2022/1/17 14:24:14.184 [TX] - 56 69 56 4F 74 65 63 68 32 00 80 00 00 65 30 45 43 36 30 46 33 35 31 34 37 45 43 41 30 30 38 38 4B 30 54 44 30 30 4E 30 30 30 30 30 30 38 30 39 43 30 37 41 39 39 31 44 43 38 30 33 34 45 43 31 32 45 31 36 39 43 30 44 35 34 35 35 44 45 41 32 39 34 35 31 34 32 34 37 38 30 38 30 35 36 38 32 33 34 39 38 37 31 32 30 32 33 34 30 30 30 30 30 30 30 30 12 43 
2022/1/17 14:24:14.472 [RX] - 55 55 55 55 55 55 55 55 55 55 55 55 55 55 55 55 55 55 55 55 55 55 55 55 55 55 55 55 55 55 66 56 69 56 4F 74 65 63 68 32 00 80 00 00 00 B9 DF  pass 
2022/1/17 14:24:14.763 [TX] - 56 69 56 4F 74 65 63 68 32 00 80 00 00 65 31 34 43 45 32 35 35 35 31 34 37 45 43 41 30 30 38 38 4B 30 54 44 30 30 4E 30 30 30 30 30 30 38 30 46 35 30 36 46 36 41 33 44 34 30 38 39 39 45 30 35 35 42 42 35 42 39 45 33 41 44 44 36 30 30 42 38 38 35 33 32 37 37 39 32 32 34 36 30 39 32 36 32 33 41 39 39 37 31 32 36 32 33 34 30 30 30 30 30 30 30 30 35 7F 
2022/1/17 14:24:15.052 [RX] - 55 55 55 55 55 55 55 55 55 55 55 55 55 55 55 55 55 55 55 55 55 55 55 55 55 55 55 55 55 55 66 56 69 56 4F 74 65 63 68 32 00 80 00 00 00 B9 DF  pass 
2022/1/17 14:24:15.345 [TX] - 56 69 56 4F 74 65 63 68 32 00 80 01 00 58 41 30 30 38 38 4B 30 54 44 30 30 4E 30 30 30 30 43 44 32 46 43 43 36 44 37 39 32 44 33 42 32 34 46 30 38 33 37 42 30 33 32 44 30 38 36 38 46 45 43 39 46 44 44 43 39 43 32 36 33 31 31 35 46 30 44 43 43 34 42 44 42 35 37 43 36 30 33 43 34 32 46 34 41 35 30 34 34 39 97 D5 
2022/1/17 14:24:15.604 [RX] - 55 55 55 55 55 55 55 55 55 55 55 55 55 55 55 55 55 55 55 55 55 55 55 55 55 55 55 55 55 55 66 56 69 56 4F 74 65 63 68 32 00 80 00 00 00 B9 DF  pass 
2022/1/17 14:24:15.899 [TX] - 56 69 56 4F 74 65 63 68 32 00 81 00 00 71 05 41 30 31 31 32 44 30 54 45 30 30 4E 30 31 30 30 4B 53 31 38 36 32 39 39 34 39 30 31 32 43 30 30 30 34 36 30 30 30 30 31 39 34 34 38 36 43 33 31 36 38 43 41 31 46 42 34 41 38 30 39 45 36 33 39 46 46 39 43 33 42 37 32 36 45 32 34 37 43 35 39 30 42 32 32 38 43 35 44 32 32 36 35 30 46 36 36 39 37 45 38 34 37 41 32 46 38 41 32 37 33 39 33 47 AE 
2022/1/17 14:24:16.225 [RX] - 55 55 55 55 55 55 55 55 55 55 55 55 55 55 55 55 55 55 55 55 55 55 55 55 55 55 55 55 55 55 66 56 69 56 4F 74 65 63 68 32 00 81 00 00 00 CF 6B  pass 
2022/1/17 14:24:16.521 [TX] - 56 69 56 4F 74 65 63 68 32 00 C7 36 00 01 03 6C 97 
2022/1/17 14:24:16.579 [RX] - 55 55 55 55 55 55 55 55 55 55 55 55 55 55 55 55 55 55 55 55 55 55 55 55 55 55 55 55 55 55 66 56 69 56 4F 74 65 63 68 32 00 C7 00 00 00 86 6E  pass pass pass  

--- JIS2

2022/1/17 14:24:16.879 [TX] - 56 69 56 4F 74 65 63 68 32 00 02 40 00 0A 0A 9F 02 06 00 00 00 00 10 00 18 73 
2022/1/17 14:24:17.563 [RX] - 55 55 55 55 55 55 55 55 55 55 55 55 55 55 55 55 55 55 55 55 55 55 55 55 55 55 55 55 55 55 66 56 69 56 4F 74 65 63 68 32 00 02 00 00 99 C8 DF EE 25 02 00 11 DF EE 23 7D 02 77 00 85 17 00 48 00 80 92 88 C9 A3 6E DD 0F A6 99 2C A2 29 61 EA B0 CA 2A C1 66 0E 63 45 74 03 9D 8F F0 CE 80 7F 72 DC 4B E3 F1 A4 09 59 71 EC 08 F4 0B F4 B9 E6 9B 9B 2D B6 4B E9 BE 7A 4C 91 CE 37 61 4D DB F2 B4 86 03 08 95 3E B0 A9 E4 3E 03 22 53 BB 7F 5A 95 59 55 40 72 53 C1 06 B4 33 86 42 44 BF EC 37 33 39 54 30 32 35 37 39 33 62 99 49 01 2C 00 04 60 00 01 AF 45 03 9F 39 01 90 FF EE 01 04 DF 30 01 0C DF EE 26 01 C8 60 B3  

 Erase All Keys...

2022/1/17 14:24:18.172 [TX] - 56 69 56 4F 74 65 63 68 32 00 83 00 00 00 03 22 
2022/1/17 14:24:18.229 [RX] - 55 55 55 55 55 55 55 55 55 55 55 55 55 55 55 55 55 55 55 55 55 55 55 55 55 55 55 55 55 55 66 56 69 56 4F 74 65 63 68 32 00 83 00 00 00 22 03  pass  

 Set DUKPT Key Encryption Type...

2022/1/17 14:24:18.523 [TX] - 56 69 56 4F 74 65 63 68 32 00 C7 32 00 01 00 6D FE 
2022/1/17 14:24:18.582 [RX] - 55 55 55 55 55 55 55 55 55 55 55 55 55 55 55 55 55 55 55 55 55 55 55 55 55 55 55 55 55 55 66 56 69 56 4F 74 65 63 68 32 00 C7 00 00 00 86 6E  pass pass pass  

 Get DUKPT Key Encryption Type...

2022/1/17 14:24:18.879 [TX] - 56 69 56 4F 74 65 63 68 32 00 C7 33 00 00 1A 9B 
2022/1/17 14:24:18.935 [RX] - 55 55 55 55 55 55 55 55 55 55 55 55 55 55 55 55 55 55 55 55 55 55 55 55 55 55 55 55 55 55 66 56 69 56 4F 74 65 63 68 32 00 C7 00 00 01 00 AC 7F  pass pass  

 Loading DUKPT key...

2022/1/17 14:24:19.231 [TX] - 56 69 56 4F 74 65 63 68 32 00 80 00 00 65 30 45 43 36 30 46 33 35 31 34 37 45 43 41 30 30 38 38 4B 30 54 44 30 30 4E 30 30 30 30 30 30 38 30 39 43 30 37 41 39 39 31 44 43 38 30 33 34 45 43 31 32 45 31 36 39 43 30 44 35 34 35 35 44 45 41 32 39 34 35 31 34 32 34 37 38 30 38 30 35 36 38 32 33 34 39 38 37 31 32 30 32 33 34 30 30 30 30 30 30 30 30 12 43 
2022/1/17 14:24:19.518 [RX] - 55 55 55 55 55 55 55 55 55 55 55 55 55 55 55 55 55 55 55 55 55 55 55 55 55 55 55 55 55 55 66 56 69 56 4F 74 65 63 68 32 00 80 00 00 00 B9 DF  pass 
2022/1/17 14:24:19.810 [TX] - 56 69 56 4F 74 65 63 68 32 00 80 00 00 65 31 34 43 45 32 35 35 35 31 34 37 45 43 41 30 30 38 38 4B 30 54 44 30 30 4E 30 30 30 30 30 30 38 30 46 35 30 36 46 36 41 33 44 34 30 38 39 39 45 30 35 35 42 42 35 42 39 45 33 41 44 44 36 30 30 42 38 38 35 33 32 37 37 39 32 32 34 36 30 39 32 36 32 33 41 39 39 37 31 32 36 32 33 34 30 30 30 30 30 30 30 30 35 7F 
2022/1/17 14:24:20.098 [RX] - 55 55 55 55 55 55 55 55 55 55 55 55 55 55 55 55 55 55 55 55 55 55 55 55 55 55 55 55 55 55 66 56 69 56 4F 74 65 63 68 32 00 80 00 00 00 B9 DF  pass 
2022/1/17 14:24:20.391 [TX] - 56 69 56 4F 74 65 63 68 32 00 80 01 00 58 41 30 30 38 38 4B 30 54 44 30 30 4E 30 30 30 30 43 44 32 46 43 43 36 44 37 39 32 44 33 42 32 34 46 30 38 33 37 42 30 33 32 44 30 38 36 38 46 45 43 39 46 44 44 43 39 43 32 36 33 31 31 35 46 30 44 43 43 34 42 44 42 35 37 43 36 30 33 43 34 32 46 34 41 35 30 34 34 39 97 D5 
2022/1/17 14:24:20.651 [RX] - 55 55 55 55 55 55 55 55 55 55 55 55 55 55 55 55 55 55 55 55 55 55 55 55 55 55 55 55 55 55 66 56 69 56 4F 74 65 63 68 32 00 80 00 00 00 B9 DF  pass 
2022/1/17 14:24:20.945 [TX] - 56 69 56 4F 74 65 63 68 32 00 81 00 00 71 05 41 30 31 31 32 44 30 54 45 30 30 4E 30 31 30 30 4B 53 31 38 36 32 39 39 34 39 30 31 32 43 30 30 30 34 36 30 30 30 30 31 39 34 34 38 36 43 33 31 36 38 43 41 31 46 42 34 41 38 30 39 45 36 33 39 46 46 39 43 33 42 37 32 36 45 32 34 37 43 35 39 30 42 32 32 38 43 35 44 32 32 36 35 30 46 36 36 39 37 45 38 34 37 41 32 46 38 41 32 37 33 39 33 47 AE 
2022/1/17 14:24:21.271 [RX] - 55 55 55 55 55 55 55 55 55 55 55 55 55 55 55 55 55 55 55 55 55 55 55 55 55 55 55 55 55 55 66 56 69 56 4F 74 65 63 68 32 00 81 00 00 00 CF 6B  pass 
2022/1/17 14:24:21.566 [TX] - 56 69 56 4F 74 65 63 68 32 00 C7 36 00 01 03 6C 97 
2022/1/17 14:24:21.624 [RX] - 55 55 55 55 55 55 55 55 55 55 55 55 55 55 55 55 55 55 55 55 55 55 55 55 55 55 55 55 55 55 66 56 69 56 4F 74 65 63 68 32 00 C7 00 00 00 86 6E  pass pass pass  

--- AAMVA

2022/1/17 14:24:21.924 [TX] - 56 69 56 4F 74 65 63 68 32 00 02 40 00 0A 0A 9F 02 06 00 00 00 00 10 00 18 73 
2022/1/17 14:24:22.629 [RX] - 55 55 55 55 55 55 55 55 55 55 55 55 55 55 55 55 55 55 55 55 55 55 55 55 55 55 55 55 55 55 66 56 69 56 4F 74 65 63 68 32 00 02 00 01 2B C8 DF EE 25 02 00 11 DF EE 23 82 01 0D 02 07 01 81 3F 30 23 52 80 BF 75 0A 7E B0 CC B7 5E 2A B3 8A A8 2D B7 27 5B 78 A6 49 5D 0E A9 E4 89 04 08 9F 65 96 FF D0 77 9F B7 2D C3 2E D7 00 84 3B A4 37 87 7A 7C 71 BB 34 FE 42 BA 7C 3B 42 E3 38 5A 8A 34 44 07 44 47 EC 9E 42 E0 24 A3 C2 5C 56 AF AC CE 26 EA 2A 2C 24 5B 64 79 3E 02 D5 7F 2F DD F9 C0 C7 8D 5C 0B 8A 5B E8 5B 71 C2 8E E8 99 01 FD 14 80 5B 04 FA EE FB 22 DA 7F A8 61 0A 48 48 7C 94 30 02 8A 75 33 32 FD B1 5C 42 59 EB 25 91 01 C5 A2 0A 83 94 82 4D 62 73 24 F2 E9 A5 16 9C 60 1E 0B FD AC 59 08 F7 5A A3 DD 39 9C 0E 62 AA B6 17 B6 80 6C 75 11 48 80 A5 D4 6A 04 91 15 D9 C8 47 40 6B FB C6 3B F4 BD 57 4F C6 43 6C 69 1F 94 5A A3 C8 0D A2 0E 46 A0 28 5F 0C BA 2A 32 75 FB D7 D6 27 36 86 DB 32 A4 A8 43 8A 9C 51 49 A5 0D D1 86 37 33 39 54 30 32 35 37 39 33 62 99 49 01 2C 00 04 60 00 01 BD 7B 03 9F 39 01 90 FF EE 01 04 DF 30 01 0C DF EE 26 01 C8 79 77  

 Erase All Keys...

2022/1/17 14:24:23.548 [TX] - 56 69 56 4F 74 65 63 68 32 00 83 00 00 00 03 22 
2022/1/17 14:24:23.604 [RX] - 55 55 55 55 55 55 55 55 55 55 55 55 55 55 55 55 55 55 55 55 55 55 55 55 55 55 55 55 55 55 66 56 69 56 4F 74 65 63 68 32 00 83 00 00 00 22 03  pass  

 Set DUKPT Key Encryption Type...

2022/1/17 14:24:23.899 [TX] - 56 69 56 4F 74 65 63 68 32 00 C7 32 00 01 00 6D FE 
2022/1/17 14:24:23.958 [RX] - 55 55 55 55 55 55 55 55 55 55 55 55 55 55 55 55 55 55 55 55 55 55 55 55 55 55 55 55 55 55 66 56 69 56 4F 74 65 63 68 32 00 C7 00 00 00 86 6E  pass pass pass  

 Get DUKPT Key Encryption Type...

2022/1/17 14:24:24.254 [TX] - 56 69 56 4F 74 65 63 68 32 00 C7 33 00 00 1A 9B 
2022/1/17 14:24:24.310 [RX] - 55 55 55 55 55 55 55 55 55 55 55 55 55 55 55 55 55 55 55 55 55 55 55 55 55 55 55 55 55 55 66 56 69 56 4F 74 65 63 68 32 00 C7 00 00 01 00 AC 7F  pass pass  

 Loading DUKPT key...

2022/1/17 14:24:24.606 [TX] - 56 69 56 4F 74 65 63 68 32 00 80 00 00 65 30 45 43 36 30 46 33 35 31 34 37 45 43 41 30 30 38 38 4B 30 54 44 30 30 4E 30 30 30 30 30 30 38 30 39 43 30 37 41 39 39 31 44 43 38 30 33 34 45 43 31 32 45 31 36 39 43 30 44 35 34 35 35 44 45 41 32 39 34 35 31 34 32 34 37 38 30 38 30 35 36 38 32 33 34 39 38 37 31 32 30 32 33 34 30 30 30 30 30 30 30 30 12 43 
2022/1/17 14:24:24.893 [RX] - 55 55 55 55 55 55 55 55 55 55 55 55 55 55 55 55 55 55 55 55 55 55 55 55 55 55 55 55 55 55 66 56 69 56 4F 74 65 63 68 32 00 80 00 00 00 B9 DF  pass 
2022/1/17 14:24:25.185 [TX] - 56 69 56 4F 74 65 63 68 32 00 80 00 00 65 31 34 43 45 32 35 35 35 31 34 37 45 43 41 30 30 38 38 4B 30 54 44 30 30 4E 30 30 30 30 30 30 38 30 46 35 30 36 46 36 41 33 44 34 30 38 39 39 45 30 35 35 42 42 35 42 39 45 33 41 44 44 36 30 30 42 38 38 35 33 32 37 37 39 32 32 34 36 30 39 32 36 32 33 41 39 39 37 31 32 36 32 33 34 30 30 30 30 30 30 30 30 35 7F 
2022/1/17 14:24:25.473 [RX] - 55 55 55 55 55 55 55 55 55 55 55 55 55 55 55 55 55 55 55 55 55 55 55 55 55 55 55 55 55 55 66 56 69 56 4F 74 65 63 68 32 00 80 00 00 00 B9 DF  pass 
2022/1/17 14:24:25.766 [TX] - 56 69 56 4F 74 65 63 68 32 00 80 01 00 58 41 30 30 38 38 4B 30 54 44 30 30 4E 30 30 30 30 43 44 32 46 43 43 36 44 37 39 32 44 33 42 32 34 46 30 38 33 37 42 30 33 32 44 30 38 36 38 46 45 43 39 46 44 44 43 39 43 32 36 33 31 31 35 46 30 44 43 43 34 42 44 42 35 37 43 36 30 33 43 34 32 46 34 41 35 30 34 34 39 97 D5 
2022/1/17 14:24:26.026 [RX] - 55 55 55 55 55 55 55 55 55 55 55 55 55 55 55 55 55 55 55 55 55 55 55 55 55 55 55 55 55 55 66 56 69 56 4F 74 65 63 68 32 00 80 00 00 00 B9 DF  pass 
2022/1/17 14:24:26.320 [TX] - 56 69 56 4F 74 65 63 68 32 00 81 00 00 71 05 41 30 31 31 32 44 30 54 45 30 30 4E 30 31 30 30 4B 53 31 38 36 32 39 39 34 39 30 31 32 43 30 30 30 34 36 30 30 30 30 31 39 34 34 38 36 43 33 31 36 38 43 41 31 46 42 34 41 38 30 39 45 36 33 39 46 46 39 43 33 42 37 32 36 45 32 34 37 43 35 39 30 42 32 32 38 43 35 44 32 32 36 35 30 46 36 36 39 37 45 38 34 37 41 32 46 38 41 32 37 33 39 33 47 AE 
2022/1/17 14:24:26.646 [RX] - 55 55 55 55 55 55 55 55 55 55 55 55 55 55 55 55 55 55 55 55 55 55 55 55 55 55 55 55 55 55 66 56 69 56 4F 74 65 63 68 32 00 81 00 00 00 CF 6B  pass 
2022/1/17 14:24:26.941 [TX] - 56 69 56 4F 74 65 63 68 32 00 C7 36 00 01 03 6C 97 
2022/1/17 14:24:26.999 [RX] - 55 55 55 55 55 55 55 55 55 55 55 55 55 55 55 55 55 55 55 55 55 55 55 55 55 55 55 55 55 55 66 56 69 56 4F 74 65 63 68 32 00 C7 00 00 00 86 6E  pass pass pass  

--- Gift card

2022/1/17 14:24:27.300 [TX] - 56 69 56 4F 74 65 63 68 32 00 02 40 00 0A 0A 9F 02 06 00 00 00 00 10 00 18 73 
2022/1/17 14:24:27.954 [RX] - 55 55 55 55 55 55 55 55 55 55 55 55 55 55 55 55 55 55 55 55 55 55 55 55 55 55 55 55 55 55 66 56 69 56 4F 74 65 63 68 32 00 02 00 01 04 C8 DF EE 25 02 00 11 DF EE 23 81 B1 02 AB 00 80 1F 3D 26 00 80 9B F9 77 33 C0 CF 91 D9 6B 0C A9 4F 94 A1 A0 D2 5C C4 F6 E1 E2 FD 2C 89 95 79 E2 91 C1 61 54 FE 00 EB 36 8F 95 04 51 B8 BD F8 8C 08 4C 7B BF 7F 2C C1 DD 3E 2D 73 E0 3E 5A D5 9D 27 FA 05 0B D2 9D 7C E5 05 DC 8A 63 65 57 23 59 99 0C 93 2C F1 8A 31 A7 67 BA D1 6A 5E 94 00 9E 3F F3 6F 1A 87 BE 11 AE B2 68 1B 11 3A C0 4F 96 8D 11 4A 72 0C 4F 3F 7F 90 8C E8 2E DC 54 F5 7D EE DF F5 7B 99 7B D5 25 11 FE 3A 50 34 80 4E 98 D6 B4 D6 2C C9 45 37 33 39 54 30 32 35 37 39 33 62 99 49 01 2C 00 04 60 00 01 7D 75 03 9F 39 01 90 FF EE 01 04 DF 30 01 0C DF EE 26 01 C8 DF EF 4C 06 00 25 00 00 00 00 DF EF 4D 28 7C E5 05 DC 8A 63 65 57 23 59 99 0C 93 2C F1 8A 31 A7 67 BA D1 6A 5E 94 00 9E 3F F3 6F 1A 87 BE 72 73 0A 1D 19 77 7E EF 92 FD  

 Erase All Keys...

2022/1/17 14:24:28.680 [TX] - 56 69 56 4F 74 65 63 68 32 00 83 00 00 00 03 22 
2022/1/17 14:24:28.736 [RX] - 55 55 55 55 55 55 55 55 55 55 55 55 55 55 55 55 55 55 55 55 55 55 55 55 55 55 55 55 55 55 66 56 69 56 4F 74 65 63 68 32 00 83 00 00 00 22 03  pass  

 Set DUKPT Key Encryption Type...

2022/1/17 14:24:29.031 [TX] - 56 69 56 4F 74 65 63 68 32 00 C7 32 00 01 00 6D FE 
2022/1/17 14:24:29.089 [RX] - 55 55 55 55 55 55 55 55 55 55 55 55 55 55 55 55 55 55 55 55 55 55 55 55 55 55 55 55 55 55 66 56 69 56 4F 74 65 63 68 32 00 C7 00 00 00 86 6E  pass pass pass  

 Get DUKPT Key Encryption Type...

2022/1/17 14:24:29.384 [TX] - 56 69 56 4F 74 65 63 68 32 00 C7 33 00 00 1A 9B 
2022/1/17 14:24:29.440 [RX] - 55 55 55 55 55 55 55 55 55 55 55 55 55 55 55 55 55 55 55 55 55 55 55 55 55 55 55 55 55 55 66 56 69 56 4F 74 65 63 68 32 00 C7 00 00 01 00 AC 7F  pass pass  

 Loading DUKPT key...

2022/1/17 14:24:29.735 [TX] - 56 69 56 4F 74 65 63 68 32 00 80 00 00 65 30 45 43 36 30 46 33 35 31 34 37 45 43 41 30 30 38 38 4B 30 54 44 30 30 4E 30 30 30 30 30 30 38 30 39 43 30 37 41 39 39 31 44 43 38 30 33 34 45 43 31 32 45 31 36 39 43 30 44 35 34 35 35 44 45 41 32 39 34 35 31 34 32 34 37 38 30 38 30 35 36 38 32 33 34 39 38 37 31 32 30 32 33 34 30 30 30 30 30 30 30 30 12 43 
2022/1/17 14:24:30.023 [RX] - 55 55 55 55 55 55 55 55 55 55 55 55 55 55 55 55 55 55 55 55 55 55 55 55 55 55 55 55 55 55 66 56 69 56 4F 74 65 63 68 32 00 80 00 00 00 B9 DF  pass 
2022/1/17 14:24:30.314 [TX] - 56 69 56 4F 74 65 63 68 32 00 80 00 00 65 31 34 43 45 32 35 35 35 31 34 37 45 43 41 30 30 38 38 4B 30 54 44 30 30 4E 30 30 30 30 30 30 38 30 46 35 30 36 46 36 41 33 44 34 30 38 39 39 45 30 35 35 42 42 35 42 39 45 33 41 44 44 36 30 30 42 38 38 35 33 32 37 37 39 32 32 34 36 30 39 32 36 32 33 41 39 39 37 31 32 36 32 33 34 30 30 30 30 30 30 30 30 35 7F 
2022/1/17 14:24:30.602 [RX] - 55 55 55 55 55 55 55 55 55 55 55 55 55 55 55 55 55 55 55 55 55 55 55 55 55 55 55 55 55 55 66 56 69 56 4F 74 65 63 68 32 00 80 00 00 00 B9 DF  pass 
2022/1/17 14:24:30.895 [TX] - 56 69 56 4F 74 65 63 68 32 00 80 01 00 58 41 30 30 38 38 4B 30 54 44 30 30 4E 30 30 30 30 43 44 32 46 43 43 36 44 37 39 32 44 33 42 32 34 46 30 38 33 37 42 30 33 32 44 30 38 36 38 46 45 43 39 46 44 44 43 39 43 32 36 33 31 31 35 46 30 44 43 43 34 42 44 42 35 37 43 36 30 33 43 34 32 46 34 41 35 30 34 34 39 97 D5 
2022/1/17 14:24:31.155 [RX] - 55 55 55 55 55 55 55 55 55 55 55 55 55 55 55 55 55 55 55 55 55 55 55 55 55 55 55 55 55 55 66 56 69 56 4F 74 65 63 68 32 00 80 00 00 00 B9 DF  pass 
2022/1/17 14:24:31.449 [TX] - 56 69 56 4F 74 65 63 68 32 00 81 00 00 71 05 41 30 31 31 32 44 30 54 45 30 30 4E 30 31 30 30 4B 53 31 38 36 32 39 39 34 39 30 31 32 43 30 30 30 34 36 30 30 30 30 31 39 34 34 38 36 43 33 31 36 38 43 41 31 46 42 34 41 38 30 39 45 36 33 39 46 46 39 43 33 42 37 32 36 45 32 34 37 43 35 39 30 42 32 32 38 43 35 44 32 32 36 35 30 46 36 36 39 37 45 38 34 37 41 32 46 38 41 32 37 33 39 33 47 AE 
2022/1/17 14:24:31.776 [RX] - 55 55 55 55 55 55 55 55 55 55 55 55 55 55 55 55 55 55 55 55 55 55 55 55 55 55 55 55 55 55 66 56 69 56 4F 74 65 63 68 32 00 81 00 00 00 CF 6B  pass 
2022/1/17 14:24:32.069 [TX] - 56 69 56 4F 74 65 63 68 32 00 C7 36 00 01 03 6C 97 
2022/1/17 14:24:32.128 [RX] - 55 55 55 55 55 55 55 55 55 55 55 55 55 55 55 55 55 55 55 55 55 55 55 55 55 55 55 55 55 55 66 56 69 56 4F 74 65 63 68 32 00 C7 00 00 00 86 6E  pass pass pass  

--- Real card (PAN=11)

2022/1/17 14:24:32.428 [TX] - 56 69 56 4F 74 65 63 68 32 00 02 40 00 0A 0A 9F 02 06 00 00 00 00 10 00 18 73 
2022/1/17 14:24:33.064 [RX] - 55 55 55 55 55 55 55 55 55 55 55 55 55 55 55 55 55 55 55 55 55 55 55 55 55 55 55 55 55 55 66 56 69 56 4F 74 65 63 68 32 00 02 00 00 91 C8 DF EE 25 02 00 11 DF EE 23 75 02 6F 00 83 0F 3B 00 00 A0 89 FB 74 0D E9 C0 1A AA 04 B9 35 3C 74 A4 88 A7 4E FB 2C 22 E0 4E 2C C6 0B 7D 4A CC CA 6A 04 5C DD BC 41 76 4E BE 81 D2 46 20 9F FF A6 11 1B BE 4C 0F 35 C7 F8 0D 20 39 64 27 1C 46 CF 4E 6E E9 8A A7 DA 3C 9C FD 62 17 EE B3 DB 63 2A 08 93 7B 4C 53 89 78 D3 37 33 39 54 30 32 35 37 39 33 62 99 49 01 2C 00 04 60 00 01 CE 88 03 9F 39 01 90 FF EE 01 04 DF 30 01 0C DF EE 26 01 C8 20 25  

 Erase All Keys...

2022/1/17 14:24:33.656 [TX] - 56 69 56 4F 74 65 63 68 32 00 83 00 00 00 03 22 
2022/1/17 14:24:33.712 [RX] - 55 55 55 55 55 55 55 55 55 55 55 55 55 55 55 55 55 55 55 55 55 55 55 55 55 55 55 55 55 55 66 56 69 56 4F 74 65 63 68 32 00 83 00 00 00 22 03  pass  

 Set DUKPT Key Encryption Type...

2022/1/17 14:24:34.007 [TX] - 56 69 56 4F 74 65 63 68 32 00 C7 32 00 01 00 6D FE 
2022/1/17 14:24:34.065 [RX] - 55 55 55 55 55 55 55 55 55 55 55 55 55 55 55 55 55 55 55 55 55 55 55 55 55 55 55 55 55 55 66 56 69 56 4F 74 65 63 68 32 00 C7 00 00 00 86 6E  pass pass pass  

 Get DUKPT Key Encryption Type...

2022/1/17 14:24:34.360 [TX] - 56 69 56 4F 74 65 63 68 32 00 C7 33 00 00 1A 9B 
2022/1/17 14:24:34.416 [RX] - 55 55 55 55 55 55 55 55 55 55 55 55 55 55 55 55 55 55 55 55 55 55 55 55 55 55 55 55 55 55 66 56 69 56 4F 74 65 63 68 32 00 C7 00 00 01 00 AC 7F  pass pass  

 Loading DUKPT key...

2022/1/17 14:24:34.711 [TX] - 56 69 56 4F 74 65 63 68 32 00 80 00 00 65 30 45 43 36 30 46 33 35 31 34 37 45 43 41 30 30 38 38 4B 30 54 44 30 30 4E 30 30 30 30 30 30 38 30 39 43 30 37 41 39 39 31 44 43 38 30 33 34 45 43 31 32 45 31 36 39 43 30 44 35 34 35 35 44 45 41 32 39 34 35 31 34 32 34 37 38 30 38 30 35 36 38 32 33 34 39 38 37 31 32 30 32 33 34 30 30 30 30 30 30 30 30 12 43 
2022/1/17 14:24:34.999 [RX] - 55 55 55 55 55 55 55 55 55 55 55 55 55 55 55 55 55 55 55 55 55 55 55 55 55 55 55 55 55 55 66 56 69 56 4F 74 65 63 68 32 00 80 00 00 00 B9 DF  pass 
2022/1/17 14:24:35.291 [TX] - 56 69 56 4F 74 65 63 68 32 00 80 00 00 65 31 34 43 45 32 35 35 35 31 34 37 45 43 41 30 30 38 38 4B 30 54 44 30 30 4E 30 30 30 30 30 30 38 30 46 35 30 36 46 36 41 33 44 34 30 38 39 39 45 30 35 35 42 42 35 42 39 45 33 41 44 44 36 30 30 42 38 38 35 33 32 37 37 39 32 32 34 36 30 39 32 36 32 33 41 39 39 37 31 32 36 32 33 34 30 30 30 30 30 30 30 30 35 7F 
2022/1/17 14:24:35.579 [RX] - 55 55 55 55 55 55 55 55 55 55 55 55 55 55 55 55 55 55 55 55 55 55 55 55 55 55 55 55 55 55 66 56 69 56 4F 74 65 63 68 32 00 80 00 00 00 B9 DF  pass 
2022/1/17 14:24:35.873 [TX] - 56 69 56 4F 74 65 63 68 32 00 80 01 00 58 41 30 30 38 38 4B 30 54 44 30 30 4E 30 30 30 30 43 44 32 46 43 43 36 44 37 39 32 44 33 42 32 34 46 30 38 33 37 42 30 33 32 44 30 38 36 38 46 45 43 39 46 44 44 43 39 43 32 36 33 31 31 35 46 30 44 43 43 34 42 44 42 35 37 43 36 30 33 43 34 32 46 34 41 35 30 34 34 39 97 D5 
2022/1/17 14:24:36.133 [RX] - 55 55 55 55 55 55 55 55 55 55 55 55 55 55 55 55 55 55 55 55 55 55 55 55 55 55 55 55 55 55 66 56 69 56 4F 74 65 63 68 32 00 80 00 00 00 B9 DF  pass 
2022/1/17 14:24:36.427 [TX] - 56 69 56 4F 74 65 63 68 32 00 81 00 00 71 05 41 30 31 31 32 44 30 54 45 30 30 4E 30 31 30 30 4B 53 31 38 36 32 39 39 34 39 30 31 32 43 30 30 30 34 36 30 30 30 30 31 39 34 34 38 36 43 33 31 36 38 43 41 31 46 42 34 41 38 30 39 45 36 33 39 46 46 39 43 33 42 37 32 36 45 32 34 37 43 35 39 30 42 32 32 38 43 35 44 32 32 36 35 30 46 36 36 39 37 45 38 34 37 41 32 46 38 41 32 37 33 39 33 47 AE 
2022/1/17 14:24:36.753 [RX] - 55 55 55 55 55 55 55 55 55 55 55 55 55 55 55 55 55 55 55 55 55 55 55 55 55 55 55 55 55 55 66 56 69 56 4F 74 65 63 68 32 00 81 00 00 00 CF 6B  pass 
2022/1/17 14:24:37.048 [TX] - 56 69 56 4F 74 65 63 68 32 00 C7 36 00 01 03 6C 97 
2022/1/17 14:24:37.106 [RX] - 55 55 55 55 55 55 55 55 55 55 55 55 55 55 55 55 55 55 55 55 55 55 55 55 55 55 55 55 55 55 66 56 69 56 4F 74 65 63 68 32 00 C7 00 00 00 86 6E  pass pass pass  

--- Real card (PAN=12)

2022/1/17 14:24:37.412 [TX] - 56 69 56 4F 74 65 63 68 32 00 02 40 00 0A 0A 9F 02 06 00 00 00 00 10 00 18 73 
2022/1/17 14:24:38.044 [RX] - 55 55 55 55 55 55 55 55 55 55 55 55 55 55 55 55 55 55 55 55 55 55 55 55 55 55 55 55 55 55 66 56 69 56 4F 74 65 63 68 32 00 02 00 00 9F C8 DF EE 25 02 00 11 DF EE 23 75 02 6F 00 80 0F 3A 00 00 A0 89 FB 74 0D E9 C0 1A AA 04 78 C2 46 EC 88 C8 A1 08 3D C4 B3 A2 7A A8 E4 6C B9 D5 43 BD CA 63 7D AD 07 4C DD D3 8B 78 FA 61 28 C3 ED F7 B2 00 B7 F5 90 6D 5B 11 14 3C C5 5B 03 EF 11 A5 FA CD 00 E6 2C D5 16 64 84 CA B1 DF 2A 0A 61 CB CB 1A 0C 82 05 67 C2 64 37 33 39 54 30 32 35 37 39 33 62 99 49 01 2C 00 04 60 00 01 A4 72 03 9F 39 01 90 FF EE 01 04 DF 30 01 0C DF EE 26 01 C8 DF EF 4C 06 00 00 00 00 00 00 DF EF 4D 00 08 E9  

 Erase All Keys...

2022/1/17 14:24:38.637 [TX] - 56 69 56 4F 74 65 63 68 32 00 83 00 00 00 03 22 
2022/1/17 14:24:38.693 [RX] - 55 55 55 55 55 55 55 55 55 55 55 55 55 55 55 55 55 55 55 55 55 55 55 55 55 55 55 55 55 55 66 56 69 56 4F 74 65 63 68 32 00 83 00 00 00 22 03  pass  

 Set DUKPT Key Encryption Type...

2022/1/17 14:24:38.988 [TX] - 56 69 56 4F 74 65 63 68 32 00 C7 32 00 01 00 6D FE 
2022/1/17 14:24:39.046 [RX] - 55 55 55 55 55 55 55 55 55 55 55 55 55 55 55 55 55 55 55 55 55 55 55 55 55 55 55 55 55 55 66 56 69 56 4F 74 65 63 68 32 00 C7 00 00 00 86 6E  pass pass pass  

 Get DUKPT Key Encryption Type...

2022/1/17 14:24:39.343 [TX] - 56 69 56 4F 74 65 63 68 32 00 C7 33 00 00 1A 9B 
2022/1/17 14:24:39.399 [RX] - 55 55 55 55 55 55 55 55 55 55 55 55 55 55 55 55 55 55 55 55 55 55 55 55 55 55 55 55 55 55 66 56 69 56 4F 74 65 63 68 32 00 C7 00 00 01 00 AC 7F  pass pass  

 Loading DUKPT key...

2022/1/17 14:24:39.695 [TX] - 56 69 56 4F 74 65 63 68 32 00 80 00 00 65 30 45 43 36 30 46 33 35 31 34 37 45 43 41 30 30 38 38 4B 30 54 44 30 30 4E 30 30 30 30 30 30 38 30 39 43 30 37 41 39 39 31 44 43 38 30 33 34 45 43 31 32 45 31 36 39 43 30 44 35 34 35 35 44 45 41 32 39 34 35 31 34 32 34 37 38 30 38 30 35 36 38 32 33 34 39 38 37 31 32 30 32 33 34 30 30 30 30 30 30 30 30 12 43 
2022/1/17 14:24:39.982 [RX] - 55 55 55 55 55 55 55 55 55 55 55 55 55 55 55 55 55 55 55 55 55 55 55 55 55 55 55 55 55 55 66 56 69 56 4F 74 65 63 68 32 00 80 00 00 00 B9 DF  pass 
2022/1/17 14:24:40.274 [TX] - 56 69 56 4F 74 65 63 68 32 00 80 00 00 65 31 34 43 45 32 35 35 35 31 34 37 45 43 41 30 30 38 38 4B 30 54 44 30 30 4E 30 30 30 30 30 30 38 30 46 35 30 36 46 36 41 33 44 34 30 38 39 39 45 30 35 35 42 42 35 42 39 45 33 41 44 44 36 30 30 42 38 38 35 33 32 37 37 39 32 32 34 36 30 39 32 36 32 33 41 39 39 37 31 32 36 32 33 34 30 30 30 30 30 30 30 30 35 7F 
2022/1/17 14:24:40.562 [RX] - 55 55 55 55 55 55 55 55 55 55 55 55 55 55 55 55 55 55 55 55 55 55 55 55 55 55 55 55 55 55 66 56 69 56 4F 74 65 63 68 32 00 80 00 00 00 B9 DF  pass 
2022/1/17 14:24:40.856 [TX] - 56 69 56 4F 74 65 63 68 32 00 80 01 00 58 41 30 30 38 38 4B 30 54 44 30 30 4E 30 30 30 30 43 44 32 46 43 43 36 44 37 39 32 44 33 42 32 34 46 30 38 33 37 42 30 33 32 44 30 38 36 38 46 45 43 39 46 44 44 43 39 43 32 36 33 31 31 35 46 30 44 43 43 34 42 44 42 35 37 43 36 30 33 43 34 32 46 34 41 35 30 34 34 39 97 D5 
2022/1/17 14:24:41.116 [RX] - 55 55 55 55 55 55 55 55 55 55 55 55 55 55 55 55 55 55 55 55 55 55 55 55 55 55 55 55 55 55 66 56 69 56 4F 74 65 63 68 32 00 80 00 00 00 B9 DF  pass 
2022/1/17 14:24:41.409 [TX] - 56 69 56 4F 74 65 63 68 32 00 81 00 00 71 05 41 30 31 31 32 44 30 54 45 30 30 4E 30 31 30 30 4B 53 31 38 36 32 39 39 34 39 30 31 32 43 30 30 30 34 36 30 30 30 30 31 39 34 34 38 36 43 33 31 36 38 43 41 31 46 42 34 41 38 30 39 45 36 33 39 46 46 39 43 33 42 37 32 36 45 32 34 37 43 35 39 30 42 32 32 38 43 35 44 32 32 36 35 30 46 36 36 39 37 45 38 34 37 41 32 46 38 41 32 37 33 39 33 47 AE 
2022/1/17 14:24:41.735 [RX] - 55 55 55 55 55 55 55 55 55 55 55 55 55 55 55 55 55 55 55 55 55 55 55 55 55 55 55 55 55 55 66 56 69 56 4F 74 65 63 68 32 00 81 00 00 00 CF 6B  pass 
2022/1/17 14:24:42.030 [TX] - 56 69 56 4F 74 65 63 68 32 00 C7 36 00 01 03 6C 97 
2022/1/17 14:24:42.088 [RX] - 55 55 55 55 55 55 55 55 55 55 55 55 55 55 55 55 55 55 55 55 55 55 55 55 55 55 55 55 55 55 66 56 69 56 4F 74 65 63 68 32 00 C7 00 00 00 86 6E  pass pass pass  

--- Real card (PAN=20)

2022/1/17 14:24:42.388 [TX] - 56 69 56 4F 74 65 63 68 32 00 02 40 00 0A 0A 9F 02 06 00 00 00 00 10 00 18 73 
2022/1/17 14:24:43.040 [RX] - 55 55 55 55 55 55 55 55 55 55 55 55 55 55 55 55 55 55 55 55 55 55 55 55 55 55 55 55 55 55 66 56 69 56 4F 74 65 63 68 32 00 02 00 00 99 C8 DF EE 25 02 00 11 DF EE 23 7D 02 77 00 83 0F 42 00 00 A0 89 FB 74 0D E9 C0 1A AA 04 D3 5A E4 A7 98 1C 63 C6 3A 2C 13 95 CB 52 C8 BF EC 8C 63 25 2E 85 0D AF 2C A5 B9 EE 3C A2 B3 68 22 7B 7C B5 C1 C0 7A 45 29 2A B9 47 56 6C 96 2F 32 16 D5 6F EB AD C4 E4 47 92 7A 6C 75 6F 52 D6 1C 8E 29 3B 13 1A 8A 3C 85 EC 1A FA E3 65 12 05 0F CE 51 84 37 33 39 54 30 32 35 37 39 33 62 99 49 01 2C 00 04 60 00 01 06 2E 03 9F 39 01 90 FF EE 01 04 DF 30 01 0C DF EE 26 01 C8 50 B4  

 Erase All Keys...

2022/1/17 14:24:43.650 [TX] - 56 69 56 4F 74 65 63 68 32 00 83 00 00 00 03 22 
2022/1/17 14:24:43.706 [RX] - 55 55 55 55 55 55 55 55 55 55 55 55 55 55 55 55 55 55 55 55 55 55 55 55 55 55 55 55 55 55 66 56 69 56 4F 74 65 63 68 32 00 83 00 00 00 22 03  pass  

 Set DUKPT Key Encryption Type...

2022/1/17 14:24:44.000 [TX] - 56 69 56 4F 74 65 63 68 32 00 C7 32 00 01 00 6D FE 
2022/1/17 14:24:44.058 [RX] - 55 55 55 55 55 55 55 55 55 55 55 55 55 55 55 55 55 55 55 55 55 55 55 55 55 55 55 55 55 55 66 56 69 56 4F 74 65 63 68 32 00 C7 00 00 00 86 6E  pass pass pass  

 Get DUKPT Key Encryption Type...

2022/1/17 14:24:44.355 [TX] - 56 69 56 4F 74 65 63 68 32 00 C7 33 00 00 1A 9B 
2022/1/17 14:24:44.411 [RX] - 55 55 55 55 55 55 55 55 55 55 55 55 55 55 55 55 55 55 55 55 55 55 55 55 55 55 55 55 55 55 66 56 69 56 4F 74 65 63 68 32 00 C7 00 00 01 00 AC 7F  pass pass  

 Loading DUKPT key...

2022/1/17 14:24:44.715 [TX] - 56 69 56 4F 74 65 63 68 32 00 80 00 00 65 30 45 43 36 30 46 33 35 31 34 37 45 43 41 30 30 38 38 4B 30 54 44 30 30 4E 30 30 30 30 30 30 38 30 39 43 30 37 41 39 39 31 44 43 38 30 33 34 45 43 31 32 45 31 36 39 43 30 44 35 34 35 35 44 45 41 32 39 34 35 31 34 32 34 37 38 30 38 30 35 36 38 32 33 34 39 38 37 31 32 30 32 33 34 30 30 30 30 30 30 30 30 12 43 
2022/1/17 14:24:45.003 [RX] - 55 55 55 55 55 55 55 55 55 55 55 55 55 55 55 55 55 55 55 55 55 55 55 55 55 55 55 55 55 55 66 56 69 56 4F 74 65 63 68 32 00 80 00 00 00 B9 DF  pass 
2022/1/17 14:24:45.293 [TX] - 56 69 56 4F 74 65 63 68 32 00 80 00 00 65 31 34 43 45 32 35 35 35 31 34 37 45 43 41 30 30 38 38 4B 30 54 44 30 30 4E 30 30 30 30 30 30 38 30 46 35 30 36 46 36 41 33 44 34 30 38 39 39 45 30 35 35 42 42 35 42 39 45 33 41 44 44 36 30 30 42 38 38 35 33 32 37 37 39 32 32 34 36 30 39 32 36 32 33 41 39 39 37 31 32 36 32 33 34 30 30 30 30 30 30 30 30 35 7F 
2022/1/17 14:24:45.581 [RX] - 55 55 55 55 55 55 55 55 55 55 55 55 55 55 55 55 55 55 55 55 55 55 55 55 55 55 55 55 55 55 66 56 69 56 4F 74 65 63 68 32 00 80 00 00 00 B9 DF  pass 
2022/1/17 14:24:45.874 [TX] - 56 69 56 4F 74 65 63 68 32 00 80 01 00 58 41 30 30 38 38 4B 30 54 44 30 30 4E 30 30 30 30 43 44 32 46 43 43 36 44 37 39 32 44 33 42 32 34 46 30 38 33 37 42 30 33 32 44 30 38 36 38 46 45 43 39 46 44 44 43 39 43 32 36 33 31 31 35 46 30 44 43 43 34 42 44 42 35 37 43 36 30 33 43 34 32 46 34 41 35 30 34 34 39 97 D5 
2022/1/17 14:24:46.134 [RX] - 55 55 55 55 55 55 55 55 55 55 55 55 55 55 55 55 55 55 55 55 55 55 55 55 55 55 55 55 55 55 66 56 69 56 4F 74 65 63 68 32 00 80 00 00 00 B9 DF  pass 
2022/1/17 14:24:46.426 [TX] - 56 69 56 4F 74 65 63 68 32 00 81 00 00 71 05 41 30 31 31 32 44 30 54 45 30 30 4E 30 31 30 30 4B 53 31 38 36 32 39 39 34 39 30 31 32 43 30 30 30 34 36 30 30 30 30 31 39 34 34 38 36 43 33 31 36 38 43 41 31 46 42 34 41 38 30 39 45 36 33 39 46 46 39 43 33 42 37 32 36 45 32 34 37 43 35 39 30 42 32 32 38 43 35 44 32 32 36 35 30 46 36 36 39 37 45 38 34 37 41 32 46 38 41 32 37 33 39 33 47 AE 
2022/1/17 14:24:46.752 [RX] - 55 55 55 55 55 55 55 55 55 55 55 55 55 55 55 55 55 55 55 55 55 55 55 55 55 55 55 55 55 55 66 56 69 56 4F 74 65 63 68 32 00 81 00 00 00 CF 6B  pass 
2022/1/17 14:24:47.046 [TX] - 56 69 56 4F 74 65 63 68 32 00 C7 36 00 01 03 6C 97 
2022/1/17 14:24:47.105 [RX] - 55 55 55 55 55 55 55 55 55 55 55 55 55 55 55 55 55 55 55 55 55 55 55 55 55 55 55 55 55 55 66 56 69 56 4F 74 65 63 68 32 00 C7 00 00 00 86 6E  pass pass pass  

--- ISO4909

2022/1/17 14:24:47.404 [TX] - 56 69 56 4F 74 65 63 68 32 00 02 40 00 0A 0A 9F 02 06 00 00 00 00 10 00 18 73 
2022/1/17 14:24:48.064 [RX] - 55 55 55 55 55 55 55 55 55 55 55 55 55 55 55 55 55 55 55 55 55 55 55 55 55 55 55 55 55 55 66 56 69 56 4F 74 65 63 68 32 00 02 00 01 99 C8 DF EE 25 02 00 11 DF EE 23 82 01 45 02 3F 01 80 3F 4D 27 69 80 BF DE 04 D2 DB BB F9 AA 18 EC 56 B9 DC 8C 3F 27 5F 5A B2 91 41 41 38 04 5F EE 1E 72 01 5B 35 30 E2 EC 75 97 64 E5 62 F9 BA 6E D0 3C 7D 7C 59 11 A0 7A 63 77 FB D6 DA DB A2 9B 3B A6 15 7A B2 92 09 4B 62 8C 26 8E A3 55 92 27 C4 20 64 EA 81 19 7A FC BB A4 7C FC 22 D8 2C 80 ED D4 1E 2C 4D DF B5 D9 A5 18 39 AC 9B 27 02 AA 76 41 75 77 9D D0 C0 89 25 0C D0 4A 03 E4 2C F2 8B DE 73 F9 81 4D A3 76 8A A6 F3 D5 D4 84 4C 10 D6 77 D3 63 32 C4 40 ED EC 69 F2 56 EB 03 56 B5 A9 43 13 3E F4 63 37 18 F6 D6 5F 29 ED 81 61 DE 75 20 EA A8 94 29 EE 9E 53 36 F2 87 84 01 7F 20 1D 4A 98 C0 91 7F F1 37 CF BF 64 5F 63 16 A6 A6 22 A7 19 5B 45 F9 04 77 06 E0 A0 DE 84 BB 59 5B 9F 2C 07 AF CC CB 1A 4D 4F BF FA 85 F3 52 A7 BC 6D B0 09 54 4A 8E 4D B4 6B E2 83 32 3D 79 6E B0 13 AF 65 DF AF 57 85 96 18 2E D3 93 78 61 C2 BD 7D 77 E1 44 D2 BE 7C 75 B7 AD 34 1D 23 80 EC 5A 2A F0 4A 2E 9E 8D 84 56 D2 8E C1 37 33 39 54 30 32 35 37 39 33 62 99 49 01 2C 00 04 60 00 01 80 DC 03 9F 39 01 90 FF EE 01 04 DF 30 01 0C DF EE 26 01 C8 DF EF  pass 4C 06 00 26 00 00 00 00 DF EF 4D 28 FC BB A4 7C FC 22 D8 2C 80 ED D4 1E 2C 4D DF B5 D9 A5 18 39 AC 9B 27 02 AA 76 41 75 77 9D D0 C0 52 0F 5D 20 FC B3 B7 D9 B2 47  

Poll on Demand

2022/1/17 14:24:49.107 [TX] - 56 69 56 4F 74 65 63 68 32 00 01 01 00 01 01 D7 34 
2022/1/17 14:24:49.165 [RX] - 55 55 55 55 55 55 55 55 55 55 55 55 55 55 55 55 55 55 55 55 55 55 55 55 55 55 55 55 55 55 66 56 69 56 4F 74 65 63 68 32 00 01 00 00 00 12 53  pass  

 Erase All Keys...

2022/1/17 14:24:49.260 [TX] - 56 69 56 4F 74 65 63 68 32 00 83 00 00 00 03 22 
2022/1/17 14:24:49.316 [RX] - 55 55 55 55 55 55 55 55 55 55 55 55 55 55 55 55 55 55 55 55 55 55 55 55 55 55 55 55 55 55 66 56 69 56 4F 74 65 63 68 32 00 83 00 00 00 22 03  pass  

 Set DUKPT Key Encryption Type...

2022/1/17 14:24:49.611 [TX] - 56 69 56 4F 74 65 63 68 32 00 C7 32 00 01 00 6D FE 
2022/1/17 14:24:49.670 [RX] - 55 55 55 55 55 55 55 55 55 55 55 55 55 55 55 55 55 55 55 55 55 55 55 55 55 55 55 55 55 55 66 56 69 56 4F 74 65 63 68 32 00 C7 00 00 00 86 6E  pass pass pass  

 Get DUKPT Key Encryption Type...

2022/1/17 14:24:49.967 [TX] - 56 69 56 4F 74 65 63 68 32 00 C7 33 00 00 1A 9B 
2022/1/17 14:24:50.023 [RX] - 55 55 55 55 55 55 55 55 55 55 55 55 55 55 55 55 55 55 55 55 55 55 55 55 55 55 55 55 55 55 66 56 69 56 4F 74 65 63 68 32 00 C7 00 00 01 00 AC 7F  pass pass  

 Loading DUKPT key...

2022/1/17 14:24:50.320 [TX] - 56 69 56 4F 74 65 63 68 32 00 80 00 00 65 30 45 43 36 30 46 33 35 31 34 37 45 43 41 30 30 38 38 4B 30 54 44 30 30 4E 30 30 30 30 30 30 38 30 39 43 30 37 41 39 39 31 44 43 38 30 33 34 45 43 31 32 45 31 36 39 43 30 44 35 34 35 35 44 45 41 32 39 34 35 31 34 32 34 37 38 30 38 30 35 36 38 32 33 34 39 38 37 31 32 30 32 33 34 30 30 30 30 30 30 30 30 12 43 
2022/1/17 14:24:50.608 [RX] - 55 55 55 55 55 55 55 55 55 55 55 55 55 55 55 55 55 55 55 55 55 55 55 55 55 55 55 55 55 55 66 56 69 56 4F 74 65 63 68 32 00 80 00 00 00 B9 DF  pass 
2022/1/17 14:24:50.899 [TX] - 56 69 56 4F 74 65 63 68 32 00 80 00 00 65 31 34 43 45 32 35 35 35 31 34 37 45 43 41 30 30 38 38 4B 30 54 44 30 30 4E 30 30 30 30 30 30 38 30 46 35 30 36 46 36 41 33 44 34 30 38 39 39 45 30 35 35 42 42 35 42 39 45 33 41 44 44 36 30 30 42 38 38 35 33 32 37 37 39 32 32 34 36 30 39 32 36 32 33 41 39 39 37 31 32 36 32 33 34 30 30 30 30 30 30 30 30 35 7F 
2022/1/17 14:24:51.188 [RX] - 55 55 55 55 55 55 55 55 55 55 55 55 55 55 55 55 55 55 55 55 55 55 55 55 55 55 55 55 55 55 66 56 69 56 4F 74 65 63 68 32 00 80 00 00 00 B9 DF  pass 
2022/1/17 14:24:51.481 [TX] - 56 69 56 4F 74 65 63 68 32 00 80 01 00 58 41 30 30 38 38 4B 30 54 44 30 30 4E 30 30 30 30 43 44 32 46 43 43 36 44 37 39 32 44 33 42 32 34 46 30 38 33 37 42 30 33 32 44 30 38 36 38 46 45 43 39 46 44 44 43 39 43 32 36 33 31 31 35 46 30 44 43 43 34 42 44 42 35 37 43 36 30 33 43 34 32 46 34 41 35 30 34 34 39 97 D5 
2022/1/17 14:24:51.740 [RX] - 55 55 55 55 55 55 55 55 55 55 55 55 55 55 55 55 55 55 55 55 55 55 55 55 55 55 55 55 55 55 66 56 69 56 4F 74 65 63 68 32 00 80 00 00 00 B9 DF  pass 
2022/1/17 14:24:52.036 [TX] - 56 69 56 4F 74 65 63 68 32 00 81 00 00 71 05 41 30 31 31 32 44 30 54 45 30 30 4E 30 31 30 30 4B 53 31 38 36 32 39 39 34 39 30 31 32 43 30 30 30 34 36 30 30 30 30 31 39 34 34 38 36 43 33 31 36 38 43 41 31 46 42 34 41 38 30 39 45 36 33 39 46 46 39 43 33 42 37 32 36 45 32 34 37 43 35 39 30 42 32 32 38 43 35 44 32 32 36 35 30 46 36 36 39 37 45 38 34 37 41 32 46 38 41 32 37 33 39 33 47 AE 
2022/1/17 14:24:52.362 [RX] - 55 55 55 55 55 55 55 55 55 55 55 55 55 55 55 55 55 55 55 55 55 55 55 55 55 55 55 55 55 55 66 56 69 56 4F 74 65 63 68 32 00 81 00 00 00 CF 6B  pass 
2022/1/17 14:24:52.654 [TX] - 56 69 56 4F 74 65 63 68 32 00 C7 36 00 01 03 6C 97 
2022/1/17 14:24:52.712 [RX] - 55 55 55 55 55 55 55 55 55 55 55 55 55 55 55 55 55 55 55 55 55 55 55 55 55 55 55 55 55 55 66 56 69 56 4F 74 65 63 68 32 00 C7 00 00 00 86 6E  pass pass pass  

Auto Poll

2022/1/17 14:24:53.009 [TX] - 56 69 56 4F 74 65 63 68 32 00 01 01 00 01 00 F6 24 
2022/1/17 14:24:53.068 [RX] - 55 55 55 55 55 55 55 55 55 55 55 55 55 55 55 55 55 55 55 55 55 55 55 55 55 55 55 55 55 55 66 56 69 56 4F 74 65 63 68 32 00 01 00 00 00 12 53  pass  

---  IDT

2022/1/17 14:24:57.166 [TX] - 56 69 56 4F 74 65 63 68 32 00 03 40 00 00 96 E2 
2022/1/17 14:24:57.229 [RX] - 55 55 55 55 55 55 55 55 55 55 55 55 55 55 55 55 55 55 55 55 55 55 55 55 55 55 55 55 55 55 66 56 69 56 4F 74 65 63 68 32 00 03 00 01 63 C8 DF EE 25 02 00 11 DF EE 23 82 01 45 02 3F 01 83 3F 4F 28 6B 80 BF 1A C4 1D 38 F3 82 4A 91 39 12 AC 21 57 37 F0 ED 81 B5 54 F8 FF 7C BF C4 0B 05 CD 25 E2 E1 EB 56 10 F8 D7 D5 4D FF 92 44 73 AC D5 6B 67 1F F1 BA B7 07 C9 90 63 9B 43 B0 5F DA 56 2C A5 7A 40 88 EE 1C 00 0B BD 24 40 AC 32 03 4A E9 1A D7 3D 70 E0 78 1B 29 C8 1C B3 77 DF 89 75 44 C5 B4 8F E7 18 7D 23 EE 38 95 AE 66 5D C0 F5 8D 6B 97 2D E3 0A D3 6C A9 F9 20 A6 23 90 7A AE DD 87 F5 DA 8E F5 44 58 ED E3 AA F9 2B E9 ED 51 36 72 EA 77 7D 9E 8B 8D 07 5E 38 A3 24 57 1F 43 52 4C 12 DD DC 2B 67 B5 1C 8F 52 DC CF 06 52 2A 56 52 79 44 DF 20 B2 83 CA A8 4C 0A D3 62 BF E7 11 F6 53 BB 90 7D 15 AC D5 C9 3A EF 23 31 57 61 B7 85 09 66 58 B8 53 02 A3 DC CA 4B 85 92 C0 89 07 CC BE A8 2F B2 80 0F 48 82 6E A6 86 58 78 7F 9D EB 10 29 7D F1 08 DE 4F C8 BC 7C DA 57 A9 E4 54 B4 BE BA 5E 9A C8 4F CF 5C F2 4B 10 B9 72 1D A8 8F 82 59 C6 68 88 61 C1 57 C1 CE 2E 0F 72 CE 0F 3B B5 98 A6 14 EA AB B1 37 33 39 54 30 32 35 37 39 33 62 99 49 01 2C 00 04 60 00 01 67 DD 03 9F 39 01 90 FF EE 01 04 DF 30 01 0C DF EE 26 01 C8 D7 58  

Poll on Demand

2022/1/17 14:24:58.264 [TX] - 56 69 56 4F 74 65 63 68 32 00 01 01 00 01 01 D7 34 
2022/1/17 14:24:58.322 [RX] - 55 55 55 55 55 55 55 55 55 55 55 55 55 55 55 55 55 55 55 55 55 55 55 55 55 55 55 55 55 55 66 56 69 56 4F 74 65 63 68 32 00 01 00 00 00 12 53  pass  

 Erase All Keys...

2022/1/17 14:24:58.417 [TX] - 56 69 56 4F 74 65 63 68 32 00 83 00 00 00 03 22 
2022/1/17 14:24:58.473 [RX] - 55 55 55 55 55 55 55 55 55 55 55 55 55 55 55 55 55 55 55 55 55 55 55 55 55 55 55 55 55 55 66 56 69 56 4F 74 65 63 68 32 00 83 00 00 00 22 03  pass  

 Set DUKPT Key Encryption Type...

2022/1/17 14:24:58.769 [TX] - 56 69 56 4F 74 65 63 68 32 00 C7 32 00 01 00 6D FE 
2022/1/17 14:24:58.828 [RX] - 55 55 55 55 55 55 55 55 55 55 55 55 55 55 55 55 55 55 55 55 55 55 55 55 55 55 55 55 55 55 66 56 69 56 4F 74 65 63 68 32 00 C7 00 00 00 86 6E  pass pass pass  

 Get DUKPT Key Encryption Type...

2022/1/17 14:24:59.126 [TX] - 56 69 56 4F 74 65 63 68 32 00 C7 33 00 00 1A 9B 
2022/1/17 14:24:59.182 [RX] - 55 55 55 55 55 55 55 55 55 55 55 55 55 55 55 55 55 55 55 55 55 55 55 55 55 55 55 55 55 55 66 56 69 56 4F 74 65 63 68 32 00 C7 00 00 01 00 AC 7F  pass pass  

 Loading DUKPT key...

2022/1/17 14:24:59.479 [TX] - 56 69 56 4F 74 65 63 68 32 00 80 00 00 65 30 45 43 36 30 46 33 35 31 34 37 45 43 41 30 30 38 38 4B 30 54 44 30 30 4E 30 30 30 30 30 30 38 30 39 43 30 37 41 39 39 31 44 43 38 30 33 34 45 43 31 32 45 31 36 39 43 30 44 35 34 35 35 44 45 41 32 39 34 35 31 34 32 34 37 38 30 38 30 35 36 38 32 33 34 39 38 37 31 32 30 32 33 34 30 30 30 30 30 30 30 30 12 43 
2022/1/17 14:24:59.766 [RX] - 55 55 55 55 55 55 55 55 55 55 55 55 55 55 55 55 55 55 55 55 55 55 55 55 55 55 55 55 55 55 66 56 69 56 4F 74 65 63 68 32 00 80 00 00 00 B9 DF  pass 
2022/1/17 14:25:00.059 [TX] - 56 69 56 4F 74 65 63 68 32 00 80 00 00 65 31 34 43 45 32 35 35 35 31 34 37 45 43 41 30 30 38 38 4B 30 54 44 30 30 4E 30 30 30 30 30 30 38 30 46 35 30 36 46 36 41 33 44 34 30 38 39 39 45 30 35 35 42 42 35 42 39 45 33 41 44 44 36 30 30 42 38 38 35 33 32 37 37 39 32 32 34 36 30 39 32 36 32 33 41 39 39 37 31 32 36 32 33 34 30 30 30 30 30 30 30 30 35 7F 
2022/1/17 14:25:00.347 [RX] - 55 55 55 55 55 55 55 55 55 55 55 55 55 55 55 55 55 55 55 55 55 55 55 55 55 55 55 55 55 55 66 56 69 56 4F 74 65 63 68 32 00 80 00 00 00 B9 DF  pass 
2022/1/17 14:25:00.641 [TX] - 56 69 56 4F 74 65 63 68 32 00 80 01 00 58 41 30 30 38 38 4B 30 54 44 30 30 4E 30 30 30 30 43 44 32 46 43 43 36 44 37 39 32 44 33 42 32 34 46 30 38 33 37 42 30 33 32 44 30 38 36 38 46 45 43 39 46 44 44 43 39 43 32 36 33 31 31 35 46 30 44 43 43 34 42 44 42 35 37 43 36 30 33 43 34 32 46 34 41 35 30 34 34 39 97 D5 
2022/1/17 14:25:00.901 [RX] - 55 55 55 55 55 55 55 55 55 55 55 55 55 55 55 55 55 55 55 55 55 55 55 55 55 55 55 55 55 55 66 56 69 56 4F 74 65 63 68 32 00 80 00 00 00 B9 DF  pass 
2022/1/17 14:25:01.196 [TX] - 56 69 56 4F 74 65 63 68 32 00 81 00 00 71 05 41 30 31 31 32 44 30 54 45 30 30 4E 30 31 30 30 4B 53 31 38 36 32 39 39 34 39 30 31 32 43 30 30 30 34 36 30 30 30 30 31 39 34 34 38 36 43 33 31 36 38 43 41 31 46 42 34 41 38 30 39 45 36 33 39 46 46 39 43 33 42 37 32 36 45 32 34 37 43 35 39 30 42 32 32 38 43 35 44 32 32 36 35 30 46 36 36 39 37 45 38 34 37 41 32 46 38 41 32 37 33 39 33 47 AE 
2022/1/17 14:25:01.522 [RX] - 55 55 55 55 55 55 55 55 55 55 55 55 55 55 55 55 55 55 55 55 55 55 55 55 55 55 55 55 55 55 66 56 69 56 4F 74 65 63 68 32 00 81 00 00 00 CF 6B  pass 
2022/1/17 14:25:01.817 [TX] - 56 69 56 4F 74 65 63 68 32 00 C7 36 00 01 03 6C 97 
2022/1/17 14:25:01.876 [RX] - 55 55 55 55 55 55 55 55 55 55 55 55 55 55 55 55 55 55 55 55 55 55 55 55 55 55 55 55 55 55 66 56 69 56 4F 74 65 63 68 32 00 C7 00 00 00 86 6E  pass pass pass  

Auto Poll

2022/1/17 14:25:02.178 [TX] - 56 69 56 4F 74 65 63 68 32 00 01 01 00 01 00 F6 24 
2022/1/17 14:25:02.237 [RX] - 55 55 55 55 55 55 55 55 55 55 55 55 55 55 55 55 55 55 55 55 55 55 55 55 55 55 55 55 55 55 66 56 69 56 4F 74 65 63 68 32 00 01 00 00 00 12 53  pass  

--- Discover

2022/1/17 14:25:06.337 [TX] - 56 69 56 4F 74 65 63 68 32 00 03 40 00 00 96 E2 
2022/1/17 14:25:06.401 [RX] - 55 55 55 55 55 55 55 55 55 55 55 55 55 55 55 55 55 55 55 55 55 55 55 55 55 55 55 55 55 55 66 56 69 56 4F 74 65 63 68 32 00 03 00 01 0C C8 DF EE 25 02 00 11 DF EE 23 81 B9 02 B3 00 80 1F 44 28 00 A0 9B C7 27 B0 60 AB FC 2B 62 4C 4D 6E 59 96 E2 2D 84 8D 87 D6 E3 82 0D 57 37 4F 6D 3F B3 1F 75 06 1A DC 17 89 FB C3 C7 50 C7 5D 06 65 00 04 08 CA B4 CA 0C 62 47 62 EE 86 0F BD 54 17 E0 FD D5 7E 1D A9 C9 FA 98 FB DF 49 CA CE 1B DC 33 AA 1A DD A5 D6 52 C6 FC CF C5 DC A9 46 A8 07 1F 1C 13 1B 7F E6 5F 75 06 01 CE C6 1E 8A 64 0E 1C 2B EC 80 D4 51 48 AB 78 7E 8B 8D 05 DC 8A C9 07 9E FC 98 53 27 0B ED B9 10 02 52 D6 AA D8 46 CB 85 69 24 FE 7C 93 52 0B 36 DA D9 25 37 33 39 54 30 32 35 37 39 33 62 99 49 01 2C 00 04 60 00 01 F7 DD 03 9F 39 01 90 FF EE 01 04 DF 30 01 0C DF EE 26 01 C8 DF EF 4C 06 00 27 00 00 00 00 DF EF 4D 28 CE 1B DC 33 AA 1A DD A5 D6 52 C6 FC CF C5 DC A9 46 A8 07 1F 1C 13 1B 7F E6 5F 75 06 01 CE C6 1E 42 71 F3 A3 EF 56 39 CA 50 13  

Poll on Demand

2022/1/17 14:25:07.143 [TX] - 56 69 56 4F 74 65 63 68 32 00 01 01 00 01 01 D7 34 
2022/1/17 14:25:07.202 [RX] - 55 55 55 55 55 55 55 55 55 55 55 55 55 55 55 55 55 55 55 55 55 55 55 55 55 55 55 55 55 55 66 56 69 56 4F 74 65 63 68 32 00 01 00 00 00 12 53  pass  

 Erase All Keys...

2022/1/17 14:25:07.297 [TX] - 56 69 56 4F 74 65 63 68 32 00 83 00 00 00 03 22 
2022/1/17 14:25:07.353 [RX] - 55 55 55 55 55 55 55 55 55 55 55 55 55 55 55 55 55 55 55 55 55 55 55 55 55 55 55 55 55 55 66 56 69 56 4F 74 65 63 68 32 00 83 00 00 00 22 03  pass  

 Set DUKPT Key Encryption Type...

2022/1/17 14:25:07.648 [TX] - 56 69 56 4F 74 65 63 68 32 00 C7 32 00 01 00 6D FE 
2022/1/17 14:25:07.707 [RX] - 55 55 55 55 55 55 55 55 55 55 55 55 55 55 55 55 55 55 55 55 55 55 55 55 55 55 55 55 55 55 66 56 69 56 4F 74 65 63 68 32 00 C7 00 00 00 86 6E  pass pass pass  

 Get DUKPT Key Encryption Type...

2022/1/17 14:25:08.004 [TX] - 56 69 56 4F 74 65 63 68 32 00 C7 33 00 00 1A 9B 
2022/1/17 14:25:08.060 [RX] - 55 55 55 55 55 55 55 55 55 55 55 55 55 55 55 55 55 55 55 55 55 55 55 55 55 55 55 55 55 55 66 56 69 56 4F 74 65 63 68 32 00 C7 00 00 01 00 AC 7F  pass pass  

 Loading DUKPT key...

2022/1/17 14:25:08.356 [TX] - 56 69 56 4F 74 65 63 68 32 00 80 00 00 65 30 45 43 36 30 46 33 35 31 34 37 45 43 41 30 30 38 38 4B 30 54 44 30 30 4E 30 30 30 30 30 30 38 30 39 43 30 37 41 39 39 31 44 43 38 30 33 34 45 43 31 32 45 31 36 39 43 30 44 35 34 35 35 44 45 41 32 39 34 35 31 34 32 34 37 38 30 38 30 35 36 38 32 33 34 39 38 37 31 32 30 32 33 34 30 30 30 30 30 30 30 30 12 43 
2022/1/17 14:25:08.644 [RX] - 55 55 55 55 55 55 55 55 55 55 55 55 55 55 55 55 55 55 55 55 55 55 55 55 55 55 55 55 55 55 66 56 69 56 4F 74 65 63 68 32 00 80 00 00 00 B9 DF  pass 
2022/1/17 14:25:08.936 [TX] - 56 69 56 4F 74 65 63 68 32 00 80 00 00 65 31 34 43 45 32 35 35 35 31 34 37 45 43 41 30 30 38 38 4B 30 54 44 30 30 4E 30 30 30 30 30 30 38 30 46 35 30 36 46 36 41 33 44 34 30 38 39 39 45 30 35 35 42 42 35 42 39 45 33 41 44 44 36 30 30 42 38 38 35 33 32 37 37 39 32 32 34 36 30 39 32 36 32 33 41 39 39 37 31 32 36 32 33 34 30 30 30 30 30 30 30 30 35 7F 
2022/1/17 14:25:09.225 [RX] - 55 55 55 55 55 55 55 55 55 55 55 55 55 55 55 55 55 55 55 55 55 55 55 55 55 55 55 55 55 55 66 56 69 56 4F 74 65 63 68 32 00 80 00 00 00 B9 DF  pass 
2022/1/17 14:25:09.517 [TX] - 56 69 56 4F 74 65 63 68 32 00 80 01 00 58 41 30 30 38 38 4B 30 54 44 30 30 4E 30 30 30 30 43 44 32 46 43 43 36 44 37 39 32 44 33 42 32 34 46 30 38 33 37 42 30 33 32 44 30 38 36 38 46 45 43 39 46 44 44 43 39 43 32 36 33 31 31 35 46 30 44 43 43 34 42 44 42 35 37 43 36 30 33 43 34 32 46 34 41 35 30 34 34 39 97 D5 
2022/1/17 14:25:09.777 [RX] - 55 55 55 55 55 55 55 55 55 55 55 55 55 55 55 55 55 55 55 55 55 55 55 55 55 55 55 55 55 55 66 56 69 56 4F 74 65 63 68 32 00 80 00 00 00 B9 DF  pass 
2022/1/17 14:25:10.070 [TX] - 56 69 56 4F 74 65 63 68 32 00 81 00 00 71 05 41 30 31 31 32 44 30 54 45 30 30 4E 30 31 30 30 4B 53 31 38 36 32 39 39 34 39 30 31 32 43 30 30 30 34 36 30 30 30 30 31 39 34 34 38 36 43 33 31 36 38 43 41 31 46 42 34 41 38 30 39 45 36 33 39 46 46 39 43 33 42 37 32 36 45 32 34 37 43 35 39 30 42 32 32 38 43 35 44 32 32 36 35 30 46 36 36 39 37 45 38 34 37 41 32 46 38 41 32 37 33 39 33 47 AE 
2022/1/17 14:25:10.396 [RX] - 55 55 55 55 55 55 55 55 55 55 55 55 55 55 55 55 55 55 55 55 55 55 55 55 55 55 55 55 55 55 66 56 69 56 4F 74 65 63 68 32 00 81 00 00 00 CF 6B  pass 
2022/1/17 14:25:10.691 [TX] - 56 69 56 4F 74 65 63 68 32 00 C7 36 00 01 03 6C 97 
2022/1/17 14:25:10.749 [RX] - 55 55 55 55 55 55 55 55 55 55 55 55 55 55 55 55 55 55 55 55 55 55 55 55 55 55 55 55 55 55 66 56 69 56 4F 74 65 63 68 32 00 C7 00 00 00 86 6E  pass pass pass  

Auto Poll

2022/1/17 14:25:11.051 [TX] - 56 69 56 4F 74 65 63 68 32 00 01 01 00 01 00 F6 24 
2022/1/17 14:25:11.110 [RX] - 55 55 55 55 55 55 55 55 55 55 55 55 55 55 55 55 55 55 55 55 55 55 55 55 55 55 55 55 55 55 66 56 69 56 4F 74 65 63 68 32 00 01 00 00 00 12 53  pass  

--- JIS1

2022/1/17 14:25:15.211 [TX] - 56 69 56 4F 74 65 63 68 32 00 03 40 00 00 96 E2 
2022/1/17 14:25:15.274 [RX] - 55 55 55 55 55 55 55 55 55 55 55 55 55 55 55 55 55 55 55 55 55 55 55 55 55 55 55 55 55 55 66 56 69 56 4F 74 65 63 68 32 00 03 00 00 D6 C8 DF EE 25 02 00 11 DF EE 23 81 B9 02 B3 00 86 1F 48 28 00 80 9B 88 C9 A3 6E DD 0F A6 99 2C A2 29 61 EA B0 CA 2A C1 66 0E 63 45 74 03 9D 8F F0 CE 80 7F 72 DC 4B E3 F1 A4 09 59 71 EC 08 F4 0B F4 B9 E6 9B 9B 2D B6 4B E9 BE 7A 4C 91 CE 37 61 4D DB F2 B4 86 03 08 95 3E B0 A9 E4 3E 03 DA 1B F5 A0 AA B4 C9 6B B6 7D 9C 0C B7 FF 06 F5 C6 5F 35 B0 8E 97 0B CF 1E 46 87 67 8D 63 AA 01 CB 85 B9 0C 33 A2 E0 F0 22 53 BB 7F 5A 95 59 55 40 72 53 C1 06 B4 33 86 42 44 BF EC 69 E4 C5 3F F7 53 B0 2E 12 21 1F 5E 75 13 6C 76 51 C4 63 62 37 33 39 54 30 32 35 37 39 33 62 99 49 01 2C 00 04 60 00 01 DC 44 03 9F 39 01 90 FF EE 01 04 DF 30 01 0C DF EE 26 01 C8 E1 A3  

Poll on Demand

2022/1/17 14:25:16.014 [TX] - 56 69 56 4F 74 65 63 68 32 00 01 01 00 01 01 D7 34 
2022/1/17 14:25:16.073 [RX] - 55 55 55 55 55 55 55 55 55 55 55 55 55 55 55 55 55 55 55 55 55 55 55 55 55 55 55 55 55 55 66 56 69 56 4F 74 65 63 68 32 00 01 00 00 00 12 53  pass  

 Erase All Keys...

2022/1/17 14:25:16.167 [TX] - 56 69 56 4F 74 65 63 68 32 00 83 00 00 00 03 22 
2022/1/17 14:25:16.223 [RX] - 55 55 55 55 55 55 55 55 55 55 55 55 55 55 55 55 55 55 55 55 55 55 55 55 55 55 55 55 55 55 66 56 69 56 4F 74 65 63 68 32 00 83 00 00 00 22 03  pass  

 Set DUKPT Key Encryption Type...

2022/1/17 14:25:16.519 [TX] - 56 69 56 4F 74 65 63 68 32 00 C7 32 00 01 00 6D FE 
2022/1/17 14:25:16.578 [RX] - 55 55 55 55 55 55 55 55 55 55 55 55 55 55 55 55 55 55 55 55 55 55 55 55 55 55 55 55 55 55 66 56 69 56 4F 74 65 63 68 32 00 C7 00 00 00 86 6E  pass pass pass  

 Get DUKPT Key Encryption Type...

2022/1/17 14:25:16.876 [TX] - 56 69 56 4F 74 65 63 68 32 00 C7 33 00 00 1A 9B 
2022/1/17 14:25:16.932 [RX] - 55 55 55 55 55 55 55 55 55 55 55 55 55 55 55 55 55 55 55 55 55 55 55 55 55 55 55 55 55 55 66 56 69 56 4F 74 65 63 68 32 00 C7 00 00 01 00 AC 7F  pass pass  

 Loading DUKPT key...

2022/1/17 14:25:17.229 [TX] - 56 69 56 4F 74 65 63 68 32 00 80 00 00 65 30 45 43 36 30 46 33 35 31 34 37 45 43 41 30 30 38 38 4B 30 54 44 30 30 4E 30 30 30 30 30 30 38 30 39 43 30 37 41 39 39 31 44 43 38 30 33 34 45 43 31 32 45 31 36 39 43 30 44 35 34 35 35 44 45 41 32 39 34 35 31 34 32 34 37 38 30 38 30 35 36 38 32 33 34 39 38 37 31 32 30 32 33 34 30 30 30 30 30 30 30 30 12 43 
2022/1/17 14:25:17.516 [RX] - 55 55 55 55 55 55 55 55 55 55 55 55 55 55 55 55 55 55 55 55 55 55 55 55 55 55 55 55 55 55 66 56 69 56 4F 74 65 63 68 32 00 80 00 00 00 B9 DF  pass 
2022/1/17 14:25:17.809 [TX] - 56 69 56 4F 74 65 63 68 32 00 80 00 00 65 31 34 43 45 32 35 35 35 31 34 37 45 43 41 30 30 38 38 4B 30 54 44 30 30 4E 30 30 30 30 30 30 38 30 46 35 30 36 46 36 41 33 44 34 30 38 39 39 45 30 35 35 42 42 35 42 39 45 33 41 44 44 36 30 30 42 38 38 35 33 32 37 37 39 32 32 34 36 30 39 32 36 32 33 41 39 39 37 31 32 36 32 33 34 30 30 30 30 30 30 30 30 35 7F 
2022/1/17 14:25:18.097 [RX] - 55 55 55 55 55 55 55 55 55 55 55 55 55 55 55 55 55 55 55 55 55 55 55 55 55 55 55 55 55 55 66 56 69 56 4F 74 65 63 68 32 00 80 00 00 00 B9 DF  pass 
2022/1/17 14:25:18.391 [TX] - 56 69 56 4F 74 65 63 68 32 00 80 01 00 58 41 30 30 38 38 4B 30 54 44 30 30 4E 30 30 30 30 43 44 32 46 43 43 36 44 37 39 32 44 33 42 32 34 46 30 38 33 37 42 30 33 32 44 30 38 36 38 46 45 43 39 46 44 44 43 39 43 32 36 33 31 31 35 46 30 44 43 43 34 42 44 42 35 37 43 36 30 33 43 34 32 46 34 41 35 30 34 34 39 97 D5 
2022/1/17 14:25:18.651 [RX] - 55 55 55 55 55 55 55 55 55 55 55 55 55 55 55 55 55 55 55 55 55 55 55 55 55 55 55 55 55 55 66 56 69 56 4F 74 65 63 68 32 00 80 00 00 00 B9 DF  pass 
2022/1/17 14:25:18.946 [TX] - 56 69 56 4F 74 65 63 68 32 00 81 00 00 71 05 41 30 31 31 32 44 30 54 45 30 30 4E 30 31 30 30 4B 53 31 38 36 32 39 39 34 39 30 31 32 43 30 30 30 34 36 30 30 30 30 31 39 34 34 38 36 43 33 31 36 38 43 41 31 46 42 34 41 38 30 39 45 36 33 39 46 46 39 43 33 42 37 32 36 45 32 34 37 43 35 39 30 42 32 32 38 43 35 44 32 32 36 35 30 46 36 36 39 37 45 38 34 37 41 32 46 38 41 32 37 33 39 33 47 AE 
2022/1/17 14:25:19.272 [RX] - 55 55 55 55 55 55 55 55 55 55 55 55 55 55 55 55 55 55 55 55 55 55 55 55 55 55 55 55 55 55 66 56 69 56 4F 74 65 63 68 32 00 81 00 00 00 CF 6B  pass 
2022/1/17 14:25:19.567 [TX] - 56 69 56 4F 74 65 63 68 32 00 C7 36 00 01 03 6C 97 
2022/1/17 14:25:19.625 [RX] - 55 55 55 55 55 55 55 55 55 55 55 55 55 55 55 55 55 55 55 55 55 55 55 55 55 55 55 55 55 55 66 56 69 56 4F 74 65 63 68 32 00 C7 00 00 00 86 6E  pass pass pass  

Auto Poll

2022/1/17 14:25:19.925 [TX] - 56 69 56 4F 74 65 63 68 32 00 01 01 00 01 00 F6 24 
2022/1/17 14:25:19.984 [RX] - 55 55 55 55 55 55 55 55 55 55 55 55 55 55 55 55 55 55 55 55 55 55 55 55 55 55 55 55 55 55 66 56 69 56 4F 74 65 63 68 32 00 01 00 00 00 12 53  pass  

--- JIS2

2022/1/17 14:25:24.083 [TX] - 56 69 56 4F 74 65 63 68 32 00 03 40 00 00 96 E2 
2022/1/17 14:25:24.147 [RX] - 55 55 55 55 55 55 55 55 55 55 55 55 55 55 55 55 55 55 55 55 55 55 55 55 55 55 55 55 55 55 66 56 69 56 4F 74 65 63 68 32 00 03 00 00 99 C8 DF EE 25 02 00 11 DF EE 23 7D 02 77 00 85 17 00 48 00 80 92 88 C9 A3 6E DD 0F A6 99 2C A2 29 61 EA B0 CA 2A C1 66 0E 63 45 74 03 9D 8F F0 CE 80 7F 72 DC 4B E3 F1 A4 09 59 71 EC 08 F4 0B F4 B9 E6 9B 9B 2D B6 4B E9 BE 7A 4C 91 CE 37 61 4D DB F2 B4 86 03 08 95 3E B0 A9 E4 3E 03 22 53 BB 7F 5A 95 59 55 40 72 53 C1 06 B4 33 86 42 44 BF EC 37 33 39 54 30 32 35 37 39 33 62 99 49 01 2C 00 04 60 00 01 AF 45 03 9F 39 01 90 FF EE 01 04 DF 30 01 0C DF EE 26 01 C8 45 FB  

Poll on Demand

2022/1/17 14:25:24.754 [TX] - 56 69 56 4F 74 65 63 68 32 00 01 01 00 01 01 D7 34 
2022/1/17 14:25:24.813 [RX] - 55 55 55 55 55 55 55 55 55 55 55 55 55 55 55 55 55 55 55 55 55 55 55 55 55 55 55 55 55 55 66 56 69 56 4F 74 65 63 68 32 00 01 00 00 00 12 53  pass  

 Erase All Keys...

2022/1/17 14:25:24.908 [TX] - 56 69 56 4F 74 65 63 68 32 00 83 00 00 00 03 22 
2022/1/17 14:25:24.964 [RX] - 55 55 55 55 55 55 55 55 55 55 55 55 55 55 55 55 55 55 55 55 55 55 55 55 55 55 55 55 55 55 66 56 69 56 4F 74 65 63 68 32 00 83 00 00 00 22 03  pass  

 Set DUKPT Key Encryption Type...

2022/1/17 14:25:25.260 [TX] - 56 69 56 4F 74 65 63 68 32 00 C7 32 00 01 00 6D FE 
2022/1/17 14:25:25.319 [RX] - 55 55 55 55 55 55 55 55 55 55 55 55 55 55 55 55 55 55 55 55 55 55 55 55 55 55 55 55 55 55 66 56 69 56 4F 74 65 63 68 32 00 C7 00 00 00 86 6E  pass pass pass  

 Get DUKPT Key Encryption Type...

2022/1/17 14:25:25.616 [TX] - 56 69 56 4F 74 65 63 68 32 00 C7 33 00 00 1A 9B 
2022/1/17 14:25:25.672 [RX] - 55 55 55 55 55 55 55 55 55 55 55 55 55 55 55 55 55 55 55 55 55 55 55 55 55 55 55 55 55 55 66 56 69 56 4F 74 65 63 68 32 00 C7 00 00 01 00 AC 7F  pass pass  

 Loading DUKPT key...

2022/1/17 14:25:25.969 [TX] - 56 69 56 4F 74 65 63 68 32 00 80 00 00 65 30 45 43 36 30 46 33 35 31 34 37 45 43 41 30 30 38 38 4B 30 54 44 30 30 4E 30 30 30 30 30 30 38 30 39 43 30 37 41 39 39 31 44 43 38 30 33 34 45 43 31 32 45 31 36 39 43 30 44 35 34 35 35 44 45 41 32 39 34 35 31 34 32 34 37 38 30 38 30 35 36 38 32 33 34 39 38 37 31 32 30 32 33 34 30 30 30 30 30 30 30 30 12 43 
2022/1/17 14:25:26.257 [RX] - 55 55 55 55 55 55 55 55 55 55 55 55 55 55 55 55 55 55 55 55 55 55 55 55 55 55 55 55 55 55 66 56 69 56 4F 74 65 63 68 32 00 80 00 00 00 B9 DF  pass 
2022/1/17 14:25:26.548 [TX] - 56 69 56 4F 74 65 63 68 32 00 80 00 00 65 31 34 43 45 32 35 35 35 31 34 37 45 43 41 30 30 38 38 4B 30 54 44 30 30 4E 30 30 30 30 30 30 38 30 46 35 30 36 46 36 41 33 44 34 30 38 39 39 45 30 35 35 42 42 35 42 39 45 33 41 44 44 36 30 30 42 38 38 35 33 32 37 37 39 32 32 34 36 30 39 32 36 32 33 41 39 39 37 31 32 36 32 33 34 30 30 30 30 30 30 30 30 35 7F 
2022/1/17 14:25:26.837 [RX] - 55 55 55 55 55 55 55 55 55 55 55 55 55 55 55 55 55 55 55 55 55 55 55 55 55 55 55 55 55 55 66 56 69 56 4F 74 65 63 68 32 00 80 00 00 00 B9 DF  pass 
2022/1/17 14:25:27.130 [TX] - 56 69 56 4F 74 65 63 68 32 00 80 01 00 58 41 30 30 38 38 4B 30 54 44 30 30 4E 30 30 30 30 43 44 32 46 43 43 36 44 37 39 32 44 33 42 32 34 46 30 38 33 37 42 30 33 32 44 30 38 36 38 46 45 43 39 46 44 44 43 39 43 32 36 33 31 31 35 46 30 44 43 43 34 42 44 42 35 37 43 36 30 33 43 34 32 46 34 41 35 30 34 34 39 97 D5 
2022/1/17 14:25:27.389 [RX] - 55 55 55 55 55 55 55 55 55 55 55 55 55 55 55 55 55 55 55 55 55 55 55 55 55 55 55 55 55 55 66 56 69 56 4F 74 65 63 68 32 00 80 00 00 00 B9 DF  pass 
2022/1/17 14:25:27.684 [TX] - 56 69 56 4F 74 65 63 68 32 00 81 00 00 71 05 41 30 31 31 32 44 30 54 45 30 30 4E 30 31 30 30 4B 53 31 38 36 32 39 39 34 39 30 31 32 43 30 30 30 34 36 30 30 30 30 31 39 34 34 38 36 43 33 31 36 38 43 41 31 46 42 34 41 38 30 39 45 36 33 39 46 46 39 43 33 42 37 32 36 45 32 34 37 43 35 39 30 42 32 32 38 43 35 44 32 32 36 35 30 46 36 36 39 37 45 38 34 37 41 32 46 38 41 32 37 33 39 33 47 AE 
2022/1/17 14:25:28.010 [RX] - 55 55 55 55 55 55 55 55 55 55 55 55 55 55 55 55 55 55 55 55 55 55 55 55 55 55 55 55 55 55 66 56 69 56 4F 74 65 63 68 32 00 81 00 00 00 CF 6B  pass 
2022/1/17 14:25:28.305 [TX] - 56 69 56 4F 74 65 63 68 32 00 C7 36 00 01 03 6C 97 
2022/1/17 14:25:28.363 [RX] - 55 55 55 55 55 55 55 55 55 55 55 55 55 55 55 55 55 55 55 55 55 55 55 55 55 55 55 55 55 55 66 56 69 56 4F 74 65 63 68 32 00 C7 00 00 00 86 6E  pass pass pass  

Auto Poll

2022/1/17 14:25:28.665 [TX] - 56 69 56 4F 74 65 63 68 32 00 01 01 00 01 00 F6 24 
2022/1/17 14:25:28.724 [RX] - 55 55 55 55 55 55 55 55 55 55 55 55 55 55 55 55 55 55 55 55 55 55 55 55 55 55 55 55 55 55 66 56 69 56 4F 74 65 63 68 32 00 01 00 00 00 12 53  pass  

--- AAMVA

2022/1/17 14:25:32.824 [TX] - 56 69 56 4F 74 65 63 68 32 00 03 40 00 00 96 E2 
2022/1/17 14:25:32.887 [RX] - 55 55 55 55 55 55 55 55 55 55 55 55 55 55 55 55 55 55 55 55 55 55 55 55 55 55 55 55 55 55 66 56 69 56 4F 74 65 63 68 32 00 03 00 01 2B C8 DF EE 25 02 00 11 DF EE 23 82 01 0D 02 07 01 81 3F 30 23 52 80 BF 75 0A 7E B0 CC B7 5E 2A B3 8A A8 2D B7 27 5B 78 A6 49 5D 0E A9 E4 89 04 08 9F 65 96 FF D0 77 9F B7 2D C3 2E D7 00 84 3B A4 37 87 7A 7C 71 BB 34 FE 42 BA 7C 3B 42 E3 38 5A 8A 34 44 07 44 47 EC 9E 42 E0 24 A3 C2 5C 56 AF AC CE 26 EA 2A 2C 24 5B 64 79 3E 02 D5 7F 2F DD F9 C0 C7 8D 5C 0B 8A 5B E8 5B 71 C2 8E E8 99 01 FD 14 80 5B 04 FA EE FB 22 DA 7F A8 61 0A 48 48 7C 94 30 02 8A 75 33 32 FD B1 5C 42 59 EB 25 91 01 C5 A2 0A 83 94 82 4D 62 73 24 F2 E9 A5 16 9C 60 1E 0B FD AC 59 08 F7 5A A3 DD 39 9C 0E 62 AA B6 17 B6 80 6C 75 11 48 80 A5 D4 6A 04 91 15 D9 C8 47 40 6B FB C6 3B F4 BD 57 4F C6 43 6C 69 1F 94 5A A3 C8 0D A2 0E 46 A0 28 5F 0C BA 2A 32 75 FB D7 D6 27 36 86 DB 32 A4 A8 43 8A 9C 51 49 A5 0D D1 86 37 33 39 54 30 32 35 37 39 33 62 99 49 01 2C 00 04 60 00 01 BD 7B 03 9F 39 01 90 FF EE 01 04 DF 30 01 0C DF EE 26 01 C8 EF 0B  

Poll on Demand

2022/1/17 14:25:33.804 [TX] - 56 69 56 4F 74 65 63 68 32 00 01 01 00 01 01 D7 34 
2022/1/17 14:25:33.863 [RX] - 55 55 55 55 55 55 55 55 55 55 55 55 55 55 55 55 55 55 55 55 55 55 55 55 55 55 55 55 55 55 66 56 69 56 4F 74 65 63 68 32 00 01 00 00 00 12 53  pass  

 Erase All Keys...

2022/1/17 14:25:33.956 [TX] - 56 69 56 4F 74 65 63 68 32 00 83 00 00 00 03 22 
2022/1/17 14:25:34.013 [RX] - 55 55 55 55 55 55 55 55 55 55 55 55 55 55 55 55 55 55 55 55 55 55 55 55 55 55 55 55 55 55 66 56 69 56 4F 74 65 63 68 32 00 83 00 00 00 22 03  pass  

 Set DUKPT Key Encryption Type...

2022/1/17 14:25:34.310 [TX] - 56 69 56 4F 74 65 63 68 32 00 C7 32 00 01 00 6D FE 
2022/1/17 14:25:34.368 [RX] - 55 55 55 55 55 55 55 55 55 55 55 55 55 55 55 55 55 55 55 55 55 55 55 55 55 55 55 55 55 55 66 56 69 56 4F 74 65 63 68 32 00 C7 00 00 00 86 6E  pass pass pass  

 Get DUKPT Key Encryption Type...

2022/1/17 14:25:34.666 [TX] - 56 69 56 4F 74 65 63 68 32 00 C7 33 00 00 1A 9B 
2022/1/17 14:25:34.721 [RX] - 55 55 55 55 55 55 55 55 55 55 55 55 55 55 55 55 55 55 55 55 55 55 55 55 55 55 55 55 55 55 66 56 69 56 4F 74 65 63 68 32 00 C7 00 00 01 00 AC 7F  pass pass  

 Loading DUKPT key...

2022/1/17 14:25:35.019 [TX] - 56 69 56 4F 74 65 63 68 32 00 80 00 00 65 30 45 43 36 30 46 33 35 31 34 37 45 43 41 30 30 38 38 4B 30 54 44 30 30 4E 30 30 30 30 30 30 38 30 39 43 30 37 41 39 39 31 44 43 38 30 33 34 45 43 31 32 45 31 36 39 43 30 44 35 34 35 35 44 45 41 32 39 34 35 31 34 32 34 37 38 30 38 30 35 36 38 32 33 34 39 38 37 31 32 30 32 33 34 30 30 30 30 30 30 30 30 12 43 
2022/1/17 14:25:35.307 [RX] - 55 55 55 55 55 55 55 55 55 55 55 55 55 55 55 55 55 55 55 55 55 55 55 55 55 55 55 55 55 55 66 56 69 56 4F 74 65 63 68 32 00 80 00 00 00 B9 DF  pass 
2022/1/17 14:25:35.600 [TX] - 56 69 56 4F 74 65 63 68 32 00 80 00 00 65 31 34 43 45 32 35 35 35 31 34 37 45 43 41 30 30 38 38 4B 30 54 44 30 30 4E 30 30 30 30 30 30 38 30 46 35 30 36 46 36 41 33 44 34 30 38 39 39 45 30 35 35 42 42 35 42 39 45 33 41 44 44 36 30 30 42 38 38 35 33 32 37 37 39 32 32 34 36 30 39 32 36 32 33 41 39 39 37 31 32 36 32 33 34 30 30 30 30 30 30 30 30 35 7F 
2022/1/17 14:25:35.888 [RX] - 55 55 55 55 55 55 55 55 55 55 55 55 55 55 55 55 55 55 55 55 55 55 55 55 55 55 55 55 55 55 66 56 69 56 4F 74 65 63 68 32 00 80 00 00 00 B9 DF  pass 
2022/1/17 14:25:36.182 [TX] - 56 69 56 4F 74 65 63 68 32 00 80 01 00 58 41 30 30 38 38 4B 30 54 44 30 30 4E 30 30 30 30 43 44 32 46 43 43 36 44 37 39 32 44 33 42 32 34 46 30 38 33 37 42 30 33 32 44 30 38 36 38 46 45 43 39 46 44 44 43 39 43 32 36 33 31 31 35 46 30 44 43 43 34 42 44 42 35 37 43 36 30 33 43 34 32 46 34 41 35 30 34 34 39 97 D5 
2022/1/17 14:25:36.442 [RX] - 55 55 55 55 55 55 55 55 55 55 55 55 55 55 55 55 55 55 55 55 55 55 55 55 55 55 55 55 55 55 66 56 69 56 4F 74 65 63 68 32 00 80 00 00 00 B9 DF  pass 
2022/1/17 14:25:36.733 [TX] - 56 69 56 4F 74 65 63 68 32 00 81 00 00 71 05 41 30 31 31 32 44 30 54 45 30 30 4E 30 31 30 30 4B 53 31 38 36 32 39 39 34 39 30 31 32 43 30 30 30 34 36 30 30 30 30 31 39 34 34 38 36 43 33 31 36 38 43 41 31 46 42 34 41 38 30 39 45 36 33 39 46 46 39 43 33 42 37 32 36 45 32 34 37 43 35 39 30 42 32 32 38 43 35 44 32 32 36 35 30 46 36 36 39 37 45 38 34 37 41 32 46 38 41 32 37 33 39 33 47 AE 
2022/1/17 14:25:37.059 [RX] - 55 55 55 55 55 55 55 55 55 55 55 55 55 55 55 55 55 55 55 55 55 55 55 55 55 55 55 55 55 55 66 56 69 56 4F 74 65 63 68 32 00 81 00 00 00 CF 6B  pass 
2022/1/17 14:25:37.355 [TX] - 56 69 56 4F 74 65 63 68 32 00 C7 36 00 01 03 6C 97 
2022/1/17 14:25:37.413 [RX] - 55 55 55 55 55 55 55 55 55 55 55 55 55 55 55 55 55 55 55 55 55 55 55 55 55 55 55 55 55 55 66 56 69 56 4F 74 65 63 68 32 00 C7 00 00 00 86 6E  pass pass pass  

Auto Poll

2022/1/17 14:25:37.715 [TX] - 56 69 56 4F 74 65 63 68 32 00 01 01 00 01 00 F6 24 
2022/1/17 14:25:37.774 [RX] - 55 55 55 55 55 55 55 55 55 55 55 55 55 55 55 55 55 55 55 55 55 55 55 55 55 55 55 55 55 55 66 56 69 56 4F 74 65 63 68 32 00 01 00 00 00 12 53  pass  

--- Gift card

2022/1/17 14:25:41.874 [TX] - 56 69 56 4F 74 65 63 68 32 00 03 40 00 00 96 E2 
2022/1/17 14:25:41.938 [RX] - 55 55 55 55 55 55 55 55 55 55 55 55 55 55 55 55 55 55 55 55 55 55 55 55 55 55 55 55 55 55 66 56 69 56 4F 74 65 63 68 32 00 03 00 01 04 C8 DF EE 25 02 00 11 DF EE 23 81 B1 02 AB 00 80 1F 3D 26 00 80 9B F9 77 33 C0 CF 91 D9 6B 0C A9 4F 94 A1 A0 D2 5C C4 F6 E1 E2 FD 2C 89 95 79 E2 91 C1 61 54 FE 00 EB 36 8F 95 04 51 B8 BD F8 8C 08 4C 7B BF 7F 2C C1 DD 3E 2D 73 E0 3E 5A D5 9D 27 FA 05 0B D2 9D 7C E5 05 DC 8A 63 65 57 23 59 99 0C 93 2C F1 8A 31 A7 67 BA D1 6A 5E 94 00 9E 3F F3 6F 1A 87 BE 11 AE B2 68 1B 11 3A C0 4F 96 8D 11 4A 72 0C 4F 3F 7F 90 8C E8 2E DC 54 F5 7D EE DF F5 7B 99 7B D5 25 11 FE 3A 50 34 80 4E 98 D6 B4 D6 2C C9 45 37 33 39 54 30 32 35 37 39 33 62 99 49 01 2C 00 04 60 00 01 7D 75 03 9F 39 01 90 FF EE 01 04 DF 30 01 0C DF EE 26 01 C8 DF EF 4C 06 00 25 00 00 00 00 DF EF 4D 28 7C E5 05 DC 8A 63 65 57 23 59 99 0C 93 2C F1 8A 31 A7 67 BA D1 6A 5E 94 00 9E 3F F3 6F 1A 87 BE 72 73 0A 1D 19 77 7E EF 13 C3  

Poll on Demand

2022/1/17 14:25:42.663 [TX] - 56 69 56 4F 74 65 63 68 32 00 01 01 00 01 01 D7 34 
2022/1/17 14:25:42.722 [RX] - 55 55 55 55 55 55 55 55 55 55 55 55 55 55 55 55 55 55 55 55 55 55 55 55 55 55 55 55 55 55 66 56 69 56 4F 74 65 63 68 32 00 01 00 00 00 12 53  pass  

 Erase All Keys...

2022/1/17 14:25:42.817 [TX] - 56 69 56 4F 74 65 63 68 32 00 83 00 00 00 03 22 
2022/1/17 14:25:42.873 [RX] - 55 55 55 55 55 55 55 55 55 55 55 55 55 55 55 55 55 55 55 55 55 55 55 55 55 55 55 55 55 55 66 56 69 56 4F 74 65 63 68 32 00 83 00 00 00 22 03  pass  

 Set DUKPT Key Encryption Type...

2022/1/17 14:25:43.168 [TX] - 56 69 56 4F 74 65 63 68 32 00 C7 32 00 01 00 6D FE 
2022/1/17 14:25:43.227 [RX] - 55 55 55 55 55 55 55 55 55 55 55 55 55 55 55 55 55 55 55 55 55 55 55 55 55 55 55 55 55 55 66 56 69 56 4F 74 65 63 68 32 00 C7 00 00 00 86 6E  pass pass pass  

 Get DUKPT Key Encryption Type...

2022/1/17 14:25:43.525 [TX] - 56 69 56 4F 74 65 63 68 32 00 C7 33 00 00 1A 9B 
2022/1/17 14:25:43.581 [RX] - 55 55 55 55 55 55 55 55 55 55 55 55 55 55 55 55 55 55 55 55 55 55 55 55 55 55 55 55 55 55 66 56 69 56 4F 74 65 63 68 32 00 C7 00 00 01 00 AC 7F  pass pass  

 Loading DUKPT key...

2022/1/17 14:25:43.879 [TX] - 56 69 56 4F 74 65 63 68 32 00 80 00 00 65 30 45 43 36 30 46 33 35 31 34 37 45 43 41 30 30 38 38 4B 30 54 44 30 30 4E 30 30 30 30 30 30 38 30 39 43 30 37 41 39 39 31 44 43 38 30 33 34 45 43 31 32 45 31 36 39 43 30 44 35 34 35 35 44 45 41 32 39 34 35 31 34 32 34 37 38 30 38 30 35 36 38 32 33 34 39 38 37 31 32 30 32 33 34 30 30 30 30 30 30 30 30 12 43 
2022/1/17 14:25:44.166 [RX] - 55 55 55 55 55 55 55 55 55 55 55 55 55 55 55 55 55 55 55 55 55 55 55 55 55 55 55 55 55 55 66 56 69 56 4F 74 65 63 68 32 00 80 00 00 00 B9 DF  pass 
2022/1/17 14:25:44.457 [TX] - 56 69 56 4F 74 65 63 68 32 00 80 00 00 65 31 34 43 45 32 35 35 35 31 34 37 45 43 41 30 30 38 38 4B 30 54 44 30 30 4E 30 30 30 30 30 30 38 30 46 35 30 36 46 36 41 33 44 34 30 38 39 39 45 30 35 35 42 42 35 42 39 45 33 41 44 44 36 30 30 42 38 38 35 33 32 37 37 39 32 32 34 36 30 39 32 36 32 33 41 39 39 37 31 32 36 32 33 34 30 30 30 30 30 30 30 30 35 7F 
2022/1/17 14:25:44.746 [RX] - 55 55 55 55 55 55 55 55 55 55 55 55 55 55 55 55 55 55 55 55 55 55 55 55 55 55 55 55 55 55 66 56 69 56 4F 74 65 63 68 32 00 80 00 00 00 B9 DF  pass 
2022/1/17 14:25:45.039 [TX] - 56 69 56 4F 74 65 63 68 32 00 80 01 00 58 41 30 30 38 38 4B 30 54 44 30 30 4E 30 30 30 30 43 44 32 46 43 43 36 44 37 39 32 44 33 42 32 34 46 30 38 33 37 42 30 33 32 44 30 38 36 38 46 45 43 39 46 44 44 43 39 43 32 36 33 31 31 35 46 30 44 43 43 34 42 44 42 35 37 43 36 30 33 43 34 32 46 34 41 35 30 34 34 39 97 D5 
2022/1/17 14:25:45.298 [RX] - 55 55 55 55 55 55 55 55 55 55 55 55 55 55 55 55 55 55 55 55 55 55 55 55 55 55 55 55 55 55 66 56 69 56 4F 74 65 63 68 32 00 80 00 00 00 B9 DF  pass 
2022/1/17 14:25:45.593 [TX] - 56 69 56 4F 74 65 63 68 32 00 81 00 00 71 05 41 30 31 31 32 44 30 54 45 30 30 4E 30 31 30 30 4B 53 31 38 36 32 39 39 34 39 30 31 32 43 30 30 30 34 36 30 30 30 30 31 39 34 34 38 36 43 33 31 36 38 43 41 31 46 42 34 41 38 30 39 45 36 33 39 46 46 39 43 33 42 37 32 36 45 32 34 37 43 35 39 30 42 32 32 38 43 35 44 32 32 36 35 30 46 36 36 39 37 45 38 34 37 41 32 46 38 41 32 37 33 39 33 47 AE 
2022/1/17 14:25:45.919 [RX] - 55 55 55 55 55 55 55 55 55 55 55 55 55 55 55 55 55 55 55 55 55 55 55 55 55 55 55 55 55 55 66 56 69 56 4F 74 65 63 68 32 00 81 00 00 00 CF 6B  pass 
2022/1/17 14:25:46.214 [TX] - 56 69 56 4F 74 65 63 68 32 00 C7 36 00 01 03 6C 97 
2022/1/17 14:25:46.272 [RX] - 55 55 55 55 55 55 55 55 55 55 55 55 55 55 55 55 55 55 55 55 55 55 55 55 55 55 55 55 55 55 66 56 69 56 4F 74 65 63 68 32 00 C7 00 00 00 86 6E  pass pass pass  

Auto Poll

2022/1/17 14:25:46.574 [TX] - 56 69 56 4F 74 65 63 68 32 00 01 01 00 01 00 F6 24 
2022/1/17 14:25:46.633 [RX] - 55 55 55 55 55 55 55 55 55 55 55 55 55 55 55 55 55 55 55 55 55 55 55 55 55 55 55 55 55 55 66 56 69 56 4F 74 65 63 68 32 00 01 00 00 00 12 53  pass  

--- Real card (PAN=11)

2022/1/17 14:25:50.733 [TX] - 56 69 56 4F 74 65 63 68 32 00 03 40 00 00 96 E2 
2022/1/17 14:25:50.796 [RX] - 55 55 55 55 55 55 55 55 55 55 55 55 55 55 55 55 55 55 55 55 55 55 55 55 55 55 55 55 55 55 66 56 69 56 4F 74 65 63 68 32 00 03 00 00 91 C8 DF EE 25 02 00 11 DF EE 23 75 02 6F 00 83 0F 3B 00 00 A0 89 FB 74 0D E9 C0 1A AA 04 B9 35 3C 74 A4 88 A7 4E FB 2C 22 E0 4E 2C C6 0B 7D 4A CC CA 6A 04 5C DD BC 41 76 4E BE 81 D2 46 20 9F FF A6 11 1B BE 4C 0F 35 C7 F8 0D 20 39 64 27 1C 46 CF 4E 6E E9 8A A7 DA 3C 9C FD 62 17 EE B3 DB 63 2A 08 93 7B 4C 53 89 78 D3 37 33 39 54 30 32 35 37 39 33 62 99 49 01 2C 00 04 60 00 01 CE 88 03 9F 39 01 90 FF EE 01 04 DF 30 01 0C DF EE 26 01 C8 C1 1E  

Poll on Demand

2022/1/17 14:25:51.388 [TX] - 56 69 56 4F 74 65 63 68 32 00 01 01 00 01 01 D7 34 
2022/1/17 14:25:51.447 [RX] - 55 55 55 55 55 55 55 55 55 55 55 55 55 55 55 55 55 55 55 55 55 55 55 55 55 55 55 55 55 55 66 56 69 56 4F 74 65 63 68 32 00 01 00 00 00 12 53  pass  

 Erase All Keys...

2022/1/17 14:25:51.540 [TX] - 56 69 56 4F 74 65 63 68 32 00 83 00 00 00 03 22 
2022/1/17 14:25:51.596 [RX] - 55 55 55 55 55 55 55 55 55 55 55 55 55 55 55 55 55 55 55 55 55 55 55 55 55 55 55 55 55 55 66 56 69 56 4F 74 65 63 68 32 00 83 00 00 00 22 03  pass  

 Set DUKPT Key Encryption Type...

2022/1/17 14:25:51.893 [TX] - 56 69 56 4F 74 65 63 68 32 00 C7 32 00 01 00 6D FE 
2022/1/17 14:25:51.952 [RX] - 55 55 55 55 55 55 55 55 55 55 55 55 55 55 55 55 55 55 55 55 55 55 55 55 55 55 55 55 55 55 66 56 69 56 4F 74 65 63 68 32 00 C7 00 00 00 86 6E  pass pass pass  

 Get DUKPT Key Encryption Type...

2022/1/17 14:25:52.256 [TX] - 56 69 56 4F 74 65 63 68 32 00 C7 33 00 00 1A 9B 
2022/1/17 14:25:52.312 [RX] - 55 55 55 55 55 55 55 55 55 55 55 55 55 55 55 55 55 55 55 55 55 55 55 55 55 55 55 55 55 55 66 56 69 56 4F 74 65 63 68 32 00 C7 00 00 01 00 AC 7F  pass pass  

 Loading DUKPT key...

2022/1/17 14:25:52.610 [TX] - 56 69 56 4F 74 65 63 68 32 00 80 00 00 65 30 45 43 36 30 46 33 35 31 34 37 45 43 41 30 30 38 38 4B 30 54 44 30 30 4E 30 30 30 30 30 30 38 30 39 43 30 37 41 39 39 31 44 43 38 30 33 34 45 43 31 32 45 31 36 39 43 30 44 35 34 35 35 44 45 41 32 39 34 35 31 34 32 34 37 38 30 38 30 35 36 38 32 33 34 39 38 37 31 32 30 32 33 34 30 30 30 30 30 30 30 30 12 43 
2022/1/17 14:25:52.898 [RX] - 55 55 55 55 55 55 55 55 55 55 55 55 55 55 55 55 55 55 55 55 55 55 55 55 55 55 55 55 55 55 66 56 69 56 4F 74 65 63 68 32 00 80 00 00 00 B9 DF  pass 
2022/1/17 14:25:53.190 [TX] - 56 69 56 4F 74 65 63 68 32 00 80 00 00 65 31 34 43 45 32 35 35 35 31 34 37 45 43 41 30 30 38 38 4B 30 54 44 30 30 4E 30 30 30 30 30 30 38 30 46 35 30 36 46 36 41 33 44 34 30 38 39 39 45 30 35 35 42 42 35 42 39 45 33 41 44 44 36 30 30 42 38 38 35 33 32 37 37 39 32 32 34 36 30 39 32 36 32 33 41 39 39 37 31 32 36 32 33 34 30 30 30 30 30 30 30 30 35 7F 
2022/1/17 14:25:53.478 [RX] - 55 55 55 55 55 55 55 55 55 55 55 55 55 55 55 55 55 55 55 55 55 55 55 55 55 55 55 55 55 55 66 56 69 56 4F 74 65 63 68 32 00 80 00 00 00 B9 DF  pass 
2022/1/17 14:25:53.772 [TX] - 56 69 56 4F 74 65 63 68 32 00 80 01 00 58 41 30 30 38 38 4B 30 54 44 30 30 4E 30 30 30 30 43 44 32 46 43 43 36 44 37 39 32 44 33 42 32 34 46 30 38 33 37 42 30 33 32 44 30 38 36 38 46 45 43 39 46 44 44 43 39 43 32 36 33 31 31 35 46 30 44 43 43 34 42 44 42 35 37 43 36 30 33 43 34 32 46 34 41 35 30 34 34 39 97 D5 
2022/1/17 14:25:54.032 [RX] - 55 55 55 55 55 55 55 55 55 55 55 55 55 55 55 55 55 55 55 55 55 55 55 55 55 55 55 55 55 55 66 56 69 56 4F 74 65 63 68 32 00 80 00 00 00 B9 DF  pass 
2022/1/17 14:25:54.327 [TX] - 56 69 56 4F 74 65 63 68 32 00 81 00 00 71 05 41 30 31 31 32 44 30 54 45 30 30 4E 30 31 30 30 4B 53 31 38 36 32 39 39 34 39 30 31 32 43 30 30 30 34 36 30 30 30 30 31 39 34 34 38 36 43 33 31 36 38 43 41 31 46 42 34 41 38 30 39 45 36 33 39 46 46 39 43 33 42 37 32 36 45 32 34 37 43 35 39 30 42 32 32 38 43 35 44 32 32 36 35 30 46 36 36 39 37 45 38 34 37 41 32 46 38 41 32 37 33 39 33 47 AE 
2022/1/17 14:25:54.653 [RX] - 55 55 55 55 55 55 55 55 55 55 55 55 55 55 55 55 55 55 55 55 55 55 55 55 55 55 55 55 55 55 66 56 69 56 4F 74 65 63 68 32 00 81 00 00 00 CF 6B  pass 
2022/1/17 14:25:54.948 [TX] - 56 69 56 4F 74 65 63 68 32 00 C7 36 00 01 03 6C 97 
2022/1/17 14:25:55.006 [RX] - 55 55 55 55 55 55 55 55 55 55 55 55 55 55 55 55 55 55 55 55 55 55 55 55 55 55 55 55 55 55 66 56 69 56 4F 74 65 63 68 32 00 C7 00 00 00 86 6E  pass pass pass  

Auto Poll

2022/1/17 14:25:55.308 [TX] - 56 69 56 4F 74 65 63 68 32 00 01 01 00 01 00 F6 24 
2022/1/17 14:25:55.367 [RX] - 55 55 55 55 55 55 55 55 55 55 55 55 55 55 55 55 55 55 55 55 55 55 55 55 55 55 55 55 55 55 66 56 69 56 4F 74 65 63 68 32 00 01 00 00 00 12 53  pass  

--- Real card (PAN=12)

2022/1/17 14:25:59.465 [TX] - 56 69 56 4F 74 65 63 68 32 00 03 40 00 00 96 E2 
2022/1/17 14:25:59.529 [RX] - 55 55 55 55 55 55 55 55 55 55 55 55 55 55 55 55 55 55 55 55 55 55 55 55 55 55 55 55 55 55 66 56 69 56 4F 74 65 63 68 32 00 03 00 00 9F C8 DF EE 25 02 00 11 DF EE 23 75 02 6F 00 80 0F 3A 00 00 A0 89 FB 74 0D E9 C0 1A AA 04 78 C2 46 EC 88 C8 A1 08 3D C4 B3 A2 7A A8 E4 6C B9 D5 43 BD CA 63 7D AD 07 4C DD D3 8B 78 FA 61 28 C3 ED F7 B2 00 B7 F5 90 6D 5B 11 14 3C C5 5B 03 EF 11 A5 FA CD 00 E6 2C D5 16 64 84 CA B1 DF 2A 0A 61 CB CB 1A 0C 82 05 67 C2 64 37 33 39 54 30 32 35 37 39 33 62 99 49 01 2C 00 04 60 00 01 A4 72 03 9F 39 01 90 FF EE 01 04 DF 30 01 0C DF EE 26 01 C8 DF EF 4C 06 00 00 00 00 00 00 DF EF 4D 00 6D A5  

Poll on Demand

2022/1/17 14:26:00.120 [TX] - 56 69 56 4F 74 65 63 68 32 00 01 01 00 01 01 D7 34 
2022/1/17 14:26:00.179 [RX] - 55 55 55 55 55 55 55 55 55 55 55 55 55 55 55 55 55 55 55 55 55 55 55 55 55 55 55 55 55 55 66 56 69 56 4F 74 65 63 68 32 00 01 00 00 00 12 53  pass  

 Erase All Keys...

2022/1/17 14:26:00.273 [TX] - 56 69 56 4F 74 65 63 68 32 00 83 00 00 00 03 22 
2022/1/17 14:26:00.329 [RX] - 55 55 55 55 55 55 55 55 55 55 55 55 55 55 55 55 55 55 55 55 55 55 55 55 55 55 55 55 55 55 66 56 69 56 4F 74 65 63 68 32 00 83 00 00 00 22 03  pass  

 Set DUKPT Key Encryption Type...

2022/1/17 14:26:00.624 [TX] - 56 69 56 4F 74 65 63 68 32 00 C7 32 00 01 00 6D FE 
2022/1/17 14:26:00.683 [RX] - 55 55 55 55 55 55 55 55 55 55 55 55 55 55 55 55 55 55 55 55 55 55 55 55 55 55 55 55 55 55 66 56 69 56 4F 74 65 63 68 32 00 C7 00 00 00 86 6E  pass pass pass  

 Get DUKPT Key Encryption Type...

2022/1/17 14:26:00.981 [TX] - 56 69 56 4F 74 65 63 68 32 00 C7 33 00 00 1A 9B 
2022/1/17 14:26:01.037 [RX] - 55 55 55 55 55 55 55 55 55 55 55 55 55 55 55 55 55 55 55 55 55 55 55 55 55 55 55 55 55 55 66 56 69 56 4F 74 65 63 68 32 00 C7 00 00 01 00 AC 7F  pass pass  

 Loading DUKPT key...

2022/1/17 14:26:01.333 [TX] - 56 69 56 4F 74 65 63 68 32 00 80 00 00 65 30 45 43 36 30 46 33 35 31 34 37 45 43 41 30 30 38 38 4B 30 54 44 30 30 4E 30 30 30 30 30 30 38 30 39 43 30 37 41 39 39 31 44 43 38 30 33 34 45 43 31 32 45 31 36 39 43 30 44 35 34 35 35 44 45 41 32 39 34 35 31 34 32 34 37 38 30 38 30 35 36 38 32 33 34 39 38 37 31 32 30 32 33 34 30 30 30 30 30 30 30 30 12 43 
2022/1/17 14:26:01.621 [RX] - 55 55 55 55 55 55 55 55 55 55 55 55 55 55 55 55 55 55 55 55 55 55 55 55 55 55 55 55 55 55 66 56 69 56 4F 74 65 63 68 32 00 80 00 00 00 B9 DF  pass 
2022/1/17 14:26:01.913 [TX] - 56 69 56 4F 74 65 63 68 32 00 80 00 00 65 31 34 43 45 32 35 35 35 31 34 37 45 43 41 30 30 38 38 4B 30 54 44 30 30 4E 30 30 30 30 30 30 38 30 46 35 30 36 46 36 41 33 44 34 30 38 39 39 45 30 35 35 42 42 35 42 39 45 33 41 44 44 36 30 30 42 38 38 35 33 32 37 37 39 32 32 34 36 30 39 32 36 32 33 41 39 39 37 31 32 36 32 33 34 30 30 30 30 30 30 30 30 35 7F 
2022/1/17 14:26:02.202 [RX] - 55 55 55 55 55 55 55 55 55 55 55 55 55 55 55 55 55 55 55 55 55 55 55 55 55 55 55 55 55 55 66 56 69 56 4F 74 65 63 68 32 00 80 00 00 00 B9 DF  pass 
2022/1/17 14:26:02.496 [TX] - 56 69 56 4F 74 65 63 68 32 00 80 01 00 58 41 30 30 38 38 4B 30 54 44 30 30 4E 30 30 30 30 43 44 32 46 43 43 36 44 37 39 32 44 33 42 32 34 46 30 38 33 37 42 30 33 32 44 30 38 36 38 46 45 43 39 46 44 44 43 39 43 32 36 33 31 31 35 46 30 44 43 43 34 42 44 42 35 37 43 36 30 33 43 34 32 46 34 41 35 30 34 34 39 97 D5 
2022/1/17 14:26:02.756 [RX] - 55 55 55 55 55 55 55 55 55 55 55 55 55 55 55 55 55 55 55 55 55 55 55 55 55 55 55 55 55 55 66 56 69 56 4F 74 65 63 68 32 00 80 00 00 00 B9 DF  pass 
2022/1/17 14:26:03.050 [TX] - 56 69 56 4F 74 65 63 68 32 00 81 00 00 71 05 41 30 31 31 32 44 30 54 45 30 30 4E 30 31 30 30 4B 53 31 38 36 32 39 39 34 39 30 31 32 43 30 30 30 34 36 30 30 30 30 31 39 34 34 38 36 43 33 31 36 38 43 41 31 46 42 34 41 38 30 39 45 36 33 39 46 46 39 43 33 42 37 32 36 45 32 34 37 43 35 39 30 42 32 32 38 43 35 44 32 32 36 35 30 46 36 36 39 37 45 38 34 37 41 32 46 38 41 32 37 33 39 33 47 AE 
2022/1/17 14:26:03.376 [RX] - 55 55 55 55 55 55 55 55 55 55 55 55 55 55 55 55 55 55 55 55 55 55 55 55 55 55 55 55 55 55 66 56 69 56 4F 74 65 63 68 32 00 81 00 00 00 CF 6B  pass 
2022/1/17 14:26:03.671 [TX] - 56 69 56 4F 74 65 63 68 32 00 C7 36 00 01 03 6C 97 
2022/1/17 14:26:03.729 [RX] - 55 55 55 55 55 55 55 55 55 55 55 55 55 55 55 55 55 55 55 55 55 55 55 55 55 55 55 55 55 55 66 56 69 56 4F 74 65 63 68 32 00 C7 00 00 00 86 6E  pass pass pass  

Auto Poll

2022/1/17 14:26:04.028 [TX] - 56 69 56 4F 74 65 63 68 32 00 01 01 00 01 00 F6 24 
2022/1/17 14:26:04.087 [RX] - 55 55 55 55 55 55 55 55 55 55 55 55 55 55 55 55 55 55 55 55 55 55 55 55 55 55 55 55 55 55 66 56 69 56 4F 74 65 63 68 32 00 01 00 00 00 12 53  pass  

--- Real card (PAN=20)

2022/1/17 14:26:08.188 [TX] - 56 69 56 4F 74 65 63 68 32 00 03 40 00 00 96 E2 
2022/1/17 14:26:08.251 [RX] - 55 55 55 55 55 55 55 55 55 55 55 55 55 55 55 55 55 55 55 55 55 55 55 55 55 55 55 55 55 55 66 56 69 56 4F 74 65 63 68 32 00 03 00 00 99 C8 DF EE 25 02 00 11 DF EE 23 7D 02 77 00 83 0F 42 00 00 A0 89 FB 74 0D E9 C0 1A AA 04 D3 5A E4 A7 98 1C 63 C6 3A 2C 13 95 CB 52 C8 BF EC 8C 63 25 2E 85 0D AF 2C A5 B9 EE 3C A2 B3 68 22 7B 7C B5 C1 C0 7A 45 29 2A B9 47 56 6C 96 2F 32 16 D5 6F EB AD C4 E4 47 92 7A 6C 75 6F 52 D6 1C 8E 29 3B 13 1A 8A 3C 85 EC 1A FA E3 65 12 05 0F CE 51 84 37 33 39 54 30 32 35 37 39 33 62 99 49 01 2C 00 04 60 00 01 06 2E 03 9F 39 01 90 FF EE 01 04 DF 30 01 0C DF EE 26 01 C8 75 FC  

Poll on Demand

2022/1/17 14:26:08.860 [TX] - 56 69 56 4F 74 65 63 68 32 00 01 01 00 01 01 D7 34 
2022/1/17 14:26:08.919 [RX] - 55 55 55 55 55 55 55 55 55 55 55 55 55 55 55 55 55 55 55 55 55 55 55 55 55 55 55 55 55 55 66 56 69 56 4F 74 65 63 68 32 00 01 00 00 00 12 53  pass  

 Erase All Keys...

2022/1/17 14:26:09.013 [TX] - 56 69 56 4F 74 65 63 68 32 00 83 00 00 00 03 22 
2022/1/17 14:26:09.069 [RX] - 55 55 55 55 55 55 55 55 55 55 55 55 55 55 55 55 55 55 55 55 55 55 55 55 55 55 55 55 55 55 66 56 69 56 4F 74 65 63 68 32 00 83 00 00 00 22 03  pass  

 Set DUKPT Key Encryption Type...

2022/1/17 14:26:09.364 [TX] - 56 69 56 4F 74 65 63 68 32 00 C7 32 00 01 00 6D FE 
2022/1/17 14:26:09.422 [RX] - 55 55 55 55 55 55 55 55 55 55 55 55 55 55 55 55 55 55 55 55 55 55 55 55 55 55 55 55 55 55 66 56 69 56 4F 74 65 63 68 32 00 C7 00 00 00 86 6E  pass pass pass  

 Get DUKPT Key Encryption Type...

2022/1/17 14:26:09.719 [TX] - 56 69 56 4F 74 65 63 68 32 00 C7 33 00 00 1A 9B 
2022/1/17 14:26:09.775 [RX] - 55 55 55 55 55 55 55 55 55 55 55 55 55 55 55 55 55 55 55 55 55 55 55 55 55 55 55 55 55 55 66 56 69 56 4F 74 65 63 68 32 00 C7 00 00 01 00 AC 7F  pass pass  

 Loading DUKPT key...

2022/1/17 14:26:10.072 [TX] - 56 69 56 4F 74 65 63 68 32 00 80 00 00 65 30 45 43 36 30 46 33 35 31 34 37 45 43 41 30 30 38 38 4B 30 54 44 30 30 4E 30 30 30 30 30 30 38 30 39 43 30 37 41 39 39 31 44 43 38 30 33 34 45 43 31 32 45 31 36 39 43 30 44 35 34 35 35 44 45 41 32 39 34 35 31 34 32 34 37 38 30 38 30 35 36 38 32 33 34 39 38 37 31 32 30 32 33 34 30 30 30 30 30 30 30 30 12 43 
2022/1/17 14:26:10.359 [RX] - 55 55 55 55 55 55 55 55 55 55 55 55 55 55 55 55 55 55 55 55 55 55 55 55 55 55 55 55 55 55 66 56 69 56 4F 74 65 63 68 32 00 80 00 00 00 B9 DF  pass 
2022/1/17 14:26:10.652 [TX] - 56 69 56 4F 74 65 63 68 32 00 80 00 00 65 31 34 43 45 32 35 35 35 31 34 37 45 43 41 30 30 38 38 4B 30 54 44 30 30 4E 30 30 30 30 30 30 38 30 46 35 30 36 46 36 41 33 44 34 30 38 39 39 45 30 35 35 42 42 35 42 39 45 33 41 44 44 36 30 30 42 38 38 35 33 32 37 37 39 32 32 34 36 30 39 32 36 32 33 41 39 39 37 31 32 36 32 33 34 30 30 30 30 30 30 30 30 35 7F 
2022/1/17 14:26:10.940 [RX] - 55 55 55 55 55 55 55 55 55 55 55 55 55 55 55 55 55 55 55 55 55 55 55 55 55 55 55 55 55 55 66 56 69 56 4F 74 65 63 68 32 00 80 00 00 00 B9 DF  pass 
2022/1/17 14:26:11.235 [TX] - 56 69 56 4F 74 65 63 68 32 00 80 01 00 58 41 30 30 38 38 4B 30 54 44 30 30 4E 30 30 30 30 43 44 32 46 43 43 36 44 37 39 32 44 33 42 32 34 46 30 38 33 37 42 30 33 32 44 30 38 36 38 46 45 43 39 46 44 44 43 39 43 32 36 33 31 31 35 46 30 44 43 43 34 42 44 42 35 37 43 36 30 33 43 34 32 46 34 41 35 30 34 34 39 97 D5 
2022/1/17 14:26:11.495 [RX] - 55 55 55 55 55 55 55 55 55 55 55 55 55 55 55 55 55 55 55 55 55 55 55 55 55 55 55 55 55 55 66 56 69 56 4F 74 65 63 68 32 00 80 00 00 00 B9 DF  pass 
2022/1/17 14:26:11.790 [TX] - 56 69 56 4F 74 65 63 68 32 00 81 00 00 71 05 41 30 31 31 32 44 30 54 45 30 30 4E 30 31 30 30 4B 53 31 38 36 32 39 39 34 39 30 31 32 43 30 30 30 34 36 30 30 30 30 31 39 34 34 38 36 43 33 31 36 38 43 41 31 46 42 34 41 38 30 39 45 36 33 39 46 46 39 43 33 42 37 32 36 45 32 34 37 43 35 39 30 42 32 32 38 43 35 44 32 32 36 35 30 46 36 36 39 37 45 38 34 37 41 32 46 38 41 32 37 33 39 33 47 AE 
2022/1/17 14:26:12.116 [RX] - 55 55 55 55 55 55 55 55 55 55 55 55 55 55 55 55 55 55 55 55 55 55 55 55 55 55 55 55 55 55 66 56 69 56 4F 74 65 63 68 32 00 81 00 00 00 CF 6B  pass 
2022/1/17 14:26:12.410 [TX] - 56 69 56 4F 74 65 63 68 32 00 C7 36 00 01 03 6C 97 
2022/1/17 14:26:12.468 [RX] - 55 55 55 55 55 55 55 55 55 55 55 55 55 55 55 55 55 55 55 55 55 55 55 55 55 55 55 55 55 55 66 56 69 56 4F 74 65 63 68 32 00 C7 00 00 00 86 6E  pass pass pass  

Auto Poll

2022/1/17 14:26:12.771 [TX] - 56 69 56 4F 74 65 63 68 32 00 01 01 00 01 00 F6 24 
2022/1/17 14:26:12.829 [RX] - 55 55 55 55 55 55 55 55 55 55 55 55 55 55 55 55 55 55 55 55 55 55 55 55 55 55 55 55 55 55 66 56 69 56 4F 74 65 63 68 32 00 01 00 00 00 12 53  pass  

--- ISO4909

2022/1/17 14:26:16.934 [TX] - 56 69 56 4F 74 65 63 68 32 00 03 40 00 00 96 E2 
2022/1/17 14:26:16.998 [RX] - 55 55 55 55 55 55 55 55 55 55 55 55 55 55 55 55 55 55 55 55 55 55 55 55 55 55 55 55 55 55 66 56 69 56 4F 74 65 63 68 32 00 03 00 01 99 C8 DF EE 25 02 00 11 DF EE 23 82 01 45 02 3F 01 80 3F 4D 27 69 80 BF DE 04 D2 DB BB F9 AA 18 EC 56 B9 DC 8C 3F 27 5F 5A B2 91 41 41 38 04 5F EE 1E 72 01 5B 35 30 E2 EC 75 97 64 E5 62 F9 BA 6E D0 3C 7D 7C 59 11 A0 7A 63 77 FB D6 DA DB A2 9B 3B A6 15 7A B2 92 09 4B 62 8C 26 8E A3 55 92 27 C4 20 64 EA 81 19 7A FC BB A4 7C FC 22 D8 2C 80 ED D4 1E 2C 4D DF B5 D9 A5 18 39 AC 9B 27 02 AA 76 41 75 77 9D D0 C0 89 25 0C D0 4A 03 E4 2C F2 8B DE 73 F9 81 4D A3 76 8A A6 F3 D5 D4 84 4C 10 D6 77 D3 63 32 C4 40 ED EC 69 F2 56 EB 03 56 B5 A9 43 13 3E F4 63 37 18 F6 D6 5F 29 ED 81 61 DE 75 20 EA A8 94 29 EE 9E 53 36 F2 87 84 01 7F 20 1D 4A 98 C0 91 7F F1 37 CF BF 64 5F 63 16 A6 A6 22 A7 19 5B 45 F9 04 77 06 E0 A0 DE 84 BB 59 5B 9F 2C 07 AF CC CB 1A 4D 4F BF FA 85 F3 52 A7 BC 6D B0 09 54 4A 8E 4D B4 6B E2 83 32 3D 79 6E B0 13 AF 65 DF AF 57 85 96 18 2E D3 93 78 61 C2 BD 7D 77 E1 44 D2 BE 7C 75 B7 AD 34 1D 23 80 EC 5A 2A F0 4A 2E 9E 8D 84 56 D2 8E C1 37 33 39 54 30 32 35 37 39 33 62 99 49 01 2C 00 04 60 00 01 80 DC 03 9F 39 01 90 FF EE 01 04 DF 30 01 0C DF EE 26 01 C8 DF EF  pass 4C 06 00 26 00 00 00 00 DF EF 4D 28 FC BB A4 7C FC 22 D8 2C 80 ED D4 1E 2C 4D DF B5 D9 A5 18 39 AC 9B 27 02 AA 76 41 75 77 9D D0 C0 52 0F 5D 20 FC B3 B7 D9 78 2A  

 ---------- END OF TEST ----------

 Result = PASSED
 

 MASTER RESULT = PASSED


Docklight Log File (HEX) - Stopped 2022/1/17 14:26:19.141 

