Docklight Log File (HEX) - Started 2015/6/17 14:46:33.383 
 TEST CASE: SAT002

 --- Set POS COM PORT Settings
 Set POS COM PORT...
 POS operating on COM1 @ 9600 baud...
 Set POS COM PORT - COMPLETE

 Loading DUKPT key...

2015/6/17 14:46:34.866 [TX] - 56 69 56 4F 74 65 63 68 32 00 83 00 00 00 03 22 
2015/6/17 14:46:34.911 [RX] - 56 69 56 4F 74 65 63 68 32 00 83 00 00 00 22 03 
2015/6/17 14:46:35.434 [TX] - 56 69 56 4F 74 65 63 68 32 00 80 00 00 65 30 43 46 35 35 34 43 32 46 30 45 45 41 41 30 30 38 38 4B 30 54 44 30 30 4E 30 30 30 30 30 30 38 30 32 41 38 34 46 44 44 36 33 39 31 35 44 43 41 45 42 46 38 37 37 35 34 33 32 32 44 32 36 37 42 41 33 34 34 31 38 33 41 42 39 41 32 35 36 37 39 30 32 33 34 39 38 37 31 32 30 32 33 34 30 30 30 30 30 30 30 30 C2 98 
2015/6/17 14:46:35.590 [RX] - 56 69 56 4F 74 65 63 68 32 00 80 00 00 00 B9 DF 
2015/6/17 14:46:36.114 [TX] - 56 69 56 4F 74 65 63 68 32 00 80 00 00 65 31 35 43 44 42 38 31 32 46 30 45 45 41 41 30 30 38 38 4B 30 54 44 30 30 4E 30 30 30 30 30 30 38 30 39 32 36 39 41 34 33 36 39 42 36 43 37 45 33 42 35 36 37 32 39 38 33 41 36 36 32 46 36 31 30 33 32 35 37 32 39 32 33 36 33 37 38 33 30 33 33 36 32 33 41 39 39 37 31 32 36 32 33 34 30 30 30 30 30 30 30 30 AA E9 
2015/6/17 14:46:36.270 [RX] - 56 69 56 4F 74 65 63 68 32 00 80 00 00 00 B9 DF 
2015/6/17 14:46:36.794 [TX] - 56 69 56 4F 74 65 63 68 32 00 80 01 00 58 41 30 30 38 38 4B 30 54 44 30 30 4E 30 30 30 30 42 39 34 38 46 37 42 33 34 43 41 44 37 32 36 42 41 37 37 43 39 43 34 41 38 30 37 37 39 42 42 38 36 42 42 43 33 37 34 30 31 31 42 42 45 33 39 45 30 36 46 34 46 36 41 37 44 44 36 46 37 32 30 45 37 31 33 44 45 39 34 41 A0 6B 
2015/6/17 14:46:36.919 [RX] - 56 69 56 4F 74 65 63 68 32 00 80 00 00 00 B9 DF 
2015/6/17 14:46:37.444 [TX] - 56 69 56 4F 74 65 63 68 32 00 81 00 00 71 05 41 30 31 31 32 44 30 54 45 30 30 4E 30 31 30 30 4B 53 31 38 46 46 46 46 39 38 37 36 35 34 33 32 31 30 45 30 30 30 30 30 37 43 45 37 34 45 39 30 30 35 33 43 41 38 45 45 42 43 33 37 42 35 37 30 36 38 31 45 35 42 32 37 36 31 34 38 43 33 45 37 34 34 41 42 43 44 36 44 34 43 35 33 36 43 37 46 34 46 36 37 44 37 46 32 32 44 33 39 34 45 44 42 A8 31 
2015/6/17 14:46:37.621 [RX] - 56 69 56 4F 74 65 63 68 32 00 81 00 00 00 CF 6B 
2015/6/17 14:46:38.145 [TX] - 56 69 56 4F 74 65 63 68 32 00 81 09 00 01 05 40 D3 
2015/6/17 14:46:38.188 [RX] - 56 69 56 4F 74 65 63 68 32 00 81 00 00 00 CF 6B  
OK!
 

 Loading Master key...

2015/6/17 14:46:38.780 [TX] - 56 69 56 4F 74 65 63 68 32 00 80 03 00 59 05 41 30 30 38 38 4B 30 54 44 30 30 4E 30 30 30 30 38 45 33 43 43 38 36 45 38 39 33 35 37 34 43 30 44 31 38 36 30 44 34 36 43 39 39 35 35 45 43 33 31 37 43 30 33 32 30 46 35 32 42 38 30 46 37 35 38 35 46 32 37 45 37 31 46 36 41 36 33 44 42 39 43 45 44 46 31 37 30 32 A3 22 
2015/6/17 14:46:38.921 [RX] - 56 69 56 4F 74 65 63 68 32 00 80 00 00 00 B9 DF 
2015/6/17 14:46:39.454 [TX] - 56 69 56 4F 74 65 63 68 32 00 80 09 00 01 05 11 79 
2015/6/17 14:46:39.487 [RX] - 56 69 56 4F 74 65 63 68 32 00 80 00 00 00 B9 DF  
OK!
 

 --- Clear Event Queue

2015/6/17 14:46:41.719 [TX] - 56 69 56 4F 74 65 63 68 32 00 83 0C 00 00 62 57 
2015/6/17 14:46:41.750 [RX] - 56 69 56 4F 74 65 63 68 32 00 83 00 00 00 22 03  

 >>> 02-0A DUKPT/ any card/ event mode

2015/6/17 14:46:41.780 [TX] - 56 69 56 4F 74 65 63 68 32 00 02 0A 00 21 00 0A 47 00 00 01 9F 02 06 00 00 00 00 00 01 5F 2A 02 08 40 9A 03 12 01 02 9F 1A 02 08 40 9C 01 00 2C 32 
2015/6/17 14:46:41.871 [RX] - 56 69 56 4F 74 65 63 68 32 00 02 00 00 00 89 8F  

 --- Get Input Event

2015/6/17 14:46:51.922 [TX] - 56 69 56 4F 74 65 63 68 32 00 83 06 00 01 00 88 13 
2015/6/17 14:46:51.961 [RX] - 56 69 56 4F 74 65 63 68 32 00 83 00 00 11 00 03 00 06 00 00 00 00 00 00 00 00 00 00 00 00 00 14 6F  

 --- Get Transaction Result

2015/6/17 14:46:52.014 [TX] - 56 69 56 4F 74 65 63 68 32 00 03 00 00 00 3B FF 
2015/6/17 14:46:52.047 [RX] - 56 69 56 4F 74 65 63 68 32 00 03 00 00 6E 00 90 1B 39 25 00 03 00 42 36 32 37 39 32 35 37 37 34 39 31 33 32 33 34 33 5E 54 45 53 54 20 43 41 52 44 2F 56 49 56 4F 54 45 43 48 5E 31 30 31 32 38 31 33 30 30 37 32 31 30 34 33 35 30 30 30 30 36 32 37 39 32 35 37 37 34 39 31 33 32 33 34 33 3D 31 30 31 32 38 31 33 30 30 37 32 31 30 34 33 35 30 30 30 30 FF EE 01 04 DF 30 01 00 AF EE  

 --- Clear Event Queue

2015/6/17 14:46:53.556 [TX] - 56 69 56 4F 74 65 63 68 32 00 83 0C 00 00 62 57 
2015/6/17 14:46:53.591 [RX] - 56 69 56 4F 74 65 63 68 32 00 83 00 00 00 22 03  

 Loading Session key...

2015/6/17 14:46:53.632 [TX] - 56 69 56 4F 74 65 63 68 32 00 80 0C 00 58 41 30 30 38 38 44 30 54 45 30 30 4E 30 30 30 30 33 31 31 32 43 46 38 45 39 45 44 45 45 32 41 38 32 34 38 32 34 34 38 38 38 30 37 34 41 39 46 39 35 34 33 36 39 45 46 34 44 33 45 37 33 46 37 37 36 34 41 35 32 30 33 30 45 45 44 44 41 37 31 31 35 41 41 46 46 42 46 34 56 91 
2015/6/17 14:46:53.759 [RX] - 56 69 56 4F 74 65 63 68 32 00 80 00 00 00 B9 DF  
OK!
 

 >>> 02-0A MS key/ any card/ event mode

2015/6/17 14:46:53.816 [TX] - 56 69 56 4F 74 65 63 68 32 00 02 0A 00 21 00 0A 07 00 00 01 9F 02 06 00 00 00 00 00 01 5F 2A 02 08 40 9A 03 12 01 02 9F 1A 02 08 40 9C 01 00 6D AC 
2015/6/17 14:46:53.911 [RX] - 56 69 56 4F 74 65 63 68 32 00 02 00 00 00 89 8F  

 --- Get Input Event

2015/6/17 14:47:03.967 [TX] - 56 69 56 4F 74 65 63 68 32 00 83 06 00 01 00 88 13 
2015/6/17 14:47:04.010 [RX] - 56 69 56 4F 74 65 63 68 32 00 83 00 00 11 00 03 00 06 00 00 00 00 00 00 00 00 00 00 00 00 00 14 6F  

 --- Get Transaction Result

2015/6/17 14:47:04.126 [TX] - 56 69 56 4F 74 65 63 68 32 00 03 00 00 00 3B FF 
2015/6/17 14:47:04.157 [RX] - 56 69 56 4F 74 65 63 68 32 00 03 00 00 6E 00 90 1B 39 25 00 03 00 42 36 32 37 39 32 35 37 37 34 39 31 33 32 33 34 33 5E 54 45 53 54 20 43 41 52 44 2F 56 49 56 4F 54 45 43 48 5E 31 30 31 32 38 31 33 30 30 37 32 31 30 34 33 35 30 30 30 30 36 32 37 39 32 35 37 37 34 39 31 33 32 33 34 33 3D 31 30 31 32 38 31 33 30 30 37 32 31 30 34 33 35 30 30 30 30 FF EE 01 04 DF 30 01 00 AF EE  

 Result = PASSED
 ---------- END OF TEST ----------

 Result = PASSED
 

 MASTER RESULT = PASSED


Docklight Log File (HEX) - Stopped 2015/6/17 14:47:05.988 

