Docklight Log File (HEX) - Started 2016/9/30 10:48:00.437 
 TEST CASE: VAS002-01

 --- Set POS COM PORT Settings
 Set POS COM PORT...
 POS operating on COM90 @ 9600 baud...
 Set POS COM PORT - COMPLETE

 --- Clear Merchant 1

2016/9/30 10:48:01.785 [TX] - 56 69 56 4F 74 65 63 68 32 00 04 11 00 63 01 00 00 00 00 00 00 00 00 00 00 00 00 00 00 00 00 00 00 00 00 00 00 00 00 00 00 00 00 00 00 00 00 00 00 00 00 00 00 00 00 00 00 00 00 00 00 00 00 00 00 00 00 00 00 00 00 00 00 00 00 00 00 00 00 00 00 00 00 00 00 00 00 00 00 00 00 00 00 00 00 00 00 00 00 00 00 00 00 00 00 00 00 00 00 00 00 00 00 4D EC 
2016/9/30 10:48:01.793 [RX] - 56 69 56 4F 74 65 63 68 32 00 04 00 00 00 AE 16 00 00 00 00 00 00 00 00 00 00 00 00 00 00 00 00 00 00 00 00 00 00 00 00 00 00 00 00 00 00 00 00 00 00 00 00 00 00 00 00 00 00 00 00 00 00 00  --- Clear Merchant 2

2016/9/30 10:48:01.873 [TX] - 56 69 56 4F 74 65 63 68 32 00 04 11 00 63 02 00 00 00 00 00 00 00 00 00 00 00 00 00 00 00 00 00 00 00 00 00 00 00 00 00 00 00 00 00 00 00 00 00 00 00 00 00 00 00 00 00 00 00 00 00 00 00 00 00 00 00 00 00 00 00 00 00 00 00 00 00 00 00 00 00 00 00 00 00 00 00 00 00 00 00 00 00 00 00 00 00 00 00 00 00 00 00 00 00 00 00 00 00 00 00 00 00 00 6B 09 
2016/9/30 10:48:01.880 [RX] - 56 69 56 4F 74 65 63 68 32 00 04 00 00 00 AE 16 00 00 00 00 00 00 00 00 00 00 00 00 00 00 00 00 00 00 00 00 00 00 00 00 00 00 00 00 00 00 00 00 00 00 00 00 00 00 00 00 00 00 00 00 00 00 00  --- Clear Merchant 3

2016/9/30 10:48:01.986 [TX] - 56 69 56 4F 74 65 63 68 32 00 04 11 00 63 03 00 00 00 00 00 00 00 00 00 00 00 00 00 00 00 00 00 00 00 00 00 00 00 00 00 00 00 00 00 00 00 00 00 00 00 00 00 00 00 00 00 00 00 00 00 00 00 00 00 00 00 00 00 00 00 00 00 00 00 00 00 00 00 00 00 00 00 00 00 00 00 00 00 00 00 00 00 00 00 00 00 00 00 00 00 00 00 00 00 00 00 00 00 00 00 00 00 00 96 A5 
2016/9/30 10:48:01.992 [RX] - 56 69 56 4F 74 65 63 68 32 00 04 00 00 00 AE 16 00 00 00 00 00 00 00 00 00 00 00 00 00 00 00 00 00 00 00 00 00 00 00 00 00 00 00 00 00 00 00 00 00 00 00 00 00 00 00 00 00 00 00 00 00 00 00  --- Clear Merchant 4

2016/9/30 10:48:02.120 [TX] - 56 69 56 4F 74 65 63 68 32 00 04 11 00 63 04 00 00 00 00 00 00 00 00 00 00 00 00 00 00 00 00 00 00 00 00 00 00 00 00 00 00 00 00 00 00 00 00 00 00 00 00 00 00 00 00 00 00 00 00 00 00 00 00 00 00 00 00 00 00 00 00 00 00 00 00 00 00 00 00 00 00 00 00 00 00 00 00 00 00 00 00 00 00 00 00 00 00 00 00 00 00 00 00 00 00 00 00 00 00 00 00 00 00 06 D3 
2016/9/30 10:48:02.128 [RX] - 56 69 56 4F 74 65 63 68 32 00 04 00 00 00 AE 16 00 00 00 00 00 00 00 00 00 00 00 00 00 00 00 00 00 00 00 00 00 00 00 00 00 00 00 00 00 00 00 00 00 00 00 00 00 00 00 00 00 00 00 00 00 00 00  --- Clear Merchant 5

2016/9/30 10:48:02.277 [TX] - 56 69 56 4F 74 65 63 68 32 00 04 11 00 63 05 00 00 00 00 00 00 00 00 00 00 00 00 00 00 00 00 00 00 00 00 00 00 00 00 00 00 00 00 00 00 00 00 00 00 00 00 00 00 00 00 00 00 00 00 00 00 00 00 00 00 00 00 00 00 00 00 00 00 00 00 00 00 00 00 00 00 00 00 00 00 00 00 00 00 00 00 00 00 00 00 00 00 00 00 00 00 00 00 00 00 00 00 00 00 00 00 00 00 FB 7F 
2016/9/30 10:48:02.284 [RX] - 56 69 56 4F 74 65 63 68 32 00 04 00 00 00 AE 16 00 00 00 00 00 00 00 00 00 00 00 00 00 00 00 00 00 00 00 00 00 00 00 00 00 00 00 00 00 00 00 00 00 00 00 00 00 00 00 00 00 00 00 00 00 00 00  --- Clear Merchant 6

2016/9/30 10:48:02.457 [TX] - 56 69 56 4F 74 65 63 68 32 00 04 11 00 63 06 00 00 00 00 00 00 00 00 00 00 00 00 00 00 00 00 00 00 00 00 00 00 00 00 00 00 00 00 00 00 00 00 00 00 00 00 00 00 00 00 00 00 00 00 00 00 00 00 00 00 00 00 00 00 00 00 00 00 00 00 00 00 00 00 00 00 00 00 00 00 00 00 00 00 00 00 00 00 00 00 00 00 00 00 00 00 00 00 00 00 00 00 00 00 00 00 00 00 DD 9A 
2016/9/30 10:48:02.464 [RX] - 56 69 56 4F 74 65 63 68 32 00 04 00 00 00 AE 16 00 00 00 00 00 00 00 00 00 00 00 00 00 00 00 00 00 00 00 00 00 00 00 00 00 00 00 00 00 00 00 00 00 00 00 00 00 00 00 00 00 00 00 00 00 00 00  --- Set Merchant 3 - pass.com.apple.wallet.vas.test_Starbucks 

2016/9/30 10:48:02.663 [TX] - 56 69 56 4F 74 65 63 68 32 00 04 11 00 63 03 01 3D F3 E8 AF 26 98 2A 42 79 72 88 66 4D 56 42 AB 48 C8 0F 99 91 90 A5 1B E0 97 C1 CF 86 E4 CF DF 00 00 00 00 00 00 00 00 00 00 00 00 00 00 00 00 00 00 00 00 00 00 00 00 00 00 00 00 00 00 00 00 00 00 00 00 00 00 00 00 00 00 00 00 00 00 00 00 00 00 00 00 00 00 00 00 00 00 00 00 00 00 00 00 00 06 00 
2016/9/30 10:48:02.672 [RX] - 56 69 56 4F 74 65 63 68 32 00 04 00 00 00 AE 16 00 00 00 00 00 00 00 00 00 00 00 00 00 00 00 00 00 00 00 00 00 00 00 00 00 00 00 00 00 00 00 00 00 00 00 00 00 00 00 00 00 00 00 00 00 00 00  --- Set Merchant 4 - pass.com.apple.wallet.panera w/URL 

2016/9/30 10:48:02.858 [TX] - 56 69 56 4F 74 65 63 68 32 00 04 11 00 63 04 01 06 41 3B 95 7A 52 59 98 3B 60 8C FC 89 CF B1 DA B9 0C E7 05 AD 8E FF 78 E9 DE 12 2C CF 8D 2C BF 0E 77 77 77 2E 70 61 6E 65 72 61 2E 63 6F 6D 00 00 00 00 00 00 00 00 00 00 00 00 00 00 00 00 00 00 00 00 00 00 00 00 00 00 00 00 00 00 00 00 00 00 00 00 00 00 00 00 00 00 00 00 00 00 00 00 00 00 BD 5C 
2016/9/30 10:48:02.864 [RX] - 56 69 56 4F 74 65 63 68 32 00 04 00 00 00 AE 16 00 00 00 00 00 00 00 00 00 00 00 00 00 00 00 00 00 00 00 00 00 00 00 00 00 00 00 00 00 00 00 00 00 00 00 00 00 00 00 00 00 00 00 00 00 00 00  --- Get Merchant 3  

2016/9/30 10:48:05.421 [TX] - 56 69 56 4F 74 65 63 68 32 00 03 11 00 01 03 B1 4B 
2016/9/30 10:48:05.424 [RX] - 56 69 56 4F 74 65 63 68 32 00 03 00 00 63 03 01 3D F3 E8 AF 26 98 2A 42 79 72 88 66 4D 56 42 AB 48 C8 0F 99 91 90 A5 1B E0 97 C1 CF 86 E4 CF DF 00 00 00 00 00 00 00 00 00 00 00 00 00 00 00 00 00 00 00 00 00 00 00 00 00 00 00 00 00 00 00 00 00 00 00 00 00 00 00 00 00 00 00 00 00 00 00 00 00 00 00 00 00 00 00 00 00 00 00 00 00 00 00 00 00 C7 F9 00 00 00 00 00 00 00 00 00 00 00  --- Get Merchant 4  

2016/9/30 10:48:05.472 [TX] - 56 69 56 4F 74 65 63 68 32 00 03 11 00 01 04 56 3B 
2016/9/30 10:48:05.476 [RX] - 56 69 56 4F 74 65 63 68 32 00 03 00 00 63 04 01 06 41 3B 95 7A 52 59 98 3B 60 8C FC 89 CF B1 DA B9 0C E7 05 AD 8E FF 78 E9 DE 12 2C CF 8D 2C BF 0E 77 77 77 2E 70 61 6E 65 72 61 2E 63 6F 6D 00 00 00 00 00 00 00 00 00 00 00 00 00 00 00 00 00 00 00 00 00 00 00 00 00 00 00 00 00 00 00 00 00 00 00 00 00 00 00 00 00 00 00 00 00 00 00 00 00 00 9B 42 00 00 00 00 00 00 00 00 00 00 00  --- ACT - VAS OR Pay

2016/9/30 10:48:06.516 [TX] - 56 69 56 4F 74 65 63 68 32 00 02 01 00 29 30 9F 02 06 00 00 00 00 00 01 9C 01 00 FF EE 06 18 9F 22 02 01 00 9F 26 04 00 00 00 00 9F 2B 05 01 00 00 00 00 DF 01 01 01 09 CA 
2016/9/30 10:48:11.160 [RX] - 56 69 56 4F 74 65 63 68 32 00 02 23 00 8E 2D 42 34 30 30 35 37 34 30 31 37 31 30 32 37 35 37 34 5E 20 2F 5E 32 31 30 35 32 30 31 30 30 30 30 30 35 32 33 35 32 32 30 38 30 30 30 30 25 34 30 30 35 37 34 30 31 37 31 30 32 37 35 37 34 3D 32 31 30 35 32 30 31 30 30 30 30 30 35 32 32 32 33 30 38 35 00 84 07 A0 00 00 00 03 10 10 9F 06 07 A0 00 00 00 03 10 10 9F 35 01 22 9F 39 01 91 FF EE 01 08 DF 30 01 00 DF 5B 01 08 FF EE 06 82 00 07 DF 02 04 82 6A 83 04 DF EE 26 01 11 51 78 00 00 00 00 00 00 00 00 00 00 00 00 00 00 00 00 00 00 00 00 00 00 00 00 00 00 00 00 00 00 00  

 Result = PASSED
 ---------- END OF TEST ----------

 

 MASTER RESULT = PASSED


Docklight Log File (HEX) - Stopped 2016/9/30 10:48:12.938 

