Docklight Log File (HEX) - Started 10/15/2008 10:22:39.60 
 --- Row 4 Button1

10/15/2008 10:22:39.61 [TX] - 56 69 56 4F 74 65 63 68 32 00 83 05 00 14 30 00 31 31 35 00 35 33 00 33 38 00 31 00 31 00 33 00 31 00 07 51 
10/15/2008 10:22:39.91 [RX] - 56 69 56 4F 74 65 63 68 32 00 83 00 00 00 22 03  --- Row 4 Button2

10/15/2008 10:22:40.66 [TX] - 56 69 56 4F 74 65 63 68 32 00 83 05 00 15 35 39 00 31 31 35 00 35 33 00 33 38 00 31 00 31 00 32 00 34 00 B4 D2 
10/15/2008 10:22:40.94 [RX] - 56 69 56 4F 74 65 63 68 32 00 83 00 00 00 22 03  --- Row 4 Button3

10/15/2008 10:22:41.71 [TX] - 56 69 56 4F 74 65 63 68 32 00 83 05 00 16 31 31 37 00 31 31 35 00 35 33 00 33 38 00 31 00 31 00 32 00 35 00 63 AA 
10/15/2008 10:22:41.99 [RX] - 56 69 56 4F 74 65 63 68 32 00 83 00 00 00 22 03  --- Row 4 Button4

10/15/2008 10:22:42.75 [TX] - 56 69 56 4F 74 65 63 68 32 00 83 05 00 16 31 37 35 00 31 31 35 00 35 33 00 33 38 00 31 00 31 00 32 00 36 00 20 48 
10/15/2008 10:22:43.02 [RX] - 56 69 56 4F 74 65 63 68 32 00 83 00 00 00 22 03 
10/15/2008 10:22:43.80 [TX] - 56 69 56 4F 74 65 63 68 32 00 83 06 00 0B 14 63 61 6E 63 65 6C 4B 65 79 00 F4 07    ----- Expecting DONE Button
 Result = FAILED


Docklight Log File (HEX) - Stopped 10/15/2008 10:22:54.76 

