Docklight Log File (HEX) - Started 2026/5/13 16:46:48.605 
 TEST CASE: Applepay0024

 --- Set POS COM PORT Settings
 Set POS COM PORT...
 POS operating on COM90 @ 9600 baud...
 Set POS COM PORT - COMPLETE

 --- 04-09

2026/5/13 16:46:52.522 [TX] - 56 69 56 4F 74 65 63 68 32 00 04 09 00 00 87 30 
2026/5/13 16:46:55.030 [RX] - 56 69 56 4F 74 65 63 68 32 00 04 00 00 00 AE 16 00 00 00 00 00 00 00 00 00 00 00 00 00 00 00 00 00 00 00 00 00 00 00 00 00 00 00 00 00 00 00 00 00 00 00 00 00 00 00 00 00 00 00 00 00 00 00  --- Poll on demand

2026/5/13 16:46:55.449 [TX] - 56 69 56 4F 74 65 63 68 32 00 01 01 00 01 01 D7 34 
2026/5/13 16:46:55.475 [RX] - 56 69 56 4F 74 65 63 68 32 00 01 00 00 00 12 53 00 00 00 00 00 00 00 00 00 00 00 00 00 00 00 00 00 00 00 00 00 00 00 00 00 00 00 00 00 00 00 00 00 00 00 00 00 00 00 00 00 00 00 00 00 00 00  

 --- Burst Off *** NEO2

2026/5/13 16:46:55.890 [TX] - 56 69 56 4F 74 65 63 68 32 00 04 00 00 05 DF EE 7E 01 00 60 1E 
2026/5/13 16:46:55.986 [RX] - 56 69 56 4F 74 65 63 68 32 00 04 00 00 00 AE 16 00 00 00 00 00 00 00 00 00 00 00 00 00 00 00 00 00 00 00 00 00 00 00 00 00 00 00 00 00 00 00 00 00 00 00 00 00 00 00 00 00 00 00 00 00 00 00  

 --- ACT (02-01)

2026/5/13 16:46:57.076 [TX] - 56 69 56 4F 74 65 63 68 32 00 02 01 00 0A 1E 9F 02 06 00 00 00 00 02 00 19 30 
2026/5/13 16:46:58.720 [RX] - 56 69 56 4F 74 65 63 68 32 00 61 01 00 10 03 00 00 02 00 45 4E 03 00 82 55 1C 02 00 00 20 1E 38 00 00 00 00 00 00 00 00 00 00 00 00 00 00 00 00 00 00 00 00 00 00 00 00 00 00 00 00 00 00 00 56 69 56 4F 74 65 63 68 32 00 61 01 00 19 04 00 00 02 00 45 4E 0C 00 84 01 1C 04 24 1C 04 32 2E 30 30 1C 02 00 F4 21 18 E1 00 00 00 00 00 00 00 00 00 00 00 00 00 00 00 00 00 00 00 00 00 00 56 69 56 4F 74 65 63 68 32 00 61 01 00 10 03 00 00 02 00 45 4E 03 00 82 1A 1C 02 00 F4 21 29 58 00 00 00 00 00 00 00 00 00 00 00 00 00 00 00 00 00 00 00 00 00 00 00 00 00 00 00 00 00 00 00 56 69 56 4F 74 65 63 68 32 00 61 01 00 10 03 00 00 02 00 45 4E 03 00 82 68 1C 02 00 F4 21 F5 96 00 00 00 00 00 00 00 00 00 00 00 00 00 00 00 00 00 00 00 00 00 00 00 00 00 00 00 00 00 00 00 56 69 56 4F 74 65 63 68 32 00 61 01 00 10 03 00 00 02 00 45 4E 03 00 82 15 1C 02 00 F4 21 2A 9D 00 00 00 00 00 00 00 00 00 00 00 00 00 00 00 00 00 00 00 00 00 00 00 00 00 00 00 00 00 00 00 56 69 56 4F 74 65 63 68 32 00 02 23 01 8A 00 00 00 00 DF 81 29 08 30 F0 F0 F0 A0 F0 FF 00 DF 81 16 16 1B FF 00 00 00 00 00 00 00 00 00 00 00 00 00 00 00 00 00 00 00 00 FF 81 05 82 01 29 4F 07 A0 00 00 01 52 30 10 50 08 44 49 53 43 4F 56 45 52 57 13 65 04 84 02 40 43 18 55 D2 41 12 91 00 10 19 21 00 00 0F 5A 08 65 04 84 02 40 43 18 55 5F 25 03 16 01 01 5F 28 02 08 40 5F 2A 02 08 40 5F 2D 06 65 6E 65 73 66 72 5F 34 01 01 82 02 18 00 84 0C A0 00 00 01 52 30 10 01 00 00 00 01 95 05 80 40 00 00 00 96 01 06 9A 03 26 05 13 9B 02 08 00 9C 01 00 9F 02 06 00 00 00 00 02 00 9F 03 06 00 00 00 00 00 00 9F 06 0C A0 00 00 01 52 30 10 01 00 00 00 01 9F 07 02 FF C0 9F 09 02 00 01 9F 10 0A 01 15 20 10 40 00 00 00 B8 00 9F 15 02 00 00 9F 1A 02 08 40 9F 1E 08 37 54 35 31 33 33 36 39 9F 21 03 08 47 07 9F 26 08 F5 36 90 70 CF CE 37 B9 9F 27 01 80 9F 2A 02 00 00 9F 33 03 A0 68 08 9F 34 03 3F 00 00 9F 35 01 25 9F 36 02 00 4E 9F 37 04 0F 8B 19 C3 9F 39 01 07 9F 40 05 F0 00 00 00 00 9F 41 04 00 00 00 11 9F 53 08 20 10 40 00 00 00 B8 00 9F 66 04 37 2C C0 00 9F 71 02 10 49 DF EE 4C 01 0D FF EE 01 05 DF EE 30 01 00 DF EC 1C 1E 08 03 00 04 FF 00 1B 00 00 00 00 FF 00 00 00 00 00 00 00 00 00 00 00 00 00 00 00 00 FF 00 DF EE 26 02 21 00 77 30 00 00 00 00 00 00 00 00 00 00 00 00 00 00 00 00 00 00 00 00 00 00 00 00 00 00 00 00 00 00 00  

 --- ACT (02-40)

2026/5/13 16:47:01.918 [TX] - 56 69 56 4F 74 65 63 68 32 00 02 40 00 0F 0A 9F 02 06 00 00 00 00 02 00 DF EF 37 01 02 07 43 
2026/5/13 16:47:02.436 [RX] - 56 69 56 4F 74 65 63 68 32 00 61 01 00 10 03 00 00 02 00 45 4E 03 00 82 54 1C 02 00 00 20 BE 7D 00 00 00 00 00 00 00 00 00 00 00 00 00 00 00 00 00 00 00 00 00 00 00 00 00 00 00 00 00 00 00 56 69 56 4F 74 65 63 68 32 00 61 01 00 19 04 00 00 02 00 45 4E 0C 00 84 01 1C 04 24 1C 04 32 2E 30 30 1C 02 00 F4 21 18 E1 00 00 00 00 00 00 00 00 00 00 00 00 00 00 00 00 00 00 00 00 00 00 56 69 56 4F 74 65 63 68 32 00 61 01 00 10 03 00 00 02 00 45 4E 03 00 82 1A 1C 02 00 F4 21 29 58 00 00 00 00 00 00 00 00 00 00 00 00 00 00 00 00 00 00 00 00 00 00 00 00 00 00 00 00 00 00 00 56 69 56 4F 74 65 63 68 32 00 61 01 00 10 03 00 00 02 00 45 4E 03 00 82 68 1C 02 00 F4 21 F5 96 00 00 00 00 00 00 00 00 00 00 00 00 00 00 00 00 00 00 00 00 00 00 00 00 00 00 00 00 00 00 00 56 69 56 4F 74 65 63 68 32 00 61 01 00 10 03 00 00 02 00 45 4E 03 00 82 15 1C 02 00 F4 21 2A 9D 00 00 00 00 00 00 00 00 00 00 00 00 00 00 00 00 00 00 00 00 00 00 00 00 00 00 00 00 00 00 00 56 69 56 4F 74 65 63 68 32 00 02 23 01 B9 21 DF EE 26 02 21 00 DF EF 4C 06 00 00 00 00 00 00 DF EF 4D 00 DF 81 29 08 30 F0 F0 F0 A0 F0 FF 00 DF 81 16 16 1B FF 00 00 00 00 00 00 00 00 00 00 00 00 00 00 00 00 00 00 00 00 FF 81 05 82 01 29 4F 07 A0 00 00 01 52 30 10 50 08 44 49 53 43 4F 56 45 52 57 13 65 04 84 02 40 43 18 55 D2 41 12 91 00 10 19 21 00 00 0F 5A 08 65 04 84 02 40 43 18 55 5F 25 03 16 01 01 5F 28 02 08 40 5F 2A 02 08 40 5F 2D 06 65 6E 65 73 66 72 5F 34 01 01 82 02 18 00 84 0C A0 00 00 01 52 30 10 01 00 00 00 01 95 05 80 40 00 00 00 96 01 06 9A 03 26 05 13 9B 02 08 00 9C 01 00 9F 02 06 00 00 00 00 02 00 9F 03 06 00 00 00 00 00 00 9F 06 0C A0 00 00 01 52 30 10 01 00 00 00 01 9F 07 02 FF C0 9F 09 02 00 01 9F 10 0A 01 15 20 10 40 00 00 00 B8 00 9F 15 02 00 00 9F 1A 02 08 40 9F 1E 08 37 54 35 31 33 33 36 39 9F 21 03 08 47 11 9F 26 08 FB 71 BE CA 70 AB 0B 12 9F 27 01 80 9F 2A 02 00 00 9F 33 03 A0 68 08 9F 34 03 3F 00 00 9F 35 01 25 9F 36 02 00 4F 9F 37 04 FE D9 58 51 9F 39 01 07 9F 40 05 F0 00 00 00 00 9F 41 04 00 00 00 12 9F 53 08 20 10 40 00 00 00 B8 00 9F 66 04 37 2C C0 00 9F 71 02 10 49 DF EE 4C 01 0D FF EE 01 05 DF EE 30 01 00 DF EC 1C 1E 08 03 00 04 FF 00 1B 00 00 00 00 FF 00 00 00 00 00 00 00 00 00 00 00 00 00 00 00 00 FF 00 DF EC 11 20 5F 72 D5 AE 51 96 5D 4B 48 61 0E DD D8 B4 31 F8 12 01 E9 03 4D 00 86 9B 6A 98 62 03 FC EA CD 6E 92 49 00 00 00 00 00 00 00 00 00 00 00 00 00 00 00 00 00 00 00 00 00 00 00 00 00 00 00 00 00 00 00 00 00 00 00 00 00 00 00 00 00 00 00 00 00 00 00  

 ---------- END OF TEST ----------

 Result = PASSED


Docklight Log File (HEX) - Stopped 2026/5/13 16:47:03.817 

