Docklight Log File (HEX) - Started 2025/12/15 11:13:44.644 
 TEST CASE: GTR006

 --- Set POS COM PORT Settings
 Set POS COM PORT...
 POS operating on COM90 @ 9600 baud...
 Set POS COM PORT - COMPLETE

 --- Burst mode OFF *** NEO1

2025/12/15 11:13:46.071 [TX] - 56 69 56 4F 74 65 63 68 32 00 04 00 00 04 FF F7 01 00 B9 2E 
2025/12/15 11:13:46.087 [RX] - 56 69 56 4F 74 65 63 68 32 00 04 00 00 00 AE 16 00 00 00 00 00 00 00 00 00 00 00 00 00 00 00 00 00 00 00 00 00 00 00 00 00 00 00 00 00 00 00 00 00 00 00 00 00 00 00 00 00 00 00 00 00 00 00  

 --- Auto poll

2025/12/15 11:13:46.097 [TX] - 56 69 56 4F 74 65 63 68 32 00 01 01 00 01 00 F6 24 
2025/12/15 11:13:46.104 [RX] - 56 69 56 4F 74 65 63 68 32 00 01 00 00 00 12 53 00 00 00 00 00 00 00 00 00 00 00 00 00 00 00 00 00 00 00 00 00 00 00 00 00 00 00 00 00 00 00 00 00 00 00 00 00 00 00 00 00 00 00 00 00 00 00  

 --- set grp param for Mchip3 (FFFC=2)

2025/12/15 11:13:46.131 [TX] - 56 69 56 4F 74 65 63 68 32 00 04 03 00 56 FF E4 01 01 FF FC 01 02 DF 81 1E 01 10 DF 81 2C 01 00 9F 7E 00 DF 81 24 06 00 00 00 03 00 00 DF 81 25 06 00 00 00 05 00 00 FF F5 06 00 00 00 00 10 00 9F 1A 02 00 56 9F 1C 00 9A 03 FF FF FF 5F 2A 02 09 78 5F 36 01 02 9F 21 03 FF FF FF FF F8 01 03 FF FB 01 00 9C B0 
2025/12/15 11:13:46.152 [RX] - 56 69 56 4F 74 65 63 68 32 00 04 00 00 00 AE 16 00 00 00 00 00 00 00 00 00 00 00 00 00 00 00 00 00 00 00 00 00 00 00 00 00 00 00 00 00 00 00 00 00 00 00 00 00 00 00 00 00 00 00 00 00 00 00  

 --- Set MC AIDs

2025/12/15 11:13:46.180 [TX] - 56 69 56 4F 74 65 63 68 32 00 04 02 00 24 FF E4 01 01 9F 06 07 A0 00 00 00 04 10 10 FF E1 01 01 FF E5 01 10 FF E9 03 02 00 01 FF EA 01 02 FF E3 01 40 03 70 
2025/12/15 11:13:46.188 [RX] - 56 69 56 4F 74 65 63 68 32 00 04 00 00 00 AE 16 00 00 00 00 00 00 00 00 00 00 00 00 00 00 00 00 00 00 00 00 00 00 00 00 00 00 00 00 00 00 00 00 00 00 00 00 00 00 00 00 00 00 00 00 00 00 00  

 --- 03-00 Get transaction

2025/12/15 11:13:52.854 [TX] - 56 69 56 4F 74 65 63 68 32 00 03 00 00 00 3B FF 
2025/12/15 11:13:52.860 [RX] - 56 69 56 4F 74 65 63 68 32 00 03 23 01 58 00 00 00 4F 07 A0 00 00 00 04 10 10 5F 20 0C 45 54 45 43 2F 50 41 59 50 41 53 53 5F 25 03 04 01 01 5F 28 02 00 56 9F 06 07 A0 00 00 00 04 10 10 9F 07 02 FF 00 9F 0D 05 00 00 00 00 00 9F 0E 05 00 00 00 00 00 9F 0F 05 00 00 00 00 00 9F 21 03 12 03 09 9F 37 04 A6 19 5E 15 9F 39 01 07 9F 41 04 00 00 00 21 9F 6D 02 00 01 DF 76 05 80 00 80 80 00 DF 81 29 08 30 F0 F0 00 30 F0 FF 00 FF 81 06 0F 9F 42 02 09 78 DF 81 15 06 00 00 00 00 00 FF FF 81 05 81 AA 9F 02 06 00 00 00 00 00 01 9F 26 08 91 DA A1 89 E3 D3 93 E9 5F 24 03 14 12 31 82 02 59 80 50 0F 50 50 43 20 4D 43 44 20 30 31 20 20 76 32 30 5A 08 54 13 33 00 89 60 00 10 5F 34 01 01 9F 36 02 64 EE 9F 08 02 00 02 9F 09 02 00 02 9F 27 01 80 9F 34 03 3F 00 01 84 07 A0 00 00 00 04 10 10 9F 10 12 01 10 A0 00 09 22 00 00 00 00 00 00 00 00 00 00 00 FF 9F 33 03 00 00 00 9F 1A 02 00 56 9F 35 01 00 95 05 80 00 80 80 00 57 11 54 13 33 00 89 60 00 10 D1 41 22 01 01 23 40 91 72 5F 2A 02 09 78 9A 03 14 08 10 9C 01 00 FF EE 01 04 DF 30 01 00 9F 1E 08 32 54 31 33 35 34 34 39 DF EE 26 01 01 80 A2 00 00 00 00 00 00 00 00 00 00 00 00 00 00 00 00 00 00  

 ---------- END OF TEST ----------

 Result = PASSED


Docklight Log File (HEX) - Stopped 2025/12/15 11:13:57.003 

