Docklight Log File (HEX) - Started 2017/3/21 16:40:46.199 
 TEST CASE: CR009

 --- Set POS COM PORT Settings
 Set POS COM PORT...
 POS operating on COM90 @ 9600 baud...
 Set POS COM PORT - COMPLETE

 --- 60-02 Contact Remove Application Data (**ALL**)

2017/3/21 16:40:47.454 [TX] - 56 69 56 4F 74 65 63 68 32 00 60 02 00 00 55 53 
2017/3/21 16:40:48.048 [RX] - 56 69 56 4F 74 65 63 68 32 00 60 00 00 00 3D 35  PASS 00 00 00 00 00 00 00 00 00 00 00 00 00 00 00 00 00 00 00 00 00 00 00 00 00 00 00 00 00 00 00 00 00 00 00 00 00 00 00 00 00 00 00 00 00 00 00  

 --- 60-02 length error

2017/3/21 16:40:48.054 [TX] - 56 69 56 4F 74 65 63 68 32 00 60 02 00 06 A0 00 00 00 03 10 10 56 0C 
2017/3/21 16:40:48.060 [RX] - 56 69 56 4F 74 65 63 68 32 00 60 04 00 00 E1 F5 00 00 00 00 00 00 00 00 00 00 00 00 00 00 00 00 00 00 00 00 00 00 00 00 00 00 00 00 00 00 00 00 00 00 00 00 00 00 00 00 00 00 00 00 00 00 00  

 --- 60-02 data error

2017/3/21 16:40:48.066 [TX] - 56 69 56 4F 74 65 63 68 32 00 60 02 00 04 A0 00 00 00 A9 38 
2017/3/21 16:40:48.072 [RX] - 56 69 56 4F 74 65 63 68 32 00 60 05 00 00 D6 C5 00 00 00 00 00 00 00 00 00 00 00 00 00 00 00 00 00 00 00 00 00 00 00 00 00 00 00 00 00 00 00 00 00 00 00 00 00 00 00 00 00 00 00 00 00 00 00  

 --- 60-02 crc error

2017/3/21 16:40:48.079 [TX] - 56 69 56 4F 74 65 63 68 32 00 60 02 00 07 A0 00 00 00 03 10 10 00 00 
2017/3/21 16:40:48.084 [RX] - 56 69 56 4F 74 65 63 68 32 00 60 04 00 00 E1 F5 00 00 00 00 00 00 00 00 00 00 00 00 00 00 00 00 00 00 00 00 00 00 00 00 00 00 00 00 00 00 00 00 00 00 00 00 00 00 00 00 00 00 00 00 00 00 00  

 --- 60-02 Contact Remove Application Data (VISA)

2017/3/21 16:40:48.092 [TX] - 56 69 56 4F 74 65 63 68 32 00 60 02 00 07 A0 00 00 00 03 10 10 85 4B 
2017/3/21 16:40:48.099 [RX] - 56 69 56 4F 74 65 63 68 32 00 60 60 00 00 A6 5E 00 00 00 00 00 00 00 00 00 00 00 00 00 00 00 00 00 00 00 00 00 00 00 00 00 00 00 00 00 00 00 00 00 00 00 00 00 00 00 00 00 00 00 00 00 00 00  

 Result = PASSED
 ---------- END OF TEST ----------

 Result = PASSED
 

 MASTER RESULT = PASSED


Docklight Log File (HEX) - Stopped 2017/3/21 16:40:49.190 

