Docklight Log File (HEX) - Started 2015/6/17 10:08:26.402 
 TEST CASE: SAT003-5

 --- Set POS COM PORT Settings
 Set POS COM PORT...
 POS operating on COM1 @ 9600 baud...
 Set POS COM PORT - COMPLETE

 Loading DUKPT key...

2015/6/17 10:08:27.705 [TX] - 56 69 56 4F 74 65 63 68 32 00 83 00 00 00 03 22 
2015/6/17 10:08:27.748 [RX] - 56 69 56 4F 74 65 63 68 32 00 83 00 00 00 22 03 
2015/6/17 10:08:28.272 [TX] - 56 69 56 4F 74 65 63 68 32 00 80 00 00 65 30 43 46 35 35 34 43 32 46 30 45 45 41 41 30 30 38 38 4B 30 54 44 30 30 4E 30 30 30 30 30 30 38 30 32 41 38 34 46 44 44 36 33 39 31 35 44 43 41 45 42 46 38 37 37 35 34 33 32 32 44 32 36 37 42 41 33 34 34 31 38 33 41 42 39 41 32 35 36 37 39 30 32 33 34 39 38 37 31 32 30 32 33 34 30 30 30 30 30 30 30 30 C2 98 
2015/6/17 10:08:28.428 [RX] - 56 69 56 4F 74 65 63 68 32 00 80 00 00 00 B9 DF 
2015/6/17 10:08:28.953 [TX] - 56 69 56 4F 74 65 63 68 32 00 80 00 00 65 31 35 43 44 42 38 31 32 46 30 45 45 41 41 30 30 38 38 4B 30 54 44 30 30 4E 30 30 30 30 30 30 38 30 39 32 36 39 41 34 33 36 39 42 36 43 37 45 33 42 35 36 37 32 39 38 33 41 36 36 32 46 36 31 30 33 32 35 37 32 39 32 33 36 33 37 38 33 30 33 33 36 32 33 41 39 39 37 31 32 36 32 33 34 30 30 30 30 30 30 30 30 AA E9 
2015/6/17 10:08:29.107 [RX] - 56 69 56 4F 74 65 63 68 32 00 80 00 00 00 B9 DF 
2015/6/17 10:08:29.672 [TX] - 56 69 56 4F 74 65 63 68 32 00 80 01 00 58 41 30 30 38 38 4B 30 54 44 30 30 4E 30 30 30 30 42 39 34 38 46 37 42 33 34 43 41 44 37 32 36 42 41 37 37 43 39 43 34 41 38 30 37 37 39 42 42 38 36 42 42 43 33 37 34 30 31 31 42 42 45 33 39 45 30 36 46 34 46 36 41 37 44 44 36 46 37 32 30 45 37 31 33 44 45 39 34 41 A0 6B 
2015/6/17 10:08:29.797 [RX] - 56 69 56 4F 74 65 63 68 32 00 80 00 00 00 B9 DF 
2015/6/17 10:08:30.323 [TX] - 56 69 56 4F 74 65 63 68 32 00 81 00 00 71 05 41 30 31 31 32 44 30 54 45 30 30 4E 30 31 30 30 4B 53 31 38 46 46 46 46 39 38 37 36 35 34 33 32 31 30 45 30 30 30 30 30 37 43 45 37 34 45 39 30 30 35 33 43 41 38 45 45 42 43 33 37 42 35 37 30 36 38 31 45 35 42 32 37 36 31 34 38 43 33 45 37 34 34 41 42 43 44 36 44 34 43 35 33 36 43 37 46 34 46 36 37 44 37 46 32 32 44 33 39 34 45 44 42 A8 31 
2015/6/17 10:08:30.499 [RX] - 56 69 56 4F 74 65 63 68 32 00 81 00 00 00 CF 6B 
2015/6/17 10:08:31.033 [TX] - 56 69 56 4F 74 65 63 68 32 00 81 09 00 01 05 40 D3 
2015/6/17 10:08:31.075 [RX] - 56 69 56 4F 74 65 63 68 32 00 81 00 00 00 CF 6B  
OK!
 

 Loading Master key...

2015/6/17 10:08:31.613 [TX] - 56 69 56 4F 74 65 63 68 32 00 80 03 00 59 05 41 30 30 38 38 4B 30 54 44 30 30 4E 30 30 30 30 38 45 33 43 43 38 36 45 38 39 33 35 37 34 43 30 44 31 38 36 30 44 34 36 43 39 39 35 35 45 43 33 31 37 43 30 33 32 30 46 35 32 42 38 30 46 37 35 38 35 46 32 37 45 37 31 46 36 41 36 33 44 42 39 43 45 44 46 31 37 30 32 A3 22 
2015/6/17 10:08:31.758 [RX] - 56 69 56 4F 74 65 63 68 32 00 80 00 00 00 B9 DF 
2015/6/17 10:08:32.283 [TX] - 56 69 56 4F 74 65 63 68 32 00 80 09 00 01 05 11 79 
2015/6/17 10:08:32.325 [RX] - 56 69 56 4F 74 65 63 68 32 00 80 00 00 00 B9 DF  
OK!
 

 --- GR Backward Compatibility: OFF

2015/6/17 10:08:32.868 [TX] - 56 69 56 4F 74 65 63 68 32 00 04 00 00 04 DF 59 01 00 6A BF 
2015/6/17 10:08:33.146 [RX] - 56 69 56 4F 74 65 63 68 32 00 04 00 00 00 AE 16  

 --- Poll on Demand

2015/6/17 10:08:33.688 [TX] - 56 69 56 4F 74 65 63 68 32 00 01 01 00 01 01 D7 34 
2015/6/17 10:08:33.724 [RX] - 56 69 56 4F 74 65 63 68 32 00 01 02 00 00 7C 33  

 --- Clear Event Queue

2015/6/17 10:08:39.132 [TX] - 56 69 56 4F 74 65 63 68 32 00 83 0C 00 00 62 57 
2015/6/17 10:08:39.168 [RX] - 56 69 56 4F 74 65 63 68 32 00 83 00 00 00 22 03  

 --- 02-0A DUKPT/ contact/ Non-Event

2015/6/17 10:08:39.214 [TX] - 56 69 56 4F 74 65 63 68 32 00 02 0A 00 27 00 0A 42 00 00 00 9F 02 06 00 00 00 00 00 01 5F 2A 02 08 40 9A 03 12 01 02 9F 1A 02 08 40 9C 01 00 9F 21 03 11 22 33 91 C9 
2015/6/17 10:08:44.626 [RX] - 56 69 56 4F 74 65 63 68 32 00 02 30 01 0A 00 82 02 39 00 9F 36 02 00 A3 9F 07 02 29 00 9F 26 08 C0 20 38 0B 9B 8D A4 06 9F 27 01 80 8E 12 00 00 00 00 00 00 00 00 42 03 44 03 41 03 1E 03 1F 03 9F 34 03 1F 03 02 9F 1E 08 30 30 30 30 30 30 30 30 9F 0D 05 BC 50 BC 08 00 9F 0E 05 00 00 00 00 00 9F 0F 05 BC 70 BC 98 00 9F 10 12 01 10 A0 00 05 22 00 00 00 00 00 00 00 00 00 00 00 FF 9F 33 03 60 08 C8 9F 35 01 25 95 05 04 A0 10 00 00 9F 37 04 E2 81 D3 EA 9F 01 00 9F 02 06 00 00 00 00 00 01 9F 03 06 00 00 00 00 00 00 5F 25 03 15 03 01 5F 24 03 18 03 31 5A 08 51 28 57 01 00 03 81 71 5F 34 01 00 5F 28 02 08 40 9F 15 00 9F 16 00 9F 1A 02 08 40 9F 1C 08 30 30 30 30 30 31 32 33 57 10 51 28 57 01 00 03 81 71 D1 80 36 22 00 00 76 0F 5F 2A 02 08 40 9A 03 12 01 02 9F 21 03 11 22 33 9C 01 00 9F 06 07 A0 00 00 00 04 10 10 9F 09 02 00 8C 9F 39 01 05 30 A4  

 --- 02-06 Continue Transaction

2015/6/17 10:08:45.043 [TX] - 56 69 56 4F 74 65 63 68 32 00 02 06 00 01 01 28 8B 
2015/6/17 10:08:45.273 [RX] - 56 69 56 4F 74 65 63 68 32 00 02 34 01 3D 82 02 39 00 9F 36 02 00 A3 9F 07 02 29 00 9F 26 08 21 2C 4E 2F 07 3B E0 FC 9F 27 01 00 8E 12 00 00 00 00 00 00 00 00 42 03 44 03 41 03 1E 03 1F 03 9F 34 03 1F 03 02 9F 1E 08 30 30 30 30 30 30 30 30 9F 0D 05 BC 50 BC 08 00 9F 0E 05 00 00 00 00 00 9F 0F 05 BC 70 BC 98 00 9F 10 12 01 10 20 00 05 62 00 00 00 00 00 00 00 00 00 00 00 FF 9F 33 03 60 08 C8 9F 35 01 25 95 05 04 A0 10 00 00 9F 37 04 E2 81 D3 EA 9F 01 00 9F 02 06 00 00 00 00 00 01 9F 03 06 00 00 00 00 00 00 5F 25 03 15 03 01 5F 24 03 18 03 31 5A 08 51 28 57 01 00 03 81 71 5F 34 01 00 8A 02 5A 33 5F 28 02 08 40 9F 15 00 9F 16 00 9F 1A 02 08 40 9F 1C 08 30 30 30 30 30 31 32 33 57 10 51 28 57 01 00 03 81 71 D1 80 36 22 00 00 76 0F 5F 2A 02 08 40 9A 03 12 01 02 9F 21 03 11 22 33 9C 01 00 9B 02 E8 00 9F 06 07 A0 00 00 00 04 10 10 9F 12 10 44 65 62 69 74 20 4D 61 73 74 65 72 43 61 72 64 50 10 44 65 62 69 74 20 4D 61 73 74 65 72 43 61 72 64 9F 09 02 00 8C 9F 39 01 05 FF EE 01 03 DF 21 00 98 4F  

 --- Clear Event Queue

2015/6/17 10:08:48.986 [TX] - 56 69 56 4F 74 65 63 68 32 00 83 0C 00 00 62 57 
2015/6/17 10:08:49.017 [RX] - 56 69 56 4F 74 65 63 68 32 00 83 00 00 00 22 03  

 --- 02-0A MS key/ contact/ Non-Event

2015/6/17 10:08:49.089 [TX] - 56 69 56 4F 74 65 63 68 32 00 02 0A 00 27 00 0A 02 00 00 00 9F 02 06 00 00 00 00 00 01 5F 2A 02 08 40 9A 03 12 01 02 9F 1A 02 08 40 9C 01 00 9F 21 03 11 22 33 AF 3C 
2015/6/17 10:08:53.639 [RX] - 56 69 56 4F 74 65 63 68 32 00 02 30 01 0A 00 82 02 39 00 9F 36 02 00 A4 9F 07 02 29 00 9F 26 08 0B 20 99 CD CE 9C 0D 80 9F 27 01 80 8E 12 00 00 00 00 00 00 00 00 42 03 44 03 41 03 1E 03 1F 03 9F 34 03 1F 03 02 9F 1E 08 30 30 30 30 30 30 30 30 9F 0D 05 BC 50 BC 08 00 9F 0E 05 00 00 00 00 00 9F 0F 05 BC 70 BC 98 00 9F 10 12 01 10 A0 00 05 22 00 00 00 00 00 00 00 00 00 00 00 FF 9F 33 03 60 08 C8 9F 35 01 25 95 05 04 A0 10 00 00 9F 37 04 38 D1 D2 86 9F 01 00 9F 02 06 00 00 00 00 00 01 9F 03 06 00 00 00 00 00 00 5F 25 03 15 03 01 5F 24 03 18 03 31 5A 08 51 28 57 01 00 03 81 71 5F 34 01 00 5F 28 02 08 40 9F 15 00 9F 16 00 9F 1A 02 08 40 9F 1C 08 30 30 30 30 30 31 32 33 57 10 51 28 57 01 00 03 81 71 D1 80 36 22 00 00 76 0F 5F 2A 02 08 40 9A 03 12 01 02 9F 21 03 11 22 33 9C 01 00 9F 06 07 A0 00 00 00 04 10 10 9F 09 02 00 8C 9F 39 01 05 D1 DC  

 --- 02-06 Continue Transaction

2015/6/17 10:08:55.031 [TX] - 56 69 56 4F 74 65 63 68 32 00 02 06 00 01 01 28 8B 
2015/6/17 10:08:55.267 [RX] - 56 69 56 4F 74 65 63 68 32 00 02 34 01 3D 82 02 39 00 9F 36 02 00 A4 9F 07 02 29 00 9F 26 08 40 FE 84 23 F3 DF 26 A4 9F 27 01 00 8E 12 00 00 00 00 00 00 00 00 42 03 44 03 41 03 1E 03 1F 03 9F 34 03 1F 03 02 9F 1E 08 30 30 30 30 30 30 30 30 9F 0D 05 BC 50 BC 08 00 9F 0E 05 00 00 00 00 00 9F 0F 05 BC 70 BC 98 00 9F 10 12 01 10 20 00 05 62 00 00 00 00 00 00 00 00 00 00 00 FF 9F 33 03 60 08 C8 9F 35 01 25 95 05 04 A0 10 00 00 9F 37 04 38 D1 D2 86 9F 01 00 9F 02 06 00 00 00 00 00 01 9F 03 06 00 00 00 00 00 00 5F 25 03 15 03 01 5F 24 03 18 03 31 5A 08 51 28 57 01 00 03 81 71 5F 34 01 00 8A 02 5A 33 5F 28 02 08 40 9F 15 00 9F 16 00 9F 1A 02 08 40 9F 1C 08 30 30 30 30 30 31 32 33 57 10 51 28 57 01 00 03 81 71 D1 80 36 22 00 00 76 0F 5F 2A 02 08 40 9A 03 12 01 02 9F 21 03 11 22 33 9C 01 00 9B 02 E8 00 9F 06 07 A0 00 00 00 04 10 10 9F 12 10 44 65 62 69 74 20 4D 61 73 74 65 72 43 61 72 64 50 10 44 65 62 69 74 20 4D 61 73 74 65 72 43 61 72 64 9F 09 02 00 8C 9F 39 01 05 FF EE 01 03 DF 21 00 42 6A  
---------- END OF TEST ----------

 Result = PASSED
 

 MASTER RESULT = PASSED


Docklight Log File (HEX) - Stopped 2015/6/17 10:08:58.916 

