Docklight Log File (HEX) - Started 2016-07-13 14:14:05.902 
 TEST CASE: applepay1

 --- Set POS COM PORT Settings
 Set POS COM PORT...
 POS operating on COM111 @ 19200 baud...
 Set POS COM PORT - COMPLETE

 --- Act-Test7 Apple VAS Only, Beep + SmartTap PrePPSE read, NoPay, LOYALTY

2016-07-13 14:14:10.886 [TX] - 56 69 56 4F 74 65 63 68 32 00 02 01 00 5D 0A 9F 02 06 00 00 00 00 15 00 FF EE 06 18 9F 22 02 01 00 9F 26 04 00 00 00 02 9F 2B 05 01 00 00 00 00 DF 01 01 03 FF EE 01 33 DF 50 04 17 02 01 00 DF 47 29 DF 31 04 99 99 99 99 DF 32 04 88 77 66 55 DF 41 05 70 02 00 00 01 DF 11 07 20 11 09 28 12 00 30 DF 12 02 01 00 DF 33 01 80 F6 A8 
2016-07-13 14:14:13.295 [RX] - 56 69 56 4F 74 65 63 68 32 00 02 00 00 6D 00 00 00 FF EE 06 82 00 12 9A 03 11 01 01 9F 21 03 00 47 25 DF 02 04 20 6A 82 02 FF EE 02 3D DF 49 3A 00 00 00 00 90 00 DF 21 09 00 11 22 33 44 55 66 77 88 DF 41 07 58 68 50 05 86 85 00 DF 43 06 01 70 02 00 00 01 DF 41 09 51 02 03 04 05 06 07 08 09 DF 43 06 01 70 02 00 00 02 9F 39 01 07 FF EE 01 04 DF 30 01 00 DF EE 26 01 01 57 26 00  
v2StsCode = 00

 --- Act-Test8 Apple VAS Only + SmartTap PrePPSE read, Pay, OFFERS

2016-07-13 14:14:14.582 [TX] - 56 69 56 4F 74 65 63 68 32 00 02 01 00 5D 0A 9F 02 06 00 00 00 00 15 00 FF EE 06 18 9F 22 02 01 00 9F 26 04 00 00 00 02 9F 2B 05 01 00 00 00 00 DF 01 01 03 FF EE 01 33 DF 50 04 17 02 01 00 DF 47 29 DF 31 04 99 99 99 99 DF 32 04 88 77 66 55 DF 54 05 12 63 19 70 11 DF 11 07 20 11 09 28 12 00 30 DF 12 02 01 00 DF 33 01 20 5F 23 
2016-07-13 14:14:16.935 [RX] - 56 69 56 4F 74 65 63 68 32 00 02 00 00 69 00 00 00 FF EE 06 82 00 12 9A 03 11 01 01 9F 21 03 00 47 29 DF 02 04 20 6A 82 02 FF EE 02 39 DF 49 36 00 00 00 00 90 00 DF 21 09 00 11 22 33 44 55 66 77 88 DF 51 07 11 22 33 44 55 66 01 DF 53 05 01 90 30 51 24 DF 51 07 11 22 33 44 55 66 02 DF 53 05 01 90 30 51 25 9F 39 01 07 FF EE 01 04 DF 30 01 00 DF EE 26 01 01 53 6B 00 00 00 00 00  
v2StsCode = 00

 --- Act-Test9 Apple VAS or Pay + SmartTap PrePPSE read, NoPay, LOYALTY & OFFERS

2016-07-13 14:14:22.343 [TX] - 56 69 56 4F 74 65 63 68 32 00 02 01 00 85 0A 9F 02 06 00 00 00 00 15 00 FF EE 06 18 9F 22 02 01 00 9F 26 04 00 00 00 00 9F 2B 05 01 00 00 00 00 DF 01 01 01 FF EE 01 5B DF 50 04 17 02 01 00 DF 47 51 DF 31 08 99 99 99 99 88 88 88 88 DF 32 20 30 31 32 33 34 35 36 37 38 39 41 42 43 44 45 46 46 45 44 43 42 41 39 38 37 36 35 34 33 32 31 30 DF 41 05 70 02 00 00 01 DF 54 05 12 63 19 70 11 DF 11 07 20 11 09 28 12 00 30 DF 12 02 01 20 DF 33 01 A0 2B 3A 
2016-07-13 14:14:24.285 [RX] - 56 69 56 4F 74 65 63 68 32 00 02 00 00 86 00 00 00 FF EE 06 82 00 07 DF 02 04 82 6A 82 02 FF EE 02 61 DF 49 5E 00 00 00 00 90 00 DF 21 09 00 11 22 33 44 55 66 77 88 DF 51 07 11 22 33 44 55 66 01 DF 53 05 01 90 30 51 24 DF 41 07 58 68 50 05 86 85 00 DF 43 06 01 70 02 00 00 01 DF 41 09 51 02 03 04 05 06 07 08 09 DF 43 06 01 70 02 00 00 02 DF 51 07 11 22 33 44 55 66 02 DF 53 05 01 90 30 51 25 9F 39 01 07 FF EE 01 04 DF 30 01 00 DF EE 26 01 01 17 FB 00 00 00 00 00 00 00 00 00 00 00 00 00 00 00 00 00 00 00 00 00 00 00 00 00 00 00 00 00 00 00 00 00 00 00 00 00 00 00  
v2StsCode = 00

 --- Act-Test10 Apple VAS & Pay + SmartTap PostPPSE read, Pay, LOYALTY & OFFERS

2016-07-13 14:14:25.953 [TX] - 56 69 56 4F 74 65 63 68 32 00 02 01 00 85 0A 9F 02 06 00 00 00 00 15 00 FF EE 06 18 9F 22 02 01 00 9F 26 04 00 00 00 01 9F 2B 05 01 00 00 00 00 DF 01 01 01 FF EE 01 5B DF 50 04 17 05 00 01 DF 47 51 DF 31 08 99 99 99 99 88 88 88 88 DF 32 20 30 31 32 33 34 35 36 37 38 39 41 42 43 44 45 46 46 45 44 43 42 41 39 38 37 36 35 34 33 32 31 30 DF 41 05 70 02 00 00 01 DF 54 05 12 63 19 70 11 DF 11 07 20 11 09 28 12 00 30 DF 12 02 01 20 DF 33 01 A8 69 5D 
2016-07-13 14:14:28.313 [RX] - 56 69 56 4F 74 65 63 68 32 00 02 23 01 D9 00 00 00 82 02 00 00 95 05 00 00 00 00 00 9A 03 11 01 01 9C 01 00 5F 2A 02 08 40 9F 02 06 00 00 00 00 15 00 9F 03 06 00 00 00 00 00 00 9F 06 07 A0 00 00 00 04 10 10 9F 09 02 00 02 9F 1A 02 08 40 9F 1E 08 30 30 30 30 30 30 30 30 9F 21 03 00 47 41 9F 33 03 00 00 E8 9F 34 03 00 00 00 9F 35 01 22 9F 36 02 00 00 9F 37 04 FD B0 A1 F2 9F 39 01 91 9F 53 01 01 DF 81 29 08 30 F0 F0 00 30 F0 FF 00 FF 81 06 31 DF 81 2A 18 33 33 30 30 30 33 33 33 30 30 30 32 32 32 32 32 30 30 30 31 31 31 31 30 DF 81 2B 07 90 00 99 00 00 00 0F DF 81 15 06 00 00 00 00 00 FF FF 81 05 74 50 0A 4D 61 73 74 65 72 43 61 72 64 84 07 A0 00 00 00 04 10 10 9F 11 01 01 9F 6D 02 00 01 56 3E 42 35 34 31 33 31 32 33 34 35 36 37 38 34 38 30 30 5E 53 55 50 50 4C 49 45 44 2F 4E 4F 54 5E 30 39 30 36 31 30 31 33 33 34 34 37 33 33 33 30 30 30 32 32 32 32 32 37 32 37 31 31 31 31 38 9F 6B 13 54 13 12 34 56 78 48 00 D0 90 61 01 90 00 99 72 70 45 8F FF EE 01 2F DF 30 01 00 DF 31 18 33 33 30 30 30 33 33 33 30 30 30 32 32 32 32 32 30 30 30 31 31 31 31 30 DF 32 0D 39 30 30 30 39 39 30 30 30 30 30 30 30 FF EE 06 82 00 07 DF 02 04 82 6A 82 02 FF EE 03 61 DF 49 5E 00 00 00 00 90 00 DF 21 09 00 11 22 33 44 55 66 77 88 DF 51 07 11 22 33 44 55 66 01 DF 53 05 01 90 30 51 24 DF 41 07 58 68 50 05 86 85 00 DF 43 06 01 70 02 00 00 01 DF 41 09 51 02 03 04 05 06 07 08 09 DF 43 06 01 70 02 00 00 02 DF 51 07 11 22 33 44 55 66 02 DF 53 05 01 90 30 51 25 DF EE 26 01 01 1B 1D 00 00 00 00 00 00 00 00 00 00 00 00 00 00 00  
v2StsCode = 23

 --- ACT 11- VAS Only URL Protocol + SmartTap PrePPSE read, Pay, LOYALTY & OFFERS

2016-07-13 14:14:31.413 [TX] - 56 69 56 4F 74 65 63 68 32 00 02 01 00 85 0A 9F 02 06 00 00 00 00 00 01 FF EE 06 18 9F 22 02 01 00 9F 26 04 00 00 00 02 9F 2B 05 01 00 00 00 00 DF 01 01 00 FF EE 01 5B DF 50 04 17 03 01 00 DF 47 51 DF 31 08 99 99 99 99 88 88 88 88 DF 32 20 30 31 32 33 34 35 36 37 38 39 41 42 43 44 45 46 46 45 44 43 42 41 39 38 37 36 35 34 33 32 31 30 DF 41 05 70 02 00 00 01 DF 54 05 12 63 19 70 11 DF 11 07 20 11 09 28 12 00 30 DF 12 02 01 20 DF 33 01 A8 D6 02 
2016-07-13 14:14:33.833 [RX] - 56 69 56 4F 74 65 63 68 32 00 02 23 01 E4 00 00 00 82 02 00 00 95 05 00 00 00 00 00 9A 03 11 01 01 9C 01 00 5F 2A 02 08 40 9F 02 06 00 00 00 00 00 01 9F 03 06 00 00 00 00 00 00 9F 06 07 A0 00 00 00 04 10 10 9F 09 02 00 02 9F 1A 02 08 40 9F 1E 08 30 30 30 30 30 30 30 30 9F 21 03 00 47 46 9F 33 03 00 00 E8 9F 34 03 00 00 00 9F 35 01 22 9F 36 02 00 00 9F 37 04 FD 33 F0 9A 9F 39 01 91 9F 53 01 01 DF 81 29 08 30 F0 F0 00 30 F0 FF 00 FF 81 06 31 DF 81 2A 18 33 33 30 30 30 33 33 33 30 30 30 32 32 32 32 32 30 30 30 31 31 31 31 30 DF 81 2B 07 90 00 99 00 00 00 0F DF 81 15 06 00 00 00 00 00 FF FF 81 05 74 50 0A 4D 61 73 74 65 72 43 61 72 64 84 07 A0 00 00 00 04 10 10 9F 11 01 01 9F 6D 02 00 01 56 3E 42 35 34 31 33 31 32 33 34 35 36 37 38 34 38 30 30 5E 53 55 50 50 4C 49 45 44 2F 4E 4F 54 5E 30 39 30 36 31 30 31 33 33 30 31 32 33 33 33 30 30 30 32 32 32 32 32 34 39 34 31 31 31 31 38 9F 6B 13 54 13 12 34 56 78 48 00 D0 90 61 01 90 00 99 49 44 36 8F FF EE 01 2F DF 30 01 00 DF 31 18 33 33 30 30 30 33 33 33 30 30 30 32 32 32 32 32 30 30 30 31 31 31 31 30 DF 32 0D 39 30 30 30 39 39 30 30 30 30 30 30 30 FF EE 06 82 00 12 9A 03 11 01 01 9F 21 03 00 47 46 DF 02 04 20 6A 82 02 FF EE 02 61 DF 49 5E 00 00 00 00 90 00 DF 21 09 00 11 22 33 44 55 66 77 88 DF 51 07 11 22 33 44 55 66 01 DF 53 05 01 90 30 51 24 DF 41 07 58 68 50 05 86 85 00 DF 43 06 01 70 02 00 00 01 DF 41 09 51 02 03 04 05 06 07 08 09 DF 43 06 01 70 02 00 00 02 DF 51 07 11 22 33 44 55 66 02 DF 53 05 01 90 30 51 25 DF EE 26 01 01 91 01 00 00 00 00  
v2StsCode = 23

 --- Set Merchant 4 - pass.com.apple.wallet.panera w/URL 

2016-07-13 14:14:37.161 [TX] - 56 69 56 4F 74 65 63 68 32 00 04 11 00 63 04 01 06 41 3B 95 7A 52 59 98 3B 60 8C FC 89 CF B1 DA B9 0C E7 05 AD 8E FF 78 E9 DE 12 2C CF 8D 2C BF 0E 77 77 77 2E 70 61 6E 65 72 61 2E 63 6F 6D 00 00 00 00 00 00 00 00 00 00 00 00 00 00 00 00 00 00 00 00 00 00 00 00 00 00 00 00 00 00 00 00 00 00 00 00 00 00 00 00 00 00 00 00 00 00 00 00 00 00 BD 5C 
2016-07-13 14:14:37.165 [RX] - 56 69 56 4F 74 65 63 68 32 00 04 00 00 00 AE 16 00 00 00 00 00 00 00 00 00 00 00 00 00 00 00 00 00 00 00 00 00 00 00 00 00 00 00 00 00 00 00 00 00 00 00 00 00 00 00 00 00 00 00 00 00 00 00  
v2StsCode = 00

 --- Get Merchant 4  

2016-07-13 14:14:40.057 [TX] - 56 69 56 4F 74 65 63 68 32 00 03 11 00 01 04 56 3B 
2016-07-13 14:14:40.060 [RX] - 56 69 56 4F 74 65 63 68 32 00 03 00 00 63 04 01 06 41 3B 95 7A 52 59 98 3B 60 8C FC 89 CF B1 DA B9 0C E7 05 AD 8E FF 78 E9 DE 12 2C CF 8D 2C BF 0E 77 77 77 2E 70 61 6E 65 72 61 2E 63 6F 6D 00 00 00 00 00 00 00 00 00 00 00 00 00 00 00 00 00 00 00 00 00 00 00 00 00 00 00 00 00 00 00 00 00 00 00 00 00 00 00 00 00 00 00 00 00 00 00 00 00 00 9B 42 00 00 00 00 00 00 00 00 00 00 00  
v2StsCode = 00

 
v2StsCode = 00

 --- ACT - VAS Only 

2016-07-13 14:14:51.301 [TX] - 56 69 56 4F 74 65 63 68 32 00 02 01 00 29 30 9F 02 06 00 00 00 00 00 01 9C 01 00 FF EE 06 18 9F 22 02 01 00 9F 26 04 00 00 00 02 9F 2B 05 01 00 00 00 00 DF 01 01 01 CF 40 
2016-07-13 14:14:52.734 [RX] - 56 69 56 4F 74 65 63 68 32 00 02 57 00 8C FF EE 06 82 00 75 9A 03 11 01 01 9F 21 03 00 48 06 9F 25 20 06 41 3B 95 7A 52 59 98 3B 60 8C FC 89 CF B1 DA B9 0C E7 05 AD 8E FF 78 E9 DE 12 2C CF 8D 2C BF 9F 2A 00 9F 27 41 44 8D EC 4C 6E 3A B6 EB 50 F3 7B AB 04 A5 E3 9C CB 39 6B ED 0A F9 3B 2B EE FE CD 31 82 FC 45 6F E1 79 29 6E C2 62 55 FD 67 F4 BD 41 15 95 06 46 5F 84 BC FB 48 19 E4 A1 A6 C6 18 62 D0 49 46 3F DD 9F 39 01 07 FF EE 01 04 DF 30 01 00 DF EE 26 01 01 79 10 00 00 00 00 00 00 00 00 00 00 00 00 00 00 00 00 00 00 00 00 00 00 00 00 00 00 00 00 00 00 00 00 00  
v2StsCode = 57

 
v2StsCode = 57

 --- ACT - VAS OR Pay 

2016-07-13 14:14:59.118 [TX] - 56 69 56 4F 74 65 63 68 32 00 02 01 00 29 30 9F 02 06 00 00 00 00 00 01 9C 01 00 FF EE 06 18 9F 22 02 01 00 9F 26 04 00 00 00 00 9F 2B 05 01 00 00 00 00 DF 01 01 01 09 CA 
2016-07-13 14:15:00.554 [RX] - 56 69 56 4F 74 65 63 68 32 00 02 57 00 8C FF EE 06 82 00 75 9A 03 11 01 01 9F 21 03 00 48 13 9F 25 20 06 41 3B 95 7A 52 59 98 3B 60 8C FC 89 CF B1 DA B9 0C E7 05 AD 8E FF 78 E9 DE 12 2C CF 8D 2C BF 9F 2A 00 9F 27 41 44 8D EC 4C 50 A0 F4 BE 0B 2D F5 89 C3 93 9B AC BF 54 0C 14 AE 30 24 D6 42 FA 91 0B B0 D2 F1 3D C7 8F B9 D2 76 73 7A E5 EC D8 1D 4C 1F AE C9 DC 9E 2D 0A 45 1F 83 B8 6E C9 8A 84 17 1E 4D B7 49 55 9F 39 01 07 FF EE 01 04 DF 30 01 00 DF EE 26 01 01 BE 6B 00 00 00 00 00 00 00 00 00 00 00 00 00 00 00 00 00 00 00 00 00 00 00 00 00 00 00 00 00 00 00 00 00  
v2StsCode = 57

 
v2StsCode = 57

 --- ACT - VAS AND Pay 

2016-07-13 14:15:06.447 [TX] - 56 69 56 4F 74 65 63 68 32 00 02 01 00 29 30 9F 02 06 00 00 00 00 00 01 9C 01 00 FF EE 06 18 9F 22 02 01 00 9F 26 04 00 00 00 01 9F 2B 05 01 00 00 00 00 DF 01 01 01 6A 8F 
2016-07-13 14:15:16.324 [RX] - 56 69 56 4F 74 65 63 68 32 00 02 57 00 8C FF EE 06 82 00 75 9A 03 11 01 01 9F 21 03 00 48 29 9F 25 20 06 41 3B 95 7A 52 59 98 3B 60 8C FC 89 CF B1 DA B9 0C E7 05 AD 8E FF 78 E9 DE 12 2C CF 8D 2C BF 9F 2A 00 9F 27 41 44 8D EC 4C 54 46 91 CB 7C 55 45 81 49 53 A1 C0 5D 3B F9 35 4E 14 3D 39 5F FD 1A A7 A9 F3 17 57 09 E4 B2 59 16 EB C7 50 16 8B 52 82 4C 4E B7 D1 A0 4B 34 2B AE 3F 41 33 1B 1E 2F B9 FB BA 55 92 F2 9F 39 01 07 FF EE 01 04 DF 30 01 00 DF EE 26 01 01 76 50 00 00 00 00 00 00 00 00 00 00 00 00 00 00 00 00 00 00 00 00 00 00 00 00 00 00 00 00 00 00 00 00 00  
v2StsCode = 57

 
v2StsCode = 57

 --- ACT - Pay Only 

2016-07-13 14:15:25.840 [TX] - 56 69 56 4F 74 65 63 68 32 00 02 01 00 29 30 9F 02 06 00 00 00 00 00 01 9C 01 00 FF EE 06 18 9F 22 02 01 00 9F 26 04 00 00 00 03 9F 2B 05 01 00 00 00 00 DF 01 01 01 AC 05 
2016-07-13 14:15:27.974 [RX] - 56 69 56 4F 74 65 63 68 32 00 02 0A 00 09 20 6A 82 01 DF EE 26 01 01 37 3E 00 00 00 00 00 00 00 00 00 00 00 00 00 00 00 00 00 00 00 00 00 00 00 00 00 00 00 00 00 00 00 00 00 00 00 00 00 00  
v2StsCode = 0A

 --- ACT - VAS URL Only Protocol 

2016-07-13 14:16:29.530 [TX] - 56 69 56 4F 74 65 63 68 32 00 02 01 00 29 30 9F 02 06 00 00 00 00 00 01 9C 01 00 FF EE 06 18 9F 22 02 01 00 9F 26 04 00 00 00 02 9F 2B 05 01 00 00 00 00 DF 01 01 00 EE 50 
2016-07-13 14:16:31.112 [RX] - 56 69 56 4F 74 65 63 68 32 00 02 57 00 45 FF EE 06 82 00 2E 9A 03 11 01 01 9F 21 03 00 49 44 9F 25 20 06 41 3B 95 7A 52 59 98 3B 60 8C FC 89 CF B1 DA B9 0C E7 05 AD 8E FF 78 E9 DE 12 2C CF 8D 2C BF 9F 39 01 07 FF EE 01 04 DF 30 01 00 DF EE 26 01 01 4F A3 00 00 00 00 00 00 00 00 00 00 00 00 00 00 00 00 00 00 00 00 00 00 00 00 00 00 00 00 00 00 00 00 00 00 00 00 00 00 00 00 00  
v2StsCode = 57

 
v2StsCode = 57

 --- ACT - VAS Only - Beeps & Silent CommErr 

2016-07-13 14:16:37.851 [TX] - 56 69 56 4F 74 65 63 68 32 00 02 01 00 29 30 9F 02 06 00 00 00 00 00 01 9C 01 00 FF EE 06 18 9F 22 02 01 00 9F 26 04 00 00 00 02 9F 2B 05 01 00 00 00 00 DF 01 01 07 09 20 
2016-07-13 14:16:39.711 [RX] - 56 69 56 4F 74 65 63 68 32 00 02 57 00 8C FF EE 06 82 00 75 9A 03 11 01 01 9F 21 03 00 49 53 9F 25 20 06 41 3B 95 7A 52 59 98 3B 60 8C FC 89 CF B1 DA B9 0C E7 05 AD 8E FF 78 E9 DE 12 2C CF 8D 2C BF 9F 2A 00 9F 27 41 44 8D EC 4C A7 7A 3A B3 48 FB 3F 42 78 3B 68 29 76 E2 48 BE 10 31 73 37 9F 26 E9 06 AE 85 54 ED 3A C6 3E C1 85 C8 F7 2D 5A FD BC A8 16 43 13 00 BB 49 6B 53 30 FD A4 8A AB 3A B1 A9 C8 8C E9 07 AB 9F 39 01 07 FF EE 01 04 DF 30 01 00 DF EE 26 01 01 BA 67 00 00 00 00 00 00 00 00 00 00 00 00 00 00 00 00 00 00 00 00 00 00 00 00 00 00 00 00 00 00 00 00 00  
v2StsCode = 57

 
v2StsCode = 57

 --- ACT - VAS OR Pay - Beeps & Silent CommErr 

2016-07-13 14:16:45.412 [TX] - 56 69 56 4F 74 65 63 68 32 00 02 01 00 29 30 9F 02 06 00 00 00 00 00 01 9C 01 00 FF EE 06 18 9F 22 02 01 00 9F 26 04 00 00 00 00 9F 2B 05 01 00 00 00 00 DF 01 01 03 EA 4B 
2016-07-13 14:16:48.801 [RX] - 56 69 56 4F 74 65 63 68 32 00 02 57 00 8C FF EE 06 82 00 75 9A 03 11 01 01 9F 21 03 00 50 02 9F 25 20 06 41 3B 95 7A 52 59 98 3B 60 8C FC 89 CF B1 DA B9 0C E7 05 AD 8E FF 78 E9 DE 12 2C CF 8D 2C BF 9F 2A 00 9F 27 41 44 8D EC 4C 4F E6 6D CC 1D 76 03 DC B6 5B 93 BE 9D 79 97 B1 B5 93 9E A1 B0 14 8C 08 77 BB 10 C2 BD 12 28 61 92 59 F0 EB F8 80 C8 B0 24 07 66 81 A6 8A 5F FE 35 CD 91 A7 DE 16 73 ED B7 80 6C 0D E0 9F 39 01 07 FF EE 01 04 DF 30 01 00 DF EE 26 01 01 62 EC 00 00 00 00 00 00 00 00 00 00 00 00 00 00 00 00 00 00 00 00 00 00 00 00 00 00 00 00 00 00 00 00 00  
v2StsCode = 57

 
v2StsCode = 57

 --- ACT - VAS AND Pay - Beeps & Silent CommErr 

2016-07-13 14:16:55.302 [TX] - 56 69 56 4F 74 65 63 68 32 00 02 01 00 29 30 9F 02 06 00 00 00 00 00 01 9C 01 00 FF EE 06 18 9F 22 02 01 00 9F 26 04 00 00 00 01 9F 2B 05 01 00 00 00 00 DF 01 01 07 EF AC 
2016-07-13 14:16:58.761 [RX] - 56 69 56 4F 74 65 63 68 32 00 02 57 00 8C FF EE 06 82 00 75 9A 03 11 01 01 9F 21 03 00 50 12 9F 25 20 06 41 3B 95 7A 52 59 98 3B 60 8C FC 89 CF B1 DA B9 0C E7 05 AD 8E FF 78 E9 DE 12 2C CF 8D 2C BF 9F 2A 00 9F 27 41 44 8D EC 4C BC 48 85 99 8E F4 D3 82 C1 38 76 9A 64 15 0B 41 EC 99 F2 2A F9 2A 63 BC A6 71 63 B0 56 B0 EE 8D 94 0D 12 B3 57 3E 90 A4 C0 D9 5D 81 A3 5F 2F A0 E7 26 72 FA 32 D3 A8 24 19 4A 7F D8 2A 9F 39 01 07 FF EE 01 04 DF 30 01 00 DF EE 26 01 01 E3 A2 00 00 00 00 00 00 00 00 00 00 00 00 00 00 00 00 00 00 00 00 00 00 00 00 00 00 00 00 00 00 00 00 00  
v2StsCode = 57

 
v2StsCode = 57

 --- ACT - Pay Only -  Beeps & Silent CommErr

2016-07-13 14:17:05.144 [TX] - 56 69 56 4F 74 65 63 68 32 00 02 01 00 29 30 9F 02 06 00 00 00 00 00 01 9C 01 00 FF EE 06 18 9F 22 02 01 00 9F 26 04 00 00 00 03 9F 2B 05 01 00 00 00 00 DF 01 01 07 65 6A 
2016-07-13 14:17:07.571 [RX] - 56 69 56 4F 74 65 63 68 32 00 02 0A 00 09 20 6A 82 01 DF EE 26 01 01 37 3E 00 00 00 00 00 00 00 00 00 00 00 00 00 00 00 00 00 00 00 00 00 00 00 00 00 00 00 00 00 00 00 00 00 00 00 00 00 00  
v2StsCode = 0A

 --- ACT - VAS Only URL Protocol -  Beeps & Silent CommErr

2016-07-13 14:17:13.545 [TX] - 56 69 56 4F 74 65 63 68 32 00 02 01 00 29 30 9F 02 06 00 00 00 00 00 01 9C 01 00 FF EE 06 18 9F 22 02 01 00 9F 26 04 00 00 00 02 9F 2B 05 01 00 00 00 00 DF 01 01 06 30 28 
2016-07-13 14:17:15.341 [RX] - 56 69 56 4F 74 65 63 68 32 00 02 57 00 45 FF EE 06 82 00 2E 9A 03 11 01 01 9F 21 03 00 50 28 9F 25 20 06 41 3B 95 7A 52 59 98 3B 60 8C FC 89 CF B1 DA B9 0C E7 05 AD 8E FF 78 E9 DE 12 2C CF 8D 2C BF 9F 39 01 07 FF EE 01 04 DF 30 01 00 DF EE 26 01 01 11 66 00 00 00 00 00 00 00 00 00 00 00 00 00 00 00 00 00 00 00 00 00 00 00 00 00 00 00 00 00 00 00 00 00 00 00 00 00 00 00 00 00  
v2StsCode = 57

 
v2StsCode = 57

 --- Act-Test7 Apple VAS Only, Beep + SmartTap PrePPSE read, NoPay, LOYALTY

2016-07-13 14:17:21.363 [TX] - 56 69 56 4F 74 65 63 68 32 00 02 01 00 5D 0A 9F 02 06 00 00 00 00 15 00 FF EE 06 18 9F 22 02 01 00 9F 26 04 00 00 00 02 9F 2B 05 01 00 00 00 00 DF 01 01 03 FF EE 01 33 DF 50 04 17 02 01 00 DF 47 29 DF 31 04 99 99 99 99 DF 32 04 88 77 66 55 DF 41 05 70 02 00 00 01 DF 11 07 20 11 09 28 12 00 30 DF 12 02 01 00 DF 33 01 80 F6 A8 
2016-07-13 14:17:23.131 [RX] - 56 69 56 4F 74 65 63 68 32 00 02 57 00 8C FF EE 06 82 00 75 9A 03 11 01 01 9F 21 03 00 50 36 9F 25 20 06 41 3B 95 7A 52 59 98 3B 60 8C FC 89 CF B1 DA B9 0C E7 05 AD 8E FF 78 E9 DE 12 2C CF 8D 2C BF 9F 2A 00 9F 27 41 44 8D EC 4C DF B6 A8 93 15 54 F1 FC F3 AE 4D 02 C2 B8 88 AD 3A AE 8F FE 50 47 1E 3F AC 28 EE 59 C9 92 6B 97 DA 9F BD 4D 7A D5 ED BA A0 E1 67 EF 31 8A AA 6F 76 D8 9E 7F 90 3F 50 AB 1F B5 43 97 3A 9F 39 01 07 FF EE 01 04 DF 30 01 00 DF EE 26 01 01 B7 72 00 00 00 00 00 00 00 00 00 00 00 00 00 00 00 00 00 00 00 00 00 00 00 00 00 00 00 00 00 00 00 00 00  
v2StsCode = 57

 
v2StsCode = 57

 --- Act-Test8 Apple VAS Only + SmartTap PrePPSE read, Pay, OFFERS

2016-07-13 14:17:30.478 [TX] - 56 69 56 4F 74 65 63 68 32 00 02 01 00 5D 0A 9F 02 06 00 00 00 00 15 00 FF EE 06 18 9F 22 02 01 00 9F 26 04 00 00 00 02 9F 2B 05 01 00 00 00 00 DF 01 01 03 FF EE 01 33 DF 50 04 17 02 01 00 DF 47 29 DF 31 04 99 99 99 99 DF 32 04 88 77 66 55 DF 54 05 12 63 19 70 11 DF 11 07 20 11 09 28 12 00 30 DF 12 02 01 00 DF 33 01 20 5F 23 
2016-07-13 14:17:34.610 [RX] - 56 69 56 4F 74 65 63 68 32 00 02 57 00 8C FF EE 06 82 00 75 9A 03 11 01 01 9F 21 03 00 50 47 9F 25 20 06 41 3B 95 7A 52 59 98 3B 60 8C FC 89 CF B1 DA B9 0C E7 05 AD 8E FF 78 E9 DE 12 2C CF 8D 2C BF 9F 2A 00 9F 27 41 44 8D EC 4C 95 5A 3F BC 72 E3 D7 46 EF C5 F5 C0 49 F0 F1 CC 3B 5F 66 C9 8E C0 64 68 2E AB EE 21 50 55 6C DB 4E A2 D7 A1 A2 8C 33 62 19 16 26 4E 2F E1 70 9C 49 F6 1F A0 99 0E 93 75 39 19 D1 27 08 9F 39 01 07 FF EE 01 04 DF 30 01 00 DF EE 26 01 01 41 18 00 00 00 00 00 00 00 00 00 00 00 00 00 00 00 00 00 00 00 00 00 00 00 00 00 00 00 00 00 00 00 00 00  
v2StsCode = 57

 
v2StsCode = 57

 --- Act-Test9 Apple VAS or Pay + SmartTap PrePPSE read, NoPay, LOYALTY & OFFERS

2016-07-13 14:17:42.385 [TX] - 56 69 56 4F 74 65 63 68 32 00 02 01 00 85 0A 9F 02 06 00 00 00 00 15 00 FF EE 06 18 9F 22 02 01 00 9F 26 04 00 00 00 00 9F 2B 05 01 00 00 00 00 DF 01 01 01 FF EE 01 5B DF 50 04 17 02 01 00 DF 47 51 DF 31 08 99 99 99 99 88 88 88 88 DF 32 20 30 31 32 33 34 35 36 37 38 39 41 42 43 44 45 46 46 45 44 43 42 41 39 38 37 36 35 34 33 32 31 30 DF 41 05 70 02 00 00 01 DF 54 05 12 63 19 70 11 DF 11 07 20 11 09 28 12 00 30 DF 12 02 01 20 DF 33 01 A0 2B 3A 
2016-07-13 14:17:44.580 [RX] - 56 69 56 4F 74 65 63 68 32 00 02 57 00 8C FF EE 06 82 00 75 9A 03 11 01 01 9F 21 03 00 50 57 9F 25 20 06 41 3B 95 7A 52 59 98 3B 60 8C FC 89 CF B1 DA B9 0C E7 05 AD 8E FF 78 E9 DE 12 2C CF 8D 2C BF 9F 2A 00 9F 27 41 44 8D EC 4C 44 4F 4C F6 D9 FE FB 49 71 A1 D4 18 54 22 F9 8E F0 F8 B0 63 65 22 1F 8B 99 04 70 69 6D 4F 21 54 19 38 17 F8 F2 D1 F2 98 8B D7 C6 29 1C 19 EB 2A 52 3D D6 21 1E 3D 24 0E 97 69 82 3C FD 9F 39 01 07 FF EE 01 04 DF 30 01 00 DF EE 26 01 01 E3 D6 00 00 00 00 00 00 00 00 00 00 00 00 00 00 00 00 00 00 00 00 00 00 00 00 00 00 00 00 00 00 00 00 00  
v2StsCode = 57

 
v2StsCode = 57

 --- Act-Test10 Apple VAS & Pay + SmartTap PostPPSE read, Pay, LOYALTY & OFFERS

2016-07-13 14:17:53.717 [TX] - 56 69 56 4F 74 65 63 68 32 00 02 01 00 85 0A 9F 02 06 00 00 00 00 15 00 FF EE 06 18 9F 22 02 01 00 9F 26 04 00 00 00 01 9F 2B 05 01 00 00 00 00 DF 01 01 01 FF EE 01 5B DF 50 04 17 05 00 01 DF 47 51 DF 31 08 99 99 99 99 88 88 88 88 DF 32 20 30 31 32 33 34 35 36 37 38 39 41 42 43 44 45 46 46 45 44 43 42 41 39 38 37 36 35 34 33 32 31 30 DF 41 05 70 02 00 00 01 DF 54 05 12 63 19 70 11 DF 11 07 20 11 09 28 12 00 30 DF 12 02 01 20 DF 33 01 A8 69 5D 
2016-07-13 14:17:56.010 [RX] - 56 69 56 4F 74 65 63 68 32 00 02 57 00 8C FF EE 06 82 00 75 9A 03 11 01 01 9F 21 03 00 51 09 9F 25 20 06 41 3B 95 7A 52 59 98 3B 60 8C FC 89 CF B1 DA B9 0C E7 05 AD 8E FF 78 E9 DE 12 2C CF 8D 2C BF 9F 2A 00 9F 27 41 44 8D EC 4C 0C B8 49 64 EF A7 2D 56 D2 51 B4 4B 02 C5 79 25 0B AD 76 BB D9 09 2D B7 BF D7 56 22 4C A0 F3 E1 BC 3B 2B FD C4 E8 2C 28 C1 3C 76 32 86 81 35 B7 33 D1 0B EE E0 7C 92 E1 54 69 42 EC E6 9F 39 01 07 FF EE 01 04 DF 30 01 00 DF EE 26 01 01 5B B4 00 00 00 00 00 00 00 00 00 00 00 00 00 00 00 00 00 00 00 00 00 00 00 00 00 00 00 00 00 00 00 00 00  
v2StsCode = 57

 
v2StsCode = 57

 --- ACT 11- VAS Only URL Protocol + SmartTap PrePPSE read, Pay, LOYALTY & OFFERS

2016-07-13 14:18:06.451 [TX] - 56 69 56 4F 74 65 63 68 32 00 02 01 00 85 0A 9F 02 06 00 00 00 00 00 01 FF EE 06 18 9F 22 02 01 00 9F 26 04 00 00 00 02 9F 2B 05 01 00 00 00 00 DF 01 01 00 FF EE 01 5B DF 50 04 17 03 01 00 DF 47 51 DF 31 08 99 99 99 99 88 88 88 88 DF 32 20 30 31 32 33 34 35 36 37 38 39 41 42 43 44 45 46 46 45 44 43 42 41 39 38 37 36 35 34 33 32 31 30 DF 41 05 70 02 00 00 01 DF 54 05 12 63 19 70 11 DF 11 07 20 11 09 28 12 00 30 DF 12 02 01 20 DF 33 01 A8 D6 02 
2016-07-13 14:18:07.999 [RX] - 56 69 56 4F 74 65 63 68 32 00 02 57 00 45 FF EE 06 82 00 2E 9A 03 11 01 01 9F 21 03 00 51 21 9F 25 20 06 41 3B 95 7A 52 59 98 3B 60 8C FC 89 CF B1 DA B9 0C E7 05 AD 8E FF 78 E9 DE 12 2C CF 8D 2C BF 9F 39 01 07 FF EE 01 04 DF 30 01 00 DF EE 26 01 01 3D 99 00 00 00 00 00 00 00 00 00 00 00 00 00 00 00 00 00 00 00 00 00 00 00 00 00 00 00 00 00 00 00 00 00 00 00 00 00 00 00 00 00  
v2StsCode = 57

 
v2StsCode = 57

 --- Act-Test7 Apple VAS Only, Beep + SmartTap PrePPSE read, NoPay, LOYALTY

2016-07-13 14:18:11.284 [TX] - 56 69 56 4F 74 65 63 68 32 00 02 01 00 5D 0A 9F 02 06 00 00 00 00 15 00 FF EE 06 18 9F 22 02 01 00 9F 26 04 00 00 00 02 9F 2B 05 01 00 00 00 00 DF 01 01 03 FF EE 01 33 DF 50 04 17 02 01 00 DF 47 29 DF 31 04 99 99 99 99 DF 32 04 88 77 66 55 DF 41 05 70 02 00 00 01 DF 11 07 20 11 09 28 12 00 30 DF 12 02 01 00 DF 33 01 80 F6 A8 
2016-07-13 14:18:16.609 [RX] - 56 69 56 4F 74 65 63 68 32 00 02 00 00 6D 00 00 00 FF EE 06 82 00 12 9A 03 11 01 01 9F 21 03 00 51 29 DF 02 04 20 6A 82 02 FF EE 02 3D DF 49 3A 00 00 00 00 90 00 DF 21 09 00 11 22 33 44 55 66 77 88 DF 41 07 58 68 50 05 86 85 00 DF 43 06 01 70 02 00 00 01 DF 41 09 51 02 03 04 05 06 07 08 09 DF 43 06 01 70 02 00 00 02 9F 39 01 07 FF EE 01 04 DF 30 01 00 DF EE 26 01 01 0F 2C 00  
v2StsCode = 00

 --- Act-Test8 Apple VAS Only + SmartTap PrePPSE read, Pay, OFFERS

2016-07-13 14:18:18.374 [TX] - 56 69 56 4F 74 65 63 68 32 00 02 01 00 5D 0A 9F 02 06 00 00 00 00 15 00 FF EE 06 18 9F 22 02 01 00 9F 26 04 00 00 00 02 9F 2B 05 01 00 00 00 00 DF 01 01 03 FF EE 01 33 DF 50 04 17 02 01 00 DF 47 29 DF 31 04 99 99 99 99 DF 32 04 88 77 66 55 DF 54 05 12 63 19 70 11 DF 11 07 20 11 09 28 12 00 30 DF 12 02 01 00 DF 33 01 20 5F 23 
2016-07-13 14:18:25.149 [RX] - 56 69 56 4F 74 65 63 68 32 00 02 00 00 69 00 00 00 FF EE 06 82 00 12 9A 03 11 01 01 9F 21 03 00 51 37 DF 02 04 20 6A 82 02 FF EE 02 39 DF 49 36 00 00 00 00 90 00 DF 21 09 00 11 22 33 44 55 66 77 88 DF 51 07 11 22 33 44 55 66 01 DF 53 05 01 90 30 51 24 DF 51 07 11 22 33 44 55 66 02 DF 53 05 01 90 30 51 25 9F 39 01 07 FF EE 01 04 DF 30 01 00 DF EE 26 01 01 C1 E5 00 00 00 00 00  
v2StsCode = 00

 --- Act-Test9 Apple VAS or Pay + SmartTap PrePPSE read, NoPay, LOYALTY & OFFERS

2016-07-13 14:18:30.431 [TX] - 56 69 56 4F 74 65 63 68 32 00 02 01 00 85 0A 9F 02 06 00 00 00 00 15 00 FF EE 06 18 9F 22 02 01 00 9F 26 04 00 00 00 00 9F 2B 05 01 00 00 00 00 DF 01 01 01 FF EE 01 5B DF 50 04 17 02 01 00 DF 47 51 DF 31 08 99 99 99 99 88 88 88 88 DF 32 20 30 31 32 33 34 35 36 37 38 39 41 42 43 44 45 46 46 45 44 43 42 41 39 38 37 36 35 34 33 32 31 30 DF 41 05 70 02 00 00 01 DF 54 05 12 63 19 70 11 DF 11 07 20 11 09 28 12 00 30 DF 12 02 01 20 DF 33 01 A0 2B 3A 
2016-07-13 14:18:33.868 [RX] - 56 69 56 4F 74 65 63 68 32 00 02 00 00 86 00 00 00 FF EE 06 82 00 07 DF 02 04 82 6A 82 02 FF EE 02 61 DF 49 5E 00 00 00 00 90 00 DF 21 09 00 11 22 33 44 55 66 77 88 DF 51 07 11 22 33 44 55 66 01 DF 53 05 01 90 30 51 24 DF 41 07 58 68 50 05 86 85 00 DF 43 06 01 70 02 00 00 01 DF 41 09 51 02 03 04 05 06 07 08 09 DF 43 06 01 70 02 00 00 02 DF 51 07 11 22 33 44 55 66 02 DF 53 05 01 90 30 51 25 9F 39 01 07 FF EE 01 04 DF 30 01 00 DF EE 26 01 01 17 FB 00 00 00 00 00 00 00 00 00 00 00 00 00 00 00 00 00 00 00 00 00 00 00 00 00 00 00 00 00 00 00 00 00 00 00 00 00 00 00  
v2StsCode = 00

 --- Act-Test10 Apple VAS & Pay + SmartTap PostPPSE read, Pay, LOYALTY & OFFERS

2016-07-13 14:18:36.401 [TX] - 56 69 56 4F 74 65 63 68 32 00 02 01 00 85 0A 9F 02 06 00 00 00 00 15 00 FF EE 06 18 9F 22 02 01 00 9F 26 04 00 00 00 01 9F 2B 05 01 00 00 00 00 DF 01 01 01 FF EE 01 5B DF 50 04 17 05 00 01 DF 47 51 DF 31 08 99 99 99 99 88 88 88 88 DF 32 20 30 31 32 33 34 35 36 37 38 39 41 42 43 44 45 46 46 45 44 43 42 41 39 38 37 36 35 34 33 32 31 30 DF 41 05 70 02 00 00 01 DF 54 05 12 63 19 70 11 DF 11 07 20 11 09 28 12 00 30 DF 12 02 01 20 DF 33 01 A8 69 5D 
2016-07-13 14:18:39.007 [RX] - 56 69 56 4F 74 65 63 68 32 00 02 23 01 D9 00 00 00 82 02 00 00 95 05 00 00 00 00 00 9A 03 11 01 01 9C 01 00 5F 2A 02 08 40 9F 02 06 00 00 00 00 15 00 9F 03 06 00 00 00 00 00 00 9F 06 07 A0 00 00 00 04 10 10 9F 09 02 00 02 9F 1A 02 08 40 9F 1E 08 30 30 30 30 30 30 30 30 9F 21 03 00 51 51 9F 33 03 00 00 E8 9F 34 03 00 00 00 9F 35 01 22 9F 36 02 00 00 9F 37 04 3C 09 4F C2 9F 39 01 91 9F 53 01 01 DF 81 29 08 30 F0 F0 00 30 F0 FF 00 FF 81 06 31 DF 81 2A 18 33 33 30 30 30 33 33 33 30 30 30 32 32 32 32 32 30 30 30 31 31 31 31 30 DF 81 2B 07 90 00 99 00 00 00 0F DF 81 15 06 00 00 00 00 00 FF FF 81 05 74 50 0A 4D 61 73 74 65 72 43 61 72 64 84 07 A0 00 00 00 04 10 10 9F 11 01 01 9F 6D 02 00 01 56 3E 42 35 34 31 33 31 32 33 34 35 36 37 38 34 38 30 30 5E 53 55 50 50 4C 49 45 44 2F 4E 4F 54 5E 30 39 30 36 31 30 31 33 33 35 31 35 33 33 33 30 30 30 32 32 32 32 32 32 36 32 31 31 31 31 38 9F 6B 13 54 13 12 34 56 78 48 00 D0 90 61 01 90 00 99 26 24 87 8F FF EE 01 2F DF 30 01 00 DF 31 18 33 33 30 30 30 33 33 33 30 30 30 32 32 32 32 32 30 30 30 31 31 31 31 30 DF 32 0D 39 30 30 30 39 39 30 30 30 30 30 30 30 FF EE 06 82 00 07 DF 02 04 82 6A 82 02 FF EE 03 61 DF 49 5E 00 00 00 00 90 00 DF 21 09 00 11 22 33 44 55 66 77 88 DF 51 07 11 22 33 44 55 66 01 DF 53 05 01 90 30 51 24 DF 41 07 58 68 50 05 86 85 00 DF 43 06 01 70 02 00 00 01 DF 41 09 51 02 03 04 05 06 07 08 09 DF 43 06 01 70 02 00 00 02 DF 51 07 11 22 33 44 55 66 02 DF 53 05 01 90 30 51 25 DF EE 26 01 01 AE 62 00 00 00 00 00 00 00 00 00 00 00 00 00 00 00  
v2StsCode = 23

 --- ACT 11- VAS Only URL Protocol + SmartTap PrePPSE read, Pay, LOYALTY & OFFERS

2016-07-13 14:18:42.429 [TX] - 56 69 56 4F 74 65 63 68 32 00 02 01 00 85 0A 9F 02 06 00 00 00 00 00 01 FF EE 06 18 9F 22 02 01 00 9F 26 04 00 00 00 02 9F 2B 05 01 00 00 00 00 DF 01 01 00 FF EE 01 5B DF 50 04 17 03 01 00 DF 47 51 DF 31 08 99 99 99 99 88 88 88 88 DF 32 20 30 31 32 33 34 35 36 37 38 39 41 42 43 44 45 46 46 45 44 43 42 41 39 38 37 36 35 34 33 32 31 30 DF 41 05 70 02 00 00 01 DF 54 05 12 63 19 70 11 DF 11 07 20 11 09 28 12 00 30 DF 12 02 01 20 DF 33 01 A8 D6 02 
2016-07-13 14:18:45.217 [RX] - 56 69 56 4F 74 65 63 68 32 00 02 23 01 E4 00 00 00 82 02 00 00 95 05 00 00 00 00 00 9A 03 11 01 01 9C 01 00 5F 2A 02 08 40 9F 02 06 00 00 00 00 00 01 9F 03 06 00 00 00 00 00 00 9F 06 07 A0 00 00 00 04 10 10 9F 09 02 00 02 9F 1A 02 08 40 9F 1E 08 30 30 30 30 30 30 30 30 9F 21 03 00 51 58 9F 33 03 00 00 E8 9F 34 03 00 00 00 9F 35 01 22 9F 36 02 00 00 9F 37 04 56 C2 E4 80 9F 39 01 91 9F 53 01 01 DF 81 29 08 30 F0 F0 00 30 F0 FF 00 FF 81 06 31 DF 81 2A 18 33 33 30 30 30 33 33 33 30 30 30 32 32 32 32 32 30 30 30 31 31 31 31 30 DF 81 2B 07 90 00 99 00 00 00 0F DF 81 15 06 00 00 00 00 00 FF FF 81 05 74 50 0A 4D 61 73 74 65 72 43 61 72 64 84 07 A0 00 00 00 04 10 10 9F 11 01 01 9F 6D 02 00 01 56 3E 42 35 34 31 33 31 32 33 34 35 36 37 38 34 38 30 30 5E 53 55 50 50 4C 49 45 44 2F 4E 4F 54 5E 30 39 30 36 31 30 31 33 33 30 35 32 33 33 33 30 30 30 32 32 32 32 32 31 39 31 31 31 31 31 38 9F 6B 13 54 13 12 34 56 78 48 00 D0 90 61 01 90 00 99 19 16 94 8F FF EE 01 2F DF 30 01 00 DF 31 18 33 33 30 30 30 33 33 33 30 30 30 32 32 32 32 32 30 30 30 31 31 31 31 30 DF 32 0D 39 30 30 30 39 39 30 30 30 30 30 30 30 FF EE 06 82 00 12 9A 03 11 01 01 9F 21 03 00 51 57 DF 02 04 20 6A 82 02 FF EE 02 61 DF 49 5E 00 00 00 00 90 00 DF 21 09 00 11 22 33 44 55 66 77 88 DF 51 07 11 22 33 44 55 66 01 DF 53 05 01 90 30 51 24 DF 41 07 58 68 50 05 86 85 00 DF 43 06 01 70 02 00 00 01 DF 41 09 51 02 03 04 05 06 07 08 09 DF 43 06 01 70 02 00 00 02 DF 51 07 11 22 33 44 55 66 02 DF 53 05 01 90 30 51 25 DF EE 26 01 01 5A 8E 00 00 00 00  
v2StsCode = 23

 

 Result = PASSED
 ---------- END OF TEST ----------

 

 MASTER RESULT = PASSED


Docklight Log File (HEX) - Stopped 2016-07-13 14:18:51.043 

