Docklight Log File (HEX) - Started 2023/2/10 14:41:51.911 
 TEST CASE: AC022

 --- Set POS COM PORT Settings
 Set POS COM PORT...
 POS operating on COM90 @ 9600 baud...
 Set POS COM PORT - COMPLETE

 --- Poll on Demand

2023/2/10 14:41:54.560 [TX] - 56 69 56 4F 74 65 63 68 32 00 01 01 00 01 01 D7 34 
2023/2/10 14:41:54.586 [RX] - 56 69 56 4F 74 65 63 68 32 00 01 00 00 00 12 53 00 00 00 00 00 00 00 00 00 00 00 00 00 00 00 00 00 00 00 00 00 00 00 00 00 00 00 00 00 00 00 00 00 00 00 00 00 00 00 00 00 00 00 00 00 00 00  

 --- Burst Off *** NEO2

2023/2/10 14:41:54.592 [TX] - 56 69 56 4F 74 65 63 68 32 00 04 00 00 05 DF EE 7E 01 00 60 1E 
2023/2/10 14:41:54.767 [RX] - 56 69 56 4F 74 65 63 68 32 00 04 00 00 00 AE 16 00 00 00 00 00 00 00 00 00 00 00 00 00 00 00 00 00 00 00 00 00 00 00 00 00 00 00 00 00 00 00 00 00 00 00 00 00 00 00 00 00 00 00 00 00 00 00  

 --- 02-40 Activate Transaction

2023/2/10 14:41:55.483 [TX] - 56 69 56 4F 74 65 63 68 32 00 02 40 00 15 0A 9F 02 06 00 00 00 00 10 00 9A 03 07 11 21 9F 21 03 10 15 20 5E 34 
2023/2/10 14:41:56.401 [RX] - 56 69 56 4F 74 65 63 68 32 00 61 01 00 10 03 00 00 02 00 45 4E 03 00 82 55 1C 02 00 FF FF 01 73 00 00 00 00 00 00 00 00 00 00 00 00 00 00 00 00 00 00 00 00 00 00 00 00 00 00 00 00 00 00 00 56 69 56 4F 74 65 63 68 32 00 61 01 00 10 03 00 00 02 00 45 4E 03 00 82 54 1C 02 00 FF FF 44 D3 00 00 00 00 00 00 00 00 00 00 00 00 00 00 00 00 00 00 00 00 00 00 00 00 00 00 00 00 00 00 00 56 69 56 4F 74 65 63 68 32 00 61 01 00 10 03 00 00 02 00 45 4E 03 00 82 1A 1C 02 00 FF FF AE 60 00 00 00 00 00 00 00 00 00 00 00 00 00 00 00 00 00 00 00 00 00 00 00 00 00 00 00 00 00 00 00 56 69 56 4F 74 65 63 68 32 00 02 23 01 CF 21 DF EE 26 02 21 00 DF EF 4C 06 00 00 00 00 00 00 DF EF 4D 00 DF 81 29 08 30 F0 F0 F0 B0 F0 FF 00 FF 81 06 0F DF 81 15 06 00 03 00 90 00 FF 9F 42 02 01 24 FF 81 05 82 01 66 4F 07 A0 00 00 02 77 10 10 50 07 49 6E 74 65 72 61 63 57 11 54 13 33 90 00 00 15 13 D0 51 22 20 01 23 45 67 89 5A 08 54 13 33 90 00 00 15 13 5F 24 03 05 12 31 5F 25 03 09 01 01 5F 28 02 01 24 5F 2A 02 01 24 5F 2D 04 65 6E 66 72 5F 30 02 02 20 5F 34 01 01 5F 36 01 02 82 02 19 00 84 07 A0 00 00 02 77 10 10 8E 0A 00 00 00 00 00 00 00 00 1F 00 95 05 04 60 00 00 00 9A 03 07 11 21 9B 02 88 00 9C 01 00 9F 02 06 00 00 00 00 10 00 9F 03 06 00 00 00 00 00 00 9F 06 07 A0 00 00 02 77 10 10 9F 07 02 AB 00 9F 09 02 00 02 9F 0D 05 00 00 00 00 00 9F 0E 05 00 00 00 00 00 9F 0F 05 00 40 00 00 00 9F 10 16 15 01 85 04 00 00 00 00 40 00 70 90 80 00 D8 80 00 00 03 00 00 00 9F 11 01 01 9F 1A 02 01 24 9F 1E 08 31 35 30 54 38 35 38 38 9F 21 03 10 15 20 9F 26 08 98 84 0E F6 13 87 4A BD 9F 27 01 80 9F 33 03 00 48 E8 9F 34 03 3F 00 00 9F 35 01 22 9F 36 02 00 01 9F 37 04 98 D5 3C 7D 9F 39 01 07 9F 40 05 FF 80 00 00 00 9F 41 04 00 00 00 02 9F 42 02 01 24 9F 58 01 03 9F 59 03 DC 87 00 9F 5A 01 00 9F 5D 06 00 00 00 00 50 00 9F 5F 06 00 00 00 00 60 00 9F 70 01 00 DF EE 76 05 04 60 00 00 00 DF 81 16 16 1B 04 00 00 00 65 6E 66 72 00 00 00 00 00 00 00 00 00 00 00 01 24 FF EE 01 04 DF 33 01 00 FF EE 01 04 DF 30 01 00 DF EE 4C 01 15 A4 5F 00 00 00 00 00 00 00 00 00 00 00 00 00 00 00 00 00 00 00 00 00 00 00 00 00  

 --- 03-03

2023/2/10 14:41:57.906 [TX] - 56 69 56 4F 74 65 63 68 32 00 03 03 00 15 00 E3 00 06 31 32 33 34 35 36 9A 03 15 07 30 9F 21 03 10 10 10 49 5A 
2023/2/10 14:41:57.991 [RX] - 56 69 56 4F 74 65 63 68 32 00 61 01 00 10 03 00 00 02 00 45 4E 03 00 82 70 1C 02 00 FF FF 77 7A 00 00 00 00 00 00 00 00 00 00 00 00 00 00 00 00 00 00 00 00 00 00 00 00 00 00 00 00 00 00 00 56 69 56 4F 74 65 63 68 32 00 61 01 00 10 03 00 00 02 00 45 4E 03 00 82 23 1C 02 00 FF FF C9 0E 00 00 00 00 00 00 00 00 00 00 00 00 00 00 00 00 00 00 00 00 00 00 00 00 00 00 00 00 00 00 00  

 Result = PASSED
 ---------- END OF TEST ----------

56 69 56 4F 74 65 63 68 32 00 03 00 00 00 FF 3B 00 00 00 00 00 00 00 00 00 00 00 00 00 00 00 00 00 00 00 00 00 00 00 00 00 00 00 00 00 00 00 00 00 00 00 00 00 00 00 00 00 00 00 00 00 00 00  

 MASTER RESULT = PASSED


Docklight Log File (HEX) - Stopped 2023/2/10 14:42:00.998 

