Docklight Log File (HEX) - Started 2018/1/3 16:43:44.671 
 TEST CASE: EDM01-1

 --- Set POS COM PORT Settings
 Set POS COM PORT...
 POS operating on COM1 @ 9600 baud...
 Set POS COM PORT - COMPLETE

 

 --- Poll on Demand

2018/1/3 16:43:45.814 [TX] - 56 69 56 4F 74 65 63 68 32 00 01 01 00 01 01 D7 34 
2018/1/3 16:43:45.841 [RX] - 56 69 56 4F 74 65 63 68 32 00 01 00 00 00 12 53  

 --- Burst mode Off

2018/1/3 16:43:46.357 [TX] - 56 69 56 4F 74 65 63 68 32 00 04 00 00 04 FF F7 01 00 B9 2E 
2018/1/3 16:43:46.387 [RX] - 56 69 56 4F 74 65 63 68 32 00 04 00 00 00 AE 16  

 --- 04-00-----DFEF4B = 20 T1

2018/1/3 16:43:46.919 [TX] - 56 69 56 4F 74 65 63 68 32 00 04 00 00 07 DF EF 4B 03 20 00 00 CB C2 
2018/1/3 16:43:46.952 [RX] - 56 69 56 4F 74 65 63 68 32 00 04 00 00 00 AE 16  

 --- 02-40 Activate Transaction

2018/1/3 16:43:48.618 [TX] - 56 69 56 4F 74 65 63 68 32 00 02 40 00 15 0A 9F 02 06 00 00 00 00 10 00 9A 03 07 11 21 9F 21 03 10 15 20 5E 34 
2018/1/3 16:43:50.392 [RX] - 56 69 56 4F 74 65 63 68 32 00 02 00 01 00 08 DF EE 25 02 00 11 DF EE 23 81 8B 02 85 00 80 1F 4D 27 00 83 00 25 42 34 35 34 37 35 37 30 30 30 31 30 37 30 30 30 30 5E 4C 4C 49 42 52 45 20 52 4F 42 45 52 54 2D 47 55 49 4C 4C 45 52 4D 4F 20 5E 31 31 30 32 31 30 31 30 30 30 30 30 30 30 34 30 30 30 30 30 30 30 33 30 36 30 30 30 30 30 30 3F 2E 3B 34 35 34 37 35 37 30 30 30 31 30 37 30 30 30 30 3D 31 31 30 32 31 30 31 30 30 30 30 30 33 30 36 30 30 30 30 3F 38 00 00 00 00 00 00 00 00 00 00 66 8C 03 9F 39 01 90 FF EE 01 04 DF 30 01 0C DF EE 26 01 08 DF EF 4C 06 4A 00 00 00 00 00 DF EF 4D 4A 42 34 35 34 37 35 37 30 30 30 31 30 37 30 30 30 30 5E 4C 4C 49 42 52 45 20 52 4F 42 45 52 54 2D 47 55 49 4C 4C 45 52 4D 4F 20 5E 31 31 30 32 31 30 31 30 30 30 30 30 30 30 34 30 30 30 30 30 30 30 33 30 36 30 30 30 30 30 30 A8 9D  

 --- 04-00-----DFEF4B = 10 T2

2018/1/3 16:43:51.186 [TX] - 56 69 56 4F 74 65 63 68 32 00 04 00 00 07 DF EF 4B 03 10 00 00 6E 07 
2018/1/3 16:43:51.219 [RX] - 56 69 56 4F 74 65 63 68 32 00 04 00 00 00 AE 16  

 --- 02-40 Activate Transaction

2018/1/3 16:43:52.747 [TX] - 56 69 56 4F 74 65 63 68 32 00 02 40 00 15 0A 9F 02 06 00 00 00 00 10 00 9A 03 07 11 21 9F 21 03 10 15 20 5E 34 
2018/1/3 16:43:54.543 [RX] - 56 69 56 4F 74 65 63 68 32 00 02 00 00 DA 08 DF EE 25 02 00 11 DF EE 23 81 8B 02 85 00 80 1F 4D 27 00 83 00 25 42 34 35 34 37 35 37 30 30 30 31 30 37 30 30 30 30 5E 4C 4C 49 42 52 45 20 52 4F 42 45 52 54 2D 47 55 49 4C 4C 45 52 4D 4F 20 5E 31 31 30 32 31 30 31 30 30 30 30 30 30 30 34 30 30 30 30 30 30 30 33 30 36 30 30 30 30 30 30 3F 2E 3B 34 35 34 37 35 37 30 30 30 31 30 37 30 30 30 30 3D 31 31 30 32 31 30 31 30 30 30 30 30 33 30 36 30 30 30 30 3F 38 00 00 00 00 00 00 00 00 00 00 66 8C 03 9F 39 01 90 FF EE 01 04 DF 30 01 0C DF EE 26 01 08 DF EF 4C 06 00 24 00 00 00 00 DF EF 4D 24 34 35 34 37 35 37 30 30 30 31 30 37 30 30 30 30 3D 31 31 30 32 31 30 31 30 30 30 30 30 33 30 36 30 30 30 30 33 FA  

 --- 04-00-----DFEF4B = 08 T3

2018/1/3 16:43:55.295 [TX] - 56 69 56 4F 74 65 63 68 32 00 04 00 00 07 DF EF 4B 03 08 00 00 AC ED 
2018/1/3 16:43:55.328 [RX] - 56 69 56 4F 74 65 63 68 32 00 04 00 00 00 AE 16  

 --- 02-40 Activate Transaction

2018/1/3 16:43:56.506 [TX] - 56 69 56 4F 74 65 63 68 32 00 02 40 00 15 0A 9F 02 06 00 00 00 00 10 00 9A 03 07 11 21 9F 21 03 10 15 20 5E 34 
2018/1/3 16:43:58.293 [RX] - 56 69 56 4F 74 65 63 68 32 00 02 00 00 B6 08 DF EE 25 02 00 11 DF EE 23 81 8B 02 85 00 80 1F 4D 27 00 83 00 25 42 34 35 34 37 35 37 30 30 30 31 30 37 30 30 30 30 5E 4C 4C 49 42 52 45 20 52 4F 42 45 52 54 2D 47 55 49 4C 4C 45 52 4D 4F 20 5E 31 31 30 32 31 30 31 30 30 30 30 30 30 30 34 30 30 30 30 30 30 30 33 30 36 30 30 30 30 30 30 3F 2E 3B 34 35 34 37 35 37 30 30 30 31 30 37 30 30 30 30 3D 31 31 30 32 31 30 31 30 30 30 30 30 33 30 36 30 30 30 30 3F 38 00 00 00 00 00 00 00 00 00 00 66 8C 03 9F 39 01 90 FF EE 01 04 DF 30 01 0C DF EE 26 01 08 DF EF 4C 06 00 00 00 00 00 00 DF EF 4D 00 E5 FD  

 --- 04-00-----DFEF4B = 30 T1+T2

2018/1/3 16:43:59.006 [TX] - 56 69 56 4F 74 65 63 68 32 00 04 00 00 07 DF EF 4B 03 30 00 00 A8 81 
2018/1/3 16:43:59.039 [RX] - 56 69 56 4F 74 65 63 68 32 00 04 00 00 00 AE 16  

 --- 02-40 Activate Transaction

2018/1/3 16:43:59.834 [TX] - 56 69 56 4F 74 65 63 68 32 00 02 40 00 15 0A 9F 02 06 00 00 00 00 10 00 9A 03 07 11 21 9F 21 03 10 15 20 5E 34 
2018/1/3 16:44:01.145 [RX] - 56 69 56 4F 74 65 63 68 32 00 02 00 01 24 08 DF EE 25 02 00 11 DF EE 23 81 8B 02 85 00 80 1F 4D 27 00 83 00 25 42 34 35 34 37 35 37 30 30 30 31 30 37 30 30 30 30 5E 4C 4C 49 42 52 45 20 52 4F 42 45 52 54 2D 47 55 49 4C 4C 45 52 4D 4F 20 5E 31 31 30 32 31 30 31 30 30 30 30 30 30 30 34 30 30 30 30 30 30 30 33 30 36 30 30 30 30 30 30 3F 2E 3B 34 35 34 37 35 37 30 30 30 31 30 37 30 30 30 30 3D 31 31 30 32 31 30 31 30 30 30 30 30 33 30 36 30 30 30 30 3F 38 00 00 00 00 00 00 00 00 00 00 66 8C 03 9F 39 01 90 FF EE 01 04 DF 30 01 0C DF EE 26 01 08 DF EF 4C 06 4A 24 00 00 00 00 DF EF 4D 6E 42 34 35 34 37 35 37 30 30 30 31 30 37 30 30 30 30 5E 4C 4C 49 42 52 45 20 52 4F 42 45 52 54 2D 47 55 49 4C 4C 45 52 4D 4F 20 5E 31 31 30 32 31 30 31 30 30 30 30 30 30 30 34 30 30 30 30 30 30 30 33 30 36 30 30 30 30 30 30 34 35 34 37 35 37 30 30 30 31 30 37 30 30 30 30 3D 31 31 30 32 31 30 31 30 30 30 30 30 33 30 36 30 30 30 30 86 F4  

 --- 04-00-----DFEF4B = 28 T1+T3

2018/1/3 16:44:01.972 [TX] - 56 69 56 4F 74 65 63 68 32 00 04 00 00 07 DF EF 4B 03 28 00 00 6A 6B 
2018/1/3 16:44:02.006 [RX] - 56 69 56 4F 74 65 63 68 32 00 04 00 00 00 AE 16  

 --- 02-40 Activate Transaction

2018/1/3 16:44:02.698 [TX] - 56 69 56 4F 74 65 63 68 32 00 02 40 00 15 0A 9F 02 06 00 00 00 00 10 00 9A 03 07 11 21 9F 21 03 10 15 20 5E 34 
2018/1/3 16:44:03.995 [RX] - 56 69 56 4F 74 65 63 68 32 00 02 00 01 00 08 DF EE 25 02 00 11 DF EE 23 81 8B 02 85 00 80 1F 4D 27 00 83 00 25 42 34 35 34 37 35 37 30 30 30 31 30 37 30 30 30 30 5E 4C 4C 49 42 52 45 20 52 4F 42 45 52 54 2D 47 55 49 4C 4C 45 52 4D 4F 20 5E 31 31 30 32 31 30 31 30 30 30 30 30 30 30 34 30 30 30 30 30 30 30 33 30 36 30 30 30 30 30 30 3F 2E 3B 34 35 34 37 35 37 30 30 30 31 30 37 30 30 30 30 3D 31 31 30 32 31 30 31 30 30 30 30 30 33 30 36 30 30 30 30 3F 38 00 00 00 00 00 00 00 00 00 00 66 8C 03 9F 39 01 90 FF EE 01 04 DF 30 01 0C DF EE 26 01 08 DF EF 4C 06 4A 00 00 00 00 00 DF EF 4D 4A 42 34 35 34 37 35 37 30 30 30 31 30 37 30 30 30 30 5E 4C 4C 49 42 52 45 20 52 4F 42 45 52 54 2D 47 55 49 4C 4C 45 52 4D 4F 20 5E 31 31 30 32 31 30 31 30 30 30 30 30 30 30 34 30 30 30 30 30 30 30 33 30 36 30 30 30 30 30 30 A8 9D  

 --- 04-00-----DFEF4B = 18 T2+T3

2018/1/3 16:44:04.781 [TX] - 56 69 56 4F 74 65 63 68 32 00 04 00 00 07 DF EF 4B 03 18 00 00 CF AE 
2018/1/3 16:44:04.814 [RX] - 56 69 56 4F 74 65 63 68 32 00 04 00 00 00 AE 16  

 --- 02-40 Activate Transaction

2018/1/3 16:44:05.658 [TX] - 56 69 56 4F 74 65 63 68 32 00 02 40 00 15 0A 9F 02 06 00 00 00 00 10 00 9A 03 07 11 21 9F 21 03 10 15 20 5E 34 
2018/1/3 16:44:06.926 [RX] - 56 69 56 4F 74 65 63 68 32 00 02 00 00 DA 08 DF EE 25 02 00 11 DF EE 23 81 8B 02 85 00 80 1F 4D 27 00 83 00 25 42 34 35 34 37 35 37 30 30 30 31 30 37 30 30 30 30 5E 4C 4C 49 42 52 45 20 52 4F 42 45 52 54 2D 47 55 49 4C 4C 45 52 4D 4F 20 5E 31 31 30 32 31 30 31 30 30 30 30 30 30 30 34 30 30 30 30 30 30 30 33 30 36 30 30 30 30 30 30 3F 2E 3B 34 35 34 37 35 37 30 30 30 31 30 37 30 30 30 30 3D 31 31 30 32 31 30 31 30 30 30 30 30 33 30 36 30 30 30 30 3F 38 00 00 00 00 00 00 00 00 00 00 66 8C 03 9F 39 01 90 FF EE 01 04 DF 30 01 0C DF EE 26 01 08 DF EF 4C 06 00 24 00 00 00 00 DF EF 4D 24 34 35 34 37 35 37 30 30 30 31 30 37 30 30 30 30 3D 31 31 30 32 31 30 31 30 30 30 30 30 33 30 36 30 30 30 30 33 FA  

 --- 04-00-----DFEF4B = 38 T1+T2+T3

2018/1/3 16:44:07.674 [TX] - 56 69 56 4F 74 65 63 68 32 00 04 00 00 07 DF EF 4B 03 38 00 00 09 28 
2018/1/3 16:44:07.708 [RX] - 56 69 56 4F 74 65 63 68 32 00 04 00 00 00 AE 16  

 --- 02-40 Activate Transaction

2018/1/3 16:44:08.538 [TX] - 56 69 56 4F 74 65 63 68 32 00 02 40 00 15 0A 9F 02 06 00 00 00 00 10 00 9A 03 07 11 21 9F 21 03 10 15 20 5E 34 
2018/1/3 16:44:10.293 [RX] - 56 69 56 4F 74 65 63 68 32 00 02 00 01 24 08 DF EE 25 02 00 11 DF EE 23 81 8B 02 85 00 80 1F 4D 27 00 83 00 25 42 34 35 34 37 35 37 30 30 30 31 30 37 30 30 30 30 5E 4C 4C 49 42 52 45 20 52 4F 42 45 52 54 2D 47 55 49 4C 4C 45 52 4D 4F 20 5E 31 31 30 32 31 30 31 30 30 30 30 30 30 30 34 30 30 30 30 30 30 30 33 30 36 30 30 30 30 30 30 3F 2E 3B 34 35 34 37 35 37 30 30 30 31 30 37 30 30 30 30 3D 31 31 30 32 31 30 31 30 30 30 30 30 33 30 36 30 30 30 30 3F 38 00 00 00 00 00 00 00 00 00 00 66 8C 03 9F 39 01 90 FF EE 01 04 DF 30 01 0C DF EE 26 01 08 DF EF 4C 06 4A 24 00 00 00 00 DF EF 4D 6E 42 34 35 34 37 35 37 30 30 30 31 30 37 30 30 30 30 5E 4C 4C 49 42 52 45 20 52 4F 42 45 52 54 2D 47 55 49 4C 4C 45 52 4D 4F 20 5E 31 31 30 32 31 30 31 30 30 30 30 30 30 30 34 30 30 30 30 30 30 30 33 30 36 30 30 30 30 30 30 34 35 34 37 35 37 30 30 30 31 30 37 30 30 30 30 3D 31 31 30 32 31 30 31 30 30 30 30 30 33 30 36 30 30 30 30 86 F4  
---------- END OF TEST ----------

 Result = PASSED
 

 MASTER RESULT = PASSED


Docklight Log File (HEX) - Stopped 2018/1/3 16:44:11.222 

