Docklight Log File (HEX) - Started 2026/6/30 13:59:58.726 
 TEST CASE: ST002

 --- Set POS COM PORT Settings
 Set POS COM PORT...
 POS operating on COM90 @ 115200 baud...
 Set POS COM PORT - COMPLETE

 --- Poll on demand

2026/6/30 14:00:00.064 [TX] - 56 69 56 4F 74 65 63 68 32 00 01 01 00 01 01 D7 34 
2026/6/30 14:00:00.076 [RX] - 56 69 56 4F 74 65 63 68 32 00 01 00 00 00 12 53 00 00 00 00 00 00 00 00 00 00 00 00 00 00 00 00 00 00 00 00 00 00 00 00 00 00 00 00 00 00 00 00 00 00 00 00 00 00 00 00 00 00 00 00 00 00 00  

 --- Burst mode off

2026/6/30 14:00:00.701 [TX] - 56 69 56 4F 74 65 63 68 32 00 04 00 00 05 DF EE 7E 01 00 60 1E 
2026/6/30 14:00:00.779 [RX] - 56 69 56 4F 74 65 63 68 32 00 04 00 00 00 AE 16 00 00 00 00 00 00 00 00 00 00 00 00 00 00 00 00 00 00 00 00 00 00 00 00 00 00 00 00 00 00 00 00 00 00 00 00 00 00 00 00 00 00 00 00 00 00 00  

 --- Tag DFEE0C = 00

2026/6/30 14:00:00.802 [TX] - 56 69 56 4F 74 65 63 68 32 00 04 00 00 05 DF EE 0C 01 00 08 A8 
2026/6/30 14:00:00.905 [RX] - 56 69 56 4F 74 65 63 68 32 00 04 00 00 00 AE 16 00 00 00 00 00 00 00 00 00 00 00 00 00 00 00 00 00 00 00 00 00 00 00 00 00 00 00 00 00 00 00 00 00 00 00 00 00 00 00 00 00 00 00 00 00 00 00  

 Set config -- 2.6 =============================================================

2026/6/30 14:00:03.534 [TX] - 56 69 56 4F 74 65 63 68 32 00 04 03 00 3F DF EE 2D 01 8E DF EE 3B 04 00 BC 61 4E DF EE 3C 00 DF EE 3D 00 DF EF 25 00 DF ED 01 00 DF ED 02 05 00 00 00 00 01 DF ED 03 01 01 DF ED 04 01 01 DF ED 05 01 00 DF ED 06 01 00 DF ED 07 01 00 E5 FD 
2026/6/30 14:00:03.586 [RX] - 56 69 56 4F 74 65 63 68 32 00 04 00 00 00 AE 16 00 00 00 00 00 00 00 00 00 00 00 00 00 00 00 00 00 00 00 00 00 00 00 00 00 00 00 00 00 00 00 00 00 00 00 00 00 00 00 00 00 00 00 00 00 00 00  

 --- 02-40 case 2.6

2026/6/30 14:00:05.442 [TX] - 56 69 56 4F 74 65 63 68 32 00 02 40 00 1B 30 9F 02 06 00 00 00 00 00 01 9C 01 00 FF EE 08 0A DF EF 1A 01 02 DF ED 28 01 00 F4 19 
2026/6/30 14:00:06.953 [RX] - 56 69 56 4F 74 65 63 68 32 00 02 57 00 7E E1 DF EE 26 02 E1 00 FF EE 08 66 DF EF 76 62 94 03 2F 61 73 76 94 01 06 69 04 02 71 79 79 71 54 03 1F 63 75 73 94 03 06 63 69 64 04 12 34 56 78 90 19 01 03 03 54 63 70 6C 00 65 6E 54 03 02 63 75 74 04 7B 54 03 27 61 73 76 94 01 05 69 05 01 F7 97 98 54 02 19 6F 66 94 03 09 6F 69 64 04 E4 50 75 1F 30 18 CA 7E 54 01 06 6E 05 F3 24 23 42 34 9F 39 01 07 FF EE 01 05 DF EE 30 01 00 9F F8 00 00 00 00 00 00 00 00 00 00 00 00 00 00 00 00 00 00 00 00 00 00 00 00 00 00 00 00 00 00 00 00 00 00 00 00 00 00 00 00 00 00 00 00 00 00 00  

 ---------- END OF TEST ----------

 Result = PASSED


Docklight Log File (HEX) - Stopped 2026/6/30 14:00:10.241 

