Docklight Log File (HEX) - Started 2023/10/18 15:20:36.709 
 TEST CASE: BTS004

 --- Set POS COM PORT Settings
 Set POS COM PORT...
 POS operating on COM90 @ 9600 baud...
 Set POS COM PORT - COMPLETE

 --- Data Encrypt disable

2023/10/18 15:20:40.528 [TX] - 56 69 56 4F 74 65 63 68 32 00 C7 36 00 01 00 0F A7 
2023/10/18 15:20:40.536 [RX] - 56 69 56 4F 74 65 63 68 32 00 C7 00 00 00 86 6E 00 00 00 00 00 00 00 00 00 00 00 00 00 00 00 00 00 00 00 00 00 00 00 00 00 00 00 00 00 00 00 00 00 00 00 00 00 00 00 00 00 00 00 00 00 00 00  

 --- (04-00) DFED3F disable VAS Encryption

2023/10/18 15:20:40.545 [TX] - 56 69 56 4F 74 65 63 68 32 00 04 00 00 05 DF ED 3F 01 00 21 AF 
2023/10/18 15:20:40.553 [RX] - 56 69 56 4F 74 65 63 68 32 00 04 00 00 00 AE 16 00 00 00 00 00 00 00 00 00 00 00 00 00 00 00 00 00 00 00 00 00 00 00 00 00 00 00 00 00 00 00 00 00 00 00 00 00 00 00 00 00 00 00 00 00 00 00  

 --- (04-00) DFEF4B Enable Transact Output

2023/10/18 15:20:41.204 [TX] - 56 69 56 4F 74 65 63 68 32 00 04 00 00 07 DF EF 4B 03 12 00 02 4C 49 
2023/10/18 15:20:41.216 [RX] - 56 69 56 4F 74 65 63 68 32 00 04 00 00 00 AE 16 00 00 00 00 00 00 00 00 00 00 00 00 00 00 00 00 00 00 00 00 00 00 00 00 00 00 00 00 00 00 00 00 00 00 00 00 00 00 00 00 00 00 00 00 00 00 00  

 --- Poll on demand

2023/10/18 15:20:41.739 [TX] - 56 69 56 4F 74 65 63 68 32 00 01 01 00 01 01 D7 34 
2023/10/18 15:20:41.751 [RX] - 56 69 56 4F 74 65 63 68 32 00 01 00 00 00 12 53 00 00 00 00 00 00 00 00 00 00 00 00 00 00 00 00 00 00 00 00 00 00 00 00 00 00 00 00 00 00 00 00 00 00 00 00 00 00 00 00 00 00 00 00 00 00 00  

 --- Burst mode off

2023/10/18 15:20:42.279 [TX] - 56 69 56 4F 74 65 63 68 32 00 04 00 00 05 DF EE 7E 01 00 60 1E 
2023/10/18 15:20:42.292 [RX] - 56 69 56 4F 74 65 63 68 32 00 04 00 00 00 AE 16 00 00 00 00 00 00 00 00 00 00 00 00 00 00 00 00 00 00 00 00 00 00 00 00 00 00 00 00 00 00 00 00 00 00 00 00 00 00 00 00 00 00 00 00 00 00 00  

 --- (02-40) Apple VAS (NEO2)

2023/10/18 15:20:44.035 [TX] - 56 69 56 4F 74 65 63 68 32 00 02 40 00 29 30 9F 02 06 00 00 00 00 00 01 FF EE 06 1B 9F 22 02 02 00 9F 26 04 00 00 00 02 DF ED 57 06 C3 02 00 02 00 01 DF EE 01 01 03 5E DD 
2023/10/18 15:20:45.069 [RX] - 56 69 56 4F 74 65 63 68 32 00 02 00 00 3D 21 9F 39 01 07 FF EE 01 05 DF EE 30 01 00 9F 1E 08 38 54 38 30 33 36 38 37 DF EF 4C 06 00 00 00 00 10 00 DF EF 4D 10 39 39 39 38 38 38 31 32 33 34 35 36 37 38 39 31 DF EE 26 02 21 00 5C 0B 00 00 00 00 00 00 00 00 00 00 00 00 00 00 00 00 00 00 00 00 00 00 00 00 00 00 00 00 00 00 00 00 00 00 00 00 00 00 00 00 00 00 00 00 00 00 00 00 00  

 --- (02 40) SmartTap 2

2023/10/18 15:20:46.853 [TX] - 56 69 56 4F 74 65 63 68 32 00 02 40 00 22 30 9F 02 06 00 00 00 00 00 01 FF EE 08 14 DF ED 57 06 00 00 00 02 00 01 DF EF 1A 01 02 DF ED 28 01 00 9F 4F 
2023/10/18 15:20:47.686 [RX] - 56 69 56 4F 74 65 63 68 32 00 02 00 00 3D 21 9F 39 01 07 FF EE 01 05 DF EE 30 01 00 9F 1E 08 38 54 38 30 33 36 38 37 DF EF 4C 06 00 00 00 00 10 00 DF EF 4D 10 39 39 39 38 38 38 31 32 33 34 35 36 37 38 39 31 DF EE 26 02 21 00 5C 0B 00 00 00 00 00 00 00 00 00 00 00 00 00 00 00 00 00 00 00 00 00 00 00 00 00 00 00 00 00 00 00 00 00 00 00 00 00 00 00 00 00 00 00 00 00 00 00 00 00  

 --- 02-40 w/ AppleVAS -- VAS or PAY (NEO2)

2023/10/18 15:20:49.014 [TX] - 56 69 56 4F 74 65 63 68 32 00 02 40 00 34 30 9F 02 06 00 00 00 00 00 01 9C 01 00 FF EE 06 23 9F 22 02 02 00 9F 26 04 00 00 00 00 9F 2B 05 01 00 00 00 00 DF EE 01 01 01 DF ED 57 06 C3 02 00 02 00 01 C9 CC 
2023/10/18 15:20:49.771 [RX] - 56 69 56 4F 74 65 63 68 32 00 02 00 00 3D 21 9F 39 01 07 FF EE 01 05 DF EE 30 01 00 9F 1E 08 38 54 38 30 33 36 38 37 DF EF 4C 06 00 00 00 00 10 00 DF EF 4D 10 39 39 39 38 38 38 31 32 33 34 35 36 37 38 39 31 DF EE 26 02 21 00 5C 0B 00 00 00 00 00 00 00 00 00 00 00 00 00 00 00 00 00 00 00 00 00 00 00 00 00 00 00 00 00 00 00 00 00 00 00 00 00 00 00 00 00 00 00 00 00 00 00 00 00  

 --- 02-40 w/ AppleVAS -- VAS and PAY (NEO2)

2023/10/18 15:20:51.798 [TX] - 56 69 56 4F 74 65 63 68 32 00 02 40 00 34 30 9F 02 06 00 00 00 00 00 01 9C 01 00 FF EE 06 23 9F 22 02 02 00 9F 26 04 00 00 00 01 9F 2B 05 01 00 00 00 00 DF EE 01 01 01 DF ED 57 06 C3 02 00 02 00 01 CA FB 
2023/10/18 15:20:52.617 [RX] - 56 69 56 4F 74 65 63 68 32 00 02 00 00 3D 21 9F 39 01 07 FF EE 01 05 DF EE 30 01 00 9F 1E 08 38 54 38 30 33 36 38 37 DF EF 4C 06 00 00 00 00 10 00 DF EF 4D 10 39 39 39 38 38 38 31 32 33 34 35 36 37 38 39 31 DF EE 26 02 21 00 5C 0B 00 00 00 00 00 00 00 00 00 00 00 00 00 00 00 00 00 00 00 00 00 00 00 00 00 00 00 00 00 00 00 00 00 00 00 00 00 00 00 00 00 00 00 00 00 00 00 00 00  

 --- 02-40 w/ SmartTAP -- VAS or PAY

2023/10/18 15:20:54.069 [TX] - 56 69 56 4F 74 65 63 68 32 00 02 40 00 25 30 9F 02 06 00 00 00 00 00 01 9C 01 00 FF EE 08 14 DF ED 57 06 00 00 00 02 00 01 DF EF 1A 01 00 DF ED 28 01 00 81 0F 
2023/10/18 15:20:54.864 [RX] - 56 69 56 4F 74 65 63 68 32 00 02 00 00 3D 21 9F 39 01 07 FF EE 01 05 DF EE 30 01 00 9F 1E 08 38 54 38 30 33 36 38 37 DF EF 4C 06 00 00 00 00 10 00 DF EF 4D 10 39 39 39 38 38 38 31 32 33 34 35 36 37 38 39 31 DF EE 26 02 21 00 5C 0B 00 00 00 00 00 00 00 00 00 00 00 00 00 00 00 00 00 00 00 00 00 00 00 00 00 00 00 00 00 00 00 00 00 00 00 00 00 00 00 00 00 00 00 00 00 00 00 00 00  

 --- 02-40 w/ SmartTAP -- VAS and PAY

2023/10/18 15:20:55.749 [TX] - 56 69 56 4F 74 65 63 68 32 00 02 40 00 25 30 9F 02 06 00 00 00 00 00 01 9C 01 00 FF EE 08 14 DF ED 57 06 00 00 00 02 00 01 DF EF 1A 01 01 DF ED 28 01 00 21 4A 
2023/10/18 15:20:57.216 [RX] - 56 69 56 4F 74 65 63 68 32 00 02 00 00 3D 21 9F 39 01 07 FF EE 01 05 DF EE 30 01 00 9F 1E 08 38 54 38 30 33 36 38 37 DF EF 4C 06 00 00 00 00 10 00 DF EF 4D 10 39 39 39 38 38 38 31 32 33 34 35 36 37 38 39 31 DF EE 26 02 21 00 5C 0B 00 00 00 00 00 00 00 00 00 00 00 00 00 00 00 00 00 00 00 00 00 00 00 00 00 00 00 00 00 00 00 00 00 00 00 00 00 00 00 00 00 00 00 00 00 00 00 00 00  

 ---------- END OF TEST ----------

 Result = PASSED


Docklight Log File (HEX) - Stopped 2023/10/18 15:20:57.323 

