Docklight Log File (HEX) - Started 2026/7/6 14:10:48.077 
 TEST CASE: Mag021

 --- Set POS COM PORT Settings
 Set POS COM PORT...
 POS operating on COM90 @ 115200 baud...
 Set POS COM PORT - COMPLETE

 --- Poll on Demand

2026/7/6 14:10:49.249 [TX] - 56 69 56 4F 74 65 63 68 32 00 01 01 00 01 01 D7 34 
2026/7/6 14:10:49.265 [RX] - 56 69 56 4F 74 65 63 68 32 00 01 00 00 00 12 53 00 00 00 00 00 00 00 00 00 00 00 00 00 00 00 00 00 00 00 00 00 00 00 00 00 00 00 00 00 00 00 00 00 00 00 00 00 00 00 00 00 00 00 00 00 00 00  

 --- DF7D = 02 (NEO2)

2026/7/6 14:10:49.278 [TX] - 56 69 56 4F 74 65 63 68 32 00 04 00 00 05 DF EE 7D 01 02 72 67 
2026/7/6 14:10:49.336 [RX] - 56 69 56 4F 74 65 63 68 32 00 04 00 00 00 AE 16 00 00 00 00 00 00 00 00 00 00 00 00 00 00 00 00 00 00 00 00 00 00 00 00 00 00 00 00 00 00 00 00 00 00 00 00 00 00 00 00 00 00 00 00 00 00 00  

 --- C7-45 Get MSR Tracks

2026/7/6 14:10:49.357 [TX] - 56 69 56 4F 74 65 63 68 32 00 C7 45 00 00 33 70 
2026/7/6 14:10:49.374 [RX] - 56 69 56 4F 74 65 63 68 32 00 C7 00 00 01 30 9A 2C 00 00 00 00 00 00 00 00 00 00 00 00 00 00 00 00 00 00 00 00 00 00 00 00 00 00 00 00 00 00 00 00 00 00 00 00 00 00 00 00 00 00 00 00 00 00  

 ======================================================
 

 --- C744 Set Parameter 0x31 Track 1 only

2026/7/6 14:10:49.398 [TX] - 56 69 56 4F 74 65 63 68 32 00 C7 44 00 01 31 60 2E 
2026/7/6 14:10:49.416 [RX] - 56 69 56 4F 74 65 63 68 32 00 C7 00 00 00 86 6E 00 00 00 00 00 00 00 00 00 00 00 00 00 00 00 00 00 00 00 00 00 00 00 00 00 00 00 00 00 00 00 00 00 00 00 00 00 00 00 00 00 00 00 00 00 00 00  

 --- C7-45 Get MSR Tracks

2026/7/6 14:10:49.442 [TX] - 56 69 56 4F 74 65 63 68 32 00 C7 45 00 00 33 70 
2026/7/6 14:10:49.453 [RX] - 56 69 56 4F 74 65 63 68 32 00 C7 00 00 01 31 8A 0D 00 00 00 00 00 00 00 00 00 00 00 00 00 00 00 00 00 00 00 00 00 00 00 00 00 00 00 00 00 00 00 00 00 00 00 00 00 00 00 00 00 00 00 00 00 00  

 --- Activate Transaction

2026/7/6 14:10:58.480 [TX] - 56 69 56 4F 74 65 63 68 32 00 02 40 00 15 0A 9F 02 06 00 00 00 00 10 00 9A 03 07 11 21 9F 21 03 10 15 20 5E 34 
2026/7/6 14:11:00.634 [RX] - 56 69 56 4F 74 65 63 68 32 00 02 00 00 A3 28 DF EE 25 02 00 11 DF EE 23 64 02 5E 00 80 09 4D 00 00 81 00 25 42 34 35 34 37 35 37 30 30 30 31 30 37 30 30 30 30 5E 4C 4C 49 42 52 45 20 52 4F 42 45 52 54 2D 47 55 49 4C 4C 45 52 4D 4F 20 5E 31 31 30 32 31 30 31 30 30 30 30 30 30 30 34 30 30 30 30 30 30 30 33 30 36 30 30 30 30 30 30 3F 0E 49 4E 56 50 36 33 32 38 30 31 4A E8 03 9F 39 01 90 FF EE 01 05 DF EE 30 01 0C DF EE 26 02 28 00 9F 02 06 00 00 00 00 10 00 9F 03 06 00 00 00 00 00 00 DF 5B 01 05 9A 03 A0 01 01 9F 21 03 00 33 10 D0 4E 00 00 00 00 00 00 00 00 00 00 
2026/7/6 14:11:05.657 [TX] - 56 69 56 4F 74 65 63 68 32 00 C7 44 00 01 30 41 3E 
2026/7/6 14:11:05.737 [RX] - 56 69 56 4F 74 65 63 68 32 00 C7 00 00 00 86 6E 00 00 00 00 00 00 00 00 00 00 00 00 00 00 00 00 00 00 00 00 00 00 00 00 00 00 00 00 00 00 00 00 00 00 00 00 00 00 00 00 00 00 00 00 00 00 00  

 ---------- END OF TEST ----------

 Result = FAILED


Docklight Log File (HEX) - Stopped 2026/7/6 14:11:06.265 

