Docklight Log File (HEX) - Started 2018/2/22 15:09:48.934 
 TEST CASE: ECT02-3

 --- Set POS COM PORT Settings
 Set POS COM PORT...
 POS operating on COM90 @ 9600 baud...
 Set POS COM PORT - COMPLETE

 Erase All Keys...

2018/2/22 15:09:50.191 [TX] - 56 69 56 4F 74 65 63 68 32 00 83 00 00 00 03 22 
2018/2/22 15:09:50.197 [RX] - 56 69 56 4F 74 65 63 68 32 00 83 00 00 00 22 03 00 00 00 00 00 00 00 00 00 00 00 00 00 00 00 00 00 00 00 00 00 00 00 00 00 00 00 00 00 00 00 00 00 00 00 00 00 00 00 00 00 00 00 00 00 00 00  

 Set DUKPT Key Encryption Type...

2018/2/22 15:09:50.711 [TX] - 56 69 56 4F 74 65 63 68 32 00 C7 32 00 01 00 6D FE 
2018/2/22 15:09:50.717 [RX] - 56 69 56 4F 74 65 63 68 32 00 C7 00 00 00 86 6E 00 00 00 00 00 00 00 00 00 00 00 00 00 00 00 00 00 00 00 00 00 00 00 00 00 00 00 00 00 00 00 00 00 00 00 00 00 00 00 00 00 00 00 00 00 00 00  

 Get DUKPT Key Encryption Type...

2018/2/22 15:09:51.230 [TX] - 56 69 56 4F 74 65 63 68 32 00 C7 33 00 00 1A 9B 
2018/2/22 15:09:51.237 [RX] - 56 69 56 4F 74 65 63 68 32 00 C7 00 00 01 00 AC 7F 00 00 00 00 00 00 00 00 00 00 00 00 00 00 00 00 00 00 00 00 00 00 00 00 00 00 00 00 00 00 00 00 00 00 00 00 00 00 00 00 00 00 00 00 00 00  
OK!
 

 Loading DUKPT key...

2018/2/22 15:09:51.748 [TX] - 56 69 56 4F 74 65 63 68 32 00 80 00 00 65 30 43 46 35 35 34 43 32 46 30 45 45 41 41 30 30 38 38 4B 30 54 44 30 30 4E 30 30 30 30 30 30 38 30 32 41 38 34 46 44 44 36 33 39 31 35 44 43 41 45 42 46 38 37 37 35 34 33 32 32 44 32 36 37 42 41 33 34 34 31 38 33 41 42 39 41 32 35 36 37 39 30 32 33 34 39 38 37 31 32 30 32 33 34 30 30 30 30 30 30 30 30 C2 98 
2018/2/22 15:09:51.757 [RX] - 56 69 56 4F 74 65 63 68 32 00 80 00 00 00 B9 DF 00 00 00 00 00 00 00 00 00 00 00 00 00 00 00 00 00 00 00 00 00 00 00 00 00 00 00 00 00 00 00 00 00 00 00 00 00 00 00 00 00 00 00 00 00 00 00 
2018/2/22 15:09:52.261 [TX] - 56 69 56 4F 74 65 63 68 32 00 80 00 00 65 31 35 43 44 42 38 31 32 46 30 45 45 41 41 30 30 38 38 4B 30 54 44 30 30 4E 30 30 30 30 30 30 38 30 39 32 36 39 41 34 33 36 39 42 36 43 37 45 33 42 35 36 37 32 39 38 33 41 36 36 32 46 36 31 30 33 32 35 37 32 39 32 33 36 33 37 38 33 30 33 33 36 32 33 41 39 39 37 31 32 36 32 33 34 30 30 30 30 30 30 30 30 AA E9 
2018/2/22 15:09:52.271 [RX] - 56 69 56 4F 74 65 63 68 32 00 80 00 00 00 B9 DF 00 00 00 00 00 00 00 00 00 00 00 00 00 00 00 00 00 00 00 00 00 00 00 00 00 00 00 00 00 00 00 00 00 00 00 00 00 00 00 00 00 00 00 00 00 00 00 
2018/2/22 15:09:52.785 [TX] - 56 69 56 4F 74 65 63 68 32 00 80 01 00 58 41 30 30 38 38 4B 30 54 44 30 30 4E 30 30 30 30 42 39 34 38 46 37 42 33 34 43 41 44 37 32 36 42 41 37 37 43 39 43 34 41 38 30 37 37 39 42 42 38 36 42 42 43 33 37 34 30 31 31 42 42 45 33 39 45 30 36 46 34 46 36 41 37 44 44 36 46 37 32 30 45 37 31 33 44 45 39 34 41 A0 6B 
2018/2/22 15:09:52.796 [RX] - 56 69 56 4F 74 65 63 68 32 00 80 00 00 00 B9 DF 00 00 00 00 00 00 00 00 00 00 00 00 00 00 00 00 00 00 00 00 00 00 00 00 00 00 00 00 00 00 00 00 00 00 00 00 00 00 00 00 00 00 00 00 00 00 00 
2018/2/22 15:09:53.315 [TX] - 56 69 56 4F 74 65 63 68 32 00 81 00 00 71 05 41 30 31 31 32 44 30 54 45 30 30 4E 30 31 30 30 4B 53 31 38 46 46 46 46 39 38 37 36 35 34 33 32 31 30 45 30 30 30 30 30 37 43 45 37 34 45 39 30 30 35 33 43 41 38 45 45 42 43 33 37 42 35 37 30 36 38 31 45 35 42 32 37 36 31 34 38 43 33 45 37 34 34 41 42 43 44 36 44 34 43 35 33 36 43 37 46 34 46 36 37 44 37 46 32 32 44 33 39 34 45 44 42 A8 31 
2018/2/22 15:09:53.340 [RX] - 56 69 56 4F 74 65 63 68 32 00 81 00 00 00 CF 6B 00 00 00 00 00 00 00 00 00 00 00 00 00 00 00 00 00 00 00 00 00 00 00 00 00 00 00 00 00 00 00 00 00 00 00 00 00 00 00 00 00 00 00 00 00 00 00  
OK!
 

 --- Data Encryption: Enable

2018/2/22 15:09:53.860 [TX] - 56 69 56 4F 74 65 63 68 32 00 C7 36 00 01 03 97 6C 
2018/2/22 15:09:53.869 [RX] - 56 69 56 4F 74 65 63 68 32 00 C7 00 00 00 86 6E 00 00 00 00 00 00 00 00 00 00 00 00 00 00 00 00 00 00 00 00 00 00 00 00 00 00 00 00 00 00 00 00 00 00 00 00 00 00 00 00 00 00 00 00 00 00 00  

 --- Poll on Demand

2018/2/22 15:09:53.886 [TX] - 56 69 56 4F 74 65 63 68 32 00 01 01 00 01 01 D7 34 
2018/2/22 15:09:53.889 [RX] - 56 69 56 4F 74 65 63 68 32 00 01 00 00 00 12 53 00 00 00 00 00 00 00 00 00 00 00 00 00 00 00 00 00 00 00 00 00 00 00 00 00 00 00 00 00 00 00 00 00 00 00 00 00 00 00 00 00 00 00 00 00 00 00  

 --- Burst mode Off

2018/2/22 15:09:54.409 [TX] - 56 69 56 4F 74 65 63 68 32 00 04 00 00 04 FF F7 01 00 B9 2E 
2018/2/22 15:09:54.412 [RX] - 56 69 56 4F 74 65 63 68 32 00 04 00 00 00 AE 16 00 00 00 00 00 00 00 00 00 00 00 00 00 00 00 00 00 00 00 00 00 00 00 00 00 00 00 00 00 00 00 00 00 00 00 00 00 00 00 00 00 00 00 00 00 00 00  

 --- 02-40 Activate Transaction

2018/2/22 15:09:55.911 [TX] - 56 69 56 4F 74 65 63 68 32 00 02 40 00 15 0A 9F 02 06 00 00 00 00 10 00 9A 03 07 11 21 9F 21 03 10 15 20 5E 34 
2018/2/22 15:09:57.029 [RX] - 56 69 56 4F 74 65 63 68 32 00 02 00 01 3C C1 FF EE 12 0A FF FF 98 76 54 32 10 E0 00 01 FF EE 13 A1 39 2A 36 32 37 39 2A 2A 2A 2A 2A 2A 2A 2A 32 33 34 33 5E 54 45 53 54 20 43 41 52 44 2F 56 49 56 4F 54 45 43 48 5E 31 30 31 32 38 31 33 2A 2A 2A 2A 2A 2A 2A 2A 2A 2A 2A 2A 2A FF EE 13 C1 40 52 6D 3A 9E 24 7A F1 F0 AF 9F E5 BB 4E CF C0 2A ED 56 DE 08 D2 93 57 89 99 44 7F 23 85 0E AB 70 6B 60 14 E9 1B 28 BA 41 4D D5 55 BD 67 4C 2D 9C A0 3B BA CD 45 C6 DD 45 70 40 7B 9F EC 61 51 D2 FF EE 14 A1 25 36 32 37 39 2A 2A 2A 2A 2A 2A 2A 2A 32 33 34 33 3D 31 30 31 32 38 31 33 2A 2A 2A 2A 2A 2A 2A 2A 2A 2A 2A 2A 2A FF EE 14 C1 30 C4 FB EB CE C9 85 42 26 33 94 51 B4 E3 C9 F2 3F C0 97 90 BA 22 A7 74 40 63 A2 80 D2 87 7B D0 35 80 FC 59 DF 7C ED 7A 06 AA E5 E5 53 9A CE 3C 9F 9F 35 01 22 9F 39 01 07 FF EE 01 04 DF 30 01 00 DF EF 4C 06 00 27 00 00 00 00 DF EF 4D 28 05 32 FA 10 B1 60 C2 D2 96 D8 50 EC 65 07 02 6C 4A 62 EF F5 69 91 77 A6 42 09 82 17 2B C5 3C D8 B5 E4 60 AC 07 64 DF 8E DF EE 26 01 C1 A9 44 00 00 00 00 00 00 00 00 00 00 00 00 00 00 00 00 00 00 00 00 00 00 00 00 00 00 00 00 00 00 00 00 00 00 00 00 00 00 00 00 00 00 00 00 00 00  
Tag 9F39...FAIL!
 

 ==============
 FAIL items: 1
 ==============
 
---------- END OF TEST ----------

 Result = FAILED
 

 MASTER RESULT = FAILED


Docklight Log File (HEX) - Stopped 2018/2/22 15:09:58.646 

