Docklight Log File (HEX) - Started 2026/5/29 13:58:52.808 
 TEST CASE: EVT106

 --- Set POS COM PORT Settings
 Set POS COM PORT...
 POS operating on COM90 @ 115200 baud...
 Set POS COM PORT - COMPLETE

 ---  Pass-Through ON

2026/5/29 13:58:54.275 [TX] - 56 69 56 4F 74 65 63 68 32 00 2C 01 00 01 01 19 1D 
2026/5/29 13:58:54.285 [RX] - 56 69 56 4F 74 65 63 68 32 00 2C 00 00 00 1C 9B 00 00 00 00 00 00 00 00 00 00 00 00 00 00 00 00 00 00 00 00 00 00 00 00 00 00 00 00 00 00 00 00 00 00 00 00 00 00 00 00 00 00 00 00 00 00 00  

 NFC Test

2026/5/29 13:58:55.096 [TX] - 56 69 56 4F 74 65 63 68 32 00 2C 02 00 02 05 05 7F F1 
2026/5/29 13:58:55.689 [RX] - 56 69 56 4F 74 65 63 68 32 00 2C 00 00 05 07 51 E4 73 05 01 F5 00 00 00 00 00 00 00 00 00 00 00 00 00 00 00 00 00 00 00 00 00 00 00 00 00 00 00 00 00 00 00 00 00 00 00 00 00 00 00 00 00 00  

 Exchange APDU

2026/5/29 13:58:55.715 [TX] - 56 69 56 4F 74 65 63 68 32 00 2C 13 00 14 00 00 A4 04 00 0E 32 50 41 59 2E 53 59 53 2E 44 44 46 30 31 74 B6 
2026/5/29 13:58:55.733 [RX] - 56 69 56 4F 74 65 63 68 32 00 2C 00 00 27 6F 23 84 0E 32 50 41 59 2E 53 59 53 2E 44 44 46 30 31 A5 11 BF 0C 0E 61 0C 4F 07 A0 00 00 00 04 10 10 87 01 01 90 00 8E B6 00 00 00 00 00 00 00 00  

 NFC Test

2026/5/29 13:58:56.679 [TX] - 56 69 56 4F 74 65 63 68 32 00 2C 02 00 02 05 05 7F F1 
2026/5/29 13:58:57.395 [RX] - 56 69 56 4F 74 65 63 68 32 00 2C 00 00 05 02 E8 91 87 7E 03 05 00 00 00 00 00 00 00 00 00 00 00 00 00 00 00 00 00 00 00 00 00 00 00 00 00 00 00 00 00 00 00 00 00 00 00 00 00 00 00 00 00 00  

 Exchange APDU

2026/5/29 13:58:57.417 [TX] - 56 69 56 4F 74 65 63 68 32 00 2C 13 00 14 00 00 A4 04 00 0E 32 50 41 59 2E 53 59 53 2E 44 44 46 30 31 74 B6 
2026/5/29 13:58:57.455 [RX] - 56 69 56 4F 74 65 63 68 32 00 2C 00 00 27 6F 23 84 0E 32 50 41 59 2E 53 59 53 2E 44 44 46 30 31 A5 11 BF 0C 0E 61 0C 4F 07 A0 00 00 00 04 10 10 87 01 01 90 00 8E B6 00 00 00 00 00 00 00 00  

 ---  Pass-Through OFF

2026/5/29 13:58:57.481 [TX] - 56 69 56 4F 74 65 63 68 32 00 2C 01 00 01 00 38 0D 
2026/5/29 13:58:57.509 [RX] - 56 69 56 4F 74 65 63 68 32 00 2C 00 00 00 1C 9B 00 00 00 00 00 00 00 00 00 00 00 00 00 00 00 00 00 00 00 00 00 00 00 00 00 00 00 00 00 00 00 00 00 00 00 00 00 00 00 00 00 00 00 00 00 00 00  

 ---------- END OF TEST ----------

 Result = PASSED


Docklight Log File (HEX) - Stopped 2026/5/29 13:58:57.614 

