Docklight Log File (HEX) - Started 2023/6/26 11:22:53.370 
 TEST CASE: MF000300-4K

 --- Set POS COM PORT Settings
 Set POS COM PORT...
 POS operating on COM90 @ 9600 baud...
 Set POS COM PORT - COMPLETE


2023/6/26 11:22:54.703 [TX] - 56 69 56 4F 74 65 63 68 32 00 2C 01 00 01 00 0D 38 
2023/6/26 11:22:54.710 [RX] - 56 69 56 4F 74 65 63 68 32 00 2C 0C 00 00 69 FA 00 00 00 00 00 00 00 00 00 00 00 00 00 00 00 00 00 00 00 00 00 00 00 00 00 00 00 00 00 00 00 00 00 00 00 00 00 00 00 00 00 00 00 00 00 00 00  
PT Start


2023/6/26 11:22:57.719 [TX] - 56 69 56 4F 74 65 63 68 32 00 2C 01 00 01 01 1D 19 
2023/6/26 11:22:57.736 [RX] - 56 69 56 4F 74 65 63 68 32 00 2C 00 00 00 1C 9B  PT command (OK)

2023/6/26 11:22:57.736 [RX] - 00 00 00 00 00 00 00 00 00 00 00 00 00 00 00 00 00 00 00 00 00 00 00 00 00 00 00 00 00 00 00 00 00 00 00 00 00 00 00 00 00 00 00 00 00 00 00  
Antenna Enable


2023/6/26 11:22:57.761 [TX] - 56 69 56 4F 74 65 63 68 32 00 28 01 00 01 01 94 1F 
2023/6/26 11:22:57.768 [RX] - 56 69 56 4F 74 65 63 68 32 00 28 00 00 00 D6 6A  Antenna Enable (OK)

2023/6/26 11:22:57.768 [RX] - 00 00 00 00 00 00 00 00 00 00 00 00 00 00 00 00 00 00 00 00 00 00 00 00 00 00 00 00 00 00 00 00 00 00 00 00 00 00 00 00 00 00 00 00 00 00 00  
Poll for Token (10 sec)


2023/6/26 11:22:59.105 [TX] - 56 69 56 4F 74 65 63 68 32 00 2C 02 00 02 0A 00 B1 E4 
2023/6/26 11:22:59.181 [RX] - 56 69 56 4F 74 65 63 68 32 00 2C 00 00 05  Poll for Token (OK)

2023/6/26 11:22:59.181 [RX] - 03 E8 C3 E5 95 B8 F7 00 00 00 00 00 00 00 00 00 00 00 00 00 00 00 00 00 00 00 00 00 00 00 00 00 00 00 00 00 00 00 00 00 00 00 00 00 00 00 00 00 00  
Mifare auth - Sector 1


2023/6/26 11:22:59.195 [TX] - 56 69 56 4F 74 65 63 68 32 00 2C 06 00 08 01 01 FF FF FF FF FF FF 4B C8 
2023/6/26 11:22:59.202 [RX] - 56 69 56 4F 74 65 63 68 32 00 2C 00 00 00 1C 9B  PT command (OK)

2023/6/26 11:22:59.202 [RX] - 00 00 00 00 00 00 00 00 00 00 00 00 00 00 00 00 00 00 00 00 00 00 00 00 00 00 00 00 00 00 00 00 00 00 00 00 00 00 00 00 00 00 00 00 00 00 00  ----- Write Block #1 -----
 i = 001

2023/6/26 11:23:00.409 [TX] - 56 69 56 4F 74 65 63 68 32 00 2C 08 00 12 31 01 00 00 00 00 00 00 00 00 00 00 00 00 00 00 00 00 1F CF 
2023/6/26 11:23:00.436 [RX] - 56 69 56 4F 74 65 63 68 32 00 2C 00 00 00 1C 9B  PT command (OK)

2023/6/26 11:23:00.436 [RX] - 00 00 00 00 00 00 00 00 00 00 00 00 00 00 00 00 00 00 00 00 00 00 00 00 00 00 00 00 00 00 00 00 00 00 00 00 00 00 00 00 00 00 00 00 00 00 00  ----- Write Block #2 -----
 i = 002

2023/6/26 11:23:00.473 [TX] - 56 69 56 4F 74 65 63 68 32 00 2C 08 00 12 31 02 00 00 00 00 00 00 00 00 00 00 00 00 00 00 00 00 2E E9 
2023/6/26 11:23:00.500 [RX] - 56 69 56 4F 74 65 63 68 32 00 2C 00 00 00 1C 9B  PT command (OK)

2023/6/26 11:23:00.500 [RX] - 00 00 00 00 00 00 00 00 00 00 00 00 00 00 00 00 00 00 00 00 00 00 00 00 00 00 00 00 00 00 00 00 00 00 00 00 00 00 00 00 00 00 00 00 00 00 00  ----- #3 was SKIPPED -----
 ----- Write Block #4 -----
 i = 004

2023/6/26 11:23:00.542 [TX] - 56 69 56 4F 74 65 63 68 32 00 2C 08 00 12 31 04 00 00 00 00 00 00 00 00 00 00 00 00 00 00 00 00 4C A5 
2023/6/26 11:23:00.569 [RX] - 56 69 56 4F 74 65 63 68 32 00 2C 00 00 00 1C 9B  PT command (OK)

2023/6/26 11:23:00.569 [RX] - 00 00 00 00 00 00 00 00 00 00 00 00 00 00 00 00 00 00 00 00 00 00 00 00 00 00 00 00 00 00 00 00 00 00 00 00 00 00 00 00 00 00 00 00 00 00 00  ----- Write Block #5 -----
 i = 005

2023/6/26 11:23:00.593 [TX] - 56 69 56 4F 74 65 63 68 32 00 2C 08 00 12 31 05 00 00 00 00 00 00 00 00 00 00 00 00 00 00 00 00 5C 47 
2023/6/26 11:23:00.620 [RX] - 56 69 56 4F 74 65 63 68 32 00 2C 00 00 00 1C 9B  PT command (OK)

2023/6/26 11:23:00.620 [RX] - 00 00 00 00 00 00 00 00 00 00 00 00 00 00 00 00 00 00 00 00 00 00 00 00 00 00 00 00 00 00 00 00 00 00 00 00 00 00 00 00 00 00 00 00 00 00 00  ----- Write Block #6 -----
 i = 006

2023/6/26 11:23:00.658 [TX] - 56 69 56 4F 74 65 63 68 32 00 2C 08 00 12 31 06 00 00 00 00 00 00 00 00 00 00 00 00 00 00 00 00 6D 61 
2023/6/26 11:23:00.685 [RX] - 56 69 56 4F 74 65 63 68 32 00 2C 00 00 00 1C 9B  PT command (OK)

2023/6/26 11:23:00.685 [RX] - 00 00 00 00 00 00 00 00 00 00 00 00 00 00 00 00 00 00 00 00 00 00 00 00 00 00 00 00 00 00 00 00 00 00 00 00 00 00 00 00 00 00 00 00 00 00 00  ----- #7 was SKIPPED -----
 ----- Write Block #8 -----
 i = 008

2023/6/26 11:23:00.728 [TX] - 56 69 56 4F 74 65 63 68 32 00 2C 08 00 12 31 08 00 00 00 00 00 00 00 00 00 00 00 00 00 00 00 00 88 3D 
2023/6/26 11:23:00.755 [RX] - 56 69 56 4F 74 65 63 68 32 00 2C 00 00 00 1C 9B  PT command (OK)

2023/6/26 11:23:00.755 [RX] - 00 00 00 00 00 00 00 00 00 00 00 00 00 00 00 00 00 00 00 00 00 00 00 00 00 00 00 00 00 00 00 00 00 00 00 00 00 00 00 00 00 00 00 00 00 00 00  ----- Write Block #9 -----
 i = 009

2023/6/26 11:23:00.783 [TX] - 56 69 56 4F 74 65 63 68 32 00 2C 08 00 12 31 09 00 00 00 00 00 00 00 00 00 00 00 00 00 00 00 00 98 DF 
2023/6/26 11:23:00.811 [RX] - 56 69 56 4F 74 65 63 68 32 00 2C 00 00 00 1C 9B  PT command (OK)

2023/6/26 11:23:00.811 [RX] - 00 00 00 00 00 00 00 00 00 00 00 00 00 00 00 00 00 00 00 00 00 00 00 00 00 00 00 00 00 00 00 00 00 00 00 00 00 00 00 00 00 00 00 00 00 00 00  ----- Write Block #10 -----
 i = 010

2023/6/26 11:23:00.835 [TX] - 56 69 56 4F 74 65 63 68 32 00 2C 08 00 12 31 0A 00 00 00 00 00 00 00 00 00 00 00 00 00 00 00 00 A9 F9 
2023/6/26 11:23:00.862 [RX] - 56 69 56 4F 74 65 63 68 32 00 2C 00 00 00 1C 9B  PT command (OK)

2023/6/26 11:23:00.862 [RX] - 00 00 00 00 00 00 00 00 00 00 00 00 00 00 00 00 00 00 00 00 00 00 00 00 00 00 00 00 00 00 00 00 00 00 00 00 00 00 00 00 00 00 00 00 00 00 00  ----- #11 was SKIPPED -----
 ----- Write Block #12 -----
 i = 012

2023/6/26 11:23:00.898 [TX] - 56 69 56 4F 74 65 63 68 32 00 2C 08 00 12 31 0C 00 00 00 00 00 00 00 00 00 00 00 00 00 00 00 00 CB B5 
2023/6/26 11:23:00.925 [RX] - 56 69 56 4F 74 65 63 68 32 00 2C 00 00 00 1C 9B  PT command (OK)

2023/6/26 11:23:00.925 [RX] - 00 00 00 00 00 00 00 00 00 00 00 00 00 00 00 00 00 00 00 00 00 00 00 00 00 00 00 00 00 00 00 00 00 00 00 00 00 00 00 00 00 00 00 00 00 00 00  ----- Write Block #13 -----
 i = 013

2023/6/26 11:23:00.953 [TX] - 56 69 56 4F 74 65 63 68 32 00 2C 08 00 12 31 0D 00 00 00 00 00 00 00 00 00 00 00 00 00 00 00 00 DB 57 
2023/6/26 11:23:00.980 [RX] - 56 69 56 4F 74 65 63 68 32 00 2C 00 00 00 1C 9B  PT command (OK)

2023/6/26 11:23:00.980 [RX] - 00 00 00 00 00 00 00 00 00 00 00 00 00 00 00 00 00 00 00 00 00 00 00 00 00 00 00 00 00 00 00 00 00 00 00 00 00 00 00 00 00 00 00 00 00 00 00  ----- Write Block #14 -----
 i = 014

2023/6/26 11:23:01.013 [TX] - 56 69 56 4F 74 65 63 68 32 00 2C 08 00 12 31 0E 00 00 00 00 00 00 00 00 00 00 00 00 00 00 00 00 EA 71 
2023/6/26 11:23:01.041 [RX] - 56 69 56 4F 74 65 63 68 32 00 2C 00 00 00 1C 9B  PT command (OK)

2023/6/26 11:23:01.041 [RX] - 00 00 00 00 00 00 00 00 00 00 00 00 00 00 00 00 00 00 00 00 00 00 00 00 00 00 00 00 00 00 00 00 00 00 00 00 00 00 00 00 00 00 00 00 00 00 00  ----- #15 was SKIPPED -----
 ----- Write Block #16 -----
 i = 016

2023/6/26 11:23:01.093 [TX] - 56 69 56 4F 74 65 63 68 32 00 2C 08 00 12 31 10 00 00 00 00 00 00 00 00 00 00 00 00 00 00 00 00 11 2C 
2023/6/26 11:23:01.120 [RX] - 56 69 56 4F 74 65 63 68 32 00 2C 00 00 00 1C 9B  PT command (OK)

2023/6/26 11:23:01.120 [RX] - 00 00 00 00 00 00 00 00 00 00 00 00 00 00 00 00 00 00 00 00 00 00 00 00 00 00 00 00 00 00 00 00 00 00 00 00 00 00 00 00 00 00 00 00 00 00 00  ----- Write Block #17 -----
 i = 017

2023/6/26 11:23:01.156 [TX] - 56 69 56 4F 74 65 63 68 32 00 2C 08 00 12 31 11 00 00 00 00 00 00 00 00 00 00 00 00 00 00 00 00 01 CE 
2023/6/26 11:23:01.183 [RX] - 56 69 56 4F 74 65 63 68 32 00 2C 00 00 00 1C 9B  PT command (OK)

2023/6/26 11:23:01.183 [RX] - 00 00 00 00 00 00 00 00 00 00 00 00 00 00 00 00 00 00 00 00 00 00 00 00 00 00 00 00 00 00 00 00 00 00 00 00 00 00 00 00 00 00 00 00 00 00 00  ----- Write Block #18 -----
 i = 018

2023/6/26 11:23:01.219 [TX] - 56 69 56 4F 74 65 63 68 32 00 2C 08 00 12 31 12 00 00 00 00 00 00 00 00 00 00 00 00 00 00 00 00 30 E8 
2023/6/26 11:23:01.246 [RX] - 56 69 56 4F 74 65 63 68 32 00 2C 00 00 00 1C 9B  PT command (OK)

2023/6/26 11:23:01.246 [RX] - 00 00 00 00 00 00 00 00 00 00 00 00 00 00 00 00 00 00 00 00 00 00 00 00 00 00 00 00 00 00 00 00 00 00 00 00 00 00 00 00 00 00 00 00 00 00 00  ----- #19 was SKIPPED -----
 ----- Write Block #20 -----
 i = 020

2023/6/26 11:23:01.288 [TX] - 56 69 56 4F 74 65 63 68 32 00 2C 08 00 12 31 14 00 00 00 00 00 00 00 00 00 00 00 00 00 00 00 00 52 A4 
2023/6/26 11:23:01.315 [RX] - 56 69 56 4F 74 65 63 68 32 00 2C 00 00 00 1C 9B  PT command (OK)

2023/6/26 11:23:01.315 [RX] - 00 00 00 00 00 00 00 00 00 00 00 00 00 00 00 00 00 00 00 00 00 00 00 00 00 00 00 00 00 00 00 00 00 00 00 00 00 00 00 00 00 00 00 00 00 00 00  ----- Write Block #21 -----
 i = 021

2023/6/26 11:23:01.341 [TX] - 56 69 56 4F 74 65 63 68 32 00 2C 08 00 12 31 15 00 00 00 00 00 00 00 00 00 00 00 00 00 00 00 00 42 46 
2023/6/26 11:23:01.368 [RX] - 56 69 56 4F 74 65 63 68 32 00 2C 00 00 00 1C 9B  PT command (OK)

2023/6/26 11:23:01.368 [RX] - 00 00 00 00 00 00 00 00 00 00 00 00 00 00 00 00 00 00 00 00 00 00 00 00 00 00 00 00 00 00 00 00 00 00 00 00 00 00 00 00 00 00 00 00 00 00 00  ----- Write Block #22 -----
 i = 022

2023/6/26 11:23:01.403 [TX] - 56 69 56 4F 74 65 63 68 32 00 2C 08 00 12 31 16 00 00 00 00 00 00 00 00 00 00 00 00 00 00 00 00 73 60 
2023/6/26 11:23:01.430 [RX] - 56 69 56 4F 74 65 63 68 32 00 2C 00 00 00 1C 9B  PT command (OK)

2023/6/26 11:23:01.430 [RX] - 00 00 00 00 00 00 00 00 00 00 00 00 00 00 00 00 00 00 00 00 00 00 00 00 00 00 00 00 00 00 00 00 00 00 00 00 00 00 00 00 00 00 00 00 00 00 00  ----- #23 was SKIPPED -----
 ----- Write Block #24 -----
 i = 024

2023/6/26 11:23:01.473 [TX] - 56 69 56 4F 74 65 63 68 32 00 2C 08 00 12 31 18 00 00 00 00 00 00 00 00 00 00 00 00 00 00 00 00 96 3C 
2023/6/26 11:23:01.500 [RX] - 56 69 56 4F 74 65 63 68 32 00 2C 00 00 00 1C 9B  PT command (OK)

2023/6/26 11:23:01.500 [RX] - 00 00 00 00 00 00 00 00 00 00 00 00 00 00 00 00 00 00 00 00 00 00 00 00 00 00 00 00 00 00 00 00 00 00 00 00 00 00 00 00 00 00 00 00 00 00 00  ----- Write Block #25 -----
 i = 025

2023/6/26 11:23:01.525 [TX] - 56 69 56 4F 74 65 63 68 32 00 2C 08 00 12 31 19 00 00 00 00 00 00 00 00 00 00 00 00 00 00 00 00 86 DE 
2023/6/26 11:23:01.552 [RX] - 56 69 56 4F 74 65 63 68 32 00 2C 00 00 00 1C 9B  PT command (OK)

2023/6/26 11:23:01.552 [RX] - 00 00 00 00 00 00 00 00 00 00 00 00 00 00 00 00 00 00 00 00 00 00 00 00 00 00 00 00 00 00 00 00 00 00 00 00 00 00 00 00 00 00 00 00 00 00 00  ----- Write Block #26 -----
 i = 026

2023/6/26 11:23:01.588 [TX] - 56 69 56 4F 74 65 63 68 32 00 2C 08 00 12 31 1A 00 00 00 00 00 00 00 00 00 00 00 00 00 00 00 00 B7 F8 
2023/6/26 11:23:01.615 [RX] - 56 69 56 4F 74 65 63 68 32 00 2C 00 00 00 1C 9B  PT command (OK)

2023/6/26 11:23:01.615 [RX] - 00 00 00 00 00 00 00 00 00 00 00 00 00 00 00 00 00 00 00 00 00 00 00 00 00 00 00 00 00 00 00 00 00 00 00 00 00 00 00 00 00 00 00 00 00 00 00  ----- #27 was SKIPPED -----
 ----- Write Block #28 -----
 i = 028

2023/6/26 11:23:01.664 [TX] - 56 69 56 4F 74 65 63 68 32 00 2C 08 00 12 31 1C 00 00 00 00 00 00 00 00 00 00 00 00 00 00 00 00 D5 B4 
2023/6/26 11:23:01.691 [RX] - 56 69 56 4F 74 65 63 68 32 00 2C 00 00 00 1C 9B  PT command (OK)

2023/6/26 11:23:01.691 [RX] - 00 00 00 00 00 00 00 00 00 00 00 00 00 00 00 00 00 00 00 00 00 00 00 00 00 00 00 00 00 00 00 00 00 00 00 00 00 00 00 00 00 00 00 00 00 00 00  ----- Write Block #29 -----
 i = 029

2023/6/26 11:23:01.727 [TX] - 56 69 56 4F 74 65 63 68 32 00 2C 08 00 12 31 1D 00 00 00 00 00 00 00 00 00 00 00 00 00 00 00 00 C5 56 
2023/6/26 11:23:01.755 [RX] - 56 69 56 4F 74 65 63 68 32 00 2C 00 00 00 1C 9B  PT command (OK)

2023/6/26 11:23:01.755 [RX] - 00 00 00 00 00 00 00 00 00 00 00 00 00 00 00 00 00 00 00 00 00 00 00 00 00 00 00 00 00 00 00 00 00 00 00 00 00 00 00 00 00 00 00 00 00 00 00  ----- Write Block #30 -----
 i = 030

2023/6/26 11:23:01.793 [TX] - 56 69 56 4F 74 65 63 68 32 00 2C 08 00 12 31 1E 00 00 00 00 00 00 00 00 00 00 00 00 00 00 00 00 F4 70 
2023/6/26 11:23:01.820 [RX] - 56 69 56 4F 74 65 63 68 32 00 2C 00 00 00 1C 9B  PT command (OK)

2023/6/26 11:23:01.820 [RX] - 00 00 00 00 00 00 00 00 00 00 00 00 00 00 00 00 00 00 00 00 00 00 00 00 00 00 00 00 00 00 00 00 00 00 00 00 00 00 00 00 00 00 00 00 00 00 00  ----- #31 was SKIPPED -----
 ----- Write Block #32 -----
 i = 032

2023/6/26 11:23:01.864 [TX] - 56 69 56 4F 74 65 63 68 32 00 2C 08 00 12 31 20 00 00 00 00 00 00 00 00 00 00 00 00 00 00 00 00 33 2F 
2023/6/26 11:23:01.891 [RX] - 56 69 56 4F 74 65 63 68 32 00 2C 00 00 00 1C 9B  PT command (OK)

2023/6/26 11:23:01.891 [RX] - 00 00 00 00 00 00 00 00 00 00 00 00 00 00 00 00 00 00 00 00 00 00 00 00 00 00 00 00 00 00 00 00 00 00 00 00 00 00 00 00 00 00 00 00 00 00 00  ----- Write Block #33 -----
 i = 033

2023/6/26 11:23:01.917 [TX] - 56 69 56 4F 74 65 63 68 32 00 2C 08 00 12 31 21 00 00 00 00 00 00 00 00 00 00 00 00 00 00 00 00 23 CD 
2023/6/26 11:23:01.944 [RX] - 56 69 56 4F 74 65 63 68 32 00 2C 00 00 00 1C 9B  PT command (OK)

2023/6/26 11:23:01.944 [RX] - 00 00 00 00 00 00 00 00 00 00 00 00 00 00 00 00 00 00 00 00 00 00 00 00 00 00 00 00 00 00 00 00 00 00 00 00 00 00 00 00 00 00 00 00 00 00 00  ----- Write Block #34 -----
 i = 034

2023/6/26 11:23:01.979 [TX] - 56 69 56 4F 74 65 63 68 32 00 2C 08 00 12 31 22 00 00 00 00 00 00 00 00 00 00 00 00 00 00 00 00 12 EB 
2023/6/26 11:23:02.006 [RX] - 56 69 56 4F 74 65 63 68 32 00 2C 00 00 00 1C 9B  PT command (OK)

2023/6/26 11:23:02.006 [RX] - 00 00 00 00 00 00 00 00 00 00 00 00 00 00 00 00 00 00 00 00 00 00 00 00 00 00 00 00 00 00 00 00 00 00 00 00 00 00 00 00 00 00 00 00 00 00 00  ----- #35 was SKIPPED -----
 ----- Write Block #36 -----
 i = 036

2023/6/26 11:23:02.057 [TX] - 56 69 56 4F 74 65 63 68 32 00 2C 08 00 12 31 24 00 00 00 00 00 00 00 00 00 00 00 00 00 00 00 00 70 A7 
2023/6/26 11:23:02.084 [RX] - 56 69 56 4F 74 65 63 68 32 00 2C 00 00 00 1C 9B  PT command (OK)

2023/6/26 11:23:02.084 [RX] - 00 00 00 00 00 00 00 00 00 00 00 00 00 00 00 00 00 00 00 00 00 00 00 00 00 00 00 00 00 00 00 00 00 00 00 00 00 00 00 00 00 00 00 00 00 00 00  ----- Write Block #37 -----
 i = 037

2023/6/26 11:23:02.120 [TX] - 56 69 56 4F 74 65 63 68 32 00 2C 08 00 12 31 25 00 00 00 00 00 00 00 00 00 00 00 00 00 00 00 00 60 45 
2023/6/26 11:23:02.147 [RX] - 56 69 56 4F 74 65 63 68 32 00 2C 00 00 00 1C 9B  PT command (OK)

2023/6/26 11:23:02.147 [RX] - 00 00 00 00 00 00 00 00 00 00 00 00 00 00 00 00 00 00 00 00 00 00 00 00 00 00 00 00 00 00 00 00 00 00 00 00 00 00 00 00 00 00 00 00 00 00 00  ----- Write Block #38 -----
 i = 038

2023/6/26 11:23:02.182 [TX] - 56 69 56 4F 74 65 63 68 32 00 2C 08 00 12 31 26 00 00 00 00 00 00 00 00 00 00 00 00 00 00 00 00 51 63 
2023/6/26 11:23:02.209 [RX] - 56 69 56 4F 74 65 63 68 32 00 2C 00 00 00 1C 9B  PT command (OK)

2023/6/26 11:23:02.209 [RX] - 00 00 00 00 00 00 00 00 00 00 00 00 00 00 00 00 00 00 00 00 00 00 00 00 00 00 00 00 00 00 00 00 00 00 00 00 00 00 00 00 00 00 00 00 00 00 00  ----- #39 was SKIPPED -----
 ----- Write Block #40 -----
 i = 040

2023/6/26 11:23:02.254 [TX] - 56 69 56 4F 74 65 63 68 32 00 2C 08 00 12 31 28 00 00 00 00 00 00 00 00 00 00 00 00 00 00 00 00 B4 3F 
2023/6/26 11:23:02.281 [RX] - 56 69 56 4F 74 65 63 68 32 00 2C 00 00 00 1C 9B  PT command (OK)

2023/6/26 11:23:02.281 [RX] - 00 00 00 00 00 00 00 00 00 00 00 00 00 00 00 00 00 00 00 00 00 00 00 00 00 00 00 00 00 00 00 00 00 00 00 00 00 00 00 00 00 00 00 00 00 00 00  ----- Write Block #41 -----
 i = 041

2023/6/26 11:23:02.306 [TX] - 56 69 56 4F 74 65 63 68 32 00 2C 08 00 12 31 29 00 00 00 00 00 00 00 00 00 00 00 00 00 00 00 00 A4 DD 
2023/6/26 11:23:02.333 [RX] - 56 69 56 4F 74 65 63 68 32 00 2C 00 00 00 1C 9B  PT command (OK)

2023/6/26 11:23:02.333 [RX] - 00 00 00 00 00 00 00 00 00 00 00 00 00 00 00 00 00 00 00 00 00 00 00 00 00 00 00 00 00 00 00 00 00 00 00 00 00 00 00 00 00 00 00 00 00 00 00  ----- Write Block #42 -----
 i = 042

2023/6/26 11:23:02.369 [TX] - 56 69 56 4F 74 65 63 68 32 00 2C 08 00 12 31 2A 00 00 00 00 00 00 00 00 00 00 00 00 00 00 00 00 95 FB 
2023/6/26 11:23:02.399 [RX] - 56 69 56 4F 74 65 63 68 32 00 2C 00 00 00 1C 9B  PT command (OK)

2023/6/26 11:23:02.399 [RX] - 00 00 00 00 00 00 00 00 00 00 00 00 00 00 00 00 00 00 00 00 00 00 00 00 00 00 00 00 00 00 00 00 00 00 00 00 00 00 00 00 00 00 00 00 00 00 00  ----- #43 was SKIPPED -----
 ----- Write Block #44 -----
 i = 044

2023/6/26 11:23:02.441 [TX] - 56 69 56 4F 74 65 63 68 32 00 2C 08 00 12 31 2C 00 00 00 00 00 00 00 00 00 00 00 00 00 00 00 00 F7 B7 
2023/6/26 11:23:02.468 [RX] - 56 69 56 4F 74 65 63 68 32 00 2C 00 00 00 1C 9B  PT command (OK)

2023/6/26 11:23:02.468 [RX] - 00 00 00 00 00 00 00 00 00 00 00 00 00 00 00 00 00 00 00 00 00 00 00 00 00 00 00 00 00 00 00 00 00 00 00 00 00 00 00 00 00 00 00 00 00 00 00  ----- Write Block #45 -----
 i = 045

2023/6/26 11:23:02.493 [TX] - 56 69 56 4F 74 65 63 68 32 00 2C 08 00 12 31 2D 00 00 00 00 00 00 00 00 00 00 00 00 00 00 00 00 E7 55 
2023/6/26 11:23:02.520 [RX] - 56 69 56 4F 74 65 63 68 32 00 2C 00 00 00 1C 9B  PT command (OK)

2023/6/26 11:23:02.520 [RX] - 00 00 00 00 00 00 00 00 00 00 00 00 00 00 00 00 00 00 00 00 00 00 00 00 00 00 00 00 00 00 00 00 00 00 00 00 00 00 00 00 00 00 00 00 00 00 00  ----- Write Block #46 -----
 i = 046

2023/6/26 11:23:02.556 [TX] - 56 69 56 4F 74 65 63 68 32 00 2C 08 00 12 31 2E 00 00 00 00 00 00 00 00 00 00 00 00 00 00 00 00 D6 73 
2023/6/26 11:23:02.583 [RX] - 56 69 56 4F 74 65 63 68 32 00 2C 00 00 00 1C 9B  PT command (OK)

2023/6/26 11:23:02.583 [RX] - 00 00 00 00 00 00 00 00 00 00 00 00 00 00 00 00 00 00 00 00 00 00 00 00 00 00 00 00 00 00 00 00 00 00 00 00 00 00 00 00 00 00 00 00 00 00 00  ----- #47 was SKIPPED -----
 ----- Write Block #48 -----
 i = 048

2023/6/26 11:23:02.636 [TX] - 56 69 56 4F 74 65 63 68 32 00 2C 08 00 12 31 30 00 00 00 00 00 00 00 00 00 00 00 00 00 00 00 00 2D 2E 
2023/6/26 11:23:02.663 [RX] - 56 69 56 4F 74 65 63 68 32 00 2C 00 00 00 1C 9B  PT command (OK)

2023/6/26 11:23:02.663 [RX] - 00 00 00 00 00 00 00 00 00 00 00 00 00 00 00 00 00 00 00 00 00 00 00 00 00 00 00 00 00 00 00 00 00 00 00 00 00 00 00 00 00 00 00 00 00 00 00  ----- Write Block #49 -----
 i = 049

2023/6/26 11:23:02.697 [TX] - 56 69 56 4F 74 65 63 68 32 00 2C 08 00 12 31 31 00 00 00 00 00 00 00 00 00 00 00 00 00 00 00 00 3D CC 
2023/6/26 11:23:02.724 [RX] - 56 69 56 4F 74 65 63 68 32 00 2C 00 00 00 1C 9B  PT command (OK)

2023/6/26 11:23:02.724 [RX] - 00 00 00 00 00 00 00 00 00 00 00 00 00 00 00 00 00 00 00 00 00 00 00 00 00 00 00 00 00 00 00 00 00 00 00 00 00 00 00 00 00 00 00 00 00 00 00  ----- Write Block #50 -----
 i = 050

2023/6/26 11:23:02.760 [TX] - 56 69 56 4F 74 65 63 68 32 00 2C 08 00 12 31 32 00 00 00 00 00 00 00 00 00 00 00 00 00 00 00 00 0C EA 
2023/6/26 11:23:02.787 [RX] - 56 69 56 4F 74 65 63 68 32 00 2C 00 00 00 1C 9B  PT command (OK)

2023/6/26 11:23:02.787 [RX] - 00 00 00 00 00 00 00 00 00 00 00 00 00 00 00 00 00 00 00 00 00 00 00 00 00 00 00 00 00 00 00 00 00 00 00 00 00 00 00 00 00 00 00 00 00 00 00  ----- #51 was SKIPPED -----
 ----- Write Block #52 -----
 i = 052

2023/6/26 11:23:02.834 [TX] - 56 69 56 4F 74 65 63 68 32 00 2C 08 00 12 31 34 00 00 00 00 00 00 00 00 00 00 00 00 00 00 00 00 6E A6 
2023/6/26 11:23:02.862 [RX] - 56 69 56 4F 74 65 63 68 32 00 2C 00 00 00 1C 9B  PT command (OK)

2023/6/26 11:23:02.862 [RX] - 00 00 00 00 00 00 00 00 00 00 00 00 00 00 00 00 00 00 00 00 00 00 00 00 00 00 00 00 00 00 00 00 00 00 00 00 00 00 00 00 00 00 00 00 00 00 00  ----- Write Block #53 -----
 i = 053

2023/6/26 11:23:02.887 [TX] - 56 69 56 4F 74 65 63 68 32 00 2C 08 00 12 31 35 00 00 00 00 00 00 00 00 00 00 00 00 00 00 00 00 7E 44 
2023/6/26 11:23:02.914 [RX] - 56 69 56 4F 74 65 63 68 32 00 2C 00 00 00 1C 9B  PT command (OK)

2023/6/26 11:23:02.914 [RX] - 00 00 00 00 00 00 00 00 00 00 00 00 00 00 00 00 00 00 00 00 00 00 00 00 00 00 00 00 00 00 00 00 00 00 00 00 00 00 00 00 00 00 00 00 00 00 00  ----- Write Block #54 -----
 i = 054

2023/6/26 11:23:02.950 [TX] - 56 69 56 4F 74 65 63 68 32 00 2C 08 00 12 31 36 00 00 00 00 00 00 00 00 00 00 00 00 00 00 00 00 4F 62 
2023/6/26 11:23:02.977 [RX] - 56 69 56 4F 74 65 63 68 32 00 2C 00 00 00 1C 9B  PT command (OK)

2023/6/26 11:23:02.977 [RX] - 00 00 00 00 00 00 00 00 00 00 00 00 00 00 00 00 00 00 00 00 00 00 00 00 00 00 00 00 00 00 00 00 00 00 00 00 00 00 00 00 00 00 00 00 00 00 00  ----- #55 was SKIPPED -----
 ----- Write Block #56 -----
 i = 056

2023/6/26 11:23:03.023 [TX] - 56 69 56 4F 74 65 63 68 32 00 2C 08 00 12 31 38 00 00 00 00 00 00 00 00 00 00 00 00 00 00 00 00 AA 3E 
2023/6/26 11:23:03.050 [RX] - 56 69 56 4F 74 65 63 68 32 00 2C 00 00 00 1C 9B  PT command (OK)

2023/6/26 11:23:03.050 [RX] - 00 00 00 00 00 00 00 00 00 00 00 00 00 00 00 00 00 00 00 00 00 00 00 00 00 00 00 00 00 00 00 00 00 00 00 00 00 00 00 00 00 00 00 00 00 00 00  ----- Write Block #57 -----
 i = 057

2023/6/26 11:23:03.075 [TX] - 56 69 56 4F 74 65 63 68 32 00 2C 08 00 12 31 39 00 00 00 00 00 00 00 00 00 00 00 00 00 00 00 00 BA DC 
2023/6/26 11:23:03.103 [RX] - 56 69 56 4F 74 65 63 68 32 00 2C 00 00 00 1C 9B  PT command (OK)

2023/6/26 11:23:03.103 [RX] - 00 00 00 00 00 00 00 00 00 00 00 00 00 00 00 00 00 00 00 00 00 00 00 00 00 00 00 00 00 00 00 00 00 00 00 00 00 00 00 00 00 00 00 00 00 00 00  ----- Write Block #58 -----
 i = 058

2023/6/26 11:23:03.138 [TX] - 56 69 56 4F 74 65 63 68 32 00 2C 08 00 12 31 3A 00 00 00 00 00 00 00 00 00 00 00 00 00 00 00 00 8B FA 
2023/6/26 11:23:03.165 [RX] - 56 69 56 4F 74 65 63 68 32 00 2C 00 00 00 1C 9B  PT command (OK)

2023/6/26 11:23:03.165 [RX] - 00 00 00 00 00 00 00 00 00 00 00 00 00 00 00 00 00 00 00 00 00 00 00 00 00 00 00 00 00 00 00 00 00 00 00 00 00 00 00 00 00 00 00 00 00 00 00  ----- #59 was SKIPPED -----
 ----- Write Block #60 -----
 i = 060

2023/6/26 11:23:03.211 [TX] - 56 69 56 4F 74 65 63 68 32 00 2C 08 00 12 31 3C 00 00 00 00 00 00 00 00 00 00 00 00 00 00 00 00 E9 B6 
2023/6/26 11:23:03.238 [RX] - 56 69 56 4F 74 65 63 68 32 00 2C 00 00 00 1C 9B  PT command (OK)

2023/6/26 11:23:03.238 [RX] - 00 00 00 00 00 00 00 00 00 00 00 00 00 00 00 00 00 00 00 00 00 00 00 00 00 00 00 00 00 00 00 00 00 00 00 00 00 00 00 00 00 00 00 00 00 00 00  ----- Write Block #61 -----
 i = 061

2023/6/26 11:23:03.268 [TX] - 56 69 56 4F 74 65 63 68 32 00 2C 08 00 12 31 3D 00 00 00 00 00 00 00 00 00 00 00 00 00 00 00 00 F9 54 
2023/6/26 11:23:03.295 [RX] - 56 69 56 4F 74 65 63 68 32 00 2C 00 00 00 1C 9B  PT command (OK)

2023/6/26 11:23:03.295 [RX] - 00 00 00 00 00 00 00 00 00 00 00 00 00 00 00 00 00 00 00 00 00 00 00 00 00 00 00 00 00 00 00 00 00 00 00 00 00 00 00 00 00 00 00 00 00 00 00  ----- Write Block #62 -----
 i = 062

2023/6/26 11:23:03.326 [TX] - 56 69 56 4F 74 65 63 68 32 00 2C 08 00 12 31 3E 00 00 00 00 00 00 00 00 00 00 00 00 00 00 00 00 C8 72 
2023/6/26 11:23:03.353 [RX] - 56 69 56 4F 74 65 63 68 32 00 2C 00 00 00 1C 9B  PT command (OK)

2023/6/26 11:23:03.353 [RX] - 00 00 00 00 00 00 00 00 00 00 00 00 00 00 00 00 00 00 00 00 00 00 00 00 00 00 00 00 00 00 00 00 00 00 00 00 00 00 00 00 00 00 00 00 00 00 00  ----- #63 was SKIPPED -----
 ----- Write Block #64 -----
 i = 064

2023/6/26 11:23:03.397 [TX] - 56 69 56 4F 74 65 63 68 32 00 2C 08 00 12 31 40 00 00 00 00 00 00 00 00 00 00 00 00 00 00 00 00 77 29 
2023/6/26 11:23:03.424 [RX] - 56 69 56 4F 74 65 63 68 32 00 2C 00 00 00 1C 9B  PT command (OK)

2023/6/26 11:23:03.424 [RX] - 00 00 00 00 00 00 00 00 00 00 00 00 00 00 00 00 00 00 00 00 00 00 00 00 00 00 00 00 00 00 00 00 00 00 00 00 00 00 00 00 00 00 00 00 00 00 00  ----- Write Block #65 -----
 i = 065

2023/6/26 11:23:03.450 [TX] - 56 69 56 4F 74 65 63 68 32 00 2C 08 00 12 31 41 00 00 00 00 00 00 00 00 00 00 00 00 00 00 00 00 67 CB 
2023/6/26 11:23:03.477 [RX] - 56 69 56 4F 74 65 63 68 32 00 2C 00 00 00 1C 9B  PT command (OK)

2023/6/26 11:23:03.477 [RX] - 00 00 00 00 00 00 00 00 00 00 00 00 00 00 00 00 00 00 00 00 00 00 00 00 00 00 00 00 00 00 00 00 00 00 00 00 00 00 00 00 00 00 00 00 00 00 00  ----- Write Block #66 -----
 i = 066

2023/6/26 11:23:03.513 [TX] - 56 69 56 4F 74 65 63 68 32 00 2C 08 00 12 31 42 00 00 00 00 00 00 00 00 00 00 00 00 00 00 00 00 56 ED 
2023/6/26 11:23:03.540 [RX] - 56 69 56 4F 74 65 63 68 32 00 2C 00 00 00 1C 9B  PT command (OK)

2023/6/26 11:23:03.540 [RX] - 00 00 00 00 00 00 00 00 00 00 00 00 00 00 00 00 00 00 00 00 00 00 00 00 00 00 00 00 00 00 00 00 00 00 00 00 00 00 00 00 00 00 00 00 00 00 00  ----- #67 was SKIPPED -----
 ----- Write Block #68 -----
 i = 068

2023/6/26 11:23:03.585 [TX] - 56 69 56 4F 74 65 63 68 32 00 2C 08 00 12 31 44 00 00 00 00 00 00 00 00 00 00 00 00 00 00 00 00 34 A1 
2023/6/26 11:23:03.612 [RX] - 56 69 56 4F 74 65 63 68 32 00 2C 00 00 00 1C 9B  PT command (OK)

2023/6/26 11:23:03.612 [RX] - 00 00 00 00 00 00 00 00 00 00 00 00 00 00 00 00 00 00 00 00 00 00 00 00 00 00 00 00 00 00 00 00 00 00 00 00 00 00 00 00 00 00 00 00 00 00 00  ----- Write Block #69 -----
 i = 069

2023/6/26 11:23:03.638 [TX] - 56 69 56 4F 74 65 63 68 32 00 2C 08 00 12 31 45 00 00 00 00 00 00 00 00 00 00 00 00 00 00 00 00 24 43 
2023/6/26 11:23:03.665 [RX] - 56 69 56 4F 74 65 63 68 32 00 2C 00 00 00 1C 9B  PT command (OK)

2023/6/26 11:23:03.665 [RX] - 00 00 00 00 00 00 00 00 00 00 00 00 00 00 00 00 00 00 00 00 00 00 00 00 00 00 00 00 00 00 00 00 00 00 00 00 00 00 00 00 00 00 00 00 00 00 00  ----- Write Block #70 -----
 i = 070

2023/6/26 11:23:03.699 [TX] - 56 69 56 4F 74 65 63 68 32 00 2C 08 00 12 31 46 00 00 00 00 00 00 00 00 00 00 00 00 00 00 00 00 15 65 
2023/6/26 11:23:03.726 [RX] - 56 69 56 4F 74 65 63 68 32 00 2C 00 00 00 1C 9B  PT command (OK)

2023/6/26 11:23:03.726 [RX] - 00 00 00 00 00 00 00 00 00 00 00 00 00 00 00 00 00 00 00 00 00 00 00 00 00 00 00 00 00 00 00 00 00 00 00 00 00 00 00 00 00 00 00 00 00 00 00  ----- #71 was SKIPPED -----
 ----- Write Block #72 -----
 i = 072

2023/6/26 11:23:03.773 [TX] - 56 69 56 4F 74 65 63 68 32 00 2C 08 00 12 31 48 00 00 00 00 00 00 00 00 00 00 00 00 00 00 00 00 F0 39 
2023/6/26 11:23:03.801 [RX] - 56 69 56 4F 74 65 63 68 32 00 2C 00 00 00 1C 9B  PT command (OK)

2023/6/26 11:23:03.801 [RX] - 00 00 00 00 00 00 00 00 00 00 00 00 00 00 00 00 00 00 00 00 00 00 00 00 00 00 00 00 00 00 00 00 00 00 00 00 00 00 00 00 00 00 00 00 00 00 00  ----- Write Block #73 -----
 i = 073

2023/6/26 11:23:03.840 [TX] - 56 69 56 4F 74 65 63 68 32 00 2C 08 00 12 31 49 00 00 00 00 00 00 00 00 00 00 00 00 00 00 00 00 E0 DB 
2023/6/26 11:23:03.867 [RX] - 56 69 56 4F 74 65 63 68 32 00 2C 00 00 00 1C 9B  PT command (OK)

2023/6/26 11:23:03.867 [RX] - 00 00 00 00 00 00 00 00 00 00 00 00 00 00 00 00 00 00 00 00 00 00 00 00 00 00 00 00 00 00 00 00 00 00 00 00 00 00 00 00 00 00 00 00 00 00 00  ----- Write Block #74 -----
 i = 074

2023/6/26 11:23:03.902 [TX] - 56 69 56 4F 74 65 63 68 32 00 2C 08 00 12 31 4A 00 00 00 00 00 00 00 00 00 00 00 00 00 00 00 00 D1 FD 
2023/6/26 11:23:03.929 [RX] - 56 69 56 4F 74 65 63 68 32 00 2C 00 00 00 1C 9B  PT command (OK)

2023/6/26 11:23:03.929 [RX] - 00 00 00 00 00 00 00 00 00 00 00 00 00 00 00 00 00 00 00 00 00 00 00 00 00 00 00 00 00 00 00 00 00 00 00 00 00 00 00 00 00 00 00 00 00 00 00  ----- #75 was SKIPPED -----
 ----- Write Block #76 -----
 i = 076

2023/6/26 11:23:03.978 [TX] - 56 69 56 4F 74 65 63 68 32 00 2C 08 00 12 31 4C 00 00 00 00 00 00 00 00 00 00 00 00 00 00 00 00 B3 B1 
2023/6/26 11:23:04.005 [RX] - 56 69 56 4F 74 65 63 68 32 00 2C 00 00 00 1C 9B  PT command (OK)

2023/6/26 11:23:04.005 [RX] - 00 00 00 00 00 00 00 00 00 00 00 00 00 00 00 00 00 00 00 00 00 00 00 00 00 00 00 00 00 00 00 00 00 00 00 00 00 00 00 00 00 00 00 00 00 00 00  ----- Write Block #77 -----
 i = 077

2023/6/26 11:23:04.042 [TX] - 56 69 56 4F 74 65 63 68 32 00 2C 08 00 12 31 4D 00 00 00 00 00 00 00 00 00 00 00 00 00 00 00 00 A3 53 
2023/6/26 11:23:04.069 [RX] - 56 69 56 4F 74 65 63 68 32 00 2C 00 00 00 1C 9B  PT command (OK)

2023/6/26 11:23:04.069 [RX] - 00 00 00 00 00 00 00 00 00 00 00 00 00 00 00 00 00 00 00 00 00 00 00 00 00 00 00 00 00 00 00 00 00 00 00 00 00 00 00 00 00 00 00 00 00 00 00  ----- Write Block #78 -----
 i = 078

2023/6/26 11:23:04.104 [TX] - 56 69 56 4F 74 65 63 68 32 00 2C 08 00 12 31 4E 00 00 00 00 00 00 00 00 00 00 00 00 00 00 00 00 92 75 
2023/6/26 11:23:04.131 [RX] - 56 69 56 4F 74 65 63 68 32 00 2C 00 00 00 1C 9B  PT command (OK)

2023/6/26 11:23:04.131 [RX] - 00 00 00 00 00 00 00 00 00 00 00 00 00 00 00 00 00 00 00 00 00 00 00 00 00 00 00 00 00 00 00 00 00 00 00 00 00 00 00 00 00 00 00 00 00 00 00  ----- #79 was SKIPPED -----
 ----- Write Block #80 -----
 i = 080

2023/6/26 11:23:04.176 [TX] - 56 69 56 4F 74 65 63 68 32 00 2C 08 00 12 31 50 00 00 00 00 00 00 00 00 00 00 00 00 00 00 00 00 69 28 
2023/6/26 11:23:04.203 [RX] - 56 69 56 4F 74 65 63 68 32 00 2C 00 00 00 1C 9B  PT command (OK)

2023/6/26 11:23:04.203 [RX] - 00 00 00 00 00 00 00 00 00 00 00 00 00 00 00 00 00 00 00 00 00 00 00 00 00 00 00 00 00 00 00 00 00 00 00 00 00 00 00 00 00 00 00 00 00 00 00  ----- Write Block #81 -----
 i = 081

2023/6/26 11:23:04.229 [TX] - 56 69 56 4F 74 65 63 68 32 00 2C 08 00 12 31 51 00 00 00 00 00 00 00 00 00 00 00 00 00 00 00 00 79 CA 
2023/6/26 11:23:04.256 [RX] - 56 69 56 4F 74 65 63 68 32 00 2C 00 00 00 1C 9B  PT command (OK)

2023/6/26 11:23:04.256 [RX] - 00 00 00 00 00 00 00 00 00 00 00 00 00 00 00 00 00 00 00 00 00 00 00 00 00 00 00 00 00 00 00 00 00 00 00 00 00 00 00 00 00 00 00 00 00 00 00  ----- Write Block #82 -----
 i = 082

2023/6/26 11:23:04.292 [TX] - 56 69 56 4F 74 65 63 68 32 00 2C 08 00 12 31 52 00 00 00 00 00 00 00 00 00 00 00 00 00 00 00 00 48 EC 
2023/6/26 11:23:04.319 [RX] - 56 69 56 4F 74 65 63 68 32 00 2C 00 00 00 1C 9B  PT command (OK)

2023/6/26 11:23:04.319 [RX] - 00 00 00 00 00 00 00 00 00 00 00 00 00 00 00 00 00 00 00 00 00 00 00 00 00 00 00 00 00 00 00 00 00 00 00 00 00 00 00 00 00 00 00 00 00 00 00  ----- #83 was SKIPPED -----
 ----- Write Block #84 -----
 i = 084

2023/6/26 11:23:04.364 [TX] - 56 69 56 4F 74 65 63 68 32 00 2C 08 00 12 31 54 00 00 00 00 00 00 00 00 00 00 00 00 00 00 00 00 2A A0 
2023/6/26 11:23:04.391 [RX] - 56 69 56 4F 74 65 63 68 32 00 2C 00 00 00 1C 9B  PT command (OK)

2023/6/26 11:23:04.391 [RX] - 00 00 00 00 00 00 00 00 00 00 00 00 00 00 00 00 00 00 00 00 00 00 00 00 00 00 00 00 00 00 00 00 00 00 00 00 00 00 00 00 00 00 00 00 00 00 00  ----- Write Block #85 -----
 i = 085

2023/6/26 11:23:04.415 [TX] - 56 69 56 4F 74 65 63 68 32 00 2C 08 00 12 31 55 00 00 00 00 00 00 00 00 00 00 00 00 00 00 00 00 3A 42 
2023/6/26 11:23:04.442 [RX] - 56 69 56 4F 74 65 63 68 32 00 2C 00 00 00 1C 9B  PT command (OK)

2023/6/26 11:23:04.442 [RX] - 00 00 00 00 00 00 00 00 00 00 00 00 00 00 00 00 00 00 00 00 00 00 00 00 00 00 00 00 00 00 00 00 00 00 00 00 00 00 00 00 00 00 00 00 00 00 00  ----- Write Block #86 -----
 i = 086

2023/6/26 11:23:04.482 [TX] - 56 69 56 4F 74 65 63 68 32 00 2C 08 00 12 31 56 00 00 00 00 00 00 00 00 00 00 00 00 00 00 00 00 0B 64 
2023/6/26 11:23:04.509 [RX] - 56 69 56 4F 74 65 63 68 32 00 2C 00 00 00 1C 9B  PT command (OK)

2023/6/26 11:23:04.509 [RX] - 00 00 00 00 00 00 00 00 00 00 00 00 00 00 00 00 00 00 00 00 00 00 00 00 00 00 00 00 00 00 00 00 00 00 00 00 00 00 00 00 00 00 00 00 00 00 00  ----- #87 was SKIPPED -----
 ----- Write Block #88 -----
 i = 088

2023/6/26 11:23:04.552 [TX] - 56 69 56 4F 74 65 63 68 32 00 2C 08 00 12 31 58 00 00 00 00 00 00 00 00 00 00 00 00 00 00 00 00 EE 38 
2023/6/26 11:23:04.579 [RX] - 56 69 56 4F 74 65 63 68 32 00 2C 00 00 00 1C 9B  PT command (OK)

2023/6/26 11:23:04.579 [RX] - 00 00 00 00 00 00 00 00 00 00 00 00 00 00 00 00 00 00 00 00 00 00 00 00 00 00 00 00 00 00 00 00 00 00 00 00 00 00 00 00 00 00 00 00 00 00 00  ----- Write Block #89 -----
 i = 089

2023/6/26 11:23:04.604 [TX] - 56 69 56 4F 74 65 63 68 32 00 2C 08 00 12 31 59 00 00 00 00 00 00 00 00 00 00 00 00 00 00 00 00 FE DA 
2023/6/26 11:23:04.632 [RX] - 56 69 56 4F 74 65 63 68 32 00 2C 00 00 00 1C 9B  PT command (OK)

2023/6/26 11:23:04.632 [RX] - 00 00 00 00 00 00 00 00 00 00 00 00 00 00 00 00 00 00 00 00 00 00 00 00 00 00 00 00 00 00 00 00 00 00 00 00 00 00 00 00 00 00 00 00 00 00 00  ----- Write Block #90 -----
 i = 090

2023/6/26 11:23:04.665 [TX] - 56 69 56 4F 74 65 63 68 32 00 2C 08 00 12 31 5A 00 00 00 00 00 00 00 00 00 00 00 00 00 00 00 00 CF FC 
2023/6/26 11:23:04.692 [RX] - 56 69 56 4F 74 65 63 68 32 00 2C 00 00 00 1C 9B  PT command (OK)

2023/6/26 11:23:04.692 [RX] - 00 00 00 00 00 00 00 00 00 00 00 00 00 00 00 00 00 00 00 00 00 00 00 00 00 00 00 00 00 00 00 00 00 00 00 00 00 00 00 00 00 00 00 00 00 00 00  ----- #91 was SKIPPED -----
 ----- Write Block #92 -----
 i = 092

2023/6/26 11:23:04.740 [TX] - 56 69 56 4F 74 65 63 68 32 00 2C 08 00 12 31 5C 00 00 00 00 00 00 00 00 00 00 00 00 00 00 00 00 AD B0 
2023/6/26 11:23:04.767 [RX] - 56 69 56 4F 74 65 63 68 32 00 2C 00 00 00 1C 9B  PT command (OK)

2023/6/26 11:23:04.767 [RX] - 00 00 00 00 00 00 00 00 00 00 00 00 00 00 00 00 00 00 00 00 00 00 00 00 00 00 00 00 00 00 00 00 00 00 00 00 00 00 00 00 00 00 00 00 00 00 00  ----- Write Block #93 -----
 i = 093

2023/6/26 11:23:04.806 [TX] - 56 69 56 4F 74 65 63 68 32 00 2C 08 00 12 31 5D 00 00 00 00 00 00 00 00 00 00 00 00 00 00 00 00 BD 52 
2023/6/26 11:23:04.833 [RX] - 56 69 56 4F 74 65 63 68 32 00 2C 00 00 00 1C 9B  PT command (OK)

2023/6/26 11:23:04.833 [RX] - 00 00 00 00 00 00 00 00 00 00 00 00 00 00 00 00 00 00 00 00 00 00 00 00 00 00 00 00 00 00 00 00 00 00 00 00 00 00 00 00 00 00 00 00 00 00 00  ----- Write Block #94 -----
 i = 094

2023/6/26 11:23:04.868 [TX] - 56 69 56 4F 74 65 63 68 32 00 2C 08 00 12 31 5E 00 00 00 00 00 00 00 00 00 00 00 00 00 00 00 00 8C 74 
2023/6/26 11:23:04.895 [RX] - 56 69 56 4F 74 65 63 68 32 00 2C 00 00 00 1C 9B  PT command (OK)

2023/6/26 11:23:04.895 [RX] - 00 00 00 00 00 00 00 00 00 00 00 00 00 00 00 00 00 00 00 00 00 00 00 00 00 00 00 00 00 00 00 00 00 00 00 00 00 00 00 00 00 00 00 00 00 00 00  ----- #95 was SKIPPED -----
 ----- Write Block #96 -----
 i = 096

2023/6/26 11:23:04.940 [TX] - 56 69 56 4F 74 65 63 68 32 00 2C 08 00 12 31 60 00 00 00 00 00 00 00 00 00 00 00 00 00 00 00 00 4B 2B 
2023/6/26 11:23:04.967 [RX] - 56 69 56 4F 74 65 63 68 32 00 2C 00 00 00 1C 9B  PT command (OK)

2023/6/26 11:23:04.967 [RX] - 00 00 00 00 00 00 00 00 00 00 00 00 00 00 00 00 00 00 00 00 00 00 00 00 00 00 00 00 00 00 00 00 00 00 00 00 00 00 00 00 00 00 00 00 00 00 00  ----- Write Block #97 -----
 i = 097

2023/6/26 11:23:05.008 [TX] - 56 69 56 4F 74 65 63 68 32 00 2C 08 00 12 31 61 00 00 00 00 00 00 00 00 00 00 00 00 00 00 00 00 5B C9 
2023/6/26 11:23:05.035 [RX] - 56 69 56 4F 74 65 63 68 32 00 2C 00 00 00 1C 9B  PT command (OK)

2023/6/26 11:23:05.035 [RX] - 00 00 00 00 00 00 00 00 00 00 00 00 00 00 00 00 00 00 00 00 00 00 00 00 00 00 00 00 00 00 00 00 00 00 00 00 00 00 00 00 00 00 00 00 00 00 00  ----- Write Block #98 -----
 i = 098

2023/6/26 11:23:05.068 [TX] - 56 69 56 4F 74 65 63 68 32 00 2C 08 00 12 31 62 00 00 00 00 00 00 00 00 00 00 00 00 00 00 00 00 6A EF 
2023/6/26 11:23:05.096 [RX] - 56 69 56 4F 74 65 63 68 32 00 2C 00 00 00 1C 9B  PT command (OK)

2023/6/26 11:23:05.096 [RX] - 00 00 00 00 00 00 00 00 00 00 00 00 00 00 00 00 00 00 00 00 00 00 00 00 00 00 00 00 00 00 00 00 00 00 00 00 00 00 00 00 00 00 00 00 00 00 00  ----- #99 was SKIPPED -----
 ----- Write Block #100 -----
 i = 100

2023/6/26 11:23:05.143 [TX] - 56 69 56 4F 74 65 63 68 32 00 2C 08 00 12 31 64 00 00 00 00 00 00 00 00 00 00 00 00 00 00 00 00 08 A3 
2023/6/26 11:23:05.170 [RX] - 56 69 56 4F 74 65 63 68 32 00 2C 00 00 00 1C 9B  PT command (OK)

2023/6/26 11:23:05.170 [RX] - 00 00 00 00 00 00 00 00 00 00 00 00 00 00 00 00 00 00 00 00 00 00 00 00 00 00 00 00 00 00 00 00 00 00 00 00 00 00 00 00 00 00 00 00 00 00 00  ----- Write Block #101 -----
 i = 101

2023/6/26 11:23:05.195 [TX] - 56 69 56 4F 74 65 63 68 32 00 2C 08 00 12 31 65 00 00 00 00 00 00 00 00 00 00 00 00 00 00 00 00 18 41 
2023/6/26 11:23:05.222 [RX] - 56 69 56 4F 74 65 63 68 32 00 2C 00 00 00 1C 9B  PT command (OK)

2023/6/26 11:23:05.222 [RX] - 00 00 00 00 00 00 00 00 00 00 00 00 00 00 00 00 00 00 00 00 00 00 00 00 00 00 00 00 00 00 00 00 00 00 00 00 00 00 00 00 00 00 00 00 00 00 00  ----- Write Block #102 -----
 i = 102

2023/6/26 11:23:05.257 [TX] - 56 69 56 4F 74 65 63 68 32 00 2C 08 00 12 31 66 00 00 00 00 00 00 00 00 00 00 00 00 00 00 00 00 29 67 
2023/6/26 11:23:05.284 [RX] - 56 69 56 4F 74 65 63 68 32 00 2C 00 00 00 1C 9B  PT command (OK)

2023/6/26 11:23:05.284 [RX] - 00 00 00 00 00 00 00 00 00 00 00 00 00 00 00 00 00 00 00 00 00 00 00 00 00 00 00 00 00 00 00 00 00 00 00 00 00 00 00 00 00 00 00 00 00 00 00  ----- #103 was SKIPPED -----
 ----- Write Block #104 -----
 i = 104

2023/6/26 11:23:05.331 [TX] - 56 69 56 4F 74 65 63 68 32 00 2C 08 00 12 31 68 00 00 00 00 00 00 00 00 00 00 00 00 00 00 00 00 CC 3B 
2023/6/26 11:23:05.358 [RX] - 56 69 56 4F 74 65 63 68 32 00 2C 00 00 00 1C 9B  PT command (OK)

2023/6/26 11:23:05.358 [RX] - 00 00 00 00 00 00 00 00 00 00 00 00 00 00 00 00 00 00 00 00 00 00 00 00 00 00 00 00 00 00 00 00 00 00 00 00 00 00 00 00 00 00 00 00 00 00 00  ----- Write Block #105 -----
 i = 105

2023/6/26 11:23:05.397 [TX] - 56 69 56 4F 74 65 63 68 32 00 2C 08 00 12 31 69 00 00 00 00 00 00 00 00 00 00 00 00 00 00 00 00 DC D9 
2023/6/26 11:23:05.424 [RX] - 56 69 56 4F 74 65 63 68 32 00 2C 00 00 00 1C 9B  PT command (OK)

2023/6/26 11:23:05.424 [RX] - 00 00 00 00 00 00 00 00 00 00 00 00 00 00 00 00 00 00 00 00 00 00 00 00 00 00 00 00 00 00 00 00 00 00 00 00 00 00 00 00 00 00 00 00 00 00 00  ----- Write Block #106 -----
 i = 106

2023/6/26 11:23:05.458 [TX] - 56 69 56 4F 74 65 63 68 32 00 2C 08 00 12 31 6A 00 00 00 00 00 00 00 00 00 00 00 00 00 00 00 00 ED FF 
2023/6/26 11:23:05.485 [RX] - 56 69 56 4F 74 65 63 68 32 00 2C 00 00 00 1C 9B  PT command (OK)

2023/6/26 11:23:05.485 [RX] - 00 00 00 00 00 00 00 00 00 00 00 00 00 00 00 00 00 00 00 00 00 00 00 00 00 00 00 00 00 00 00 00 00 00 00 00 00 00 00 00 00 00 00 00 00 00 00  ----- #107 was SKIPPED -----
 ----- Write Block #108 -----
 i = 108

2023/6/26 11:23:05.530 [TX] - 56 69 56 4F 74 65 63 68 32 00 2C 08 00 12 31 6C 00 00 00 00 00 00 00 00 00 00 00 00 00 00 00 00 8F B3 
2023/6/26 11:23:05.557 [RX] - 56 69 56 4F 74 65 63 68 32 00 2C 00 00 00 1C 9B  PT command (OK)

2023/6/26 11:23:05.557 [RX] - 00 00 00 00 00 00 00 00 00 00 00 00 00 00 00 00 00 00 00 00 00 00 00 00 00 00 00 00 00 00 00 00 00 00 00 00 00 00 00 00 00 00 00 00 00 00 00  ----- Write Block #109 -----
 i = 109

2023/6/26 11:23:05.581 [TX] - 56 69 56 4F 74 65 63 68 32 00 2C 08 00 12 31 6D 00 00 00 00 00 00 00 00 00 00 00 00 00 00 00 00 9F 51 
2023/6/26 11:23:05.609 [RX] - 56 69 56 4F 74 65 63 68 32 00 2C 00 00 00 1C 9B  PT command (OK)

2023/6/26 11:23:05.609 [RX] - 00 00 00 00 00 00 00 00 00 00 00 00 00 00 00 00 00 00 00 00 00 00 00 00 00 00 00 00 00 00 00 00 00 00 00 00 00 00 00 00 00 00 00 00 00 00 00  ----- Write Block #110 -----
 i = 110

2023/6/26 11:23:05.647 [TX] - 56 69 56 4F 74 65 63 68 32 00 2C 08 00 12 31 6E 00 00 00 00 00 00 00 00 00 00 00 00 00 00 00 00 AE 77 
2023/6/26 11:23:05.674 [RX] - 56 69 56 4F 74 65 63 68 32 00 2C 00 00 00 1C 9B  PT command (OK)

2023/6/26 11:23:05.674 [RX] - 00 00 00 00 00 00 00 00 00 00 00 00 00 00 00 00 00 00 00 00 00 00 00 00 00 00 00 00 00 00 00 00 00 00 00 00 00 00 00 00 00 00 00 00 00 00 00  ----- #111 was SKIPPED -----
 ----- Write Block #112 -----
 i = 112

2023/6/26 11:23:05.728 [TX] - 56 69 56 4F 74 65 63 68 32 00 2C 08 00 12 31 70 00 00 00 00 00 00 00 00 00 00 00 00 00 00 00 00 55 2A 
2023/6/26 11:23:05.755 [RX] - 56 69 56 4F 74 65 63 68 32 00 2C 00 00 00 1C 9B  PT command (OK)

2023/6/26 11:23:05.755 [RX] - 00 00 00 00 00 00 00 00 00 00 00 00 00 00 00 00 00 00 00 00 00 00 00 00 00 00 00 00 00 00 00 00 00 00 00 00 00 00 00 00 00 00 00 00 00 00 00  ----- Write Block #113 -----
 i = 113

2023/6/26 11:23:05.785 [TX] - 56 69 56 4F 74 65 63 68 32 00 2C 08 00 12 31 71 00 00 00 00 00 00 00 00 00 00 00 00 00 00 00 00 45 C8 
2023/6/26 11:23:05.812 [RX] - 56 69 56 4F 74 65 63 68 32 00 2C 00 00 00 1C 9B  PT command (OK)

2023/6/26 11:23:05.812 [RX] - 00 00 00 00 00 00 00 00 00 00 00 00 00 00 00 00 00 00 00 00 00 00 00 00 00 00 00 00 00 00 00 00 00 00 00 00 00 00 00 00 00 00 00 00 00 00 00  ----- Write Block #114 -----
 i = 114

2023/6/26 11:23:05.848 [TX] - 56 69 56 4F 74 65 63 68 32 00 2C 08 00 12 31 72 00 00 00 00 00 00 00 00 00 00 00 00 00 00 00 00 74 EE 
2023/6/26 11:23:05.875 [RX] - 56 69 56 4F 74 65 63 68 32 00 2C 00 00 00 1C 9B  PT command (OK)

2023/6/26 11:23:05.875 [RX] - 00 00 00 00 00 00 00 00 00 00 00 00 00 00 00 00 00 00 00 00 00 00 00 00 00 00 00 00 00 00 00 00 00 00 00 00 00 00 00 00 00 00 00 00 00 00 00  ----- #115 was SKIPPED -----
 ----- Write Block #116 -----
 i = 116

2023/6/26 11:23:05.920 [TX] - 56 69 56 4F 74 65 63 68 32 00 2C 08 00 12 31 74 00 00 00 00 00 00 00 00 00 00 00 00 00 00 00 00 16 A2 
2023/6/26 11:23:05.947 [RX] - 56 69 56 4F 74 65 63 68 32 00 2C 00 00 00 1C 9B  PT command (OK)

2023/6/26 11:23:05.947 [RX] - 00 00 00 00 00 00 00 00 00 00 00 00 00 00 00 00 00 00 00 00 00 00 00 00 00 00 00 00 00 00 00 00 00 00 00 00 00 00 00 00 00 00 00 00 00 00 00  ----- Write Block #117 -----
 i = 117

2023/6/26 11:23:05.972 [TX] - 56 69 56 4F 74 65 63 68 32 00 2C 08 00 12 31 75 00 00 00 00 00 00 00 00 00 00 00 00 00 00 00 00 06 40 
2023/6/26 11:23:05.999 [RX] - 56 69 56 4F 74 65 63 68 32 00 2C 00 00 00 1C 9B  PT command (OK)

2023/6/26 11:23:05.999 [RX] - 00 00 00 00 00 00 00 00 00 00 00 00 00 00 00 00 00 00 00 00 00 00 00 00 00 00 00 00 00 00 00 00 00 00 00 00 00 00 00 00 00 00 00 00 00 00 00  ----- Write Block #118 -----
 i = 118

2023/6/26 11:23:06.036 [TX] - 56 69 56 4F 74 65 63 68 32 00 2C 08 00 12 31 76 00 00 00 00 00 00 00 00 00 00 00 00 00 00 00 00 37 66 
2023/6/26 11:23:06.063 [RX] - 56 69 56 4F 74 65 63 68 32 00 2C 00 00 00 1C 9B  PT command (OK)

2023/6/26 11:23:06.063 [RX] - 00 00 00 00 00 00 00 00 00 00 00 00 00 00 00 00 00 00 00 00 00 00 00 00 00 00 00 00 00 00 00 00 00 00 00 00 00 00 00 00 00 00 00 00 00 00 00  ----- #119 was SKIPPED -----
 ----- Write Block #120 -----
 i = 120

2023/6/26 11:23:06.112 [TX] - 56 69 56 4F 74 65 63 68 32 00 2C 08 00 12 31 78 00 00 00 00 00 00 00 00 00 00 00 00 00 00 00 00 D2 3A 
2023/6/26 11:23:06.140 [RX] - 56 69 56 4F 74 65 63 68 32 00 2C 00 00 00 1C 9B  PT command (OK)

2023/6/26 11:23:06.140 [RX] - 00 00 00 00 00 00 00 00 00 00 00 00 00 00 00 00 00 00 00 00 00 00 00 00 00 00 00 00 00 00 00 00 00 00 00 00 00 00 00 00 00 00 00 00 00 00 00  ----- Write Block #121 -----
 i = 121

2023/6/26 11:23:06.175 [TX] - 56 69 56 4F 74 65 63 68 32 00 2C 08 00 12 31 79 00 00 00 00 00 00 00 00 00 00 00 00 00 00 00 00 C2 D8 
2023/6/26 11:23:06.202 [RX] - 56 69 56 4F 74 65 63 68 32 00 2C 00 00 00 1C 9B  PT command (OK)

2023/6/26 11:23:06.202 [RX] - 00 00 00 00 00 00 00 00 00 00 00 00 00 00 00 00 00 00 00 00 00 00 00 00 00 00 00 00 00 00 00 00 00 00 00 00 00 00 00 00 00 00 00 00 00 00 00  ----- Write Block #122 -----
 i = 122

2023/6/26 11:23:06.237 [TX] - 56 69 56 4F 74 65 63 68 32 00 2C 08 00 12 31 7A 00 00 00 00 00 00 00 00 00 00 00 00 00 00 00 00 F3 FE 
2023/6/26 11:23:06.264 [RX] - 56 69 56 4F 74 65 63 68 32 00 2C 00 00 00 1C 9B  PT command (OK)

2023/6/26 11:23:06.264 [RX] - 00 00 00 00 00 00 00 00 00 00 00 00 00 00 00 00 00 00 00 00 00 00 00 00 00 00 00 00 00 00 00 00 00 00 00 00 00 00 00 00 00 00 00 00 00 00 00  ----- #123 was SKIPPED -----
 ----- Write Block #124 -----
 i = 124

2023/6/26 11:23:06.317 [TX] - 56 69 56 4F 74 65 63 68 32 00 2C 08 00 12 31 7C 00 00 00 00 00 00 00 00 00 00 00 00 00 00 00 00 91 B2 
2023/6/26 11:23:06.344 [RX] - 56 69 56 4F 74 65 63 68 32 00 2C 00 00 00 1C 9B  PT command (OK)

2023/6/26 11:23:06.344 [RX] - 00 00 00 00 00 00 00 00 00 00 00 00 00 00 00 00 00 00 00 00 00 00 00 00 00 00 00 00 00 00 00 00 00 00 00 00 00 00 00 00 00 00 00 00 00 00 00  ----- Write Block #125 -----
 i = 125

2023/6/26 11:23:06.378 [TX] - 56 69 56 4F 74 65 63 68 32 00 2C 08 00 12 31 7D 00 00 00 00 00 00 00 00 00 00 00 00 00 00 00 00 81 50 
2023/6/26 11:23:06.405 [RX] - 56 69 56 4F 74 65 63 68 32 00 2C 00 00 00 1C 9B  PT command (OK)

2023/6/26 11:23:06.405 [RX] - 00 00 00 00 00 00 00 00 00 00 00 00 00 00 00 00 00 00 00 00 00 00 00 00 00 00 00 00 00 00 00 00 00 00 00 00 00 00 00 00 00 00 00 00 00 00 00  ----- Write Block #126 -----
 i = 126

2023/6/26 11:23:06.439 [TX] - 56 69 56 4F 74 65 63 68 32 00 2C 08 00 12 31 7E 00 00 00 00 00 00 00 00 00 00 00 00 00 00 00 00 B0 76 
2023/6/26 11:23:06.467 [RX] - 56 69 56 4F 74 65 63 68 32 00 2C 00 00 00 1C 9B  PT command (OK)

2023/6/26 11:23:06.467 [RX] - 00 00 00 00 00 00 00 00 00 00 00 00 00 00 00 00 00 00 00 00 00 00 00 00 00 00 00 00 00 00 00 00 00 00 00 00 00 00 00 00 00 00 00 00 00 00 00  ----- #127 was SKIPPED -----
 ----- Write Block #128 -----
 i = 128

2023/6/26 11:23:06.513 [TX] - 56 69 56 4F 74 65 63 68 32 00 2C 08 00 12 31 80 00 00 00 00 00 00 00 00 00 00 00 00 00 00 00 00 FF 25 
2023/6/26 11:23:06.540 [RX] - 56 69 56 4F 74 65 63 68 32 00 2C 00 00 00 1C 9B  PT command (OK)

2023/6/26 11:23:06.540 [RX] - 00 00 00 00 00 00 00 00 00 00 00 00 00 00 00 00 00 00 00 00 00 00 00 00 00 00 00 00 00 00 00 00 00 00 00 00 00 00 00 00 00 00 00 00 00 00 00  ----- Write Block #129 -----
 i = 129

2023/6/26 11:23:06.563 [TX] - 56 69 56 4F 74 65 63 68 32 00 2C 08 00 12 31 81 00 00 00 00 00 00 00 00 00 00 00 00 00 00 00 00 EF C7 
2023/6/26 11:23:06.590 [RX] - 56 69 56 4F 74 65 63 68 32 00 2C 00 00 00 1C 9B  PT command (OK)

2023/6/26 11:23:06.590 [RX] - 00 00 00 00 00 00 00 00 00 00 00 00 00 00 00 00 00 00 00 00 00 00 00 00 00 00 00 00 00 00 00 00 00 00 00 00 00 00 00 00 00 00 00 00 00 00 00  ----- Write Block #130 -----
 i = 130

2023/6/26 11:23:06.628 [TX] - 56 69 56 4F 74 65 63 68 32 00 2C 08 00 12 31 82 00 00 00 00 00 00 00 00 00 00 00 00 00 00 00 00 DE E1 
2023/6/26 11:23:06.655 [RX] - 56 69 56 4F 74 65 63 68 32 00 2C 00 00 00 1C 9B  PT command (OK)

2023/6/26 11:23:06.655 [RX] - 00 00 00 00 00 00 00 00 00 00 00 00 00 00 00 00 00 00 00 00 00 00 00 00 00 00 00 00 00 00 00 00 00 00 00 00 00 00 00 00 00 00 00 00 00 00 00  ----- Write Block #131 -----
 i = 131

2023/6/26 11:23:06.691 [TX] - 56 69 56 4F 74 65 63 68 32 00 2C 08 00 12 31 83 00 00 00 00 00 00 00 00 00 00 00 00 00 00 00 00 CE 03 
2023/6/26 11:23:06.718 [RX] - 56 69 56 4F 74 65 63 68 32 00 2C 00 00 00 1C 9B  PT command (OK)

2023/6/26 11:23:06.718 [RX] - 00 00 00 00 00 00 00 00 00 00 00 00 00 00 00 00 00 00 00 00 00 00 00 00 00 00 00 00 00 00 00 00 00 00 00 00 00 00 00 00 00 00 00 00 00 00 00  ----- Write Block #132 -----
 i = 132

2023/6/26 11:23:06.755 [TX] - 56 69 56 4F 74 65 63 68 32 00 2C 08 00 12 31 84 00 00 00 00 00 00 00 00 00 00 00 00 00 00 00 00 BC AD 
2023/6/26 11:23:06.782 [RX] - 56 69 56 4F 74 65 63 68 32 00 2C 00 00 00 1C 9B  PT command (OK)

2023/6/26 11:23:06.782 [RX] - 00 00 00 00 00 00 00 00 00 00 00 00 00 00 00 00 00 00 00 00 00 00 00 00 00 00 00 00 00 00 00 00 00 00 00 00 00 00 00 00 00 00 00 00 00 00 00  ----- Write Block #133 -----
 i = 133

2023/6/26 11:23:06.814 [TX] - 56 69 56 4F 74 65 63 68 32 00 2C 08 00 12 31 85 00 00 00 00 00 00 00 00 00 00 00 00 00 00 00 00 AC 4F 
2023/6/26 11:23:06.841 [RX] - 56 69 56 4F 74 65 63 68 32 00 2C 00 00 00 1C 9B  PT command (OK)

2023/6/26 11:23:06.841 [RX] - 00 00 00 00 00 00 00 00 00 00 00 00 00 00 00 00 00 00 00 00 00 00 00 00 00 00 00 00 00 00 00 00 00 00 00 00 00 00 00 00 00 00 00 00 00 00 00  ----- Write Block #134 -----
 i = 134

2023/6/26 11:23:06.878 [TX] - 56 69 56 4F 74 65 63 68 32 00 2C 08 00 12 31 86 00 00 00 00 00 00 00 00 00 00 00 00 00 00 00 00 9D 69 
2023/6/26 11:23:06.905 [RX] - 56 69 56 4F 74 65 63 68 32 00 2C 00 00 00 1C 9B  PT command (OK)

2023/6/26 11:23:06.905 [RX] - 00 00 00 00 00 00 00 00 00 00 00 00 00 00 00 00 00 00 00 00 00 00 00 00 00 00 00 00 00 00 00 00 00 00 00 00 00 00 00 00 00 00 00 00 00 00 00  ----- Write Block #135 -----
 i = 135

2023/6/26 11:23:06.947 [TX] - 56 69 56 4F 74 65 63 68 32 00 2C 08 00 12 31 87 00 00 00 00 00 00 00 00 00 00 00 00 00 00 00 00 8D 8B 
2023/6/26 11:23:06.974 [RX] - 56 69 56 4F 74 65 63 68 32 00 2C 00 00 00 1C 9B  PT command (OK)

2023/6/26 11:23:06.974 [RX] - 00 00 00 00 00 00 00 00 00 00 00 00 00 00 00 00 00 00 00 00 00 00 00 00 00 00 00 00 00 00 00 00 00 00 00 00 00 00 00 00 00 00 00 00 00 00 00  ----- Write Block #136 -----
 i = 136

2023/6/26 11:23:07.002 [TX] - 56 69 56 4F 74 65 63 68 32 00 2C 08 00 12 31 88 00 00 00 00 00 00 00 00 00 00 00 00 00 00 00 00 78 35 
2023/6/26 11:23:07.029 [RX] - 56 69 56 4F 74 65 63 68 32 00 2C 00 00 00 1C 9B  PT command (OK)

2023/6/26 11:23:07.029 [RX] - 00 00 00 00 00 00 00 00 00 00 00 00 00 00 00 00 00 00 00 00 00 00 00 00 00 00 00 00 00 00 00 00 00 00 00 00 00 00 00 00 00 00 00 00 00 00 00  ----- Write Block #137 -----
 i = 137

2023/6/26 11:23:07.065 [TX] - 56 69 56 4F 74 65 63 68 32 00 2C 08 00 12 31 89 00 00 00 00 00 00 00 00 00 00 00 00 00 00 00 00 68 D7 
2023/6/26 11:23:07.092 [RX] - 56 69 56 4F 74 65 63 68 32 00 2C 00 00 00 1C 9B  PT command (OK)

2023/6/26 11:23:07.092 [RX] - 00 00 00 00 00 00 00 00 00 00 00 00 00 00 00 00 00 00 00 00 00 00 00 00 00 00 00 00 00 00 00 00 00 00 00 00 00 00 00 00 00 00 00 00 00 00 00  ----- Write Block #138 -----
 i = 138

2023/6/26 11:23:07.128 [TX] - 56 69 56 4F 74 65 63 68 32 00 2C 08 00 12 31 8A 00 00 00 00 00 00 00 00 00 00 00 00 00 00 00 00 59 F1 
2023/6/26 11:23:07.155 [RX] - 56 69 56 4F 74 65 63 68 32 00 2C 00 00 00 1C 9B  PT command (OK)

2023/6/26 11:23:07.155 [RX] - 00 00 00 00 00 00 00 00 00 00 00 00 00 00 00 00 00 00 00 00 00 00 00 00 00 00 00 00 00 00 00 00 00 00 00 00 00 00 00 00 00 00 00 00 00 00 00  ----- Write Block #139 -----
 i = 139

2023/6/26 11:23:07.190 [TX] - 56 69 56 4F 74 65 63 68 32 00 2C 08 00 12 31 8B 00 00 00 00 00 00 00 00 00 00 00 00 00 00 00 00 49 13 
2023/6/26 11:23:07.217 [RX] - 56 69 56 4F 74 65 63 68 32 00 2C 00 00 00 1C 9B  PT command (OK)

2023/6/26 11:23:07.217 [RX] - 00 00 00 00 00 00 00 00 00 00 00 00 00 00 00 00 00 00 00 00 00 00 00 00 00 00 00 00 00 00 00 00 00 00 00 00 00 00 00 00 00 00 00 00 00 00 00  ----- Write Block #140 -----
 i = 140

2023/6/26 11:23:07.253 [TX] - 56 69 56 4F 74 65 63 68 32 00 2C 08 00 12 31 8C 00 00 00 00 00 00 00 00 00 00 00 00 00 00 00 00 3B BD 
2023/6/26 11:23:07.280 [RX] - 56 69 56 4F 74 65 63 68 32 00 2C 00 00 00 1C 9B  PT command (OK)

2023/6/26 11:23:07.280 [RX] - 00 00 00 00 00 00 00 00 00 00 00 00 00 00 00 00 00 00 00 00 00 00 00 00 00 00 00 00 00 00 00 00 00 00 00 00 00 00 00 00 00 00 00 00 00 00 00  ----- Write Block #141 -----
 i = 141

2023/6/26 11:23:07.316 [TX] - 56 69 56 4F 74 65 63 68 32 00 2C 08 00 12 31 8D 00 00 00 00 00 00 00 00 00 00 00 00 00 00 00 00 2B 5F 
2023/6/26 11:23:07.375 [RX] - 56 69 56 4F 74 65 63 68 32 00 2C 00 00 00 1C 9B  PT command (OK)

2023/6/26 11:23:07.375 [RX] - 00 00 00 00 00 00 00 00 00 00 00 00 00 00 00 00 00 00 00 00 00 00 00 00 00 00 00 00 00 00 00 00 00 00 00 00 00 00 00 00 00 00 00 00 00 00 00  ----- Write Block #142 -----
 i = 142

2023/6/26 11:23:07.405 [TX] - 56 69 56 4F 74 65 63 68 32 00 2C 08 00 12 31 8E 00 00 00 00 00 00 00 00 00 00 00 00 00 00 00 00 1A 79 
2023/6/26 11:23:07.432 [RX] - 56 69 56 4F 74 65 63 68 32 00 2C 00 00 00 1C 9B  PT command (OK)

2023/6/26 11:23:07.432 [RX] - 00 00 00 00 00 00 00 00 00 00 00 00 00 00 00 00 00 00 00 00 00 00 00 00 00 00 00 00 00 00 00 00 00 00 00 00 00 00 00 00 00 00 00 00 00 00 00  ----- #143 was SKIPPED -----
 ----- Write Block #144 -----
 i = 144

2023/6/26 11:23:07.480 [TX] - 56 69 56 4F 74 65 63 68 32 00 2C 08 00 12 31 90 00 00 00 00 00 00 00 00 00 00 00 00 00 00 00 00 E1 24 
2023/6/26 11:23:07.507 [RX] - 56 69 56 4F 74 65 63 68 32 00 2C 00 00 00 1C 9B  PT command (OK)

2023/6/26 11:23:07.507 [RX] - 00 00 00 00 00 00 00 00 00 00 00 00 00 00 00 00 00 00 00 00 00 00 00 00 00 00 00 00 00 00 00 00 00 00 00 00 00 00 00 00 00 00 00 00 00 00 00  ----- Write Block #145 -----
 i = 145

2023/6/26 11:23:07.553 [TX] - 56 69 56 4F 74 65 63 68 32 00 2C 08 00 12 31 91 00 00 00 00 00 00 00 00 00 00 00 00 00 00 00 00 F1 C6 
2023/6/26 11:23:07.580 [RX] - 56 69 56 4F 74 65 63 68 32 00 2C 00 00 00 1C 9B  PT command (OK)

2023/6/26 11:23:07.580 [RX] - 00 00 00 00 00 00 00 00 00 00 00 00 00 00 00 00 00 00 00 00 00 00 00 00 00 00 00 00 00 00 00 00 00 00 00 00 00 00 00 00 00 00 00 00 00 00 00  ----- Write Block #146 -----
 i = 146

2023/6/26 11:23:07.606 [TX] - 56 69 56 4F 74 65 63 68 32 00 2C 08 00 12 31 92 00 00 00 00 00 00 00 00 00 00 00 00 00 00 00 00 C0 E0 
2023/6/26 11:23:07.634 [RX] - 56 69 56 4F 74 65 63 68 32 00 2C 00 00 00 1C 9B  PT command (OK)

2023/6/26 11:23:07.634 [RX] - 00 00 00 00 00 00 00 00 00 00 00 00 00 00 00 00 00 00 00 00 00 00 00 00 00 00 00 00 00 00 00 00 00 00 00 00 00 00 00 00 00 00 00 00 00 00 00  ----- Write Block #147 -----
 i = 147

2023/6/26 11:23:07.666 [TX] - 56 69 56 4F 74 65 63 68 32 00 2C 08 00 12 31 93 00 00 00 00 00 00 00 00 00 00 00 00 00 00 00 00 D0 02 
2023/6/26 11:23:07.694 [RX] - 56 69 56 4F 74 65 63 68 32 00 2C 00 00 00 1C 9B  PT command (OK)

2023/6/26 11:23:07.694 [RX] - 00 00 00 00 00 00 00 00 00 00 00 00 00 00 00 00 00 00 00 00 00 00 00 00 00 00 00 00 00 00 00 00 00 00 00 00 00 00 00 00 00 00 00 00 00 00 00  ----- Write Block #148 -----
 i = 148

2023/6/26 11:23:07.730 [TX] - 56 69 56 4F 74 65 63 68 32 00 2C 08 00 12 31 94 00 00 00 00 00 00 00 00 00 00 00 00 00 00 00 00 A2 AC 
2023/6/26 11:23:07.757 [RX] - 56 69 56 4F 74 65 63 68 32 00 2C 00 00 00 1C 9B  PT command (OK)

2023/6/26 11:23:07.757 [RX] - 00 00 00 00 00 00 00 00 00 00 00 00 00 00 00 00 00 00 00 00 00 00 00 00 00 00 00 00 00 00 00 00 00 00 00 00 00 00 00 00 00 00 00 00 00 00 00  ----- Write Block #149 -----
 i = 149

2023/6/26 11:23:07.793 [TX] - 56 69 56 4F 74 65 63 68 32 00 2C 08 00 12 31 95 00 00 00 00 00 00 00 00 00 00 00 00 00 00 00 00 B2 4E 
2023/6/26 11:23:07.820 [RX] - 56 69 56 4F 74 65 63 68 32 00 2C 00 00 00 1C 9B  PT command (OK)

2023/6/26 11:23:07.820 [RX] - 00 00 00 00 00 00 00 00 00 00 00 00 00 00 00 00 00 00 00 00 00 00 00 00 00 00 00 00 00 00 00 00 00 00 00 00 00 00 00 00 00 00 00 00 00 00 00  ----- Write Block #150 -----
 i = 150

2023/6/26 11:23:07.854 [TX] - 56 69 56 4F 74 65 63 68 32 00 2C 08 00 12 31 96 00 00 00 00 00 00 00 00 00 00 00 00 00 00 00 00 83 68 
2023/6/26 11:23:07.881 [RX] - 56 69 56 4F 74 65 63 68 32 00 2C 00 00 00 1C 9B  PT command (OK)

2023/6/26 11:23:07.881 [RX] - 00 00 00 00 00 00 00 00 00 00 00 00 00 00 00 00 00 00 00 00 00 00 00 00 00 00 00 00 00 00 00 00 00 00 00 00 00 00 00 00 00 00 00 00 00 00 00  ----- Write Block #151 -----
 i = 151

2023/6/26 11:23:07.919 [TX] - 56 69 56 4F 74 65 63 68 32 00 2C 08 00 12 31 97 00 00 00 00 00 00 00 00 00 00 00 00 00 00 00 00 93 8A 
2023/6/26 11:23:07.946 [RX] - 56 69 56 4F 74 65 63 68 32 00 2C 00 00 00 1C 9B  PT command (OK)

2023/6/26 11:23:07.946 [RX] - 00 00 00 00 00 00 00 00 00 00 00 00 00 00 00 00 00 00 00 00 00 00 00 00 00 00 00 00 00 00 00 00 00 00 00 00 00 00 00 00 00 00 00 00 00 00 00  ----- Write Block #152 -----
 i = 152

2023/6/26 11:23:07.980 [TX] - 56 69 56 4F 74 65 63 68 32 00 2C 08 00 12 31 98 00 00 00 00 00 00 00 00 00 00 00 00 00 00 00 00 66 34 
2023/6/26 11:23:08.007 [RX] - 56 69 56 4F 74 65 63 68 32 00 2C 00 00 00 1C 9B  PT command (OK)

2023/6/26 11:23:08.007 [RX] - 00 00 00 00 00 00 00 00 00 00 00 00 00 00 00 00 00 00 00 00 00 00 00 00 00 00 00 00 00 00 00 00 00 00 00 00 00 00 00 00 00 00 00 00 00 00 00  ----- Write Block #153 -----
 i = 153

2023/6/26 11:23:08.043 [TX] - 56 69 56 4F 74 65 63 68 32 00 2C 08 00 12 31 99 00 00 00 00 00 00 00 00 00 00 00 00 00 00 00 00 76 D6 
2023/6/26 11:23:08.070 [RX] - 56 69 56 4F 74 65 63 68 32 00 2C 00 00 00 1C 9B  PT command (OK)

2023/6/26 11:23:08.070 [RX] - 00 00 00 00 00 00 00 00 00 00 00 00 00 00 00 00 00 00 00 00 00 00 00 00 00 00 00 00 00 00 00 00 00 00 00 00 00 00 00 00 00 00 00 00 00 00 00  ----- Write Block #154 -----
 i = 154

2023/6/26 11:23:08.104 [TX] - 56 69 56 4F 74 65 63 68 32 00 2C 08 00 12 31 9A 00 00 00 00 00 00 00 00 00 00 00 00 00 00 00 00 47 F0 
2023/6/26 11:23:08.131 [RX] - 56 69 56 4F 74 65 63 68 32 00 2C 00 00 00 1C 9B  PT command (OK)

2023/6/26 11:23:08.131 [RX] - 00 00 00 00 00 00 00 00 00 00 00 00 00 00 00 00 00 00 00 00 00 00 00 00 00 00 00 00 00 00 00 00 00 00 00 00 00 00 00 00 00 00 00 00 00 00 00  ----- Write Block #155 -----
 i = 155

2023/6/26 11:23:08.173 [TX] - 56 69 56 4F 74 65 63 68 32 00 2C 08 00 12 31 9B 00 00 00 00 00 00 00 00 00 00 00 00 00 00 00 00 57 12 
2023/6/26 11:23:08.200 [RX] - 56 69 56 4F 74 65 63 68 32 00 2C 00 00 00 1C 9B  PT command (OK)

2023/6/26 11:23:08.200 [RX] - 00 00 00 00 00 00 00 00 00 00 00 00 00 00 00 00 00 00 00 00 00 00 00 00 00 00 00 00 00 00 00 00 00 00 00 00 00 00 00 00 00 00 00 00 00 00 00  ----- Write Block #156 -----
 i = 156

2023/6/26 11:23:08.230 [TX] - 56 69 56 4F 74 65 63 68 32 00 2C 08 00 12 31 9C 00 00 00 00 00 00 00 00 00 00 00 00 00 00 00 00 25 BC 
2023/6/26 11:23:08.257 [RX] - 56 69 56 4F 74 65 63 68 32 00 2C 00 00 00 1C 9B  PT command (OK)

2023/6/26 11:23:08.257 [RX] - 00 00 00 00 00 00 00 00 00 00 00 00 00 00 00 00 00 00 00 00 00 00 00 00 00 00 00 00 00 00 00 00 00 00 00 00 00 00 00 00 00 00 00 00 00 00 00  ----- Write Block #157 -----
 i = 157

2023/6/26 11:23:08.295 [TX] - 56 69 56 4F 74 65 63 68 32 00 2C 08 00 12 31 9D 00 00 00 00 00 00 00 00 00 00 00 00 00 00 00 00 35 5E 
2023/6/26 11:23:08.322 [RX] - 56 69 56 4F 74 65 63 68 32 00 2C 00 00 00 1C 9B  PT command (OK)

2023/6/26 11:23:08.322 [RX] - 00 00 00 00 00 00 00 00 00 00 00 00 00 00 00 00 00 00 00 00 00 00 00 00 00 00 00 00 00 00 00 00 00 00 00 00 00 00 00 00 00 00 00 00 00 00 00  ----- Write Block #158 -----
 i = 158

2023/6/26 11:23:08.360 [TX] - 56 69 56 4F 74 65 63 68 32 00 2C 08 00 12 31 9E 00 00 00 00 00 00 00 00 00 00 00 00 00 00 00 00 04 78 
2023/6/26 11:23:08.387 [RX] - 56 69 56 4F 74 65 63 68 32 00 2C 00 00 00 1C 9B  PT command (OK)

2023/6/26 11:23:08.387 [RX] - 00 00 00 00 00 00 00 00 00 00 00 00 00 00 00 00 00 00 00 00 00 00 00 00 00 00 00 00 00 00 00 00 00 00 00 00 00 00 00 00 00 00 00 00 00 00 00  ----- #159 was SKIPPED -----
 ----- Write Block #160 -----
 i = 160

2023/6/26 11:23:08.428 [TX] - 56 69 56 4F 74 65 63 68 32 00 2C 08 00 12 31 A0 00 00 00 00 00 00 00 00 00 00 00 00 00 00 00 00 C3 27 
2023/6/26 11:23:08.455 [RX] - 56 69 56 4F 74 65 63 68 32 00 2C 00 00 00 1C 9B  PT command (OK)

2023/6/26 11:23:08.455 [RX] - 00 00 00 00 00 00 00 00 00 00 00 00 00 00 00 00 00 00 00 00 00 00 00 00 00 00 00 00 00 00 00 00 00 00 00 00 00 00 00 00 00 00 00 00 00 00 00  ----- Write Block #161 -----
 i = 161

2023/6/26 11:23:08.482 [TX] - 56 69 56 4F 74 65 63 68 32 00 2C 08 00 12 31 A1 00 00 00 00 00 00 00 00 00 00 00 00 00 00 00 00 D3 C5 
2023/6/26 11:23:08.509 [RX] - 56 69 56 4F 74 65 63 68 32 00 2C 00 00 00 1C 9B  PT command (OK)

2023/6/26 11:23:08.509 [RX] - 00 00 00 00 00 00 00 00 00 00 00 00 00 00 00 00 00 00 00 00 00 00 00 00 00 00 00 00 00 00 00 00 00 00 00 00 00 00 00 00 00 00 00 00 00 00 00  ----- Write Block #162 -----
 i = 162

2023/6/26 11:23:08.543 [TX] - 56 69 56 4F 74 65 63 68 32 00 2C 08 00 12 31 A2 00 00 00 00 00 00 00 00 00 00 00 00 00 00 00 00 E2 E3 
2023/6/26 11:23:08.570 [RX] - 56 69 56 4F 74 65 63 68 32 00 2C 00 00 00 1C 9B  PT command (OK)

2023/6/26 11:23:08.570 [RX] - 00 00 00 00 00 00 00 00 00 00 00 00 00 00 00 00 00 00 00 00 00 00 00 00 00 00 00 00 00 00 00 00 00 00 00 00 00 00 00 00 00 00 00 00 00 00 00  ----- Write Block #163 -----
 i = 163

2023/6/26 11:23:08.607 [TX] - 56 69 56 4F 74 65 63 68 32 00 2C 08 00 12 31 A3 00 00 00 00 00 00 00 00 00 00 00 00 00 00 00 00 F2 01 
2023/6/26 11:23:08.634 [RX] - 56 69 56 4F 74 65 63 68 32 00 2C 00 00 00 1C 9B  PT command (OK)

2023/6/26 11:23:08.634 [RX] - 00 00 00 00 00 00 00 00 00 00 00 00 00 00 00 00 00 00 00 00 00 00 00 00 00 00 00 00 00 00 00 00 00 00 00 00 00 00 00 00 00 00 00 00 00 00 00  ----- Write Block #164 -----
 i = 164

2023/6/26 11:23:08.668 [TX] - 56 69 56 4F 74 65 63 68 32 00 2C 08 00 12 31 A4 00 00 00 00 00 00 00 00 00 00 00 00 00 00 00 00 80 AF 
2023/6/26 11:23:08.695 [RX] - 56 69 56 4F 74 65 63 68 32 00 2C 00 00 00 1C 9B  PT command (OK)

2023/6/26 11:23:08.695 [RX] - 00 00 00 00 00 00 00 00 00 00 00 00 00 00 00 00 00 00 00 00 00 00 00 00 00 00 00 00 00 00 00 00 00 00 00 00 00 00 00 00 00 00 00 00 00 00 00  ----- Write Block #165 -----
 i = 165

2023/6/26 11:23:08.730 [TX] - 56 69 56 4F 74 65 63 68 32 00 2C 08 00 12 31 A5 00 00 00 00 00 00 00 00 00 00 00 00 00 00 00 00 90 4D 
2023/6/26 11:23:08.757 [RX] - 56 69 56 4F 74 65 63 68 32 00 2C 00 00 00 1C 9B  PT command (OK)

2023/6/26 11:23:08.757 [RX] - 00 00 00 00 00 00 00 00 00 00 00 00 00 00 00 00 00 00 00 00 00 00 00 00 00 00 00 00 00 00 00 00 00 00 00 00 00 00 00 00 00 00 00 00 00 00 00  ----- Write Block #166 -----
 i = 166

2023/6/26 11:23:08.800 [TX] - 56 69 56 4F 74 65 63 68 32 00 2C 08 00 12 31 A6 00 00 00 00 00 00 00 00 00 00 00 00 00 00 00 00 A1 6B 
2023/6/26 11:23:08.827 [RX] - 56 69 56 4F 74 65 63 68 32 00 2C 00 00 00 1C 9B  PT command (OK)

2023/6/26 11:23:08.827 [RX] - 00 00 00 00 00 00 00 00 00 00 00 00 00 00 00 00 00 00 00 00 00 00 00 00 00 00 00 00 00 00 00 00 00 00 00 00 00 00 00 00 00 00 00 00 00 00 00  ----- Write Block #167 -----
 i = 167

2023/6/26 11:23:08.852 [TX] - 56 69 56 4F 74 65 63 68 32 00 2C 08 00 12 31 A7 00 00 00 00 00 00 00 00 00 00 00 00 00 00 00 00 B1 89 
2023/6/26 11:23:08.879 [RX] - 56 69 56 4F 74 65 63 68 32 00 2C 00 00 00 1C 9B  PT command (OK)

2023/6/26 11:23:08.879 [RX] - 00 00 00 00 00 00 00 00 00 00 00 00 00 00 00 00 00 00 00 00 00 00 00 00 00 00 00 00 00 00 00 00 00 00 00 00 00 00 00 00 00 00 00 00 00 00 00  ----- Write Block #168 -----
 i = 168

2023/6/26 11:23:08.916 [TX] - 56 69 56 4F 74 65 63 68 32 00 2C 08 00 12 31 A8 00 00 00 00 00 00 00 00 00 00 00 00 00 00 00 00 44 37 
2023/6/26 11:23:08.943 [RX] - 56 69 56 4F 74 65 63 68 32 00 2C 00 00 00 1C 9B  PT command (OK)

2023/6/26 11:23:08.943 [RX] - 00 00 00 00 00 00 00 00 00 00 00 00 00 00 00 00 00 00 00 00 00 00 00 00 00 00 00 00 00 00 00 00 00 00 00 00 00 00 00 00 00 00 00 00 00 00 00  ----- Write Block #169 -----
 i = 169

2023/6/26 11:23:08.978 [TX] - 56 69 56 4F 74 65 63 68 32 00 2C 08 00 12 31 A9 00 00 00 00 00 00 00 00 00 00 00 00 00 00 00 00 54 D5 
2023/6/26 11:23:09.005 [RX] - 56 69 56 4F 74 65 63 68 32 00 2C 00 00 00 1C 9B  PT command (OK)

2023/6/26 11:23:09.005 [RX] - 00 00 00 00 00 00 00 00 00 00 00 00 00 00 00 00 00 00 00 00 00 00 00 00 00 00 00 00 00 00 00 00 00 00 00 00 00 00 00 00 00 00 00 00 00 00 00  ----- Write Block #170 -----
 i = 170

2023/6/26 11:23:09.039 [TX] - 56 69 56 4F 74 65 63 68 32 00 2C 08 00 12 31 AA 00 00 00 00 00 00 00 00 00 00 00 00 00 00 00 00 65 F3 
2023/6/26 11:23:09.066 [RX] - 56 69 56 4F 74 65 63 68 32 00 2C 00 00 00 1C 9B  PT command (OK)

2023/6/26 11:23:09.066 [RX] - 00 00 00 00 00 00 00 00 00 00 00 00 00 00 00 00 00 00 00 00 00 00 00 00 00 00 00 00 00 00 00 00 00 00 00 00 00 00 00 00 00 00 00 00 00 00 00  ----- Write Block #171 -----
 i = 171

2023/6/26 11:23:09.101 [TX] - 56 69 56 4F 74 65 63 68 32 00 2C 08 00 12 31 AB 00 00 00 00 00 00 00 00 00 00 00 00 00 00 00 00 75 11 
2023/6/26 11:23:09.128 [RX] - 56 69 56 4F 74 65 63 68 32 00 2C 00 00 00 1C 9B  PT command (OK)

2023/6/26 11:23:09.128 [RX] - 00 00 00 00 00 00 00 00 00 00 00 00 00 00 00 00 00 00 00 00 00 00 00 00 00 00 00 00 00 00 00 00 00 00 00 00 00 00 00 00 00 00 00 00 00 00 00  ----- Write Block #172 -----
 i = 172

2023/6/26 11:23:09.165 [TX] - 56 69 56 4F 74 65 63 68 32 00 2C 08 00 12 31 AC 00 00 00 00 00 00 00 00 00 00 00 00 00 00 00 00 07 BF 
2023/6/26 11:23:09.192 [RX] - 56 69 56 4F 74 65 63 68 32 00 2C 00 00 00 1C 9B  PT command (OK)

2023/6/26 11:23:09.192 [RX] - 00 00 00 00 00 00 00 00 00 00 00 00 00 00 00 00 00 00 00 00 00 00 00 00 00 00 00 00 00 00 00 00 00 00 00 00 00 00 00 00 00 00 00 00 00 00 00  ----- Write Block #173 -----
 i = 173

2023/6/26 11:23:09.229 [TX] - 56 69 56 4F 74 65 63 68 32 00 2C 08 00 12 31 AD 00 00 00 00 00 00 00 00 00 00 00 00 00 00 00 00 17 5D 
2023/6/26 11:23:09.256 [RX] - 56 69 56 4F 74 65 63 68 32 00 2C 00 00 00 1C 9B  PT command (OK)

2023/6/26 11:23:09.256 [RX] - 00 00 00 00 00 00 00 00 00 00 00 00 00 00 00 00 00 00 00 00 00 00 00 00 00 00 00 00 00 00 00 00 00 00 00 00 00 00 00 00 00 00 00 00 00 00 00  ----- Write Block #174 -----
 i = 174

2023/6/26 11:23:09.292 [TX] - 56 69 56 4F 74 65 63 68 32 00 2C 08 00 12 31 AE 00 00 00 00 00 00 00 00 00 00 00 00 00 00 00 00 26 7B 
2023/6/26 11:23:09.320 [RX] - 56 69 56 4F 74 65 63 68 32 00 2C 00 00 00 1C 9B  PT command (OK)

2023/6/26 11:23:09.320 [RX] - 00 00 00 00 00 00 00 00 00 00 00 00 00 00 00 00 00 00 00 00 00 00 00 00 00 00 00 00 00 00 00 00 00 00 00 00 00 00 00 00 00 00 00 00 00 00 00  ----- #175 was SKIPPED -----
 ----- Write Block #176 -----
 i = 176

2023/6/26 11:23:09.367 [TX] - 56 69 56 4F 74 65 63 68 32 00 2C 08 00 12 31 B0 00 00 00 00 00 00 00 00 00 00 00 00 00 00 00 00 DD 26 
2023/6/26 11:23:09.395 [RX] - 56 69 56 4F 74 65 63 68 32 00 2C 00 00 00 1C 9B  PT command (OK)

2023/6/26 11:23:09.395 [RX] - 00 00 00 00 00 00 00 00 00 00 00 00 00 00 00 00 00 00 00 00 00 00 00 00 00 00 00 00 00 00 00 00 00 00 00 00 00 00 00 00 00 00 00 00 00 00 00  ----- Write Block #177 -----
 i = 177

2023/6/26 11:23:09.431 [TX] - 56 69 56 4F 74 65 63 68 32 00 2C 08 00 12 31 B1 00 00 00 00 00 00 00 00 00 00 00 00 00 00 00 00 CD C4 
2023/6/26 11:23:09.458 [RX] - 56 69 56 4F 74 65 63 68 32 00 2C 00 00 00 1C 9B  PT command (OK)

2023/6/26 11:23:09.458 [RX] - 00 00 00 00 00 00 00 00 00 00 00 00 00 00 00 00 00 00 00 00 00 00 00 00 00 00 00 00 00 00 00 00 00 00 00 00 00 00 00 00 00 00 00 00 00 00 00  ----- Write Block #178 -----
 i = 178

2023/6/26 11:23:09.496 [TX] - 56 69 56 4F 74 65 63 68 32 00 2C 08 00 12 31 B2 00 00 00 00 00 00 00 00 00 00 00 00 00 00 00 00 FC E2 
2023/6/26 11:23:09.523 [RX] - 56 69 56 4F 74 65 63 68 32 00 2C 00 00 00 1C 9B  PT command (OK)

2023/6/26 11:23:09.523 [RX] - 00 00 00 00 00 00 00 00 00 00 00 00 00 00 00 00 00 00 00 00 00 00 00 00 00 00 00 00 00 00 00 00 00 00 00 00 00 00 00 00 00 00 00 00 00 00 00  ----- Write Block #179 -----
 i = 179

2023/6/26 11:23:09.555 [TX] - 56 69 56 4F 74 65 63 68 32 00 2C 08 00 12 31 B3 00 00 00 00 00 00 00 00 00 00 00 00 00 00 00 00 EC 00 
2023/6/26 11:23:09.582 [RX] - 56 69 56 4F 74 65 63 68 32 00 2C 00 00 00 1C 9B  PT command (OK)

2023/6/26 11:23:09.582 [RX] - 00 00 00 00 00 00 00 00 00 00 00 00 00 00 00 00 00 00 00 00 00 00 00 00 00 00 00 00 00 00 00 00 00 00 00 00 00 00 00 00 00 00 00 00 00 00 00  ----- Write Block #180 -----
 i = 180

2023/6/26 11:23:09.617 [TX] - 56 69 56 4F 74 65 63 68 32 00 2C 08 00 12 31 B4 00 00 00 00 00 00 00 00 00 00 00 00 00 00 00 00 9E AE 
2023/6/26 11:23:09.644 [RX] - 56 69 56 4F 74 65 63 68 32 00 2C 00 00 00 1C 9B  PT command (OK)

2023/6/26 11:23:09.644 [RX] - 00 00 00 00 00 00 00 00 00 00 00 00 00 00 00 00 00 00 00 00 00 00 00 00 00 00 00 00 00 00 00 00 00 00 00 00 00 00 00 00 00 00 00 00 00 00 00  ----- Write Block #181 -----
 i = 181

2023/6/26 11:23:09.681 [TX] - 56 69 56 4F 74 65 63 68 32 00 2C 08 00 12 31 B5 00 00 00 00 00 00 00 00 00 00 00 00 00 00 00 00 8E 4C 
2023/6/26 11:23:09.708 [RX] - 56 69 56 4F 74 65 63 68 32 00 2C 00 00 00 1C 9B  PT command (OK)

2023/6/26 11:23:09.708 [RX] - 00 00 00 00 00 00 00 00 00 00 00 00 00 00 00 00 00 00 00 00 00 00 00 00 00 00 00 00 00 00 00 00 00 00 00 00 00 00 00 00 00 00 00 00 00 00 00  ----- Write Block #182 -----
 i = 182

2023/6/26 11:23:09.746 [TX] - 56 69 56 4F 74 65 63 68 32 00 2C 08 00 12 31 B6 00 00 00 00 00 00 00 00 00 00 00 00 00 00 00 00 BF 6A 
2023/6/26 11:23:09.773 [RX] - 56 69 56 4F 74 65 63 68 32 00 2C 00 00 00 1C 9B  PT command (OK)

2023/6/26 11:23:09.773 [RX] - 00 00 00 00 00 00 00 00 00 00 00 00 00 00 00 00 00 00 00 00 00 00 00 00 00 00 00 00 00 00 00 00 00 00 00 00 00 00 00 00 00 00 00 00 00 00 00  ----- Write Block #183 -----
 i = 183

2023/6/26 11:23:09.808 [TX] - 56 69 56 4F 74 65 63 68 32 00 2C 08 00 12 31 B7 00 00 00 00 00 00 00 00 00 00 00 00 00 00 00 00 AF 88 
2023/6/26 11:23:09.835 [RX] - 56 69 56 4F 74 65 63 68 32 00 2C 00 00 00 1C 9B  PT command (OK)

2023/6/26 11:23:09.835 [RX] - 00 00 00 00 00 00 00 00 00 00 00 00 00 00 00 00 00 00 00 00 00 00 00 00 00 00 00 00 00 00 00 00 00 00 00 00 00 00 00 00 00 00 00 00 00 00 00  ----- Write Block #184 -----
 i = 184

2023/6/26 11:23:09.873 [TX] - 56 69 56 4F 74 65 63 68 32 00 2C 08 00 12 31 B8 00 00 00 00 00 00 00 00 00 00 00 00 00 00 00 00 5A 36 
2023/6/26 11:23:09.900 [RX] - 56 69 56 4F 74 65 63 68 32 00 2C 00 00 00 1C 9B  PT command (OK)

2023/6/26 11:23:09.900 [RX] - 00 00 00 00 00 00 00 00 00 00 00 00 00 00 00 00 00 00 00 00 00 00 00 00 00 00 00 00 00 00 00 00 00 00 00 00 00 00 00 00 00 00 00 00 00 00 00  ----- Write Block #185 -----
 i = 185

2023/6/26 11:23:09.933 [TX] - 56 69 56 4F 74 65 63 68 32 00 2C 08 00 12 31 B9 00 00 00 00 00 00 00 00 00 00 00 00 00 00 00 00 4A D4 
2023/6/26 11:23:09.960 [RX] - 56 69 56 4F 74 65 63 68 32 00 2C 00 00 00 1C 9B  PT command (OK)

2023/6/26 11:23:09.960 [RX] - 00 00 00 00 00 00 00 00 00 00 00 00 00 00 00 00 00 00 00 00 00 00 00 00 00 00 00 00 00 00 00 00 00 00 00 00 00 00 00 00 00 00 00 00 00 00 00  ----- Write Block #186 -----
 i = 186

2023/6/26 11:23:10.005 [TX] - 56 69 56 4F 74 65 63 68 32 00 2C 08 00 12 31 BA 00 00 00 00 00 00 00 00 00 00 00 00 00 00 00 00 7B F2 
2023/6/26 11:23:10.032 [RX] - 56 69 56 4F 74 65 63 68 32 00 2C 00 00 00 1C 9B  PT command (OK)

2023/6/26 11:23:10.032 [RX] - 00 00 00 00 00 00 00 00 00 00 00 00 00 00 00 00 00 00 00 00 00 00 00 00 00 00 00 00 00 00 00 00 00 00 00 00 00 00 00 00 00 00 00 00 00 00 00  ----- Write Block #187 -----
 i = 187

2023/6/26 11:23:10.059 [TX] - 56 69 56 4F 74 65 63 68 32 00 2C 08 00 12 31 BB 00 00 00 00 00 00 00 00 00 00 00 00 00 00 00 00 6B 10 
2023/6/26 11:23:10.086 [RX] - 56 69 56 4F 74 65 63 68 32 00 2C 00 00 00 1C 9B  PT command (OK)

2023/6/26 11:23:10.086 [RX] - 00 00 00 00 00 00 00 00 00 00 00 00 00 00 00 00 00 00 00 00 00 00 00 00 00 00 00 00 00 00 00 00 00 00 00 00 00 00 00 00 00 00 00 00 00 00 00  ----- Write Block #188 -----
 i = 188

2023/6/26 11:23:10.123 [TX] - 56 69 56 4F 74 65 63 68 32 00 2C 08 00 12 31 BC 00 00 00 00 00 00 00 00 00 00 00 00 00 00 00 00 19 BE 
2023/6/26 11:23:10.151 [RX] - 56 69 56 4F 74 65 63 68 32 00 2C 00 00 00 1C 9B  PT command (OK)

2023/6/26 11:23:10.151 [RX] - 00 00 00 00 00 00 00 00 00 00 00 00 00 00 00 00 00 00 00 00 00 00 00 00 00 00 00 00 00 00 00 00 00 00 00 00 00 00 00 00 00 00 00 00 00 00 00  ----- Write Block #189 -----
 i = 189

2023/6/26 11:23:10.184 [TX] - 56 69 56 4F 74 65 63 68 32 00 2C 08 00 12 31 BD 00 00 00 00 00 00 00 00 00 00 00 00 00 00 00 00 09 5C 
2023/6/26 11:23:10.211 [RX] - 56 69 56 4F 74 65 63 68 32 00 2C 00 00 00 1C 9B  PT command (OK)

2023/6/26 11:23:10.211 [RX] - 00 00 00 00 00 00 00 00 00 00 00 00 00 00 00 00 00 00 00 00 00 00 00 00 00 00 00 00 00 00 00 00 00 00 00 00 00 00 00 00 00 00 00 00 00 00 00  ----- Write Block #190 -----
 i = 190

2023/6/26 11:23:10.248 [TX] - 56 69 56 4F 74 65 63 68 32 00 2C 08 00 12 31 BE 00 00 00 00 00 00 00 00 00 00 00 00 00 00 00 00 38 7A 
2023/6/26 11:23:10.276 [RX] - 56 69 56 4F 74 65 63 68 32 00 2C 00 00 00 1C 9B  PT command (OK)

2023/6/26 11:23:10.276 [RX] - 00 00 00 00 00 00 00 00 00 00 00 00 00 00 00 00 00 00 00 00 00 00 00 00 00 00 00 00 00 00 00 00 00 00 00 00 00 00 00 00 00 00 00 00 00 00 00  ----- #191 was SKIPPED -----
 ----- Write Block #192 -----
 i = 192

2023/6/26 11:23:10.321 [TX] - 56 69 56 4F 74 65 63 68 32 00 2C 08 00 12 31 C0 00 00 00 00 00 00 00 00 00 00 00 00 00 00 00 00 87 21 
2023/6/26 11:23:10.349 [RX] - 56 69 56 4F 74 65 63 68 32 00 2C 00 00 00 1C 9B  PT command (OK)

2023/6/26 11:23:10.349 [RX] - 00 00 00 00 00 00 00 00 00 00 00 00 00 00 00 00 00 00 00 00 00 00 00 00 00 00 00 00 00 00 00 00 00 00 00 00 00 00 00 00 00 00 00 00 00 00 00  ----- Write Block #193 -----
 i = 193

2023/6/26 11:23:10.389 [TX] - 56 69 56 4F 74 65 63 68 32 00 2C 08 00 12 31 C1 00 00 00 00 00 00 00 00 00 00 00 00 00 00 00 00 97 C3 
2023/6/26 11:23:10.416 [RX] - 56 69 56 4F 74 65 63 68 32 00 2C 00 00 00 1C 9B  PT command (OK)

2023/6/26 11:23:10.416 [RX] - 00 00 00 00 00 00 00 00 00 00 00 00 00 00 00 00 00 00 00 00 00 00 00 00 00 00 00 00 00 00 00 00 00 00 00 00 00 00 00 00 00 00 00 00 00 00 00  ----- Write Block #194 -----
 i = 194

2023/6/26 11:23:10.450 [TX] - 56 69 56 4F 74 65 63 68 32 00 2C 08 00 12 31 C2 00 00 00 00 00 00 00 00 00 00 00 00 00 00 00 00 A6 E5 
2023/6/26 11:23:10.478 [RX] - 56 69 56 4F 74 65 63 68 32 00 2C 00 00 00 1C 9B  PT command (OK)

2023/6/26 11:23:10.478 [RX] - 00 00 00 00 00 00 00 00 00 00 00 00 00 00 00 00 00 00 00 00 00 00 00 00 00 00 00 00 00 00 00 00 00 00 00 00 00 00 00 00 00 00 00 00 00 00 00  ----- Write Block #195 -----
 i = 195

2023/6/26 11:23:10.514 [TX] - 56 69 56 4F 74 65 63 68 32 00 2C 08 00 12 31 C3 00 00 00 00 00 00 00 00 00 00 00 00 00 00 00 00 B6 07 
2023/6/26 11:23:10.541 [RX] - 56 69 56 4F 74 65 63 68 32 00 2C 00 00 00 1C 9B  PT command (OK)

2023/6/26 11:23:10.541 [RX] - 00 00 00 00 00 00 00 00 00 00 00 00 00 00 00 00 00 00 00 00 00 00 00 00 00 00 00 00 00 00 00 00 00 00 00 00 00 00 00 00 00 00 00 00 00 00 00  ----- Write Block #196 -----
 i = 196

2023/6/26 11:23:10.579 [TX] - 56 69 56 4F 74 65 63 68 32 00 2C 08 00 12 31 C4 00 00 00 00 00 00 00 00 00 00 00 00 00 00 00 00 C4 A9 
2023/6/26 11:23:10.606 [RX] - 56 69 56 4F 74 65 63 68 32 00 2C 00 00 00 1C 9B  PT command (OK)

2023/6/26 11:23:10.606 [RX] - 00 00 00 00 00 00 00 00 00 00 00 00 00 00 00 00 00 00 00 00 00 00 00 00 00 00 00 00 00 00 00 00 00 00 00 00 00 00 00 00 00 00 00 00 00 00 00  ----- Write Block #197 -----
 i = 197

2023/6/26 11:23:10.645 [TX] - 56 69 56 4F 74 65 63 68 32 00 2C 08 00 12 31 C5 00 00 00 00 00 00 00 00 00 00 00 00 00 00 00 00 D4 4B 
2023/6/26 11:23:10.672 [RX] - 56 69 56 4F 74 65 63 68 32 00 2C 00 00 00 1C 9B  PT command (OK)

2023/6/26 11:23:10.672 [RX] - 00 00 00 00 00 00 00 00 00 00 00 00 00 00 00 00 00 00 00 00 00 00 00 00 00 00 00 00 00 00 00 00 00 00 00 00 00 00 00 00 00 00 00 00 00 00 00  ----- Write Block #198 -----
 i = 198

2023/6/26 11:23:10.700 [TX] - 56 69 56 4F 74 65 63 68 32 00 2C 08 00 12 31 C6 00 00 00 00 00 00 00 00 00 00 00 00 00 00 00 00 E5 6D 
2023/6/26 11:23:10.727 [RX] - 56 69 56 4F 74 65 63 68 32 00 2C 00 00 00 1C 9B  PT command (OK)

2023/6/26 11:23:10.727 [RX] - 00 00 00 00 00 00 00 00 00 00 00 00 00 00 00 00 00 00 00 00 00 00 00 00 00 00 00 00 00 00 00 00 00 00 00 00 00 00 00 00 00 00 00 00 00 00 00  ----- Write Block #199 -----
 i = 199

2023/6/26 11:23:10.764 [TX] - 56 69 56 4F 74 65 63 68 32 00 2C 08 00 12 31 C7 00 00 00 00 00 00 00 00 00 00 00 00 00 00 00 00 F5 8F 
2023/6/26 11:23:10.791 [RX] - 56 69 56 4F 74 65 63 68 32 00 2C 00 00 00 1C 9B  PT command (OK)

2023/6/26 11:23:10.791 [RX] - 00 00 00 00 00 00 00 00 00 00 00 00 00 00 00 00 00 00 00 00 00 00 00 00 00 00 00 00 00 00 00 00 00 00 00 00 00 00 00 00 00 00 00 00 00 00 00  ----- Write Block #200 -----
 i = 200

2023/6/26 11:23:10.827 [TX] - 56 69 56 4F 74 65 63 68 32 00 2C 08 00 12 31 C8 00 00 00 00 00 00 00 00 00 00 00 00 00 00 00 00 00 31 
2023/6/26 11:23:10.854 [RX] - 56 69 56 4F 74 65 63 68 32 00 2C 00 00 00 1C 9B  PT command (OK)

2023/6/26 11:23:10.854 [RX] - 00 00 00 00 00 00 00 00 00 00 00 00 00 00 00 00 00 00 00 00 00 00 00 00 00 00 00 00 00 00 00 00 00 00 00 00 00 00 00 00 00 00 00 00 00 00 00  ----- Write Block #201 -----
 i = 201

2023/6/26 11:23:10.889 [TX] - 56 69 56 4F 74 65 63 68 32 00 2C 08 00 12 31 C9 00 00 00 00 00 00 00 00 00 00 00 00 00 00 00 00 10 D3 
2023/6/26 11:23:10.916 [RX] - 56 69 56 4F 74 65 63 68 32 00 2C 00 00 00 1C 9B  PT command (OK)

2023/6/26 11:23:10.916 [RX] - 00 00 00 00 00 00 00 00 00 00 00 00 00 00 00 00 00 00 00 00 00 00 00 00 00 00 00 00 00 00 00 00 00 00 00 00 00 00 00 00 00 00 00 00 00 00 00  ----- Write Block #202 -----
 i = 202

2023/6/26 11:23:10.952 [TX] - 56 69 56 4F 74 65 63 68 32 00 2C 08 00 12 31 CA 00 00 00 00 00 00 00 00 00 00 00 00 00 00 00 00 21 F5 
2023/6/26 11:23:10.979 [RX] - 56 69 56 4F 74 65 63 68 32 00 2C 00 00 00 1C 9B  PT command (OK)

2023/6/26 11:23:10.979 [RX] - 00 00 00 00 00 00 00 00 00 00 00 00 00 00 00 00 00 00 00 00 00 00 00 00 00 00 00 00 00 00 00 00 00 00 00 00 00 00 00 00 00 00 00 00 00 00 00  ----- Write Block #203 -----
 i = 203

2023/6/26 11:23:11.014 [TX] - 56 69 56 4F 74 65 63 68 32 00 2C 08 00 12 31 CB 00 00 00 00 00 00 00 00 00 00 00 00 00 00 00 00 31 17 
2023/6/26 11:23:11.041 [RX] - 56 69 56 4F 74 65 63 68 32 00 2C 00 00 00 1C 9B  PT command (OK)

2023/6/26 11:23:11.041 [RX] - 00 00 00 00 00 00 00 00 00 00 00 00 00 00 00 00 00 00 00 00 00 00 00 00 00 00 00 00 00 00 00 00 00 00 00 00 00 00 00 00 00 00 00 00 00 00 00  ----- Write Block #204 -----
 i = 204

2023/6/26 11:23:11.080 [TX] - 56 69 56 4F 74 65 63 68 32 00 2C 08 00 12 31 CC 00 00 00 00 00 00 00 00 00 00 00 00 00 00 00 00 43 B9 
2023/6/26 11:23:11.107 [RX] - 56 69 56 4F 74 65 63 68 32 00 2C 00 00 00 1C 9B  PT command (OK)

2023/6/26 11:23:11.107 [RX] - 00 00 00 00 00 00 00 00 00 00 00 00 00 00 00 00 00 00 00 00 00 00 00 00 00 00 00 00 00 00 00 00 00 00 00 00 00 00 00 00 00 00 00 00 00 00 00  ----- Write Block #205 -----
 i = 205

2023/6/26 11:23:11.142 [TX] - 56 69 56 4F 74 65 63 68 32 00 2C 08 00 12 31 CD 00 00 00 00 00 00 00 00 00 00 00 00 00 00 00 00 53 5B 
2023/6/26 11:23:11.169 [RX] - 56 69 56 4F 74 65 63 68 32 00 2C 00 00 00 1C 9B  PT command (OK)

2023/6/26 11:23:11.169 [RX] - 00 00 00 00 00 00 00 00 00 00 00 00 00 00 00 00 00 00 00 00 00 00 00 00 00 00 00 00 00 00 00 00 00 00 00 00 00 00 00 00 00 00 00 00 00 00 00  ----- Write Block #206 -----
 i = 206

2023/6/26 11:23:11.201 [TX] - 56 69 56 4F 74 65 63 68 32 00 2C 08 00 12 31 CE 00 00 00 00 00 00 00 00 00 00 00 00 00 00 00 00 62 7D 
2023/6/26 11:23:11.229 [RX] - 56 69 56 4F 74 65 63 68 32 00 2C 00 00 00 1C 9B  PT command (OK)

2023/6/26 11:23:11.229 [RX] - 00 00 00 00 00 00 00 00 00 00 00 00 00 00 00 00 00 00 00 00 00 00 00 00 00 00 00 00 00 00 00 00 00 00 00 00 00 00 00 00 00 00 00 00 00 00 00  ----- #207 was SKIPPED -----
 ----- Write Block #208 -----
 i = 208

2023/6/26 11:23:11.266 [TX] - 56 69 56 4F 74 65 63 68 32 00 2C 08 00 12 31 D0 00 00 00 00 00 00 00 00 00 00 00 00 00 00 00 00 99 20 
2023/6/26 11:23:11.294 [RX] - 56 69 56 4F 74 65 63 68 32 00 2C 00 00 00 1C 9B  PT command (OK)

2023/6/26 11:23:11.294 [RX] - 00 00 00 00 00 00 00 00 00 00 00 00 00 00 00 00 00 00 00 00 00 00 00 00 00 00 00 00 00 00 00 00 00 00 00 00 00 00 00 00 00 00 00 00 00 00 00  ----- Write Block #209 -----
 i = 209

2023/6/26 11:23:11.327 [TX] - 56 69 56 4F 74 65 63 68 32 00 2C 08 00 12 31 D1 00 00 00 00 00 00 00 00 00 00 00 00 00 00 00 00 89 C2 
2023/6/26 11:23:11.354 [RX] - 56 69 56 4F 74 65 63 68 32 00 2C 00 00 00 1C 9B  PT command (OK)

2023/6/26 11:23:11.354 [RX] - 00 00 00 00 00 00 00 00 00 00 00 00 00 00 00 00 00 00 00 00 00 00 00 00 00 00 00 00 00 00 00 00 00 00 00 00 00 00 00 00 00 00 00 00 00 00 00  ----- Write Block #210 -----
 i = 210

2023/6/26 11:23:11.390 [TX] - 56 69 56 4F 74 65 63 68 32 00 2C 08 00 12 31 D2 00 00 00 00 00 00 00 00 00 00 00 00 00 00 00 00 B8 E4 
2023/6/26 11:23:11.417 [RX] - 56 69 56 4F 74 65 63 68 32 00 2C 00 00 00 1C 9B  PT command (OK)

2023/6/26 11:23:11.417 [RX] - 00 00 00 00 00 00 00 00 00 00 00 00 00 00 00 00 00 00 00 00 00 00 00 00 00 00 00 00 00 00 00 00 00 00 00 00 00 00 00 00 00 00 00 00 00 00 00  ----- Write Block #211 -----
 i = 211

2023/6/26 11:23:11.453 [TX] - 56 69 56 4F 74 65 63 68 32 00 2C 08 00 12 31 D3 00 00 00 00 00 00 00 00 00 00 00 00 00 00 00 00 A8 06 
2023/6/26 11:23:11.480 [RX] - 56 69 56 4F 74 65 63 68 32 00 2C 00 00 00 1C 9B  PT command (OK)

2023/6/26 11:23:11.480 [RX] - 00 00 00 00 00 00 00 00 00 00 00 00 00 00 00 00 00 00 00 00 00 00 00 00 00 00 00 00 00 00 00 00 00 00 00 00 00 00 00 00 00 00 00 00 00 00 00  ----- Write Block #212 -----
 i = 212

2023/6/26 11:23:11.515 [TX] - 56 69 56 4F 74 65 63 68 32 00 2C 08 00 12 31 D4 00 00 00 00 00 00 00 00 00 00 00 00 00 00 00 00 DA A8 
2023/6/26 11:23:11.542 [RX] - 56 69 56 4F 74 65 63 68 32 00 2C 00 00 00 1C 9B  PT command (OK)

2023/6/26 11:23:11.542 [RX] - 00 00 00 00 00 00 00 00 00 00 00 00 00 00 00 00 00 00 00 00 00 00 00 00 00 00 00 00 00 00 00 00 00 00 00 00 00 00 00 00 00 00 00 00 00 00 00  ----- Write Block #213 -----
 i = 213

2023/6/26 11:23:11.577 [TX] - 56 69 56 4F 74 65 63 68 32 00 2C 08 00 12 31 D5 00 00 00 00 00 00 00 00 00 00 00 00 00 00 00 00 CA 4A 
2023/6/26 11:23:11.604 [RX] - 56 69 56 4F 74 65 63 68 32 00 2C 00 00 00 1C 9B  PT command (OK)

2023/6/26 11:23:11.604 [RX] - 00 00 00 00 00 00 00 00 00 00 00 00 00 00 00 00 00 00 00 00 00 00 00 00 00 00 00 00 00 00 00 00 00 00 00 00 00 00 00 00 00 00 00 00 00 00 00  ----- Write Block #214 -----
 i = 214

2023/6/26 11:23:11.638 [TX] - 56 69 56 4F 74 65 63 68 32 00 2C 08 00 12 31 D6 00 00 00 00 00 00 00 00 00 00 00 00 00 00 00 00 FB 6C 
2023/6/26 11:23:11.665 [RX] - 56 69 56 4F 74 65 63 68 32 00 2C 00 00 00 1C 9B  PT command (OK)

2023/6/26 11:23:11.665 [RX] - 00 00 00 00 00 00 00 00 00 00 00 00 00 00 00 00 00 00 00 00 00 00 00 00 00 00 00 00 00 00 00 00 00 00 00 00 00 00 00 00 00 00 00 00 00 00 00  ----- Write Block #215 -----
 i = 215

2023/6/26 11:23:11.702 [TX] - 56 69 56 4F 74 65 63 68 32 00 2C 08 00 12 31 D7 00 00 00 00 00 00 00 00 00 00 00 00 00 00 00 00 EB 8E 
2023/6/26 11:23:11.729 [RX] - 56 69 56 4F 74 65 63 68 32 00 2C 00 00 00 1C 9B  PT command (OK)

2023/6/26 11:23:11.729 [RX] - 00 00 00 00 00 00 00 00 00 00 00 00 00 00 00 00 00 00 00 00 00 00 00 00 00 00 00 00 00 00 00 00 00 00 00 00 00 00 00 00 00 00 00 00 00 00 00  ----- Write Block #216 -----
 i = 216

2023/6/26 11:23:11.766 [TX] - 56 69 56 4F 74 65 63 68 32 00 2C 08 00 12 31 D8 00 00 00 00 00 00 00 00 00 00 00 00 00 00 00 00 1E 30 
2023/6/26 11:23:11.793 [RX] - 56 69 56 4F 74 65 63 68 32 00 2C 00 00 00 1C 9B  PT command (OK)

2023/6/26 11:23:11.793 [RX] - 00 00 00 00 00 00 00 00 00 00 00 00 00 00 00 00 00 00 00 00 00 00 00 00 00 00 00 00 00 00 00 00 00 00 00 00 00 00 00 00 00 00 00 00 00 00 00  ----- Write Block #217 -----
 i = 217

2023/6/26 11:23:11.828 [TX] - 56 69 56 4F 74 65 63 68 32 00 2C 08 00 12 31 D9 00 00 00 00 00 00 00 00 00 00 00 00 00 00 00 00 0E D2 
2023/6/26 11:23:11.855 [RX] - 56 69 56 4F 74 65 63 68 32 00 2C 00 00 00 1C 9B  PT command (OK)

2023/6/26 11:23:11.855 [RX] - 00 00 00 00 00 00 00 00 00 00 00 00 00 00 00 00 00 00 00 00 00 00 00 00 00 00 00 00 00 00 00 00 00 00 00 00 00 00 00 00 00 00 00 00 00 00 00  ----- Write Block #218 -----
 i = 218

2023/6/26 11:23:11.892 [TX] - 56 69 56 4F 74 65 63 68 32 00 2C 08 00 12 31 DA 00 00 00 00 00 00 00 00 00 00 00 00 00 00 00 00 3F F4 
2023/6/26 11:23:11.919 [RX] - 56 69 56 4F 74 65 63 68 32 00 2C 00 00 00 1C 9B  PT command (OK)

2023/6/26 11:23:11.919 [RX] - 00 00 00 00 00 00 00 00 00 00 00 00 00 00 00 00 00 00 00 00 00 00 00 00 00 00 00 00 00 00 00 00 00 00 00 00 00 00 00 00 00 00 00 00 00 00 00  ----- Write Block #219 -----
 i = 219

2023/6/26 11:23:11.956 [TX] - 56 69 56 4F 74 65 63 68 32 00 2C 08 00 12 31 DB 00 00 00 00 00 00 00 00 00 00 00 00 00 00 00 00 2F 16 
2023/6/26 11:23:11.983 [RX] - 56 69 56 4F 74 65 63 68 32 00 2C 00 00 00 1C 9B  PT command (OK)

2023/6/26 11:23:11.983 [RX] - 00 00 00 00 00 00 00 00 00 00 00 00 00 00 00 00 00 00 00 00 00 00 00 00 00 00 00 00 00 00 00 00 00 00 00 00 00 00 00 00 00 00 00 00 00 00 00  ----- Write Block #220 -----
 i = 220

2023/6/26 11:23:12.016 [TX] - 56 69 56 4F 74 65 63 68 32 00 2C 08 00 12 31 DC 00 00 00 00 00 00 00 00 00 00 00 00 00 00 00 00 5D B8 
2023/6/26 11:23:12.044 [RX] - 56 69 56 4F 74 65 63 68 32 00 2C 00 00 00 1C 9B  PT command (OK)

2023/6/26 11:23:12.044 [RX] - 00 00 00 00 00 00 00 00 00 00 00 00 00 00 00 00 00 00 00 00 00 00 00 00 00 00 00 00 00 00 00 00 00 00 00 00 00 00 00 00 00 00 00 00 00 00 00  ----- Write Block #221 -----
 i = 221

2023/6/26 11:23:12.081 [TX] - 56 69 56 4F 74 65 63 68 32 00 2C 08 00 12 31 DD 00 00 00 00 00 00 00 00 00 00 00 00 00 00 00 00 4D 5A 
2023/6/26 11:23:12.108 [RX] - 56 69 56 4F 74 65 63 68 32 00 2C 00 00 00 1C 9B  PT command (OK)

2023/6/26 11:23:12.108 [RX] - 00 00 00 00 00 00 00 00 00 00 00 00 00 00 00 00 00 00 00 00 00 00 00 00 00 00 00 00 00 00 00 00 00 00 00 00 00 00 00 00 00 00 00 00 00 00 00  ----- Write Block #222 -----
 i = 222

2023/6/26 11:23:12.144 [TX] - 56 69 56 4F 74 65 63 68 32 00 2C 08 00 12 31 DE 00 00 00 00 00 00 00 00 00 00 00 00 00 00 00 00 7C 7C 
2023/6/26 11:23:12.171 [RX] - 56 69 56 4F 74 65 63 68 32 00 2C 00 00 00 1C 9B  PT command (OK)

2023/6/26 11:23:12.171 [RX] - 00 00 00 00 00 00 00 00 00 00 00 00 00 00 00 00 00 00 00 00 00 00 00 00 00 00 00 00 00 00 00 00 00 00 00 00 00 00 00 00 00 00 00 00 00 00 00  ----- #223 was SKIPPED -----
 ----- Write Block #224 -----
 i = 224

2023/6/26 11:23:12.216 [TX] - 56 69 56 4F 74 65 63 68 32 00 2C 08 00 12 31 E0 00 00 00 00 00 00 00 00 00 00 00 00 00 00 00 00 BB 23 
2023/6/26 11:23:12.243 [RX] - 56 69 56 4F 74 65 63 68 32 00 2C 00 00 00 1C 9B  PT command (OK)

2023/6/26 11:23:12.243 [RX] - 00 00 00 00 00 00 00 00 00 00 00 00 00 00 00 00 00 00 00 00 00 00 00 00 00 00 00 00 00 00 00 00 00 00 00 00 00 00 00 00 00 00 00 00 00 00 00  ----- Write Block #225 -----
 i = 225

2023/6/26 11:23:12.281 [TX] - 56 69 56 4F 74 65 63 68 32 00 2C 08 00 12 31 E1 00 00 00 00 00 00 00 00 00 00 00 00 00 00 00 00 AB C1 
2023/6/26 11:23:12.308 [RX] - 56 69 56 4F 74 65 63 68 32 00 2C 00 00 00 1C 9B  PT command (OK)

2023/6/26 11:23:12.308 [RX] - 00 00 00 00 00 00 00 00 00 00 00 00 00 00 00 00 00 00 00 00 00 00 00 00 00 00 00 00 00 00 00 00 00 00 00 00 00 00 00 00 00 00 00 00 00 00 00  ----- Write Block #226 -----
 i = 226

2023/6/26 11:23:12.344 [TX] - 56 69 56 4F 74 65 63 68 32 00 2C 08 00 12 31 E2 00 00 00 00 00 00 00 00 00 00 00 00 00 00 00 00 9A E7 
2023/6/26 11:23:12.401 [RX] - 56 69 56 4F 74 65 63 68 32 00 2C 00 00 00 1C 9B  PT command (OK)

2023/6/26 11:23:12.401 [RX] - 00 00 00 00 00 00 00 00 00 00 00 00 00 00 00 00 00 00 00 00 00 00 00 00 00 00 00 00 00 00 00 00 00 00 00 00 00 00 00 00 00 00 00 00 00 00 00  ----- Write Block #227 -----
 i = 227

2023/6/26 11:23:12.441 [TX] - 56 69 56 4F 74 65 63 68 32 00 2C 08 00 12 31 E3 00 00 00 00 00 00 00 00 00 00 00 00 00 00 00 00 8A 05 
2023/6/26 11:23:12.468 [RX] - 56 69 56 4F 74 65 63 68 32 00 2C 00 00 00 1C 9B  PT command (OK)

2023/6/26 11:23:12.468 [RX] - 00 00 00 00 00 00 00 00 00 00 00 00 00 00 00 00 00 00 00 00 00 00 00 00 00 00 00 00 00 00 00 00 00 00 00 00 00 00 00 00 00 00 00 00 00 00 00  ----- Write Block #228 -----
 i = 228

2023/6/26 11:23:12.500 [TX] - 56 69 56 4F 74 65 63 68 32 00 2C 08 00 12 31 E4 00 00 00 00 00 00 00 00 00 00 00 00 00 00 00 00 F8 AB 
2023/6/26 11:23:12.527 [RX] - 56 69 56 4F 74 65 63 68 32 00 2C 00 00 00 1C 9B  PT command (OK)

2023/6/26 11:23:12.527 [RX] - 00 00 00 00 00 00 00 00 00 00 00 00 00 00 00 00 00 00 00 00 00 00 00 00 00 00 00 00 00 00 00 00 00 00 00 00 00 00 00 00 00 00 00 00 00 00 00  ----- Write Block #229 -----
 i = 229

2023/6/26 11:23:12.565 [TX] - 56 69 56 4F 74 65 63 68 32 00 2C 08 00 12 31 E5 00 00 00 00 00 00 00 00 00 00 00 00 00 00 00 00 E8 49 
2023/6/26 11:23:12.592 [RX] - 56 69 56 4F 74 65 63 68 32 00 2C 00 00 00 1C 9B  PT command (OK)

2023/6/26 11:23:12.592 [RX] - 00 00 00 00 00 00 00 00 00 00 00 00 00 00 00 00 00 00 00 00 00 00 00 00 00 00 00 00 00 00 00 00 00 00 00 00 00 00 00 00 00 00 00 00 00 00 00  ----- Write Block #230 -----
 i = 230

2023/6/26 11:23:12.630 [TX] - 56 69 56 4F 74 65 63 68 32 00 2C 08 00 12 31 E6 00 00 00 00 00 00 00 00 00 00 00 00 00 00 00 00 D9 6F 
2023/6/26 11:23:12.657 [RX] - 56 69 56 4F 74 65 63 68 32 00 2C 00 00 00 1C 9B  PT command (OK)

2023/6/26 11:23:12.657 [RX] - 00 00 00 00 00 00 00 00 00 00 00 00 00 00 00 00 00 00 00 00 00 00 00 00 00 00 00 00 00 00 00 00 00 00 00 00 00 00 00 00 00 00 00 00 00 00 00  ----- Write Block #231 -----
 i = 231

2023/6/26 11:23:12.693 [TX] - 56 69 56 4F 74 65 63 68 32 00 2C 08 00 12 31 E7 00 00 00 00 00 00 00 00 00 00 00 00 00 00 00 00 C9 8D 
2023/6/26 11:23:12.720 [RX] - 56 69 56 4F 74 65 63 68 32 00 2C 00 00 00 1C 9B  PT command (OK)

2023/6/26 11:23:12.720 [RX] - 00 00 00 00 00 00 00 00 00 00 00 00 00 00 00 00 00 00 00 00 00 00 00 00 00 00 00 00 00 00 00 00 00 00 00 00 00 00 00 00 00 00 00 00 00 00 00  ----- Write Block #232 -----
 i = 232

2023/6/26 11:23:12.753 [TX] - 56 69 56 4F 74 65 63 68 32 00 2C 08 00 12 31 E8 00 00 00 00 00 00 00 00 00 00 00 00 00 00 00 00 3C 33 
2023/6/26 11:23:12.780 [RX] - 56 69 56 4F 74 65 63 68 32 00 2C 00 00 00 1C 9B  PT command (OK)

2023/6/26 11:23:12.780 [RX] - 00 00 00 00 00 00 00 00 00 00 00 00 00 00 00 00 00 00 00 00 00 00 00 00 00 00 00 00 00 00 00 00 00 00 00 00 00 00 00 00 00 00 00 00 00 00 00  ----- Write Block #233 -----
 i = 233

2023/6/26 11:23:12.814 [TX] - 56 69 56 4F 74 65 63 68 32 00 2C 08 00 12 31 E9 00 00 00 00 00 00 00 00 00 00 00 00 00 00 00 00 2C D1 
2023/6/26 11:23:12.841 [RX] - 56 69 56 4F 74 65 63 68 32 00 2C 00 00 00 1C 9B  PT command (OK)

2023/6/26 11:23:12.841 [RX] - 00 00 00 00 00 00 00 00 00 00 00 00 00 00 00 00 00 00 00 00 00 00 00 00 00 00 00 00 00 00 00 00 00 00 00 00 00 00 00 00 00 00 00 00 00 00 00  ----- Write Block #234 -----
 i = 234

2023/6/26 11:23:12.881 [TX] - 56 69 56 4F 74 65 63 68 32 00 2C 08 00 12 31 EA 00 00 00 00 00 00 00 00 00 00 00 00 00 00 00 00 1D F7 
2023/6/26 11:23:12.908 [RX] - 56 69 56 4F 74 65 63 68 32 00 2C 00 00 00 1C 9B  PT command (OK)

2023/6/26 11:23:12.908 [RX] - 00 00 00 00 00 00 00 00 00 00 00 00 00 00 00 00 00 00 00 00 00 00 00 00 00 00 00 00 00 00 00 00 00 00 00 00 00 00 00 00 00 00 00 00 00 00 00  ----- Write Block #235 -----
 i = 235

2023/6/26 11:23:12.939 [TX] - 56 69 56 4F 74 65 63 68 32 00 2C 08 00 12 31 EB 00 00 00 00 00 00 00 00 00 00 00 00 00 00 00 00 0D 15 
2023/6/26 11:23:12.967 [RX] - 56 69 56 4F 74 65 63 68 32 00 2C 00 00 00 1C 9B  PT command (OK)

2023/6/26 11:23:12.967 [RX] - 00 00 00 00 00 00 00 00 00 00 00 00 00 00 00 00 00 00 00 00 00 00 00 00 00 00 00 00 00 00 00 00 00 00 00 00 00 00 00 00 00 00 00 00 00 00 00  ----- Write Block #236 -----
 i = 236

2023/6/26 11:23:13.002 [TX] - 56 69 56 4F 74 65 63 68 32 00 2C 08 00 12 31 EC 00 00 00 00 00 00 00 00 00 00 00 00 00 00 00 00 7F BB 
2023/6/26 11:23:13.030 [RX] - 56 69 56 4F 74 65 63 68 32 00 2C 00 00 00 1C 9B  PT command (OK)

2023/6/26 11:23:13.030 [RX] - 00 00 00 00 00 00 00 00 00 00 00 00 00 00 00 00 00 00 00 00 00 00 00 00 00 00 00 00 00 00 00 00 00 00 00 00 00 00 00 00 00 00 00 00 00 00 00  ----- Write Block #237 -----
 i = 237

2023/6/26 11:23:13.074 [TX] - 56 69 56 4F 74 65 63 68 32 00 2C 08 00 12 31 ED 00 00 00 00 00 00 00 00 00 00 00 00 00 00 00 00 6F 59 
2023/6/26 11:23:13.102 [RX] - 56 69 56 4F 74 65 63 68 32 00 2C 00 00 00 1C 9B  PT command (OK)

2023/6/26 11:23:13.102 [RX] - 00 00 00 00 00 00 00 00 00 00 00 00 00 00 00 00 00 00 00 00 00 00 00 00 00 00 00 00 00 00 00 00 00 00 00 00 00 00 00 00 00 00 00 00 00 00 00  ----- Write Block #238 -----
 i = 238

2023/6/26 11:23:13.149 [TX] - 56 69 56 4F 74 65 63 68 32 00 2C 08 00 12 31 EE 00 00 00 00 00 00 00 00 00 00 00 00 00 00 00 00 5E 7F 
2023/6/26 11:23:13.176 [RX] - 56 69 56 4F 74 65 63 68 32 00 2C 00 00 00 1C 9B  PT command (OK)

2023/6/26 11:23:13.176 [RX] - 00 00 00 00 00 00 00 00 00 00 00 00 00 00 00 00 00 00 00 00 00 00 00 00 00 00 00 00 00 00 00 00 00 00 00 00 00 00 00 00 00 00 00 00 00 00 00  ----- #239 was SKIPPED -----
 ----- Write Block #240 -----
 i = 240

2023/6/26 11:23:13.224 [TX] - 56 69 56 4F 74 65 63 68 32 00 2C 08 00 12 31 F0 00 00 00 00 00 00 00 00 00 00 00 00 00 00 00 00 A5 22 
2023/6/26 11:23:13.251 [RX] - 56 69 56 4F 74 65 63 68 32 00 2C 00 00 00 1C 9B  PT command (OK)

2023/6/26 11:23:13.251 [RX] - 00 00 00 00 00 00 00 00 00 00 00 00 00 00 00 00 00 00 00 00 00 00 00 00 00 00 00 00 00 00 00 00 00 00 00 00 00 00 00 00 00 00 00 00 00 00 00  ----- Write Block #241 -----
 i = 241

2023/6/26 11:23:13.286 [TX] - 56 69 56 4F 74 65 63 68 32 00 2C 08 00 12 31 F1 00 00 00 00 00 00 00 00 00 00 00 00 00 00 00 00 B5 C0 
2023/6/26 11:23:13.313 [RX] - 56 69 56 4F 74 65 63 68 32 00 2C 00 00 00 1C 9B  PT command (OK)

2023/6/26 11:23:13.313 [RX] - 00 00 00 00 00 00 00 00 00 00 00 00 00 00 00 00 00 00 00 00 00 00 00 00 00 00 00 00 00 00 00 00 00 00 00 00 00 00 00 00 00 00 00 00 00 00 00  ----- Write Block #242 -----
 i = 242

2023/6/26 11:23:13.348 [TX] - 56 69 56 4F 74 65 63 68 32 00 2C 08 00 12 31 F2 00 00 00 00 00 00 00 00 00 00 00 00 00 00 00 00 84 E6 
2023/6/26 11:23:13.375 [RX] - 56 69 56 4F 74 65 63 68 32 00 2C 00 00 00 1C 9B  PT command (OK)

2023/6/26 11:23:13.375 [RX] - 00 00 00 00 00 00 00 00 00 00 00 00 00 00 00 00 00 00 00 00 00 00 00 00 00 00 00 00 00 00 00 00 00 00 00 00 00 00 00 00 00 00 00 00 00 00 00  ----- Write Block #243 -----
 i = 243

2023/6/26 11:23:13.414 [TX] - 56 69 56 4F 74 65 63 68 32 00 2C 08 00 12 31 F3 00 00 00 00 00 00 00 00 00 00 00 00 00 00 00 00 94 04 
2023/6/26 11:23:13.441 [RX] - 56 69 56 4F 74 65 63 68 32 00 2C 00 00 00 1C 9B  PT command (OK)

2023/6/26 11:23:13.441 [RX] - 00 00 00 00 00 00 00 00 00 00 00 00 00 00 00 00 00 00 00 00 00 00 00 00 00 00 00 00 00 00 00 00 00 00 00 00 00 00 00 00 00 00 00 00 00 00 00  ----- Write Block #244 -----
 i = 244

2023/6/26 11:23:13.478 [TX] - 56 69 56 4F 74 65 63 68 32 00 2C 08 00 12 31 F4 00 00 00 00 00 00 00 00 00 00 00 00 00 00 00 00 E6 AA 
2023/6/26 11:23:13.505 [RX] - 56 69 56 4F 74 65 63 68 32 00 2C 00 00 00 1C 9B  PT command (OK)

2023/6/26 11:23:13.505 [RX] - 00 00 00 00 00 00 00 00 00 00 00 00 00 00 00 00 00 00 00 00 00 00 00 00 00 00 00 00 00 00 00 00 00 00 00 00 00 00 00 00 00 00 00 00 00 00 00  ----- Write Block #245 -----
 i = 245

2023/6/26 11:23:13.539 [TX] - 56 69 56 4F 74 65 63 68 32 00 2C 08 00 12 31 F5 00 00 00 00 00 00 00 00 00 00 00 00 00 00 00 00 F6 48 
2023/6/26 11:23:13.566 [RX] - 56 69 56 4F 74 65 63 68 32 00 2C 00 00 00 1C 9B  PT command (OK)

2023/6/26 11:23:13.566 [RX] - 00 00 00 00 00 00 00 00 00 00 00 00 00 00 00 00 00 00 00 00 00 00 00 00 00 00 00 00 00 00 00 00 00 00 00 00 00 00 00 00 00 00 00 00 00 00 00  ----- Write Block #246 -----
 i = 246

2023/6/26 11:23:13.600 [TX] - 56 69 56 4F 74 65 63 68 32 00 2C 08 00 12 31 F6 00 00 00 00 00 00 00 00 00 00 00 00 00 00 00 00 C7 6E 
2023/6/26 11:23:13.627 [RX] - 56 69 56 4F 74 65 63 68 32 00 2C 00 00 00 1C 9B  PT command (OK)

2023/6/26 11:23:13.627 [RX] - 00 00 00 00 00 00 00 00 00 00 00 00 00 00 00 00 00 00 00 00 00 00 00 00 00 00 00 00 00 00 00 00 00 00 00 00 00 00 00 00 00 00 00 00 00 00 00  ----- Write Block #247 -----
 i = 247

2023/6/26 11:23:13.670 [TX] - 56 69 56 4F 74 65 63 68 32 00 2C 08 00 12 31 F7 00 00 00 00 00 00 00 00 00 00 00 00 00 00 00 00 D7 8C 
2023/6/26 11:23:13.697 [RX] - 56 69 56 4F 74 65 63 68 32 00 2C 00 00 00 1C 9B  PT command (OK)

2023/6/26 11:23:13.697 [RX] - 00 00 00 00 00 00 00 00 00 00 00 00 00 00 00 00 00 00 00 00 00 00 00 00 00 00 00 00 00 00 00 00 00 00 00 00 00 00 00 00 00 00 00 00 00 00 00  ----- Write Block #248 -----
 i = 248

2023/6/26 11:23:13.729 [TX] - 56 69 56 4F 74 65 63 68 32 00 2C 08 00 12 31 F8 00 00 00 00 00 00 00 00 00 00 00 00 00 00 00 00 22 32 
2023/6/26 11:23:13.756 [RX] - 56 69 56 4F 74 65 63 68 32 00 2C 00 00 00 1C 9B  PT command (OK)

2023/6/26 11:23:13.756 [RX] - 00 00 00 00 00 00 00 00 00 00 00 00 00 00 00 00 00 00 00 00 00 00 00 00 00 00 00 00 00 00 00 00 00 00 00 00 00 00 00 00 00 00 00 00 00 00 00  ----- Write Block #249 -----
 i = 249

2023/6/26 11:23:13.787 [TX] - 56 69 56 4F 74 65 63 68 32 00 2C 08 00 12 31 F9 00 00 00 00 00 00 00 00 00 00 00 00 00 00 00 00 32 D0 
2023/6/26 11:23:13.814 [RX] - 56 69 56 4F 74 65 63 68 32 00 2C 00 00 00 1C 9B  PT command (OK)

2023/6/26 11:23:13.814 [RX] - 00 00 00 00 00 00 00 00 00 00 00 00 00 00 00 00 00 00 00 00 00 00 00 00 00 00 00 00 00 00 00 00 00 00 00 00 00 00 00 00 00 00 00 00 00 00 00  ----- Write Block #250 -----
 i = 250

2023/6/26 11:23:13.854 [TX] - 56 69 56 4F 74 65 63 68 32 00 2C 08 00 12 31 FA 00 00 00 00 00 00 00 00 00 00 00 00 00 00 00 00 03 F6 
2023/6/26 11:23:13.881 [RX] - 56 69 56 4F 74 65 63 68 32 00 2C 00 00 00 1C 9B  PT command (OK)

2023/6/26 11:23:13.881 [RX] - 00 00 00 00 00 00 00 00 00 00 00 00 00 00 00 00 00 00 00 00 00 00 00 00 00 00 00 00 00 00 00 00 00 00 00 00 00 00 00 00 00 00 00 00 00 00 00  ----- Write Block #251 -----
 i = 251

2023/6/26 11:23:13.914 [TX] - 56 69 56 4F 74 65 63 68 32 00 2C 08 00 12 31 FB 00 00 00 00 00 00 00 00 00 00 00 00 00 00 00 00 13 14 
2023/6/26 11:23:13.941 [RX] - 56 69 56 4F 74 65 63 68 32 00 2C 00 00 00 1C 9B  PT command (OK)

2023/6/26 11:23:13.941 [RX] - 00 00 00 00 00 00 00 00 00 00 00 00 00 00 00 00 00 00 00 00 00 00 00 00 00 00 00 00 00 00 00 00 00 00 00 00 00 00 00 00 00 00 00 00 00 00 00  ----- Write Block #252 -----
 i = 252

2023/6/26 11:23:13.977 [TX] - 56 69 56 4F 74 65 63 68 32 00 2C 08 00 12 31 FC 00 00 00 00 00 00 00 00 00 00 00 00 00 00 00 00 61 BA 
2023/6/26 11:23:14.005 [RX] - 56 69 56 4F 74 65 63 68 32 00 2C 00 00 00 1C 9B  PT command (OK)

2023/6/26 11:23:14.005 [RX] - 00 00 00 00 00 00 00 00 00 00 00 00 00 00 00 00 00 00 00 00 00 00 00 00 00 00 00 00 00 00 00 00 00 00 00 00 00 00 00 00 00 00 00 00 00 00 00  ----- Write Block #253 -----
 i = 253

2023/6/26 11:23:14.037 [TX] - 56 69 56 4F 74 65 63 68 32 00 2C 08 00 12 31 FD 00 00 00 00 00 00 00 00 00 00 00 00 00 00 00 00 71 58 
2023/6/26 11:23:14.064 [RX] - 56 69 56 4F 74 65 63 68 32 00 2C 00 00 00 1C 9B  PT command (OK)

2023/6/26 11:23:14.064 [RX] - 00 00 00 00 00 00 00 00 00 00 00 00 00 00 00 00 00 00 00 00 00 00 00 00 00 00 00 00 00 00 00 00 00 00 00 00 00 00 00 00 00 00 00 00 00 00 00  ----- Write Block #254 -----
 i = 254

2023/6/26 11:23:14.101 [TX] - 56 69 56 4F 74 65 63 68 32 00 2C 08 00 12 31 FE 00 00 00 00 00 00 00 00 00 00 00 00 00 00 00 00 40 7E 
2023/6/26 11:23:14.128 [RX] - 56 69 56 4F 74 65 63 68 32 00 2C 00 00 00 1C 9B  PT command (OK)

2023/6/26 11:23:14.128 [RX] - 00 00 00 00 00 00 00 00 00 00 00 00 00 00 00 00 00 00 00 00 00 00 00 00 00 00 00 00 00 00 00 00 00 00 00 00 00 00 00 00 00 00 00 00 00 00 00  ----- #255 was SKIPPED -----
 
Skipped = 40
Written = 215
 
PASSED = 215
FAILED = 0

2023/6/26 11:23:14.170 [TX] - 56 69 56 4F 74 65 63 68 32 00 2C 01 00 01 00 0D 38 
2023/6/26 11:23:14.190 [RX] - 56 69 56 4F 74 65 63 68 32 00 2C 00 00 00 1C 9B  PT command (OK)

2023/6/26 11:23:14.190 [RX] - 00 00 00 00 00 00 00 00 00 00 00 00 00 00 00 00 00 00 00 00 00 00 00 00 00 00 00 00 00 00 00 00 00 00 00 00 00 00 00 00 00 00 00 00 00 00 00  ---------- END OF TEST ----------

 Result = PASSED


Docklight Log File (HEX) - Stopped 2023/6/26 11:23:15.272 

