Docklight Log File (HEX) - Started 2026/3/20 16:47:07.765 
 TEST CASE: ST109-A

 --- Set POS COM PORT Settings
 Set POS COM PORT...
 POS operating on COM90 @ 9600 baud...
 Set POS COM PORT - COMPLETE

 --- 04-0A

2026/3/20 16:47:10.280 [TX] - 56 69 56 4F 74 65 63 68 32 00 04 0A 00 00 D7 69 
2026/3/20 16:47:10.466 [RX] - 56 69 56 4F 74 65 63 68 32 00 04 00 00 00 AE 16 00 00 00 00 00 00 00 00 00 00 00 00 00 00 00 00 00 00 00 00 00 00 00 00 00 00 00 00 00 00 00 00 00 00 00 00 00 00 00 00 00 00 00 00 00 00 00  

 --- Poll on demand

2026/3/20 16:47:25.488 [TX] - 56 69 56 4F 74 65 63 68 32 00 01 01 00 01 01 D7 34 
2026/3/20 16:47:25.602 [RX] - 56 69 56 4F 74 65 63 68 32 00 01 00 00 00 12 53 00 00 00 00 00 00 00 00 00 00 00 00 00 00 00 00 00 00 00 00 00 00 00 00 00 00 00 00 00 00 00 00 00 00 00 00 00 00 00 00 00 00 00 00 00 00 00  

 --- Burst mode off

2026/3/20 16:47:26.617 [TX] - 56 69 56 4F 74 65 63 68 32 00 04 00 00 04 FF F7 01 00 B9 2E 
2026/3/20 16:47:26.626 [RX] - 56 69 56 4F 74 65 63 68 32 00 04 00 00 00 AE 16 00 00 00 00 00 00 00 00 00 00 00 00 00 00 00 00 00 00 00 00 00 00 00 00 00 00 00 00 00 00 00 00 00 00 00 00 00 00 00 00 00 00 00 00 00 00 00  

 --- 04-03 set group 8E

2026/3/20 16:47:26.652 [TX] - 56 69 56 4F 74 65 63 68 32 00 04 03 00 52 FF E4 01 8E DF EE 3B 04 05 31 8C 74 DF EE 3C 00 DF EE 3D 00 DF EF 25 00 DF ED 01 00 DF ED 02 05 00 00 00 00 01 DF ED 03 01 01 DF ED 04 01 01 DF ED 05 01 01 DF ED 06 01 00 DF ED 07 01 00 DF ED 27 01 0D DF ED 3F 01 00 DF ED 49 01 00 DF EF 77 01 00 7B 71 
2026/3/20 16:47:26.670 [RX] - 56 69 56 4F 74 65 63 68 32 00 04 00 00 00 AE 16 00 00 00 00 00 00 00 00 00 00 00 00 00 00 00 00 00 00 00 00 00 00 00 00 00 00 00 00 00 00 00 00 00 00 00 00 00 00 00 00 00 00 00 00 00 00 00  

 --- C7-65 set private key

2026/3/20 16:47:26.686 [TX] - 56 69 56 4F 74 65 63 68 32 00 C7 65 00 24 00 00 00 0A F5 36 87 08 93 39 20 55 3B 7B 9F FB 16 AE ED 9C 77 D5 BF D9 66 2A F1 49 A6 B9 F9 65 B7 3F 0C CA C1 DE 
2026/3/20 16:47:26.694 [RX] - 56 69 56 4F 74 65 63 68 32 00 C7 00 00 00 86 6E 00 00 00 00 00 00 00 00 00 00 00 00 00 00 00 00 00 00 00 00 00 00 00 00 00 00 00 00 00 00 00 00 00 00 00 00 00 00 00 00 00 00 00 00 00 00 00  

 --- 02-40 w/ SmartTap tag

2026/3/20 16:47:30.373 [TX] - 56 69 56 4F 74 65 63 68 32 00 02 40 00 29 1E 9C 01 00 9F 02 06 00 00 00 00 01 00 9F 03 06 00 00 00 00 00 00 FF EE 08 0A DF EF 1A 01 0A DF ED 28 01 00 DF EF 37 01 02 57 90 
2026/3/20 16:47:32.074 [RX] - 56 69 56 4F 74 65 63 68 32 00 02 57 00 B8 C3 FF EE 08 81 A1 DF EF 76 81 9C 94 03 47 61 73 76 94 01 06 69 04 01 00 00 00 00 54 02 38 6C 79 94 03 09 6F 69 64 04 67 89 F7 EA 20 93 38 A1 59 01 23 01 54 6E 00 33 7C 7A 53 55 68 79 49 69 72 47 6D 63 76 45 4A 73 50 7C 38 38 38 38 38 38 38 38 7C 47 69 6E 67 65 72 54 03 49 61 73 76 94 01 06 69 04 02 71 79 79 71 54 03 39 63 75 73 94 03 11 63 69 64 04 00 00 00 00 00 00 00 00 00 00 00 00 00 00 00 00 19 01 03 03 54 63 70 6C 00 7A 68 54 03 11 63 75 74 04 7A C3 6A 73 60 C6 C5 94 65 45 56 A0 94 C1 69 8D 9F 39 01 07 FF EE 01 04 DF 30 01 00 DF EE 26 01 C3 84 E8 00 00 00 00 00 00 00 00 00 00 00 00 00 00 00 00 00 00 00 00 00 00 00 00 00 00 00 00 00 00 00 00 00 00 00 00 00 00 00 00 00 00 00 00 00 00 00 00 00 00 00 00  

 ---------- END OF TEST ----------

 Result = PASSED


Docklight Log File (HEX) - Stopped 2026/3/20 16:47:32.999 

