Docklight Log File (HEX) - Started 2021/5/3 10:55:57.021 
 TEST CASE: EDCT02-2

 --- Set POS COM PORT Settings
 Set POS COM PORT...
 POS operating on COM1 @ 9600 baud...
 Set POS COM PORT - COMPLETE

 

 --- Data Encryption: Enable

2021/5/3 10:55:58.152 [TX] - 56 69 56 4F 74 65 63 68 32 00 C7 36 00 01 03 6C 97 
2021/5/3 10:55:58.211 [RX] - 55 55 55 55 55 55 55 55 55 55 55 55 55 55 55 55 55 55 55 55 55 55 55 55 55 55 55 55 55 55 66 56 69 56 4F 74 65 63 68 32 00 C7 00 00 00 86 6E  

 --- Burst mode Off

2021/5/3 10:55:58.306 [TX] - 56 69 56 4F 74 65 63 68 32 00 04 00 00 04 FF F7 01 00 B9 2E 
2021/5/3 10:55:58.371 [RX] - 55 55 55 55 55 55 55 55 55 55 55 55 55 55 55 55 55 55 55 55 55 55 55 55 55 55 55 55 55 55 66 56 69 56 4F 74 65 63 68 32 00 04 00 00 00 AE 16  

 --- 04-00-----DFEF4B = 24 T1+T1 Sentinel

2021/5/3 10:55:58.969 [TX] - 56 69 56 4F 74 65 63 68 32 00 04 00 00 07 DF EF 4B 03 24 00 00 0B 1E 
2021/5/3 10:55:59.042 [RX] - 55 55 55 55 55 55 55 55 55 55 55 55 55 55 55 55 55 55 55 55 55 55 55 55 55 55 55 55 55 55 66 56 69 56 4F 74 65 63 68 32 00 04 00 00 00 AE 16  

 Erase All Keys...

2021/5/3 10:55:59.138 [TX] - 56 69 56 4F 74 65 63 68 32 00 83 00 00 00 03 22 
2021/5/3 10:55:59.194 [RX] - 55 55 55 55 55 55 55 55 55 55 55 55 55 55 55 55 55 55 55 55 55 55 55 55 55 55 55 55 55 55 66 56 69 56 4F 74 65 63 68 32 00 83 00 00 00 22 03  

 Set DUKPT Key Encryption Type...

2021/5/3 10:55:59.790 [TX] - 56 69 56 4F 74 65 63 68 32 00 C7 32 00 01 00 FE 6D 
2021/5/3 10:55:59.848 [RX] - 55 55 55 55 55 55 55 55 55 55 55 55 55 55 55 55 55 55 55 55 55 55 55 55 55 55 55 55 55 55 66 56 69 56 4F 74 65 63 68 32 00 C7 00 00 00 86 6E  

 Get DUKPT Key Encryption Type...

2021/5/3 10:56:00.446 [TX] - 56 69 56 4F 74 65 63 68 32 00 C7 33 00 00 9B 1A 
2021/5/3 10:56:00.502 [RX] - 55 55 55 55 55 55 55 55 55 55 55 55 55 55 55 55 55 55 55 55 55 55 55 55 55 55 55 55 55 55 66 56 69 56 4F 74 65 63 68 32 00 C7 00 00 01 00 AC 7F  
OK!
 

 Loading DUKPT key...

2021/5/3 10:56:01.103 [TX] - 56 69 56 4F 74 65 63 68 32 00 80 00 00 65 30 39 36 46 31 35 35 37 37 45 39 41 44 41 30 30 38 38 4B 30 54 44 30 30 4E 30 30 30 30 30 30 38 30 45 30 39 46 43 39 35 35 45 36 33 43 32 45 43 43 30 42 34 39 44 42 46 35 31 37 36 36 42 32 41 39 34 34 33 37 32 37 35 39 30 32 33 30 32 32 30 32 32 33 34 39 38 37 31 32 30 32 33 34 30 30 30 30 30 30 30 30 9C 1B 
2021/5/3 10:56:01.390 [RX] - 55 55 55 55 55 55 55 55 55 55 55 55 55 55 55 55 55 55 55 55 55 55 55 55 55 55 55 55 55 55 66 56 69 56 4F 74 65 63 68 32 00 80 00 00 00 B9 DF 
2021/5/3 10:56:01.986 [TX] - 56 69 56 4F 74 65 63 68 32 00 80 00 00 65 31 32 45 43 36 30 30 37 37 45 39 41 44 41 30 30 38 38 4B 30 54 44 30 30 4E 30 30 30 30 30 30 38 30 31 44 31 45 36 30 44 36 45 32 46 38 44 31 44 36 32 34 42 44 34 34 36 42 43 39 33 31 34 33 33 41 30 33 33 36 33 31 30 34 35 36 37 38 32 37 37 30 32 33 41 39 39 37 31 32 36 32 33 34 30 30 30 30 30 30 30 30 30 E6 
2021/5/3 10:56:02.274 [RX] - 55 55 55 55 55 55 55 55 55 55 55 55 55 55 55 55 55 55 55 55 55 55 55 55 55 55 55 55 55 55 66 56 69 56 4F 74 65 63 68 32 00 80 00 00 00 B9 DF 
2021/5/3 10:56:02.869 [TX] - 56 69 56 4F 74 65 63 68 32 00 80 01 00 58 41 30 30 38 38 4B 30 54 44 30 30 4E 30 30 30 30 46 41 42 44 39 44 34 32 37 34 31 30 42 36 46 41 35 45 44 33 42 37 36 41 44 37 46 41 45 38 45 33 31 36 30 32 31 33 42 46 44 38 31 31 38 32 32 33 38 31 38 41 45 43 46 30 43 44 41 44 42 31 39 41 42 45 39 37 41 41 32 43 B8 FE 
2021/5/3 10:56:03.129 [RX] - 55 55 55 55 55 55 55 55 55 55 55 55 55 55 55 55 55 55 55 55 55 55 55 55 55 55 55 55 55 55 66 56 69 56 4F 74 65 63 68 32 00 80 00 00 00 B9 DF 
2021/5/3 10:56:03.723 [TX] - 56 69 56 4F 74 65 63 68 32 00 81 00 00 71 05 41 30 31 31 32 44 30 54 45 30 30 4E 30 31 30 30 4B 53 31 38 36 32 39 39 34 39 30 31 32 43 30 30 30 34 36 30 30 30 30 31 37 39 46 43 30 31 36 44 31 34 46 34 35 42 39 41 33 37 46 37 32 42 44 35 41 35 37 37 41 43 35 33 34 37 36 42 31 35 35 34 32 45 39 42 39 30 46 35 36 32 46 36 37 36 35 30 45 46 35 33 43 34 44 39 45 42 41 36 39 35 39 46 76 88 
2021/5/3 10:56:04.050 [RX] - 55 55 55 55 55 55 55 55 55 55 55 55 55 55 55 55 55 55 55 55 55 55 55 55 55 55 55 55 55 55 66 56 69 56 4F 74 65 63 68 32 00 81 00 00 00 CF 6B  
OK!
 

 --- Poll on Demand

2021/5/3 10:56:04.658 [TX] - 56 69 56 4F 74 65 63 68 32 00 01 01 00 01 01 D7 34 
2021/5/3 10:56:04.717 [RX] - 55 55 55 55 55 55 55 55 55 55 55 55 55 55 55 55 55 55 55 55 55 55 55 55 55 55 55 55 55 55 66 56 69 56 4F 74 65 63 68 32 00 01 00 00 00 12 53  

 --- 02-40 Activate Transaction

2021/5/3 10:56:05.897 [TX] - 56 69 56 4F 74 65 63 68 32 00 02 40 00 15 0A 9F 02 06 00 00 00 00 10 00 9A 03 07 11 21 9F 21 03 10 15 20 5E 34 
2021/5/3 10:56:06.879 [RX] - 55 55 55 55 55 55 55 55 55 55 55 55 55 55 55 55 55 55 55 55 55 55 55 55 55 55 55 55 55 55 66 56 69 56 4F 74 65 63 68 32 00 02 23 02 74 D1 FF EE 12 0A 62 99 49 01 2C 00 04 60 00 01 FF EE 13 A1 41 2A 36 35 31 30 2A 2A 2A 2A 2A 2A 2A 2A 30 31 32 35 5E 43 41 52 44 2F 49 4D 41 47 45 20 30 38 20 20 20 20 20 20 20 20 20 20 20 20 20 5E 31 37 31 32 32 30 31 2A 2A 2A 2A 2A 2A 2A 2A 2A 2A 2A 2A 2A FF EE 13 C1 48 FF 3C 59 FD A6 2E 20 E9 C5 45 45 3F E7 CB 1D 69 C1 FB 78 B2 EA 34 FF 22 DE 5B 55 2F EB 9D 87 D5 18 E4 DD 60 F7 7D E2 CA 52 01 2D FD 85 79 23 0E 9D 66 BB 79 F7 61 DB 37 F4 8B 0C F9 B1 72 4D 2A 52 A6 59 E0 10 AB 4A 3B FF EE 14 A1 25 36 35 31 30 2A 2A 2A 2A 2A 2A 2A 2A 30 31 32 35 3D 31 37 31 32 32 30 31 2A 2A 2A 2A 2A 2A 2A 2A 2A 2A 2A 2A 2A FF EE 14 C1 30 87 A1 16 48 FF 13 E0 8A 93 2F 76 7B DD 64 03 82 5B 99 19 4D EE F0 7E 05 48 EC 5E 95 7D 80 DF 38 60 98 3A 4F B5 A0 BF 21 8B C9 3C 99 AA F7 E7 FA 84 08 A0 00 00 03 24 10 10 01 9F 02 06 00 00 00 00 10 00 9F 06 07 A0 00 00 03 24 10 10 9F 35 01 22 9F 37 04 35 99 92 97 9F 39 01 91 9A 03 07 11 21 9F 21 03 10 15 20 56 A1 41 2A 36 35 31 30 2A 2A 2A 2A 2A 2A 2A 2A 30 31 32 35 5E 43 41 52 44 2F 49 4D 41 47 45 20 30 38 20 20 20 20 20 20 20 20 20 20 20 20 20 5E 31 37 31 32 32 30 31 2A 2A 2A 2A 2A 2A 2A 2A 2A 2A 2A 2A 2A 56 C1 48 BC AE 52 15 11 70 02 0A 60 55 85 FC 73 C3 32 DA 4B CB 24 D2 56 E4 11 56 09 71 BE 2E 0C 93 8A 26 42 3D F7 FA F2 36 49 5D 4E D0 84 32 C1 6C E7 D1 36 BC 95 00 16 3D B6 72 0F 50 E2 26 9E B8 A7 0F 66 6A 98 5A 62 15 4B D3 57 A1 13 65 10 CC CC CC CC 01 25 D1 71 22 01 CC CC CC CC CC CC CC 57 C1 18 F6 EA DE E3 2F 8E AD A4 D6 D5 1E E6 58 7E AD 1D E8 A5 6A 12 62 71 32 9C 9C 01 00 9F 1E 08 32 33 34 35 36 37 38 39 9F 41 04 00 00 01 44 FF EE 01 08 DF 30 01 00 DF 52 01 00 DF EF 4C 06 43 00 00 00 00 00 DF EF 4D 48 C7 27 B0 60 AB FC 2B 62 30 63 56 C5 42 DD 51 19 76 F9 C4 A7 F5 33 DF 57 A0 51 6A B8 84 A0 DB A1 D9 A7 07 69 F7 9E B1 F3 B5 6E 36 8A 7B BA D9 6A 14 54 E5 AA D2 82 F8 83 48 1D 2B 27 8E 17 D8 3B 3C EA C2 06 A6 A5 19 CC DF EE 26 01 D1 C8 FC  

 Erase All Keys...

2021/5/3 10:56:08.786 [TX] - 56 69 56 4F 74 65 63 68 32 00 83 00 00 00 03 22 
2021/5/3 10:56:08.842 [RX] - 55 55 55 55 55 55 55 55 55 55 55 55 55 55 55 55 55 55 55 55 55 55 55 55 55 55 55 55 55 55 66 56 69 56 4F 74 65 63 68 32 00 83 00 00 00 22 03  

 Set DUKPT Key Encryption Type...

2021/5/3 10:56:09.439 [TX] - 56 69 56 4F 74 65 63 68 32 00 C7 32 00 01 00 FE 6D 
2021/5/3 10:56:09.498 [RX] - 55 55 55 55 55 55 55 55 55 55 55 55 55 55 55 55 55 55 55 55 55 55 55 55 55 55 55 55 55 55 66 56 69 56 4F 74 65 63 68 32 00 C7 00 00 00 86 6E  

 Get DUKPT Key Encryption Type...

2021/5/3 10:56:10.093 [TX] - 56 69 56 4F 74 65 63 68 32 00 C7 33 00 00 9B 1A 
2021/5/3 10:56:10.150 [RX] - 55 55 55 55 55 55 55 55 55 55 55 55 55 55 55 55 55 55 55 55 55 55 55 55 55 55 55 55 55 55 66 56 69 56 4F 74 65 63 68 32 00 C7 00 00 01 00 AC 7F  
OK!
 

 Loading DUKPT key...

2021/5/3 10:56:10.750 [TX] - 56 69 56 4F 74 65 63 68 32 00 80 00 00 65 30 39 36 46 31 35 35 37 37 45 39 41 44 41 30 30 38 38 4B 30 54 44 30 30 4E 30 30 30 30 30 30 38 30 45 30 39 46 43 39 35 35 45 36 33 43 32 45 43 43 30 42 34 39 44 42 46 35 31 37 36 36 42 32 41 39 34 34 33 37 32 37 35 39 30 32 33 30 32 32 30 32 32 33 34 39 38 37 31 32 30 32 33 34 30 30 30 30 30 30 30 30 9C 1B 
2021/5/3 10:56:11.037 [RX] - 55 55 55 55 55 55 55 55 55 55 55 55 55 55 55 55 55 55 55 55 55 55 55 55 55 55 55 55 55 55 66 56 69 56 4F 74 65 63 68 32 00 80 00 00 00 B9 DF 
2021/5/3 10:56:11.630 [TX] - 56 69 56 4F 74 65 63 68 32 00 80 00 00 65 31 32 45 43 36 30 30 37 37 45 39 41 44 41 30 30 38 38 4B 30 54 44 30 30 4E 30 30 30 30 30 30 38 30 31 44 31 45 36 30 44 36 45 32 46 38 44 31 44 36 32 34 42 44 34 34 36 42 43 39 33 31 34 33 33 41 30 33 33 36 33 31 30 34 35 36 37 38 32 37 37 30 32 33 41 39 39 37 31 32 36 32 33 34 30 30 30 30 30 30 30 30 30 E6 
2021/5/3 10:56:11.919 [RX] - 55 55 55 55 55 55 55 55 55 55 55 55 55 55 55 55 55 55 55 55 55 55 55 55 55 55 55 55 55 55 66 56 69 56 4F 74 65 63 68 32 00 80 00 00 00 B9 DF 
2021/5/3 10:56:12.513 [TX] - 56 69 56 4F 74 65 63 68 32 00 80 01 00 58 41 30 30 38 38 4B 30 54 44 30 30 4E 30 30 30 30 46 41 42 44 39 44 34 32 37 34 31 30 42 36 46 41 35 45 44 33 42 37 36 41 44 37 46 41 45 38 45 33 31 36 30 32 31 33 42 46 44 38 31 31 38 32 32 33 38 31 38 41 45 43 46 30 43 44 41 44 42 31 39 41 42 45 39 37 41 41 32 43 B8 FE 
2021/5/3 10:56:12.774 [RX] - 55 55 55 55 55 55 55 55 55 55 55 55 55 55 55 55 55 55 55 55 55 55 55 55 55 55 55 55 55 55 66 56 69 56 4F 74 65 63 68 32 00 80 00 00 00 B9 DF 
2021/5/3 10:56:13.367 [TX] - 56 69 56 4F 74 65 63 68 32 00 81 00 00 71 05 41 30 31 31 32 44 30 54 45 30 30 4E 30 31 30 30 4B 53 31 38 36 32 39 39 34 39 30 31 32 43 30 30 30 34 36 30 30 30 30 31 37 39 46 43 30 31 36 44 31 34 46 34 35 42 39 41 33 37 46 37 32 42 44 35 41 35 37 37 41 43 35 33 34 37 36 42 31 35 35 34 32 45 39 42 39 30 46 35 36 32 46 36 37 36 35 30 45 46 35 33 43 34 44 39 45 42 41 36 39 35 39 46 76 88 
2021/5/3 10:56:13.694 [RX] - 55 55 55 55 55 55 55 55 55 55 55 55 55 55 55 55 55 55 55 55 55 55 55 55 55 55 55 55 55 55 66 56 69 56 4F 74 65 63 68 32 00 81 00 00 00 CF 6B  
OK!
 

 --- Auto poll

2021/5/3 10:56:14.303 [TX] - 56 69 56 4F 74 65 63 68 32 00 01 01 00 01 00 F6 24 
2021/5/3 10:56:14.361 [RX] - 55 55 55 55 55 55 55 55 55 55 55 55 55 55 55 55 55 55 55 55 55 55 55 55 55 55 55 55 55 55 66 56 69 56 4F 74 65 63 68 32 00 01 00 00 00 12 53  

 --- 03-40

2021/5/3 10:56:16.729 [TX] - 56 69 56 4F 74 65 63 68 32 00 03 40 00 00 96 E2 
2021/5/3 10:56:16.784 [RX] - 55 55 55 55 55 55 55 55 55 55 55 55 55 55 55 55 55 55 55 55 55 55 55 55 55 55 55 55 55 55 66 56 69 56 4F 74 65 63 68 32 00 03 23 02 74 D1 FF EE 12 0A 62 99 49 01 2C 00 04 60 00 01 FF EE 13 A1 41 2A 36 35 31 30 2A 2A 2A 2A 2A 2A 2A 2A 30 31 32 35 5E 43 41 52 44 2F 49 4D 41 47 45 20 30 38 20 20 20 20 20 20 20 20 20 20 20 20 20 5E 31 37 31 32 32 30 31 2A 2A 2A 2A 2A 2A 2A 2A 2A 2A 2A 2A 2A FF EE 13 C1 48 FF 3C 59 FD A6 2E 20 E9 C5 45 45 3F E7 CB 1D 69 C1 FB 78 B2 EA 34 FF 22 DE 5B 55 2F EB 9D 87 D5 18 E4 DD 60 F7 7D E2 CA 52 01 2D FD 85 79 23 0E 9D 66 BB 79 F7 61 DB 37 F4 8B 0C F9 B1 72 4D 2A 52 A6 59 E0 10 AB 4A 3B FF EE 14 A1 25 36 35 31 30 2A 2A 2A 2A 2A 2A 2A 2A 30 31 32 35 3D 31 37 31 32 32 30 31 2A 2A 2A 2A 2A 2A 2A 2A 2A 2A 2A 2A 2A FF EE 14 C1 30 87 A1 16 48 FF 13 E0 8A 93 2F 76 7B DD 64 03 82 5B 99 19 4D EE F0 7E 05 48 EC 5E 95 7D 80 DF 38 60 98 3A 4F B5 A0 BF 21 8B C9 3C 99 AA F7 E7 FA 84 08 A0 00 00 03 24 10 10 01 9F 02 06 00 00 00 00 00 01 9F 06 07 A0 00 00 03 24 10 10 9F 35 01 22 9F 37 04 89 96 63 35 9F 39 01 91 9A 03 14 08 10 9F 21 03 12 24 05 56 A1 41 2A 36 35 31 30 2A 2A 2A 2A 2A 2A 2A 2A 30 31 32 35 5E 43 41 52 44 2F 49 4D 41 47 45 20 30 38 20 20 20 20 20 20 20 20 20 20 20 20 20 5E 31 37 31 32 32 30 31 2A 2A 2A 2A 2A 2A 2A 2A 2A 2A 2A 2A 2A 56 C1 48 BC AE 52 15 11 70 02 0A 60 55 85 FC 73 C3 32 DA 4B CB 24 D2 56 E4 11 56 09 71 BE 2E 0C 93 8A 26 42 3D F7 FA F2 36 49 5D 4E D0 84 32 C1 6C E7 D1 36 BC 95 00 16 3D B6 72 0F 50 E2 26 9E B8 A7 0F 66 6A 98 5A 62 15 4B D3 57 A1 13 65 10 CC CC CC CC 01 25 D1 71 22 01 CC CC CC CC CC CC CC 57 C1 18 F6 EA DE E3 2F 8E AD A4 D6 D5 1E E6 58 7E AD 1D E8 A5 6A 12 62 71 32 9C 9C 01 00 9F 1E 08 32 33 34 35 36 37 38 39 9F 41 04 00 00 01 46 FF EE 01 08 DF 30 01 00 DF 52 01 00 DF EF 4C 06 43 00 00 00 00 00 DF EF 4D 48 C7 27 B0 60 AB FC 2B 62 30 63 56 C5 42 DD 51 19 76 F9 C4 A7 F5 33 DF 57 A0 51 6A B8 84 A0 DB A1 D9 A7 07 69 F7 9E B1 F3 B5 6E 36 8A 7B BA D9 6A 14 54 E5 AA D2 82 F8 83 48 1D 2B 27 8E 17 D8 3B 3C EA C2 06 A6 A5 19 CC DF EE 26 01 D1 D7 17  

 --- 04-00-----DFEF4B = 12 T2+T2 Sentinel(Default)

2021/5/3 10:56:18.694 [TX] - 56 69 56 4F 74 65 63 68 32 00 04 00 00 07 DF EF 4B 03 12 00 00 0E 69 
2021/5/3 10:56:18.767 [RX] - 55 55 55 55 55 55 55 55 55 55 55 55 55 55 55 55 55 55 55 55 55 55 55 55 55 55 55 55 55 55 66 56 69 56 4F 74 65 63 68 32 00 04 00 00 00 AE 16  

 Erase All Keys...

2021/5/3 10:56:18.862 [TX] - 56 69 56 4F 74 65 63 68 32 00 83 00 00 00 03 22 
2021/5/3 10:56:18.918 [RX] - 55 55 55 55 55 55 55 55 55 55 55 55 55 55 55 55 55 55 55 55 55 55 55 55 55 55 55 55 55 55 66 56 69 56 4F 74 65 63 68 32 00 83 00 00 00 22 03  

 Set DUKPT Key Encryption Type...

2021/5/3 10:56:19.514 [TX] - 56 69 56 4F 74 65 63 68 32 00 C7 32 00 01 00 FE 6D 
2021/5/3 10:56:19.572 [RX] - 55 55 55 55 55 55 55 55 55 55 55 55 55 55 55 55 55 55 55 55 55 55 55 55 55 55 55 55 55 55 66 56 69 56 4F 74 65 63 68 32 00 C7 00 00 00 86 6E  

 Get DUKPT Key Encryption Type...

2021/5/3 10:56:20.169 [TX] - 56 69 56 4F 74 65 63 68 32 00 C7 33 00 00 9B 1A 
2021/5/3 10:56:20.225 [RX] - 55 55 55 55 55 55 55 55 55 55 55 55 55 55 55 55 55 55 55 55 55 55 55 55 55 55 55 55 55 55 66 56 69 56 4F 74 65 63 68 32 00 C7 00 00 01 00 AC 7F  
OK!
 

 Loading DUKPT key...

2021/5/3 10:56:20.825 [TX] - 56 69 56 4F 74 65 63 68 32 00 80 00 00 65 30 39 36 46 31 35 35 37 37 45 39 41 44 41 30 30 38 38 4B 30 54 44 30 30 4E 30 30 30 30 30 30 38 30 45 30 39 46 43 39 35 35 45 36 33 43 32 45 43 43 30 42 34 39 44 42 46 35 31 37 36 36 42 32 41 39 34 34 33 37 32 37 35 39 30 32 33 30 32 32 30 32 32 33 34 39 38 37 31 32 30 32 33 34 30 30 30 30 30 30 30 30 9C 1B 
2021/5/3 10:56:21.113 [RX] - 55 55 55 55 55 55 55 55 55 55 55 55 55 55 55 55 55 55 55 55 55 55 55 55 55 55 55 55 55 55 66 56 69 56 4F 74 65 63 68 32 00 80 00 00 00 B9 DF 
2021/5/3 10:56:21.706 [TX] - 56 69 56 4F 74 65 63 68 32 00 80 00 00 65 31 32 45 43 36 30 30 37 37 45 39 41 44 41 30 30 38 38 4B 30 54 44 30 30 4E 30 30 30 30 30 30 38 30 31 44 31 45 36 30 44 36 45 32 46 38 44 31 44 36 32 34 42 44 34 34 36 42 43 39 33 31 34 33 33 41 30 33 33 36 33 31 30 34 35 36 37 38 32 37 37 30 32 33 41 39 39 37 31 32 36 32 33 34 30 30 30 30 30 30 30 30 30 E6 
2021/5/3 10:56:21.994 [RX] - 55 55 55 55 55 55 55 55 55 55 55 55 55 55 55 55 55 55 55 55 55 55 55 55 55 55 55 55 55 55 66 56 69 56 4F 74 65 63 68 32 00 80 00 00 00 B9 DF 
2021/5/3 10:56:22.589 [TX] - 56 69 56 4F 74 65 63 68 32 00 80 01 00 58 41 30 30 38 38 4B 30 54 44 30 30 4E 30 30 30 30 46 41 42 44 39 44 34 32 37 34 31 30 42 36 46 41 35 45 44 33 42 37 36 41 44 37 46 41 45 38 45 33 31 36 30 32 31 33 42 46 44 38 31 31 38 32 32 33 38 31 38 41 45 43 46 30 43 44 41 44 42 31 39 41 42 45 39 37 41 41 32 43 B8 FE 
2021/5/3 10:56:22.849 [RX] - 55 55 55 55 55 55 55 55 55 55 55 55 55 55 55 55 55 55 55 55 55 55 55 55 55 55 55 55 55 55 66 56 69 56 4F 74 65 63 68 32 00 80 00 00 00 B9 DF 
2021/5/3 10:56:23.444 [TX] - 56 69 56 4F 74 65 63 68 32 00 81 00 00 71 05 41 30 31 31 32 44 30 54 45 30 30 4E 30 31 30 30 4B 53 31 38 36 32 39 39 34 39 30 31 32 43 30 30 30 34 36 30 30 30 30 31 37 39 46 43 30 31 36 44 31 34 46 34 35 42 39 41 33 37 46 37 32 42 44 35 41 35 37 37 41 43 35 33 34 37 36 42 31 35 35 34 32 45 39 42 39 30 46 35 36 32 46 36 37 36 35 30 45 46 35 33 43 34 44 39 45 42 41 36 39 35 39 46 76 88 
2021/5/3 10:56:23.770 [RX] - 55 55 55 55 55 55 55 55 55 55 55 55 55 55 55 55 55 55 55 55 55 55 55 55 55 55 55 55 55 55 66 56 69 56 4F 74 65 63 68 32 00 81 00 00 00 CF 6B  
OK!
 

 --- Poll on Demand

2021/5/3 10:56:24.380 [TX] - 56 69 56 4F 74 65 63 68 32 00 01 01 00 01 01 D7 34 
2021/5/3 10:56:24.439 [RX] - 55 55 55 55 55 55 55 55 55 55 55 55 55 55 55 55 55 55 55 55 55 55 55 55 55 55 55 55 55 55 66 56 69 56 4F 74 65 63 68 32 00 01 00 00 00 12 53  

 --- 02-40 Activate Transaction

2021/5/3 10:56:26.407 [TX] - 56 69 56 4F 74 65 63 68 32 00 02 40 00 15 0A 9F 02 06 00 00 00 00 10 00 9A 03 07 11 21 9F 21 03 10 15 20 5E 34 
2021/5/3 10:56:27.493 [RX] - 55 55 55 55 55 55 55 55 55 55 55 55 55 55 55 55 55 55 55 55 55 55 55 55 55 55 55 55 55 55 66 56 69 56 4F 74 65 63 68 32 00 02 23 02 54 D1 FF EE 12 0A 62 99 49 01 2C 00 04 60 00 01 FF EE 13 A1 41 2A 36 35 31 30 2A 2A 2A 2A 2A 2A 2A 2A 30 31 32 35 5E 43 41 52 44 2F 49 4D 41 47 45 20 30 38 20 20 20 20 20 20 20 20 20 20 20 20 20 5E 31 37 31 32 32 30 31 2A 2A 2A 2A 2A 2A 2A 2A 2A 2A 2A 2A 2A FF EE 13 C1 48 FF 3C 59 FD A6 2E 20 E9 C5 45 45 3F E7 CB 1D 69 C1 FB 78 B2 EA 34 FF 22 DE 5B 55 2F EB 9D 87 D5 18 E4 DD 60 F7 7D E2 CA 52 01 2D FD 85 79 23 0E 9D 66 BB 79 F7 61 DB 37 F4 8B 0C F9 B1 72 4D 2A 52 A6 59 E0 10 AB 4A 3B FF EE 14 A1 25 36 35 31 30 2A 2A 2A 2A 2A 2A 2A 2A 30 31 32 35 3D 31 37 31 32 32 30 31 2A 2A 2A 2A 2A 2A 2A 2A 2A 2A 2A 2A 2A FF EE 14 C1 30 87 A1 16 48 FF 13 E0 8A 93 2F 76 7B DD 64 03 82 5B 99 19 4D EE F0 7E 05 48 EC 5E 95 7D 80 DF 38 60 98 3A 4F B5 A0 BF 21 8B C9 3C 99 AA F7 E7 FA 84 08 A0 00 00 03 24 10 10 01 9F 02 06 00 00 00 00 10 00 9F 06 07 A0 00 00 03 24 10 10 9F 35 01 22 9F 37 04 75 97 36 50 9F 39 01 91 9A 03 07 11 21 9F 21 03 10 15 20 56 A1 41 2A 36 35 31 30 2A 2A 2A 2A 2A 2A 2A 2A 30 31 32 35 5E 43 41 52 44 2F 49 4D 41 47 45 20 30 38 20 20 20 20 20 20 20 20 20 20 20 20 20 5E 31 37 31 32 32 30 31 2A 2A 2A 2A 2A 2A 2A 2A 2A 2A 2A 2A 2A 56 C1 48 BC AE 52 15 11 70 02 0A 60 55 85 FC 73 C3 32 DA 4B CB 24 D2 56 E4 11 56 09 71 BE 2E 0C 93 8A 26 42 3D F7 FA F2 36 49 5D 4E D0 84 32 C1 6C E7 D1 36 BC 95 00 16 3D B6 72 0F 50 E2 26 9E B8 A7 0F 66 6A 98 5A 62 15 4B D3 57 A1 13 65 10 CC CC CC CC 01 25 D1 71 22 01 CC CC CC CC CC CC CC 57 C1 18 F6 EA DE E3 2F 8E AD A4 D6 D5 1E E6 58 7E AD 1D E8 A5 6A 12 62 71 32 9C 9C 01 00 9F 1E 08 32 33 34 35 36 37 38 39 9F 41 04 00 00 01 48 FF EE 01 08 DF 30 01 00 DF 52 01 00 DF EF 4C 06 00 27 00 00 00 00 DF EF 4D 28 CE 1B DC 33 AA 1A DD A5 4D E7 DC EB EE 91 F1 84 EB A7 BE A3 B1 96 55 B0 10 20 AB 0F 25 79 50 0F 81 7F 41 4F 19 AF 61 4E DF EE 26 01 D1 FD 35  

 Erase All Keys...

2021/5/3 10:56:29.336 [TX] - 56 69 56 4F 74 65 63 68 32 00 83 00 00 00 03 22 
2021/5/3 10:56:29.392 [RX] - 55 55 55 55 55 55 55 55 55 55 55 55 55 55 55 55 55 55 55 55 55 55 55 55 55 55 55 55 55 55 66 56 69 56 4F 74 65 63 68 32 00 83 00 00 00 22 03  

 Set DUKPT Key Encryption Type...

2021/5/3 10:56:29.992 [TX] - 56 69 56 4F 74 65 63 68 32 00 C7 32 00 01 00 FE 6D 
2021/5/3 10:56:30.051 [RX] - 55 55 55 55 55 55 55 55 55 55 55 55 55 55 55 55 55 55 55 55 55 55 55 55 55 55 55 55 55 55 66 56 69 56 4F 74 65 63 68 32 00 C7 00 00 00 86 6E  

 Get DUKPT Key Encryption Type...

2021/5/3 10:56:30.646 [TX] - 56 69 56 4F 74 65 63 68 32 00 C7 33 00 00 9B 1A 
2021/5/3 10:56:30.702 [RX] - 55 55 55 55 55 55 55 55 55 55 55 55 55 55 55 55 55 55 55 55 55 55 55 55 55 55 55 55 55 55 66 56 69 56 4F 74 65 63 68 32 00 C7 00 00 01 00 AC 7F  
OK!
 

 Loading DUKPT key...

2021/5/3 10:56:31.303 [TX] - 56 69 56 4F 74 65 63 68 32 00 80 00 00 65 30 39 36 46 31 35 35 37 37 45 39 41 44 41 30 30 38 38 4B 30 54 44 30 30 4E 30 30 30 30 30 30 38 30 45 30 39 46 43 39 35 35 45 36 33 43 32 45 43 43 30 42 34 39 44 42 46 35 31 37 36 36 42 32 41 39 34 34 33 37 32 37 35 39 30 32 33 30 32 32 30 32 32 33 34 39 38 37 31 32 30 32 33 34 30 30 30 30 30 30 30 30 9C 1B 
2021/5/3 10:56:31.591 [RX] - 55 55 55 55 55 55 55 55 55 55 55 55 55 55 55 55 55 55 55 55 55 55 55 55 55 55 55 55 55 55 66 56 69 56 4F 74 65 63 68 32 00 80 00 00 00 B9 DF 
2021/5/3 10:56:32.181 [TX] - 56 69 56 4F 74 65 63 68 32 00 80 00 00 65 31 32 45 43 36 30 30 37 37 45 39 41 44 41 30 30 38 38 4B 30 54 44 30 30 4E 30 30 30 30 30 30 38 30 31 44 31 45 36 30 44 36 45 32 46 38 44 31 44 36 32 34 42 44 34 34 36 42 43 39 33 31 34 33 33 41 30 33 33 36 33 31 30 34 35 36 37 38 32 37 37 30 32 33 41 39 39 37 31 32 36 32 33 34 30 30 30 30 30 30 30 30 30 E6 
2021/5/3 10:56:32.470 [RX] - 55 55 55 55 55 55 55 55 55 55 55 55 55 55 55 55 55 55 55 55 55 55 55 55 55 55 55 55 55 55 66 56 69 56 4F 74 65 63 68 32 00 80 00 00 00 B9 DF 
2021/5/3 10:56:33.064 [TX] - 56 69 56 4F 74 65 63 68 32 00 80 01 00 58 41 30 30 38 38 4B 30 54 44 30 30 4E 30 30 30 30 46 41 42 44 39 44 34 32 37 34 31 30 42 36 46 41 35 45 44 33 42 37 36 41 44 37 46 41 45 38 45 33 31 36 30 32 31 33 42 46 44 38 31 31 38 32 32 33 38 31 38 41 45 43 46 30 43 44 41 44 42 31 39 41 42 45 39 37 41 41 32 43 B8 FE 
2021/5/3 10:56:33.324 [RX] - 55 55 55 55 55 55 55 55 55 55 55 55 55 55 55 55 55 55 55 55 55 55 55 55 55 55 55 55 55 55 66 56 69 56 4F 74 65 63 68 32 00 80 00 00 00 B9 DF 
2021/5/3 10:56:33.918 [TX] - 56 69 56 4F 74 65 63 68 32 00 81 00 00 71 05 41 30 31 31 32 44 30 54 45 30 30 4E 30 31 30 30 4B 53 31 38 36 32 39 39 34 39 30 31 32 43 30 30 30 34 36 30 30 30 30 31 37 39 46 43 30 31 36 44 31 34 46 34 35 42 39 41 33 37 46 37 32 42 44 35 41 35 37 37 41 43 35 33 34 37 36 42 31 35 35 34 32 45 39 42 39 30 46 35 36 32 46 36 37 36 35 30 45 46 35 33 43 34 44 39 45 42 41 36 39 35 39 46 76 88 
2021/5/3 10:56:34.245 [RX] - 55 55 55 55 55 55 55 55 55 55 55 55 55 55 55 55 55 55 55 55 55 55 55 55 55 55 55 55 55 55 66 56 69 56 4F 74 65 63 68 32 00 81 00 00 00 CF 6B  
OK!
 

 --- Auto poll

2021/5/3 10:56:34.859 [TX] - 56 69 56 4F 74 65 63 68 32 00 01 01 00 01 00 F6 24 
2021/5/3 10:56:34.918 [RX] - 55 55 55 55 55 55 55 55 55 55 55 55 55 55 55 55 55 55 55 55 55 55 55 55 55 55 55 55 55 55 66 56 69 56 4F 74 65 63 68 32 00 01 00 00 00 12 53  

 --- 03-40

2021/5/3 10:56:37.175 [TX] - 56 69 56 4F 74 65 63 68 32 00 03 40 00 00 96 E2 
2021/5/3 10:56:37.231 [RX] - 55 55 55 55 55 55 55 55 55 55 55 55 55 55 55 55 55 55 55 55 55 55 55 55 55 55 55 55 55 55 66 56 69 56 4F 74 65 63 68 32 00 03 23 02 54 D1 FF EE 12 0A 62 99 49 01 2C 00 04 60 00 01 FF EE 13 A1 41 2A 36 35 31 30 2A 2A 2A 2A 2A 2A 2A 2A 30 31 32 35 5E 43 41 52 44 2F 49 4D 41 47 45 20 30 38 20 20 20 20 20 20 20 20 20 20 20 20 20 5E 31 37 31 32 32 30 31 2A 2A 2A 2A 2A 2A 2A 2A 2A 2A 2A 2A 2A FF EE 13 C1 48 FF 3C 59 FD A6 2E 20 E9 C5 45 45 3F E7 CB 1D 69 C1 FB 78 B2 EA 34 FF 22 DE 5B 55 2F EB 9D 87 D5 18 E4 DD 60 F7 7D E2 CA 52 01 2D FD 85 79 23 0E 9D 66 BB 79 F7 61 DB 37 F4 8B 0C F9 B1 72 4D 2A 52 A6 59 E0 10 AB 4A 3B FF EE 14 A1 25 36 35 31 30 2A 2A 2A 2A 2A 2A 2A 2A 30 31 32 35 3D 31 37 31 32 32 30 31 2A 2A 2A 2A 2A 2A 2A 2A 2A 2A 2A 2A 2A FF EE 14 C1 30 87 A1 16 48 FF 13 E0 8A 93 2F 76 7B DD 64 03 82 5B 99 19 4D EE F0 7E 05 48 EC 5E 95 7D 80 DF 38 60 98 3A 4F B5 A0 BF 21 8B C9 3C 99 AA F7 E7 FA 84 08 A0 00 00 03 24 10 10 01 9F 02 06 00 00 00 00 00 01 9F 06 07 A0 00 00 03 24 10 10 9F 35 01 22 9F 37 04 65 77 14 55 9F 39 01 91 9A 03 14 08 10 9F 21 03 12 24 26 56 A1 41 2A 36 35 31 30 2A 2A 2A 2A 2A 2A 2A 2A 30 31 32 35 5E 43 41 52 44 2F 49 4D 41 47 45 20 30 38 20 20 20 20 20 20 20 20 20 20 20 20 20 5E 31 37 31 32 32 30 31 2A 2A 2A 2A 2A 2A 2A 2A 2A 2A 2A 2A 2A 56 C1 48 BC AE 52 15 11 70 02 0A 60 55 85 FC 73 C3 32 DA 4B CB 24 D2 56 E4 11 56 09 71 BE 2E 0C 93 8A 26 42 3D F7 FA F2 36 49 5D 4E D0 84 32 C1 6C E7 D1 36 BC 95 00 16 3D B6 72 0F 50 E2 26 9E B8 A7 0F 66 6A 98 5A 62 15 4B D3 57 A1 13 65 10 CC CC CC CC 01 25 D1 71 22 01 CC CC CC CC CC CC CC 57 C1 18 F6 EA DE E3 2F 8E AD A4 D6 D5 1E E6 58 7E AD 1D E8 A5 6A 12 62 71 32 9C 9C 01 00 9F 1E 08 32 33 34 35 36 37 38 39 9F 41 04 00 00 01 50 FF EE 01 08 DF 30 01 00 DF 52 01 00 DF EF 4C 06 00 27 00 00 00 00 DF EF 4D 28 CE 1B DC 33 AA 1A DD A5 4D E7 DC EB EE 91 F1 84 EB A7 BE A3 B1 96 55 B0 10 20 AB 0F 25 79 50 0F 81 7F 41 4F 19 AF 61 4E DF EE 26 01 D1 1C 59  

 --- 04-00-----DFEF4B = 09 T3+T3 Sentinel

2021/5/3 10:56:39.074 [TX] - 56 69 56 4F 74 65 63 68 32 00 04 00 00 07 DF EF 4B 03 09 00 00 9C DA 
2021/5/3 10:56:39.147 [RX] - 55 55 55 55 55 55 55 55 55 55 55 55 55 55 55 55 55 55 55 55 55 55 55 55 55 55 55 55 55 55 66 56 69 56 4F 74 65 63 68 32 00 04 00 00 00 AE 16  

 Erase All Keys...

2021/5/3 10:56:39.242 [TX] - 56 69 56 4F 74 65 63 68 32 00 83 00 00 00 03 22 
2021/5/3 10:56:39.298 [RX] - 55 55 55 55 55 55 55 55 55 55 55 55 55 55 55 55 55 55 55 55 55 55 55 55 55 55 55 55 55 55 66 56 69 56 4F 74 65 63 68 32 00 83 00 00 00 22 03  

 Set DUKPT Key Encryption Type...

2021/5/3 10:56:39.893 [TX] - 56 69 56 4F 74 65 63 68 32 00 C7 32 00 01 00 FE 6D 
2021/5/3 10:56:39.952 [RX] - 55 55 55 55 55 55 55 55 55 55 55 55 55 55 55 55 55 55 55 55 55 55 55 55 55 55 55 55 55 55 66 56 69 56 4F 74 65 63 68 32 00 C7 00 00 00 86 6E  

 Get DUKPT Key Encryption Type...

2021/5/3 10:56:40.550 [TX] - 56 69 56 4F 74 65 63 68 32 00 C7 33 00 00 9B 1A 
2021/5/3 10:56:40.606 [RX] - 55 55 55 55 55 55 55 55 55 55 55 55 55 55 55 55 55 55 55 55 55 55 55 55 55 55 55 55 55 55 66 56 69 56 4F 74 65 63 68 32 00 C7 00 00 01 00 AC 7F  
OK!
 

 Loading DUKPT key...

2021/5/3 10:56:41.207 [TX] - 56 69 56 4F 74 65 63 68 32 00 80 00 00 65 30 39 36 46 31 35 35 37 37 45 39 41 44 41 30 30 38 38 4B 30 54 44 30 30 4E 30 30 30 30 30 30 38 30 45 30 39 46 43 39 35 35 45 36 33 43 32 45 43 43 30 42 34 39 44 42 46 35 31 37 36 36 42 32 41 39 34 34 33 37 32 37 35 39 30 32 33 30 32 32 30 32 32 33 34 39 38 37 31 32 30 32 33 34 30 30 30 30 30 30 30 30 9C 1B 
2021/5/3 10:56:41.495 [RX] - 55 55 55 55 55 55 55 55 55 55 55 55 55 55 55 55 55 55 55 55 55 55 55 55 55 55 55 55 55 55 66 56 69 56 4F 74 65 63 68 32 00 80 00 00 00 B9 DF 
2021/5/3 10:56:42.088 [TX] - 56 69 56 4F 74 65 63 68 32 00 80 00 00 65 31 32 45 43 36 30 30 37 37 45 39 41 44 41 30 30 38 38 4B 30 54 44 30 30 4E 30 30 30 30 30 30 38 30 31 44 31 45 36 30 44 36 45 32 46 38 44 31 44 36 32 34 42 44 34 34 36 42 43 39 33 31 34 33 33 41 30 33 33 36 33 31 30 34 35 36 37 38 32 37 37 30 32 33 41 39 39 37 31 32 36 32 33 34 30 30 30 30 30 30 30 30 30 E6 
2021/5/3 10:56:42.376 [RX] - 55 55 55 55 55 55 55 55 55 55 55 55 55 55 55 55 55 55 55 55 55 55 55 55 55 55 55 55 55 55 66 56 69 56 4F 74 65 63 68 32 00 80 00 00 00 B9 DF 
2021/5/3 10:56:42.972 [TX] - 56 69 56 4F 74 65 63 68 32 00 80 01 00 58 41 30 30 38 38 4B 30 54 44 30 30 4E 30 30 30 30 46 41 42 44 39 44 34 32 37 34 31 30 42 36 46 41 35 45 44 33 42 37 36 41 44 37 46 41 45 38 45 33 31 36 30 32 31 33 42 46 44 38 31 31 38 32 32 33 38 31 38 41 45 43 46 30 43 44 41 44 42 31 39 41 42 45 39 37 41 41 32 43 B8 FE 
2021/5/3 10:56:43.232 [RX] - 55 55 55 55 55 55 55 55 55 55 55 55 55 55 55 55 55 55 55 55 55 55 55 55 55 55 55 55 55 55 66 56 69 56 4F 74 65 63 68 32 00 80 00 00 00 B9 DF 
2021/5/3 10:56:43.826 [TX] - 56 69 56 4F 74 65 63 68 32 00 81 00 00 71 05 41 30 31 31 32 44 30 54 45 30 30 4E 30 31 30 30 4B 53 31 38 36 32 39 39 34 39 30 31 32 43 30 30 30 34 36 30 30 30 30 31 37 39 46 43 30 31 36 44 31 34 46 34 35 42 39 41 33 37 46 37 32 42 44 35 41 35 37 37 41 43 35 33 34 37 36 42 31 35 35 34 32 45 39 42 39 30 46 35 36 32 46 36 37 36 35 30 45 46 35 33 43 34 44 39 45 42 41 36 39 35 39 46 76 88 
2021/5/3 10:56:44.197 [RX] - 55 55 55 55 55 55 55 55 55 55 55 55 55 55 55 55 55 55 55 55 55 55 55 55 55 55 55 55 55 55 66 56 69 56 4F 74 65 63 68 32 00 81 00 00 00 CF 6B  
OK!
 

 --- Poll on Demand

2021/5/3 10:56:44.806 [TX] - 56 69 56 4F 74 65 63 68 32 00 01 01 00 01 01 D7 34 
2021/5/3 10:56:44.865 [RX] - 55 55 55 55 55 55 55 55 55 55 55 55 55 55 55 55 55 55 55 55 55 55 55 55 55 55 55 55 55 55 66 56 69 56 4F 74 65 63 68 32 00 01 00 00 00 12 53  

 --- 02-40 Activate Transaction

2021/5/3 10:56:45.927 [TX] - 56 69 56 4F 74 65 63 68 32 00 02 40 00 15 0A 9F 02 06 00 00 00 00 10 00 9A 03 07 11 21 9F 21 03 10 15 20 5E 34 
2021/5/3 10:56:46.842 [RX] - 55 55 55 55 55 55 55 55 55 55 55 55 55 55 55 55 55 55 55 55 55 55 55 55 55 55 55 55 55 55 66 56 69 56 4F 74 65 63 68 32 00 02 23 02 2C D1 FF EE 12 0A 62 99 49 01 2C 00 04 60 00 01 FF EE 13 A1 41 2A 36 35 31 30 2A 2A 2A 2A 2A 2A 2A 2A 30 31 32 35 5E 43 41 52 44 2F 49 4D 41 47 45 20 30 38 20 20 20 20 20 20 20 20 20 20 20 20 20 5E 31 37 31 32 32 30 31 2A 2A 2A 2A 2A 2A 2A 2A 2A 2A 2A 2A 2A FF EE 13 C1 48 FF 3C 59 FD A6 2E 20 E9 C5 45 45 3F E7 CB 1D 69 C1 FB 78 B2 EA 34 FF 22 DE 5B 55 2F EB 9D 87 D5 18 E4 DD 60 F7 7D E2 CA 52 01 2D FD 85 79 23 0E 9D 66 BB 79 F7 61 DB 37 F4 8B 0C F9 B1 72 4D 2A 52 A6 59 E0 10 AB 4A 3B FF EE 14 A1 25 36 35 31 30 2A 2A 2A 2A 2A 2A 2A 2A 30 31 32 35 3D 31 37 31 32 32 30 31 2A 2A 2A 2A 2A 2A 2A 2A 2A 2A 2A 2A 2A FF EE 14 C1 30 87 A1 16 48 FF 13 E0 8A 93 2F 76 7B DD 64 03 82 5B 99 19 4D EE F0 7E 05 48 EC 5E 95 7D 80 DF 38 60 98 3A 4F B5 A0 BF 21 8B C9 3C 99 AA F7 E7 FA 84 08 A0 00 00 03 24 10 10 01 9F 02 06 00 00 00 00 10 00 9F 06 07 A0 00 00 03 24 10 10 9F 35 01 22 9F 37 04 34 73 19 95 9F 39 01 91 9A 03 07 11 21 9F 21 03 10 15 20 56 A1 41 2A 36 35 31 30 2A 2A 2A 2A 2A 2A 2A 2A 30 31 32 35 5E 43 41 52 44 2F 49 4D 41 47 45 20 30 38 20 20 20 20 20 20 20 20 20 20 20 20 20 5E 31 37 31 32 32 30 31 2A 2A 2A 2A 2A 2A 2A 2A 2A 2A 2A 2A 2A 56 C1 48 BC AE 52 15 11 70 02 0A 60 55 85 FC 73 C3 32 DA 4B CB 24 D2 56 E4 11 56 09 71 BE 2E 0C 93 8A 26 42 3D F7 FA F2 36 49 5D 4E D0 84 32 C1 6C E7 D1 36 BC 95 00 16 3D B6 72 0F 50 E2 26 9E B8 A7 0F 66 6A 98 5A 62 15 4B D3 57 A1 13 65 10 CC CC CC CC 01 25 D1 71 22 01 CC CC CC CC CC CC CC 57 C1 18 F6 EA DE E3 2F 8E AD A4 D6 D5 1E E6 58 7E AD 1D E8 A5 6A 12 62 71 32 9C 9C 01 00 9F 1E 08 32 33 34 35 36 37 38 39 9F 41 04 00 00 01 52 FF EE 01 08 DF 30 01 00 DF 52 01 00 DF EF 4C 06 00 00 00 00 00 00 DF EF 4D 00 DF EE 26 01 D1 B2 0F  

 Erase All Keys...

2021/5/3 10:56:48.601 [TX] - 56 69 56 4F 74 65 63 68 32 00 83 00 00 00 03 22 
2021/5/3 10:56:48.657 [RX] - 55 55 55 55 55 55 55 55 55 55 55 55 55 55 55 55 55 55 55 55 55 55 55 55 55 55 55 55 55 55 66 56 69 56 4F 74 65 63 68 32 00 83 00 00 00 22 03  

 Set DUKPT Key Encryption Type...

2021/5/3 10:56:49.252 [TX] - 56 69 56 4F 74 65 63 68 32 00 C7 32 00 01 00 FE 6D 
2021/5/3 10:56:49.311 [RX] - 55 55 55 55 55 55 55 55 55 55 55 55 55 55 55 55 55 55 55 55 55 55 55 55 55 55 55 55 55 55 66 56 69 56 4F 74 65 63 68 32 00 C7 00 00 00 86 6E  

 Get DUKPT Key Encryption Type...

2021/5/3 10:56:49.907 [TX] - 56 69 56 4F 74 65 63 68 32 00 C7 33 00 00 9B 1A 
2021/5/3 10:56:49.963 [RX] - 55 55 55 55 55 55 55 55 55 55 55 55 55 55 55 55 55 55 55 55 55 55 55 55 55 55 55 55 55 55 66 56 69 56 4F 74 65 63 68 32 00 C7 00 00 01 00 AC 7F  
OK!
 

 Loading DUKPT key...

2021/5/3 10:56:50.565 [TX] - 56 69 56 4F 74 65 63 68 32 00 80 00 00 65 30 39 36 46 31 35 35 37 37 45 39 41 44 41 30 30 38 38 4B 30 54 44 30 30 4E 30 30 30 30 30 30 38 30 45 30 39 46 43 39 35 35 45 36 33 43 32 45 43 43 30 42 34 39 44 42 46 35 31 37 36 36 42 32 41 39 34 34 33 37 32 37 35 39 30 32 33 30 32 32 30 32 32 33 34 39 38 37 31 32 30 32 33 34 30 30 30 30 30 30 30 30 9C 1B 
2021/5/3 10:56:50.853 [RX] - 55 55 55 55 55 55 55 55 55 55 55 55 55 55 55 55 55 55 55 55 55 55 55 55 55 55 55 55 55 55 66 56 69 56 4F 74 65 63 68 32 00 80 00 00 00 B9 DF 
2021/5/3 10:56:51.446 [TX] - 56 69 56 4F 74 65 63 68 32 00 80 00 00 65 31 32 45 43 36 30 30 37 37 45 39 41 44 41 30 30 38 38 4B 30 54 44 30 30 4E 30 30 30 30 30 30 38 30 31 44 31 45 36 30 44 36 45 32 46 38 44 31 44 36 32 34 42 44 34 34 36 42 43 39 33 31 34 33 33 41 30 33 33 36 33 31 30 34 35 36 37 38 32 37 37 30 32 33 41 39 39 37 31 32 36 32 33 34 30 30 30 30 30 30 30 30 30 E6 
2021/5/3 10:56:51.735 [RX] - 55 55 55 55 55 55 55 55 55 55 55 55 55 55 55 55 55 55 55 55 55 55 55 55 55 55 55 55 55 55 66 56 69 56 4F 74 65 63 68 32 00 80 00 00 00 B9 DF 
2021/5/3 10:56:52.328 [TX] - 56 69 56 4F 74 65 63 68 32 00 80 01 00 58 41 30 30 38 38 4B 30 54 44 30 30 4E 30 30 30 30 46 41 42 44 39 44 34 32 37 34 31 30 42 36 46 41 35 45 44 33 42 37 36 41 44 37 46 41 45 38 45 33 31 36 30 32 31 33 42 46 44 38 31 31 38 32 32 33 38 31 38 41 45 43 46 30 43 44 41 44 42 31 39 41 42 45 39 37 41 41 32 43 B8 FE 
2021/5/3 10:56:52.588 [RX] - 55 55 55 55 55 55 55 55 55 55 55 55 55 55 55 55 55 55 55 55 55 55 55 55 55 55 55 55 55 55 66 56 69 56 4F 74 65 63 68 32 00 80 00 00 00 B9 DF 
2021/5/3 10:56:53.182 [TX] - 56 69 56 4F 74 65 63 68 32 00 81 00 00 71 05 41 30 31 31 32 44 30 54 45 30 30 4E 30 31 30 30 4B 53 31 38 36 32 39 39 34 39 30 31 32 43 30 30 30 34 36 30 30 30 30 31 37 39 46 43 30 31 36 44 31 34 46 34 35 42 39 41 33 37 46 37 32 42 44 35 41 35 37 37 41 43 35 33 34 37 36 42 31 35 35 34 32 45 39 42 39 30 46 35 36 32 46 36 37 36 35 30 45 46 35 33 43 34 44 39 45 42 41 36 39 35 39 46 76 88 
2021/5/3 10:56:53.509 [RX] - 55 55 55 55 55 55 55 55 55 55 55 55 55 55 55 55 55 55 55 55 55 55 55 55 55 55 55 55 55 55 66 56 69 56 4F 74 65 63 68 32 00 81 00 00 00 CF 6B  
OK!
 

 --- Auto poll

2021/5/3 10:56:54.118 [TX] - 56 69 56 4F 74 65 63 68 32 00 01 01 00 01 00 F6 24 
2021/5/3 10:56:54.176 [RX] - 55 55 55 55 55 55 55 55 55 55 55 55 55 55 55 55 55 55 55 55 55 55 55 55 55 55 55 55 55 55 66 56 69 56 4F 74 65 63 68 32 00 01 00 00 00 12 53  

 --- 03-40

2021/5/3 10:56:56.487 [TX] - 56 69 56 4F 74 65 63 68 32 00 03 40 00 00 96 E2 
2021/5/3 10:56:56.543 [RX] - 55 55 55 55 55 55 55 55 55 55 55 55 55 55 55 55 55 55 55 55 55 55 55 55 55 55 55 55 55 55 66 56 69 56 4F 74 65 63 68 32 00 03 23 02 2C D1 FF EE 12 0A 62 99 49 01 2C 00 04 60 00 01 FF EE 13 A1 41 2A 36 35 31 30 2A 2A 2A 2A 2A 2A 2A 2A 30 31 32 35 5E 43 41 52 44 2F 49 4D 41 47 45 20 30 38 20 20 20 20 20 20 20 20 20 20 20 20 20 5E 31 37 31 32 32 30 31 2A 2A 2A 2A 2A 2A 2A 2A 2A 2A 2A 2A 2A FF EE 13 C1 48 FF 3C 59 FD A6 2E 20 E9 C5 45 45 3F E7 CB 1D 69 C1 FB 78 B2 EA 34 FF 22 DE 5B 55 2F EB 9D 87 D5 18 E4 DD 60 F7 7D E2 CA 52 01 2D FD 85 79 23 0E 9D 66 BB 79 F7 61 DB 37 F4 8B 0C F9 B1 72 4D 2A 52 A6 59 E0 10 AB 4A 3B FF EE 14 A1 25 36 35 31 30 2A 2A 2A 2A 2A 2A 2A 2A 30 31 32 35 3D 31 37 31 32 32 30 31 2A 2A 2A 2A 2A 2A 2A 2A 2A 2A 2A 2A 2A FF EE 14 C1 30 87 A1 16 48 FF 13 E0 8A 93 2F 76 7B DD 64 03 82 5B 99 19 4D EE F0 7E 05 48 EC 5E 95 7D 80 DF 38 60 98 3A 4F B5 A0 BF 21 8B C9 3C 99 AA F7 E7 FA 84 08 A0 00 00 03 24 10 10 01 9F 02 06 00 00 00 00 00 01 9F 06 07 A0 00 00 03 24 10 10 9F 35 01 22 9F 37 04 53 73 60 96 9F 39 01 91 9A 03 14 08 10 9F 21 03 12 24 45 56 A1 41 2A 36 35 31 30 2A 2A 2A 2A 2A 2A 2A 2A 30 31 32 35 5E 43 41 52 44 2F 49 4D 41 47 45 20 30 38 20 20 20 20 20 20 20 20 20 20 20 20 20 5E 31 37 31 32 32 30 31 2A 2A 2A 2A 2A 2A 2A 2A 2A 2A 2A 2A 2A 56 C1 48 BC AE 52 15 11 70 02 0A 60 55 85 FC 73 C3 32 DA 4B CB 24 D2 56 E4 11 56 09 71 BE 2E 0C 93 8A 26 42 3D F7 FA F2 36 49 5D 4E D0 84 32 C1 6C E7 D1 36 BC 95 00 16 3D B6 72 0F 50 E2 26 9E B8 A7 0F 66 6A 98 5A 62 15 4B D3 57 A1 13 65 10 CC CC CC CC 01 25 D1 71 22 01 CC CC CC CC CC CC CC 57 C1 18 F6 EA DE E3 2F 8E AD A4 D6 D5 1E E6 58 7E AD 1D E8 A5 6A 12 62 71 32 9C 9C 01 00 9F 1E 08 32 33 34 35 36 37 38 39 9F 41 04 00 00 01 54 FF EE 01 08 DF 30 01 00 DF 52 01 00 DF EF 4C 06 00 00 00 00 00 00 DF EF 4D 00 DF EE 26 01 D1 E7 30  

 --- 04-00-----DFEF4B = 36 T1+T2+T1 Sentinel+T2 Sentinel

2021/5/3 10:56:58.302 [TX] - 56 69 56 4F 74 65 63 68 32 00 04 00 00 07 DF EF 4B 03 36 00 00 08 33 
2021/5/3 10:56:58.375 [RX] - 55 55 55 55 55 55 55 55 55 55 55 55 55 55 55 55 55 55 55 55 55 55 55 55 55 55 55 55 55 55 66 56 69 56 4F 74 65 63 68 32 00 04 00 00 00 AE 16  

 Erase All Keys...

2021/5/3 10:56:58.470 [TX] - 56 69 56 4F 74 65 63 68 32 00 83 00 00 00 03 22 
2021/5/3 10:56:58.526 [RX] - 55 55 55 55 55 55 55 55 55 55 55 55 55 55 55 55 55 55 55 55 55 55 55 55 55 55 55 55 55 55 66 56 69 56 4F 74 65 63 68 32 00 83 00 00 00 22 03  

 Set DUKPT Key Encryption Type...

2021/5/3 10:56:59.121 [TX] - 56 69 56 4F 74 65 63 68 32 00 C7 32 00 01 00 FE 6D 
2021/5/3 10:56:59.180 [RX] - 55 55 55 55 55 55 55 55 55 55 55 55 55 55 55 55 55 55 55 55 55 55 55 55 55 55 55 55 55 55 66 56 69 56 4F 74 65 63 68 32 00 C7 00 00 00 86 6E  

 Get DUKPT Key Encryption Type...

2021/5/3 10:56:59.777 [TX] - 56 69 56 4F 74 65 63 68 32 00 C7 33 00 00 9B 1A 
2021/5/3 10:56:59.832 [RX] - 55 55 55 55 55 55 55 55 55 55 55 55 55 55 55 55 55 55 55 55 55 55 55 55 55 55 55 55 55 55 66 56 69 56 4F 74 65 63 68 32 00 C7 00 00 01 00 AC 7F  
OK!
 

 Loading DUKPT key...

2021/5/3 10:57:00.439 [TX] - 56 69 56 4F 74 65 63 68 32 00 80 00 00 65 30 39 36 46 31 35 35 37 37 45 39 41 44 41 30 30 38 38 4B 30 54 44 30 30 4E 30 30 30 30 30 30 38 30 45 30 39 46 43 39 35 35 45 36 33 43 32 45 43 43 30 42 34 39 44 42 46 35 31 37 36 36 42 32 41 39 34 34 33 37 32 37 35 39 30 32 33 30 32 32 30 32 32 33 34 39 38 37 31 32 30 32 33 34 30 30 30 30 30 30 30 30 9C 1B 
2021/5/3 10:57:00.727 [RX] - 55 55 55 55 55 55 55 55 55 55 55 55 55 55 55 55 55 55 55 55 55 55 55 55 55 55 55 55 55 55 66 56 69 56 4F 74 65 63 68 32 00 80 00 00 00 B9 DF 
2021/5/3 10:57:01.321 [TX] - 56 69 56 4F 74 65 63 68 32 00 80 00 00 65 31 32 45 43 36 30 30 37 37 45 39 41 44 41 30 30 38 38 4B 30 54 44 30 30 4E 30 30 30 30 30 30 38 30 31 44 31 45 36 30 44 36 45 32 46 38 44 31 44 36 32 34 42 44 34 34 36 42 43 39 33 31 34 33 33 41 30 33 33 36 33 31 30 34 35 36 37 38 32 37 37 30 32 33 41 39 39 37 31 32 36 32 33 34 30 30 30 30 30 30 30 30 30 E6 
2021/5/3 10:57:01.609 [RX] - 55 55 55 55 55 55 55 55 55 55 55 55 55 55 55 55 55 55 55 55 55 55 55 55 55 55 55 55 55 55 66 56 69 56 4F 74 65 63 68 32 00 80 00 00 00 B9 DF 
2021/5/3 10:57:02.204 [TX] - 56 69 56 4F 74 65 63 68 32 00 80 01 00 58 41 30 30 38 38 4B 30 54 44 30 30 4E 30 30 30 30 46 41 42 44 39 44 34 32 37 34 31 30 42 36 46 41 35 45 44 33 42 37 36 41 44 37 46 41 45 38 45 33 31 36 30 32 31 33 42 46 44 38 31 31 38 32 32 33 38 31 38 41 45 43 46 30 43 44 41 44 42 31 39 41 42 45 39 37 41 41 32 43 B8 FE 
2021/5/3 10:57:02.464 [RX] - 55 55 55 55 55 55 55 55 55 55 55 55 55 55 55 55 55 55 55 55 55 55 55 55 55 55 55 55 55 55 66 56 69 56 4F 74 65 63 68 32 00 80 00 00 00 B9 DF 
2021/5/3 10:57:03.059 [TX] - 56 69 56 4F 74 65 63 68 32 00 81 00 00 71 05 41 30 31 31 32 44 30 54 45 30 30 4E 30 31 30 30 4B 53 31 38 36 32 39 39 34 39 30 31 32 43 30 30 30 34 36 30 30 30 30 31 37 39 46 43 30 31 36 44 31 34 46 34 35 42 39 41 33 37 46 37 32 42 44 35 41 35 37 37 41 43 35 33 34 37 36 42 31 35 35 34 32 45 39 42 39 30 46 35 36 32 46 36 37 36 35 30 45 46 35 33 43 34 44 39 45 42 41 36 39 35 39 46 76 88 
2021/5/3 10:57:03.385 [RX] - 55 55 55 55 55 55 55 55 55 55 55 55 55 55 55 55 55 55 55 55 55 55 55 55 55 55 55 55 55 55 66 56 69 56 4F 74 65 63 68 32 00 81 00 00 00 CF 6B  
OK!
 

 --- Poll on Demand

2021/5/3 10:57:03.994 [TX] - 56 69 56 4F 74 65 63 68 32 00 01 01 00 01 01 D7 34 
2021/5/3 10:57:04.053 [RX] - 55 55 55 55 55 55 55 55 55 55 55 55 55 55 55 55 55 55 55 55 55 55 55 55 55 55 55 55 55 55 66 56 69 56 4F 74 65 63 68 32 00 01 00 00 00 12 53  

 --- 02-40 Activate Transaction

2021/5/3 10:57:05.831 [TX] - 56 69 56 4F 74 65 63 68 32 00 02 40 00 15 0A 9F 02 06 00 00 00 00 10 00 9A 03 07 11 21 9F 21 03 10 15 20 5E 34 
2021/5/3 10:57:06.844 [RX] - 55 55 55 55 55 55 55 55 55 55 55 55 55 55 55 55 55 55 55 55 55 55 55 55 55 55 55 55 55 55 66 56 69 56 4F 74 65 63 68 32 00 02 23 02 9C D1 FF EE 12 0A 62 99 49 01 2C 00 04 60 00 01 FF EE 13 A1 41 2A 36 35 31 30 2A 2A 2A 2A 2A 2A 2A 2A 30 31 32 35 5E 43 41 52 44 2F 49 4D 41 47 45 20 30 38 20 20 20 20 20 20 20 20 20 20 20 20 20 5E 31 37 31 32 32 30 31 2A 2A 2A 2A 2A 2A 2A 2A 2A 2A 2A 2A 2A FF EE 13 C1 48 FF 3C 59 FD A6 2E 20 E9 C5 45 45 3F E7 CB 1D 69 C1 FB 78 B2 EA 34 FF 22 DE 5B 55 2F EB 9D 87 D5 18 E4 DD 60 F7 7D E2 CA 52 01 2D FD 85 79 23 0E 9D 66 BB 79 F7 61 DB 37 F4 8B 0C F9 B1 72 4D 2A 52 A6 59 E0 10 AB 4A 3B FF EE 14 A1 25 36 35 31 30 2A 2A 2A 2A 2A 2A 2A 2A 30 31 32 35 3D 31 37 31 32 32 30 31 2A 2A 2A 2A 2A 2A 2A 2A 2A 2A 2A 2A 2A FF EE 14 C1 30 87 A1 16 48 FF 13 E0 8A 93 2F 76 7B DD 64 03 82 5B 99 19 4D EE F0 7E 05 48 EC 5E 95 7D 80 DF 38 60 98 3A 4F B5 A0 BF 21 8B C9 3C 99 AA F7 E7 FA 84 08 A0 00 00 03 24 10 10 01 9F 02 06 00 00 00 00 10 00 9F 06 07 A0 00 00 03 24 10 10 9F 35 01 22 9F 37 04 23 63 81 77 9F 39 01 91 9A 03 07 11 21 9F 21 03 10 15 20 56 A1 41 2A 36 35 31 30 2A 2A 2A 2A 2A 2A 2A 2A 30 31 32 35 5E 43 41 52 44 2F 49 4D 41 47 45 20 30 38 20 20 20 20 20 20 20 20 20 20 20 20 20 5E 31 37 31 32 32 30 31 2A 2A 2A 2A 2A 2A 2A 2A 2A 2A 2A 2A 2A 56 C1 48 BC AE 52 15 11 70 02 0A 60 55 85 FC 73 C3 32 DA 4B CB 24 D2 56 E4 11 56 09 71 BE 2E 0C 93 8A 26 42 3D F7 FA F2 36 49 5D 4E D0 84 32 C1 6C E7 D1 36 BC 95 00 16 3D B6 72 0F 50 E2 26 9E B8 A7 0F 66 6A 98 5A 62 15 4B D3 57 A1 13 65 10 CC CC CC CC 01 25 D1 71 22 01 CC CC CC CC CC CC CC 57 C1 18 F6 EA DE E3 2F 8E AD A4 D6 D5 1E E6 58 7E AD 1D E8 A5 6A 12 62 71 32 9C 9C 01 00 9F 1E 08 32 33 34 35 36 37 38 39 9F 41 04 00 00 01 56 FF EE 01 08 DF 30 01 00 DF 52 01 00 DF EF 4C 06 43 27 00 00 00 00 DF EF 4D 70 C7 27 B0 60 AB FC 2B 62 30 63 56 C5 42 DD 51 19 76 F9 C4 A7 F5 33 DF 57 A0 51 6A B8 84 A0 DB A1 D9 A7 07 69 F7 9E B1 F3 B5 6E 36 8A 7B BA D9 6A 14 54 E5 AA D2 82 F8 83 48 1D 2B 27 8E 17 D8 3B D7 78 89 2A AE 0A B8 9A 0F 9E BC 9A 07 2F 04 AA 05 D8 63 90 F7 B2 22 87 8D 83 24 90 1C 1E B6 54 31 F3 A5 A7 7B C4 95 55 04 0A 02 3C 57 77 74 81 DF EE 26 01 D1 9C DA  

 Erase All Keys...

2021/5/3 10:57:08.843 [TX] - 56 69 56 4F 74 65 63 68 32 00 83 00 00 00 03 22 
2021/5/3 10:57:08.899 [RX] - 55 55 55 55 55 55 55 55 55 55 55 55 55 55 55 55 55 55 55 55 55 55 55 55 55 55 55 55 55 55 66 56 69 56 4F 74 65 63 68 32 00 83 00 00 00 22 03  

 Set DUKPT Key Encryption Type...

2021/5/3 10:57:09.495 [TX] - 56 69 56 4F 74 65 63 68 32 00 C7 32 00 01 00 FE 6D 
2021/5/3 10:57:09.554 [RX] - 55 55 55 55 55 55 55 55 55 55 55 55 55 55 55 55 55 55 55 55 55 55 55 55 55 55 55 55 55 55 66 56 69 56 4F 74 65 63 68 32 00 C7 00 00 00 86 6E  

 Get DUKPT Key Encryption Type...

2021/5/3 10:57:10.150 [TX] - 56 69 56 4F 74 65 63 68 32 00 C7 33 00 00 9B 1A 
2021/5/3 10:57:10.206 [RX] - 55 55 55 55 55 55 55 55 55 55 55 55 55 55 55 55 55 55 55 55 55 55 55 55 55 55 55 55 55 55 66 56 69 56 4F 74 65 63 68 32 00 C7 00 00 01 00 AC 7F  
OK!
 

 Loading DUKPT key...

2021/5/3 10:57:10.806 [TX] - 56 69 56 4F 74 65 63 68 32 00 80 00 00 65 30 39 36 46 31 35 35 37 37 45 39 41 44 41 30 30 38 38 4B 30 54 44 30 30 4E 30 30 30 30 30 30 38 30 45 30 39 46 43 39 35 35 45 36 33 43 32 45 43 43 30 42 34 39 44 42 46 35 31 37 36 36 42 32 41 39 34 34 33 37 32 37 35 39 30 32 33 30 32 32 30 32 32 33 34 39 38 37 31 32 30 32 33 34 30 30 30 30 30 30 30 30 9C 1B 
2021/5/3 10:57:11.094 [RX] - 55 55 55 55 55 55 55 55 55 55 55 55 55 55 55 55 55 55 55 55 55 55 55 55 55 55 55 55 55 55 66 56 69 56 4F 74 65 63 68 32 00 80 00 00 00 B9 DF 
2021/5/3 10:57:11.688 [TX] - 56 69 56 4F 74 65 63 68 32 00 80 00 00 65 31 32 45 43 36 30 30 37 37 45 39 41 44 41 30 30 38 38 4B 30 54 44 30 30 4E 30 30 30 30 30 30 38 30 31 44 31 45 36 30 44 36 45 32 46 38 44 31 44 36 32 34 42 44 34 34 36 42 43 39 33 31 34 33 33 41 30 33 33 36 33 31 30 34 35 36 37 38 32 37 37 30 32 33 41 39 39 37 31 32 36 32 33 34 30 30 30 30 30 30 30 30 30 E6 
2021/5/3 10:57:11.976 [RX] - 55 55 55 55 55 55 55 55 55 55 55 55 55 55 55 55 55 55 55 55 55 55 55 55 55 55 55 55 55 55 66 56 69 56 4F 74 65 63 68 32 00 80 00 00 00 B9 DF 
2021/5/3 10:57:12.569 [TX] - 56 69 56 4F 74 65 63 68 32 00 80 01 00 58 41 30 30 38 38 4B 30 54 44 30 30 4E 30 30 30 30 46 41 42 44 39 44 34 32 37 34 31 30 42 36 46 41 35 45 44 33 42 37 36 41 44 37 46 41 45 38 45 33 31 36 30 32 31 33 42 46 44 38 31 31 38 32 32 33 38 31 38 41 45 43 46 30 43 44 41 44 42 31 39 41 42 45 39 37 41 41 32 43 B8 FE 
2021/5/3 10:57:12.829 [RX] - 55 55 55 55 55 55 55 55 55 55 55 55 55 55 55 55 55 55 55 55 55 55 55 55 55 55 55 55 55 55 66 56 69 56 4F 74 65 63 68 32 00 80 00 00 00 B9 DF 
2021/5/3 10:57:13.424 [TX] - 56 69 56 4F 74 65 63 68 32 00 81 00 00 71 05 41 30 31 31 32 44 30 54 45 30 30 4E 30 31 30 30 4B 53 31 38 36 32 39 39 34 39 30 31 32 43 30 30 30 34 36 30 30 30 30 31 37 39 46 43 30 31 36 44 31 34 46 34 35 42 39 41 33 37 46 37 32 42 44 35 41 35 37 37 41 43 35 33 34 37 36 42 31 35 35 34 32 45 39 42 39 30 46 35 36 32 46 36 37 36 35 30 45 46 35 33 43 34 44 39 45 42 41 36 39 35 39 46 76 88 
2021/5/3 10:57:13.750 [RX] - 55 55 55 55 55 55 55 55 55 55 55 55 55 55 55 55 55 55 55 55 55 55 55 55 55 55 55 55 55 55 66 56 69 56 4F 74 65 63 68 32 00 81 00 00 00 CF 6B  
OK!
 

 --- Auto poll

2021/5/3 10:57:14.360 [TX] - 56 69 56 4F 74 65 63 68 32 00 01 01 00 01 00 F6 24 
2021/5/3 10:57:14.418 [RX] - 55 55 55 55 55 55 55 55 55 55 55 55 55 55 55 55 55 55 55 55 55 55 55 55 55 55 55 55 55 55 66 56 69 56 4F 74 65 63 68 32 00 01 00 00 00 12 53  

 --- 03-40

2021/5/3 10:57:17.271 [TX] - 56 69 56 4F 74 65 63 68 32 00 03 40 00 00 96 E2 
2021/5/3 10:57:17.327 [RX] - 55 55 55 55 55 55 55 55 55 55 55 55 55 55 55 55 55 55 55 55 55 55 55 55 55 55 55 55 55 55 66 56 69 56 4F 74 65 63 68 32 00 03 23 02 9C D1 FF EE 12 0A 62 99 49 01 2C 00 04 60 00 01 FF EE 13 A1 41 2A 36 35 31 30 2A 2A 2A 2A 2A 2A 2A 2A 30 31 32 35 5E 43 41 52 44 2F 49 4D 41 47 45 20 30 38 20 20 20 20 20 20 20 20 20 20 20 20 20 5E 31 37 31 32 32 30 31 2A 2A 2A 2A 2A 2A 2A 2A 2A 2A 2A 2A 2A FF EE 13 C1 48 FF 3C 59 FD A6 2E 20 E9 C5 45 45 3F E7 CB 1D 69 C1 FB 78 B2 EA 34 FF 22 DE 5B 55 2F EB 9D 87 D5 18 E4 DD 60 F7 7D E2 CA 52 01 2D FD 85 79 23 0E 9D 66 BB 79 F7 61 DB 37 F4 8B 0C F9 B1 72 4D 2A 52 A6 59 E0 10 AB 4A 3B FF EE 14 A1 25 36 35 31 30 2A 2A 2A 2A 2A 2A 2A 2A 30 31 32 35 3D 31 37 31 32 32 30 31 2A 2A 2A 2A 2A 2A 2A 2A 2A 2A 2A 2A 2A FF EE 14 C1 30 87 A1 16 48 FF 13 E0 8A 93 2F 76 7B DD 64 03 82 5B 99 19 4D EE F0 7E 05 48 EC 5E 95 7D 80 DF 38 60 98 3A 4F B5 A0 BF 21 8B C9 3C 99 AA F7 E7 FA 84 08 A0 00 00 03 24 10 10 01 9F 02 06 00 00 00 00 00 01 9F 06 07 A0 00 00 03 24 10 10 9F 35 01 22 9F 37 04 17 39 53 78 9F 39 01 91 9A 03 14 08 10 9F 21 03 12 25 06 56 A1 41 2A 36 35 31 30 2A 2A 2A 2A 2A 2A 2A 2A 30 31 32 35 5E 43 41 52 44 2F 49 4D 41 47 45 20 30 38 20 20 20 20 20 20 20 20 20 20 20 20 20 5E 31 37 31 32 32 30 31 2A 2A 2A 2A 2A 2A 2A 2A 2A 2A 2A 2A 2A 56 C1 48 BC AE 52 15 11 70 02 0A 60 55 85 FC 73 C3 32 DA 4B CB 24 D2 56 E4 11 56 09 71 BE 2E 0C 93 8A 26 42 3D F7 FA F2 36 49 5D 4E D0 84 32 C1 6C E7 D1 36 BC 95 00 16 3D B6 72 0F 50 E2 26 9E B8 A7 0F 66 6A 98 5A 62 15 4B D3 57 A1 13 65 10 CC CC CC CC 01 25 D1 71 22 01 CC CC CC CC CC CC CC 57 C1 18 F6 EA DE E3 2F 8E AD A4 D6 D5 1E E6 58 7E AD 1D E8 A5 6A 12 62 71 32 9C 9C 01 00 9F 1E 08 32 33 34 35 36 37 38 39 9F 41 04 00 00 01 58 FF EE 01 08 DF 30 01 00 DF 52 01 00 DF EF 4C 06 43 27 00 00 00 00 DF EF 4D 70 C7 27 B0 60 AB FC 2B 62 30 63 56 C5 42 DD 51 19 76 F9 C4 A7 F5 33 DF 57 A0 51 6A B8 84 A0 DB A1 D9 A7 07 69 F7 9E B1 F3 B5 6E 36 8A 7B BA D9 6A 14 54 E5 AA D2 82 F8 83 48 1D 2B 27 8E 17 D8 3B D7 78 89 2A AE 0A B8 9A 0F 9E BC 9A 07 2F 04 AA 05 D8 63 90 F7 B2 22 87 8D 83 24 90 1C 1E B6 54 31 F3 A5 A7 7B C4 95 55 04 0A 02 3C 57 77 74 81 DF EE 26 01 D1 7D A7  

 --- 04-00-----DFEF4B = 2D T1+T3+T1 Sentinel+T3 Sentinel

2021/5/3 10:57:19.320 [TX] - 56 69 56 4F 74 65 63 68 32 00 04 00 00 07 DF EF 4B 03 2D 00 00 9A 80 
2021/5/3 10:57:19.393 [RX] - 55 55 55 55 55 55 55 55 55 55 55 55 55 55 55 55 55 55 55 55 55 55 55 55 55 55 55 55 55 55 66 56 69 56 4F 74 65 63 68 32 00 04 00 00 00 AE 16  

 Erase All Keys...

2021/5/3 10:57:19.488 [TX] - 56 69 56 4F 74 65 63 68 32 00 83 00 00 00 03 22 
2021/5/3 10:57:19.544 [RX] - 55 55 55 55 55 55 55 55 55 55 55 55 55 55 55 55 55 55 55 55 55 55 55 55 55 55 55 55 55 55 66 56 69 56 4F 74 65 63 68 32 00 83 00 00 00 22 03  

 Set DUKPT Key Encryption Type...

2021/5/3 10:57:20.140 [TX] - 56 69 56 4F 74 65 63 68 32 00 C7 32 00 01 00 FE 6D 
2021/5/3 10:57:20.198 [RX] - 55 55 55 55 55 55 55 55 55 55 55 55 55 55 55 55 55 55 55 55 55 55 55 55 55 55 55 55 55 55 66 56 69 56 4F 74 65 63 68 32 00 C7 00 00 00 86 6E  

 Get DUKPT Key Encryption Type...

2021/5/3 10:57:20.796 [TX] - 56 69 56 4F 74 65 63 68 32 00 C7 33 00 00 9B 1A 
2021/5/3 10:57:20.852 [RX] - 55 55 55 55 55 55 55 55 55 55 55 55 55 55 55 55 55 55 55 55 55 55 55 55 55 55 55 55 55 55 66 56 69 56 4F 74 65 63 68 32 00 C7 00 00 01 00 AC 7F  
OK!
 

 Loading DUKPT key...

2021/5/3 10:57:21.451 [TX] - 56 69 56 4F 74 65 63 68 32 00 80 00 00 65 30 39 36 46 31 35 35 37 37 45 39 41 44 41 30 30 38 38 4B 30 54 44 30 30 4E 30 30 30 30 30 30 38 30 45 30 39 46 43 39 35 35 45 36 33 43 32 45 43 43 30 42 34 39 44 42 46 35 31 37 36 36 42 32 41 39 34 34 33 37 32 37 35 39 30 32 33 30 32 32 30 32 32 33 34 39 38 37 31 32 30 32 33 34 30 30 30 30 30 30 30 30 9C 1B 
2021/5/3 10:57:21.739 [RX] - 55 55 55 55 55 55 55 55 55 55 55 55 55 55 55 55 55 55 55 55 55 55 55 55 55 55 55 55 55 55 66 56 69 56 4F 74 65 63 68 32 00 80 00 00 00 B9 DF 
2021/5/3 10:57:22.337 [TX] - 56 69 56 4F 74 65 63 68 32 00 80 00 00 65 31 32 45 43 36 30 30 37 37 45 39 41 44 41 30 30 38 38 4B 30 54 44 30 30 4E 30 30 30 30 30 30 38 30 31 44 31 45 36 30 44 36 45 32 46 38 44 31 44 36 32 34 42 44 34 34 36 42 43 39 33 31 34 33 33 41 30 33 33 36 33 31 30 34 35 36 37 38 32 37 37 30 32 33 41 39 39 37 31 32 36 32 33 34 30 30 30 30 30 30 30 30 30 E6 
2021/5/3 10:57:22.625 [RX] - 55 55 55 55 55 55 55 55 55 55 55 55 55 55 55 55 55 55 55 55 55 55 55 55 55 55 55 55 55 55 66 56 69 56 4F 74 65 63 68 32 00 80 00 00 00 B9 DF 
2021/5/3 10:57:23.220 [TX] - 56 69 56 4F 74 65 63 68 32 00 80 01 00 58 41 30 30 38 38 4B 30 54 44 30 30 4E 30 30 30 30 46 41 42 44 39 44 34 32 37 34 31 30 42 36 46 41 35 45 44 33 42 37 36 41 44 37 46 41 45 38 45 33 31 36 30 32 31 33 42 46 44 38 31 31 38 32 32 33 38 31 38 41 45 43 46 30 43 44 41 44 42 31 39 41 42 45 39 37 41 41 32 43 B8 FE 
2021/5/3 10:57:23.480 [RX] - 55 55 55 55 55 55 55 55 55 55 55 55 55 55 55 55 55 55 55 55 55 55 55 55 55 55 55 55 55 55 66 56 69 56 4F 74 65 63 68 32 00 80 00 00 00 B9 DF 
2021/5/3 10:57:24.074 [TX] - 56 69 56 4F 74 65 63 68 32 00 81 00 00 71 05 41 30 31 31 32 44 30 54 45 30 30 4E 30 31 30 30 4B 53 31 38 36 32 39 39 34 39 30 31 32 43 30 30 30 34 36 30 30 30 30 31 37 39 46 43 30 31 36 44 31 34 46 34 35 42 39 41 33 37 46 37 32 42 44 35 41 35 37 37 41 43 35 33 34 37 36 42 31 35 35 34 32 45 39 42 39 30 46 35 36 32 46 36 37 36 35 30 45 46 35 33 43 34 44 39 45 42 41 36 39 35 39 46 76 88 
2021/5/3 10:57:24.401 [RX] - 55 55 55 55 55 55 55 55 55 55 55 55 55 55 55 55 55 55 55 55 55 55 55 55 55 55 55 55 55 55 66 56 69 56 4F 74 65 63 68 32 00 81 00 00 00 CF 6B  
OK!
 

 --- Poll on Demand

2021/5/3 10:57:25.009 [TX] - 56 69 56 4F 74 65 63 68 32 00 01 01 00 01 01 D7 34 
2021/5/3 10:57:25.069 [RX] - 55 55 55 55 55 55 55 55 55 55 55 55 55 55 55 55 55 55 55 55 55 55 55 55 55 55 55 55 55 55 66 56 69 56 4F 74 65 63 68 32 00 01 00 00 00 12 53  

 --- 02-40 Activate Transaction

2021/5/3 10:57:26.615 [TX] - 56 69 56 4F 74 65 63 68 32 00 02 40 00 15 0A 9F 02 06 00 00 00 00 10 00 9A 03 07 11 21 9F 21 03 10 15 20 5E 34 
2021/5/3 10:57:27.633 [RX] - 55 55 55 55 55 55 55 55 55 55 55 55 55 55 55 55 55 55 55 55 55 55 55 55 55 55 55 55 55 55 66 56 69 56 4F 74 65 63 68 32 00 02 23 02 74 D1 FF EE 12 0A 62 99 49 01 2C 00 04 60 00 01 FF EE 13 A1 41 2A 36 35 31 30 2A 2A 2A 2A 2A 2A 2A 2A 30 31 32 35 5E 43 41 52 44 2F 49 4D 41 47 45 20 30 38 20 20 20 20 20 20 20 20 20 20 20 20 20 5E 31 37 31 32 32 30 31 2A 2A 2A 2A 2A 2A 2A 2A 2A 2A 2A 2A 2A FF EE 13 C1 48 FF 3C 59 FD A6 2E 20 E9 C5 45 45 3F E7 CB 1D 69 C1 FB 78 B2 EA 34 FF 22 DE 5B 55 2F EB 9D 87 D5 18 E4 DD 60 F7 7D E2 CA 52 01 2D FD 85 79 23 0E 9D 66 BB 79 F7 61 DB 37 F4 8B 0C F9 B1 72 4D 2A 52 A6 59 E0 10 AB 4A 3B FF EE 14 A1 25 36 35 31 30 2A 2A 2A 2A 2A 2A 2A 2A 30 31 32 35 3D 31 37 31 32 32 30 31 2A 2A 2A 2A 2A 2A 2A 2A 2A 2A 2A 2A 2A FF EE 14 C1 30 87 A1 16 48 FF 13 E0 8A 93 2F 76 7B DD 64 03 82 5B 99 19 4D EE F0 7E 05 48 EC 5E 95 7D 80 DF 38 60 98 3A 4F B5 A0 BF 21 8B C9 3C 99 AA F7 E7 FA 84 08 A0 00 00 03 24 10 10 01 9F 02 06 00 00 00 00 10 00 9F 06 07 A0 00 00 03 24 10 10 9F 35 01 22 9F 37 04 71 97 45 94 9F 39 01 91 9A 03 07 11 21 9F 21 03 10 15 20 56 A1 41 2A 36 35 31 30 2A 2A 2A 2A 2A 2A 2A 2A 30 31 32 35 5E 43 41 52 44 2F 49 4D 41 47 45 20 30 38 20 20 20 20 20 20 20 20 20 20 20 20 20 5E 31 37 31 32 32 30 31 2A 2A 2A 2A 2A 2A 2A 2A 2A 2A 2A 2A 2A 56 C1 48 BC AE 52 15 11 70 02 0A 60 55 85 FC 73 C3 32 DA 4B CB 24 D2 56 E4 11 56 09 71 BE 2E 0C 93 8A 26 42 3D F7 FA F2 36 49 5D 4E D0 84 32 C1 6C E7 D1 36 BC 95 00 16 3D B6 72 0F 50 E2 26 9E B8 A7 0F 66 6A 98 5A 62 15 4B D3 57 A1 13 65 10 CC CC CC CC 01 25 D1 71 22 01 CC CC CC CC CC CC CC 57 C1 18 F6 EA DE E3 2F 8E AD A4 D6 D5 1E E6 58 7E AD 1D E8 A5 6A 12 62 71 32 9C 9C 01 00 9F 1E 08 32 33 34 35 36 37 38 39 9F 41 04 00 00 01 60 FF EE 01 08 DF 30 01 00 DF 52 01 00 DF EF 4C 06 43 00 00 00 00 00 DF EF 4D 48 C7 27 B0 60 AB FC 2B 62 30 63 56 C5 42 DD 51 19 76 F9 C4 A7 F5 33 DF 57 A0 51 6A B8 84 A0 DB A1 D9 A7 07 69 F7 9E B1 F3 B5 6E 36 8A 7B BA D9 6A 14 54 E5 AA D2 82 F8 83 48 1D 2B 27 8E 17 D8 3B 3C EA C2 06 A6 A5 19 CC DF EE 26 01 D1 18 1E  

 Erase All Keys...

2021/5/3 10:57:29.552 [TX] - 56 69 56 4F 74 65 63 68 32 00 83 00 00 00 03 22 
2021/5/3 10:57:29.608 [RX] - 55 55 55 55 55 55 55 55 55 55 55 55 55 55 55 55 55 55 55 55 55 55 55 55 55 55 55 55 55 55 66 56 69 56 4F 74 65 63 68 32 00 83 00 00 00 22 03  

 Set DUKPT Key Encryption Type...

2021/5/3 10:57:30.203 [TX] - 56 69 56 4F 74 65 63 68 32 00 C7 32 00 01 00 FE 6D 
2021/5/3 10:57:30.262 [RX] - 55 55 55 55 55 55 55 55 55 55 55 55 55 55 55 55 55 55 55 55 55 55 55 55 55 55 55 55 55 55 66 56 69 56 4F 74 65 63 68 32 00 C7 00 00 00 86 6E  

 Get DUKPT Key Encryption Type...

2021/5/3 10:57:30.861 [TX] - 56 69 56 4F 74 65 63 68 32 00 C7 33 00 00 9B 1A 
2021/5/3 10:57:30.917 [RX] - 55 55 55 55 55 55 55 55 55 55 55 55 55 55 55 55 55 55 55 55 55 55 55 55 55 55 55 55 55 55 66 56 69 56 4F 74 65 63 68 32 00 C7 00 00 01 00 AC 7F  
OK!
 

 Loading DUKPT key...

2021/5/3 10:57:31.518 [TX] - 56 69 56 4F 74 65 63 68 32 00 80 00 00 65 30 39 36 46 31 35 35 37 37 45 39 41 44 41 30 30 38 38 4B 30 54 44 30 30 4E 30 30 30 30 30 30 38 30 45 30 39 46 43 39 35 35 45 36 33 43 32 45 43 43 30 42 34 39 44 42 46 35 31 37 36 36 42 32 41 39 34 34 33 37 32 37 35 39 30 32 33 30 32 32 30 32 32 33 34 39 38 37 31 32 30 32 33 34 30 30 30 30 30 30 30 30 9C 1B 
2021/5/3 10:57:31.805 [RX] - 55 55 55 55 55 55 55 55 55 55 55 55 55 55 55 55 55 55 55 55 55 55 55 55 55 55 55 55 55 55 66 56 69 56 4F 74 65 63 68 32 00 80 00 00 00 B9 DF 
2021/5/3 10:57:32.399 [TX] - 56 69 56 4F 74 65 63 68 32 00 80 00 00 65 31 32 45 43 36 30 30 37 37 45 39 41 44 41 30 30 38 38 4B 30 54 44 30 30 4E 30 30 30 30 30 30 38 30 31 44 31 45 36 30 44 36 45 32 46 38 44 31 44 36 32 34 42 44 34 34 36 42 43 39 33 31 34 33 33 41 30 33 33 36 33 31 30 34 35 36 37 38 32 37 37 30 32 33 41 39 39 37 31 32 36 32 33 34 30 30 30 30 30 30 30 30 30 E6 
2021/5/3 10:57:32.687 [RX] - 55 55 55 55 55 55 55 55 55 55 55 55 55 55 55 55 55 55 55 55 55 55 55 55 55 55 55 55 55 55 66 56 69 56 4F 74 65 63 68 32 00 80 00 00 00 B9 DF 
2021/5/3 10:57:33.282 [TX] - 56 69 56 4F 74 65 63 68 32 00 80 01 00 58 41 30 30 38 38 4B 30 54 44 30 30 4E 30 30 30 30 46 41 42 44 39 44 34 32 37 34 31 30 42 36 46 41 35 45 44 33 42 37 36 41 44 37 46 41 45 38 45 33 31 36 30 32 31 33 42 46 44 38 31 31 38 32 32 33 38 31 38 41 45 43 46 30 43 44 41 44 42 31 39 41 42 45 39 37 41 41 32 43 B8 FE 
2021/5/3 10:57:33.541 [RX] - 55 55 55 55 55 55 55 55 55 55 55 55 55 55 55 55 55 55 55 55 55 55 55 55 55 55 55 55 55 55 66 56 69 56 4F 74 65 63 68 32 00 80 00 00 00 B9 DF 
2021/5/3 10:57:34.137 [TX] - 56 69 56 4F 74 65 63 68 32 00 81 00 00 71 05 41 30 31 31 32 44 30 54 45 30 30 4E 30 31 30 30 4B 53 31 38 36 32 39 39 34 39 30 31 32 43 30 30 30 34 36 30 30 30 30 31 37 39 46 43 30 31 36 44 31 34 46 34 35 42 39 41 33 37 46 37 32 42 44 35 41 35 37 37 41 43 35 33 34 37 36 42 31 35 35 34 32 45 39 42 39 30 46 35 36 32 46 36 37 36 35 30 45 46 35 33 43 34 44 39 45 42 41 36 39 35 39 46 76 88 
2021/5/3 10:57:34.463 [RX] - 55 55 55 55 55 55 55 55 55 55 55 55 55 55 55 55 55 55 55 55 55 55 55 55 55 55 55 55 55 55 66 56 69 56 4F 74 65 63 68 32 00 81 00 00 00 CF 6B  
OK!
 

 --- Auto poll

2021/5/3 10:57:35.073 [TX] - 56 69 56 4F 74 65 63 68 32 00 01 01 00 01 00 F6 24 
2021/5/3 10:57:35.132 [RX] - 55 55 55 55 55 55 55 55 55 55 55 55 55 55 55 55 55 55 55 55 55 55 55 55 55 55 55 55 55 55 66 56 69 56 4F 74 65 63 68 32 00 01 00 00 00 12 53  

 --- 03-40

2021/5/3 10:57:38.247 [TX] - 56 69 56 4F 74 65 63 68 32 00 03 40 00 00 96 E2 
2021/5/3 10:57:38.303 [RX] - 55 55 55 55 55 55 55 55 55 55 55 55 55 55 55 55 55 55 55 55 55 55 55 55 55 55 55 55 55 55 66 56 69 56 4F 74 65 63 68 32 00 03 23 02 74 D1 FF EE 12 0A 62 99 49 01 2C 00 04 60 00 01 FF EE 13 A1 41 2A 36 35 31 30 2A 2A 2A 2A 2A 2A 2A 2A 30 31 32 35 5E 43 41 52 44 2F 49 4D 41 47 45 20 30 38 20 20 20 20 20 20 20 20 20 20 20 20 20 5E 31 37 31 32 32 30 31 2A 2A 2A 2A 2A 2A 2A 2A 2A 2A 2A 2A 2A FF EE 13 C1 48 FF 3C 59 FD A6 2E 20 E9 C5 45 45 3F E7 CB 1D 69 C1 FB 78 B2 EA 34 FF 22 DE 5B 55 2F EB 9D 87 D5 18 E4 DD 60 F7 7D E2 CA 52 01 2D FD 85 79 23 0E 9D 66 BB 79 F7 61 DB 37 F4 8B 0C F9 B1 72 4D 2A 52 A6 59 E0 10 AB 4A 3B FF EE 14 A1 25 36 35 31 30 2A 2A 2A 2A 2A 2A 2A 2A 30 31 32 35 3D 31 37 31 32 32 30 31 2A 2A 2A 2A 2A 2A 2A 2A 2A 2A 2A 2A 2A FF EE 14 C1 30 87 A1 16 48 FF 13 E0 8A 93 2F 76 7B DD 64 03 82 5B 99 19 4D EE F0 7E 05 48 EC 5E 95 7D 80 DF 38 60 98 3A 4F B5 A0 BF 21 8B C9 3C 99 AA F7 E7 FA 84 08 A0 00 00 03 24 10 10 01 9F 02 06 00 00 00 00 00 01 9F 06 07 A0 00 00 03 24 10 10 9F 35 01 22 9F 37 04 66 74 97 51 9F 39 01 91 9A 03 14 08 10 9F 21 03 12 25 27 56 A1 41 2A 36 35 31 30 2A 2A 2A 2A 2A 2A 2A 2A 30 31 32 35 5E 43 41 52 44 2F 49 4D 41 47 45 20 30 38 20 20 20 20 20 20 20 20 20 20 20 20 20 5E 31 37 31 32 32 30 31 2A 2A 2A 2A 2A 2A 2A 2A 2A 2A 2A 2A 2A 56 C1 48 BC AE 52 15 11 70 02 0A 60 55 85 FC 73 C3 32 DA 4B CB 24 D2 56 E4 11 56 09 71 BE 2E 0C 93 8A 26 42 3D F7 FA F2 36 49 5D 4E D0 84 32 C1 6C E7 D1 36 BC 95 00 16 3D B6 72 0F 50 E2 26 9E B8 A7 0F 66 6A 98 5A 62 15 4B D3 57 A1 13 65 10 CC CC CC CC 01 25 D1 71 22 01 CC CC CC CC CC CC CC 57 C1 18 F6 EA DE E3 2F 8E AD A4 D6 D5 1E E6 58 7E AD 1D E8 A5 6A 12 62 71 32 9C 9C 01 00 9F 1E 08 32 33 34 35 36 37 38 39 9F 41 04 00 00 01 62 FF EE 01 08 DF 30 01 00 DF 52 01 00 DF EF 4C 06 43 00 00 00 00 00 DF EF 4D 48 C7 27 B0 60 AB FC 2B 62 30 63 56 C5 42 DD 51 19 76 F9 C4 A7 F5 33 DF 57 A0 51 6A B8 84 A0 DB A1 D9 A7 07 69 F7 9E B1 F3 B5 6E 36 8A 7B BA D9 6A 14 54 E5 AA D2 82 F8 83 48 1D 2B 27 8E 17 D8 3B 3C EA C2 06 A6 A5 19 CC DF EE 26 01 D1 F7 EF  

 --- 04-00-----DFEF4B = 1B T2+T3+T2 Sentinel+T3 Sentinel

2021/5/3 10:57:40.210 [TX] - 56 69 56 4F 74 65 63 68 32 00 04 00 00 07 DF EF 4B 03 1B 00 00 9F F7 
2021/5/3 10:57:40.282 [RX] - 55 55 55 55 55 55 55 55 55 55 55 55 55 55 55 55 55 55 55 55 55 55 55 55 55 55 55 55 55 55 66 56 69 56 4F 74 65 63 68 32 00 04 00 00 00 AE 16  

 Erase All Keys...

2021/5/3 10:57:40.377 [TX] - 56 69 56 4F 74 65 63 68 32 00 83 00 00 00 03 22 
2021/5/3 10:57:40.433 [RX] - 55 55 55 55 55 55 55 55 55 55 55 55 55 55 55 55 55 55 55 55 55 55 55 55 55 55 55 55 55 55 66 56 69 56 4F 74 65 63 68 32 00 83 00 00 00 22 03  

 Set DUKPT Key Encryption Type...

2021/5/3 10:57:41.028 [TX] - 56 69 56 4F 74 65 63 68 32 00 C7 32 00 01 00 FE 6D 
2021/5/3 10:57:41.087 [RX] - 55 55 55 55 55 55 55 55 55 55 55 55 55 55 55 55 55 55 55 55 55 55 55 55 55 55 55 55 55 55 66 56 69 56 4F 74 65 63 68 32 00 C7 00 00 00 86 6E  

 Get DUKPT Key Encryption Type...

2021/5/3 10:57:41.683 [TX] - 56 69 56 4F 74 65 63 68 32 00 C7 33 00 00 9B 1A 
2021/5/3 10:57:41.739 [RX] - 55 55 55 55 55 55 55 55 55 55 55 55 55 55 55 55 55 55 55 55 55 55 55 55 55 55 55 55 55 55 66 56 69 56 4F 74 65 63 68 32 00 C7 00 00 01 00 AC 7F  
OK!
 

 Loading DUKPT key...

2021/5/3 10:57:42.338 [TX] - 56 69 56 4F 74 65 63 68 32 00 80 00 00 65 30 39 36 46 31 35 35 37 37 45 39 41 44 41 30 30 38 38 4B 30 54 44 30 30 4E 30 30 30 30 30 30 38 30 45 30 39 46 43 39 35 35 45 36 33 43 32 45 43 43 30 42 34 39 44 42 46 35 31 37 36 36 42 32 41 39 34 34 33 37 32 37 35 39 30 32 33 30 32 32 30 32 32 33 34 39 38 37 31 32 30 32 33 34 30 30 30 30 30 30 30 30 9C 1B 
2021/5/3 10:57:42.626 [RX] - 55 55 55 55 55 55 55 55 55 55 55 55 55 55 55 55 55 55 55 55 55 55 55 55 55 55 55 55 55 55 66 56 69 56 4F 74 65 63 68 32 00 80 00 00 00 B9 DF 
2021/5/3 10:57:43.219 [TX] - 56 69 56 4F 74 65 63 68 32 00 80 00 00 65 31 32 45 43 36 30 30 37 37 45 39 41 44 41 30 30 38 38 4B 30 54 44 30 30 4E 30 30 30 30 30 30 38 30 31 44 31 45 36 30 44 36 45 32 46 38 44 31 44 36 32 34 42 44 34 34 36 42 43 39 33 31 34 33 33 41 30 33 33 36 33 31 30 34 35 36 37 38 32 37 37 30 32 33 41 39 39 37 31 32 36 32 33 34 30 30 30 30 30 30 30 30 30 E6 
2021/5/3 10:57:43.508 [RX] - 55 55 55 55 55 55 55 55 55 55 55 55 55 55 55 55 55 55 55 55 55 55 55 55 55 55 55 55 55 55 66 56 69 56 4F 74 65 63 68 32 00 80 00 00 00 B9 DF 
2021/5/3 10:57:44.101 [TX] - 56 69 56 4F 74 65 63 68 32 00 80 01 00 58 41 30 30 38 38 4B 30 54 44 30 30 4E 30 30 30 30 46 41 42 44 39 44 34 32 37 34 31 30 42 36 46 41 35 45 44 33 42 37 36 41 44 37 46 41 45 38 45 33 31 36 30 32 31 33 42 46 44 38 31 31 38 32 32 33 38 31 38 41 45 43 46 30 43 44 41 44 42 31 39 41 42 45 39 37 41 41 32 43 B8 FE 
2021/5/3 10:57:44.361 [RX] - 55 55 55 55 55 55 55 55 55 55 55 55 55 55 55 55 55 55 55 55 55 55 55 55 55 55 55 55 55 55 66 56 69 56 4F 74 65 63 68 32 00 80 00 00 00 B9 DF 
2021/5/3 10:57:44.955 [TX] - 56 69 56 4F 74 65 63 68 32 00 81 00 00 71 05 41 30 31 31 32 44 30 54 45 30 30 4E 30 31 30 30 4B 53 31 38 36 32 39 39 34 39 30 31 32 43 30 30 30 34 36 30 30 30 30 31 37 39 46 43 30 31 36 44 31 34 46 34 35 42 39 41 33 37 46 37 32 42 44 35 41 35 37 37 41 43 35 33 34 37 36 42 31 35 35 34 32 45 39 42 39 30 46 35 36 32 46 36 37 36 35 30 45 46 35 33 43 34 44 39 45 42 41 36 39 35 39 46 76 88 
2021/5/3 10:57:45.282 [RX] - 55 55 55 55 55 55 55 55 55 55 55 55 55 55 55 55 55 55 55 55 55 55 55 55 55 55 55 55 55 55 66 56 69 56 4F 74 65 63 68 32 00 81 00 00 00 CF 6B  
OK!
 

 --- Poll on Demand

2021/5/3 10:57:45.891 [TX] - 56 69 56 4F 74 65 63 68 32 00 01 01 00 01 01 D7 34 
2021/5/3 10:57:45.950 [RX] - 55 55 55 55 55 55 55 55 55 55 55 55 55 55 55 55 55 55 55 55 55 55 55 55 55 55 55 55 55 55 66 56 69 56 4F 74 65 63 68 32 00 01 00 00 00 12 53  

 --- 02-40 Activate Transaction

2021/5/3 10:57:47.415 [TX] - 56 69 56 4F 74 65 63 68 32 00 02 40 00 15 0A 9F 02 06 00 00 00 00 10 00 9A 03 07 11 21 9F 21 03 10 15 20 5E 34 
2021/5/3 10:57:48.321 [RX] - 55 55 55 55 55 55 55 55 55 55 55 55 55 55 55 55 55 55 55 55 55 55 55 55 55 55 55 55 55 55 66 56 69 56 4F 74 65 63 68 32 00 02 23 02 54 D1 FF EE 12 0A 62 99 49 01 2C 00 04 60 00 01 FF EE 13 A1 41 2A 36 35 31 30 2A 2A 2A 2A 2A 2A 2A 2A 30 31 32 35 5E 43 41 52 44 2F 49 4D 41 47 45 20 30 38 20 20 20 20 20 20 20 20 20 20 20 20 20 5E 31 37 31 32 32 30 31 2A 2A 2A 2A 2A 2A 2A 2A 2A 2A 2A 2A 2A FF EE 13 C1 48 FF 3C 59 FD A6 2E 20 E9 C5 45 45 3F E7 CB 1D 69 C1 FB 78 B2 EA 34 FF 22 DE 5B 55 2F EB 9D 87 D5 18 E4 DD 60 F7 7D E2 CA 52 01 2D FD 85 79 23 0E 9D 66 BB 79 F7 61 DB 37 F4 8B 0C F9 B1 72 4D 2A 52 A6 59 E0 10 AB 4A 3B FF EE 14 A1 25 36 35 31 30 2A 2A 2A 2A 2A 2A 2A 2A 30 31 32 35 3D 31 37 31 32 32 30 31 2A 2A 2A 2A 2A 2A 2A 2A 2A 2A 2A 2A 2A FF EE 14 C1 30 87 A1 16 48 FF 13 E0 8A 93 2F 76 7B DD 64 03 82 5B 99 19 4D EE F0 7E 05 48 EC 5E 95 7D 80 DF 38 60 98 3A 4F B5 A0 BF 21 8B C9 3C 99 AA F7 E7 FA 84 08 A0 00 00 03 24 10 10 01 9F 02 06 00 00 00 00 10 00 9F 06 07 A0 00 00 03 24 10 10 9F 35 01 22 9F 37 04 99 38 59 63 9F 39 01 91 9A 03 07 11 21 9F 21 03 10 15 20 56 A1 41 2A 36 35 31 30 2A 2A 2A 2A 2A 2A 2A 2A 30 31 32 35 5E 43 41 52 44 2F 49 4D 41 47 45 20 30 38 20 20 20 20 20 20 20 20 20 20 20 20 20 5E 31 37 31 32 32 30 31 2A 2A 2A 2A 2A 2A 2A 2A 2A 2A 2A 2A 2A 56 C1 48 BC AE 52 15 11 70 02 0A 60 55 85 FC 73 C3 32 DA 4B CB 24 D2 56 E4 11 56 09 71 BE 2E 0C 93 8A 26 42 3D F7 FA F2 36 49 5D 4E D0 84 32 C1 6C E7 D1 36 BC 95 00 16 3D B6 72 0F 50 E2 26 9E B8 A7 0F 66 6A 98 5A 62 15 4B D3 57 A1 13 65 10 CC CC CC CC 01 25 D1 71 22 01 CC CC CC CC CC CC CC 57 C1 18 F6 EA DE E3 2F 8E AD A4 D6 D5 1E E6 58 7E AD 1D E8 A5 6A 12 62 71 32 9C 9C 01 00 9F 1E 08 32 33 34 35 36 37 38 39 9F 41 04 00 00 01 64 FF EE 01 08 DF 30 01 00 DF 52 01 00 DF EF 4C 06 00 27 00 00 00 00 DF EF 4D 28 CE 1B DC 33 AA 1A DD A5 4D E7 DC EB EE 91 F1 84 EB A7 BE A3 B1 96 55 B0 10 20 AB 0F 25 79 50 0F 81 7F 41 4F 19 AF 61 4E DF EE 26 01 D1 3C 31  

 Erase All Keys...

2021/5/3 10:57:50.164 [TX] - 56 69 56 4F 74 65 63 68 32 00 83 00 00 00 03 22 
2021/5/3 10:57:50.220 [RX] - 55 55 55 55 55 55 55 55 55 55 55 55 55 55 55 55 55 55 55 55 55 55 55 55 55 55 55 55 55 55 66 56 69 56 4F 74 65 63 68 32 00 83 00 00 00 22 03  

 Set DUKPT Key Encryption Type...

2021/5/3 10:57:50.816 [TX] - 56 69 56 4F 74 65 63 68 32 00 C7 32 00 01 00 FE 6D 
2021/5/3 10:57:50.874 [RX] - 55 55 55 55 55 55 55 55 55 55 55 55 55 55 55 55 55 55 55 55 55 55 55 55 55 55 55 55 55 55 66 56 69 56 4F 74 65 63 68 32 00 C7 00 00 00 86 6E  

 Get DUKPT Key Encryption Type...

2021/5/3 10:57:51.470 [TX] - 56 69 56 4F 74 65 63 68 32 00 C7 33 00 00 9B 1A 
2021/5/3 10:57:51.526 [RX] - 55 55 55 55 55 55 55 55 55 55 55 55 55 55 55 55 55 55 55 55 55 55 55 55 55 55 55 55 55 55 66 56 69 56 4F 74 65 63 68 32 00 C7 00 00 01 00 AC 7F  
OK!
 

 Loading DUKPT key...

2021/5/3 10:57:52.127 [TX] - 56 69 56 4F 74 65 63 68 32 00 80 00 00 65 30 39 36 46 31 35 35 37 37 45 39 41 44 41 30 30 38 38 4B 30 54 44 30 30 4E 30 30 30 30 30 30 38 30 45 30 39 46 43 39 35 35 45 36 33 43 32 45 43 43 30 42 34 39 44 42 46 35 31 37 36 36 42 32 41 39 34 34 33 37 32 37 35 39 30 32 33 30 32 32 30 32 32 33 34 39 38 37 31 32 30 32 33 34 30 30 30 30 30 30 30 30 9C 1B 
2021/5/3 10:57:52.415 [RX] - 55 55 55 55 55 55 55 55 55 55 55 55 55 55 55 55 55 55 55 55 55 55 55 55 55 55 55 55 55 55 66 56 69 56 4F 74 65 63 68 32 00 80 00 00 00 B9 DF 
2021/5/3 10:57:53.008 [TX] - 56 69 56 4F 74 65 63 68 32 00 80 00 00 65 31 32 45 43 36 30 30 37 37 45 39 41 44 41 30 30 38 38 4B 30 54 44 30 30 4E 30 30 30 30 30 30 38 30 31 44 31 45 36 30 44 36 45 32 46 38 44 31 44 36 32 34 42 44 34 34 36 42 43 39 33 31 34 33 33 41 30 33 33 36 33 31 30 34 35 36 37 38 32 37 37 30 32 33 41 39 39 37 31 32 36 32 33 34 30 30 30 30 30 30 30 30 30 E6 
2021/5/3 10:57:53.296 [RX] - 55 55 55 55 55 55 55 55 55 55 55 55 55 55 55 55 55 55 55 55 55 55 55 55 55 55 55 55 55 55 66 56 69 56 4F 74 65 63 68 32 00 80 00 00 00 B9 DF 
2021/5/3 10:57:53.891 [TX] - 56 69 56 4F 74 65 63 68 32 00 80 01 00 58 41 30 30 38 38 4B 30 54 44 30 30 4E 30 30 30 30 46 41 42 44 39 44 34 32 37 34 31 30 42 36 46 41 35 45 44 33 42 37 36 41 44 37 46 41 45 38 45 33 31 36 30 32 31 33 42 46 44 38 31 31 38 32 32 33 38 31 38 41 45 43 46 30 43 44 41 44 42 31 39 41 42 45 39 37 41 41 32 43 B8 FE 
2021/5/3 10:57:54.151 [RX] - 55 55 55 55 55 55 55 55 55 55 55 55 55 55 55 55 55 55 55 55 55 55 55 55 55 55 55 55 55 55 66 56 69 56 4F 74 65 63 68 32 00 80 00 00 00 B9 DF 
2021/5/3 10:57:54.746 [TX] - 56 69 56 4F 74 65 63 68 32 00 81 00 00 71 05 41 30 31 31 32 44 30 54 45 30 30 4E 30 31 30 30 4B 53 31 38 36 32 39 39 34 39 30 31 32 43 30 30 30 34 36 30 30 30 30 31 37 39 46 43 30 31 36 44 31 34 46 34 35 42 39 41 33 37 46 37 32 42 44 35 41 35 37 37 41 43 35 33 34 37 36 42 31 35 35 34 32 45 39 42 39 30 46 35 36 32 46 36 37 36 35 30 45 46 35 33 43 34 44 39 45 42 41 36 39 35 39 46 76 88 
2021/5/3 10:57:55.072 [RX] - 55 55 55 55 55 55 55 55 55 55 55 55 55 55 55 55 55 55 55 55 55 55 55 55 55 55 55 55 55 55 66 56 69 56 4F 74 65 63 68 32 00 81 00 00 00 CF 6B  
OK!
 

 --- Auto poll

2021/5/3 10:57:55.682 [TX] - 56 69 56 4F 74 65 63 68 32 00 01 01 00 01 00 F6 24 
2021/5/3 10:57:55.741 [RX] - 55 55 55 55 55 55 55 55 55 55 55 55 55 55 55 55 55 55 55 55 55 55 55 55 55 55 55 55 55 55 66 56 69 56 4F 74 65 63 68 32 00 01 00 00 00 12 53  

 --- 03-40

2021/5/3 10:57:58.054 [TX] - 56 69 56 4F 74 65 63 68 32 00 03 40 00 00 96 E2 
2021/5/3 10:57:58.110 [RX] - 55 55 55 55 55 55 55 55 55 55 55 55 55 55 55 55 55 55 55 55 55 55 55 55 55 55 55 55 55 55 66 56 69 56 4F 74 65 63 68 32 00 03 23 02 54 D1 FF EE 12 0A 62 99 49 01 2C 00 04 60 00 01 FF EE 13 A1 41 2A 36 35 31 30 2A 2A 2A 2A 2A 2A 2A 2A 30 31 32 35 5E 43 41 52 44 2F 49 4D 41 47 45 20 30 38 20 20 20 20 20 20 20 20 20 20 20 20 20 5E 31 37 31 32 32 30 31 2A 2A 2A 2A 2A 2A 2A 2A 2A 2A 2A 2A 2A FF EE 13 C1 48 FF 3C 59 FD A6 2E 20 E9 C5 45 45 3F E7 CB 1D 69 C1 FB 78 B2 EA 34 FF 22 DE 5B 55 2F EB 9D 87 D5 18 E4 DD 60 F7 7D E2 CA 52 01 2D FD 85 79 23 0E 9D 66 BB 79 F7 61 DB 37 F4 8B 0C F9 B1 72 4D 2A 52 A6 59 E0 10 AB 4A 3B FF EE 14 A1 25 36 35 31 30 2A 2A 2A 2A 2A 2A 2A 2A 30 31 32 35 3D 31 37 31 32 32 30 31 2A 2A 2A 2A 2A 2A 2A 2A 2A 2A 2A 2A 2A FF EE 14 C1 30 87 A1 16 48 FF 13 E0 8A 93 2F 76 7B DD 64 03 82 5B 99 19 4D EE F0 7E 05 48 EC 5E 95 7D 80 DF 38 60 98 3A 4F B5 A0 BF 21 8B C9 3C 99 AA F7 E7 FA 84 08 A0 00 00 03 24 10 10 01 9F 02 06 00 00 00 00 00 01 9F 06 07 A0 00 00 03 24 10 10 9F 35 01 22 9F 37 04 99 65 75 28 9F 39 01 91 9A 03 14 08 10 9F 21 03 12 25 46 56 A1 41 2A 36 35 31 30 2A 2A 2A 2A 2A 2A 2A 2A 30 31 32 35 5E 43 41 52 44 2F 49 4D 41 47 45 20 30 38 20 20 20 20 20 20 20 20 20 20 20 20 20 5E 31 37 31 32 32 30 31 2A 2A 2A 2A 2A 2A 2A 2A 2A 2A 2A 2A 2A 56 C1 48 BC AE 52 15 11 70 02 0A 60 55 85 FC 73 C3 32 DA 4B CB 24 D2 56 E4 11 56 09 71 BE 2E 0C 93 8A 26 42 3D F7 FA F2 36 49 5D 4E D0 84 32 C1 6C E7 D1 36 BC 95 00 16 3D B6 72 0F 50 E2 26 9E B8 A7 0F 66 6A 98 5A 62 15 4B D3 57 A1 13 65 10 CC CC CC CC 01 25 D1 71 22 01 CC CC CC CC CC CC CC 57 C1 18 F6 EA DE E3 2F 8E AD A4 D6 D5 1E E6 58 7E AD 1D E8 A5 6A 12 62 71 32 9C 9C 01 00 9F 1E 08 32 33 34 35 36 37 38 39 9F 41 04 00 00 01 66 FF EE 01 08 DF 30 01 00 DF 52 01 00 DF EF 4C 06 00 27 00 00 00 00 DF EF 4D 28 CE 1B DC 33 AA 1A DD A5 4D E7 DC EB EE 91 F1 84 EB A7 BE A3 B1 96 55 B0 10 20 AB 0F 25 79 50 0F 81 7F 41 4F 19 AF 61 4E DF EE 26 01 D1 52 39  

 --- 04-00-----DFEF4B = 3F T1+T2+T3+T1 Sentinel+T2 Sentinel+T3 Sentinel

2021/5/3 10:57:59.953 [TX] - 56 69 56 4F 74 65 63 68 32 00 04 00 00 07 DF EF 4B 03 3F 00 00 99 AD 
2021/5/3 10:58:00.025 [RX] - 55 55 55 55 55 55 55 55 55 55 55 55 55 55 55 55 55 55 55 55 55 55 55 55 55 55 55 55 55 55 66 56 69 56 4F 74 65 63 68 32 00 04 00 00 00 AE 16  

 Erase All Keys...

2021/5/3 10:58:00.121 [TX] - 56 69 56 4F 74 65 63 68 32 00 83 00 00 00 03 22 
2021/5/3 10:58:00.178 [RX] - 55 55 55 55 55 55 55 55 55 55 55 55 55 55 55 55 55 55 55 55 55 55 55 55 55 55 55 55 55 55 66 56 69 56 4F 74 65 63 68 32 00 83 00 00 00 22 03  

 Set DUKPT Key Encryption Type...

2021/5/3 10:58:00.772 [TX] - 56 69 56 4F 74 65 63 68 32 00 C7 32 00 01 00 FE 6D 
2021/5/3 10:58:00.830 [RX] - 55 55 55 55 55 55 55 55 55 55 55 55 55 55 55 55 55 55 55 55 55 55 55 55 55 55 55 55 55 55 66 56 69 56 4F 74 65 63 68 32 00 C7 00 00 00 86 6E  

 Get DUKPT Key Encryption Type...

2021/5/3 10:58:01.424 [TX] - 56 69 56 4F 74 65 63 68 32 00 C7 33 00 00 9B 1A 
2021/5/3 10:58:01.480 [RX] - 55 55 55 55 55 55 55 55 55 55 55 55 55 55 55 55 55 55 55 55 55 55 55 55 55 55 55 55 55 55 66 56 69 56 4F 74 65 63 68 32 00 C7 00 00 01 00 AC 7F  
OK!
 

 Loading DUKPT key...

2021/5/3 10:58:02.080 [TX] - 56 69 56 4F 74 65 63 68 32 00 80 00 00 65 30 39 36 46 31 35 35 37 37 45 39 41 44 41 30 30 38 38 4B 30 54 44 30 30 4E 30 30 30 30 30 30 38 30 45 30 39 46 43 39 35 35 45 36 33 43 32 45 43 43 30 42 34 39 44 42 46 35 31 37 36 36 42 32 41 39 34 34 33 37 32 37 35 39 30 32 33 30 32 32 30 32 32 33 34 39 38 37 31 32 30 32 33 34 30 30 30 30 30 30 30 30 9C 1B 
2021/5/3 10:58:02.367 [RX] - 55 55 55 55 55 55 55 55 55 55 55 55 55 55 55 55 55 55 55 55 55 55 55 55 55 55 55 55 55 55 66 56 69 56 4F 74 65 63 68 32 00 80 00 00 00 B9 DF 
2021/5/3 10:58:02.960 [TX] - 56 69 56 4F 74 65 63 68 32 00 80 00 00 65 31 32 45 43 36 30 30 37 37 45 39 41 44 41 30 30 38 38 4B 30 54 44 30 30 4E 30 30 30 30 30 30 38 30 31 44 31 45 36 30 44 36 45 32 46 38 44 31 44 36 32 34 42 44 34 34 36 42 43 39 33 31 34 33 33 41 30 33 33 36 33 31 30 34 35 36 37 38 32 37 37 30 32 33 41 39 39 37 31 32 36 32 33 34 30 30 30 30 30 30 30 30 30 E6 
2021/5/3 10:58:03.249 [RX] - 55 55 55 55 55 55 55 55 55 55 55 55 55 55 55 55 55 55 55 55 55 55 55 55 55 55 55 55 55 55 66 56 69 56 4F 74 65 63 68 32 00 80 00 00 00 B9 DF 
2021/5/3 10:58:03.842 [TX] - 56 69 56 4F 74 65 63 68 32 00 80 01 00 58 41 30 30 38 38 4B 30 54 44 30 30 4E 30 30 30 30 46 41 42 44 39 44 34 32 37 34 31 30 42 36 46 41 35 45 44 33 42 37 36 41 44 37 46 41 45 38 45 33 31 36 30 32 31 33 42 46 44 38 31 31 38 32 32 33 38 31 38 41 45 43 46 30 43 44 41 44 42 31 39 41 42 45 39 37 41 41 32 43 B8 FE 
2021/5/3 10:58:04.102 [RX] - 55 55 55 55 55 55 55 55 55 55 55 55 55 55 55 55 55 55 55 55 55 55 55 55 55 55 55 55 55 55 66 56 69 56 4F 74 65 63 68 32 00 80 00 00 00 B9 DF 
2021/5/3 10:58:04.697 [TX] - 56 69 56 4F 74 65 63 68 32 00 81 00 00 71 05 41 30 31 31 32 44 30 54 45 30 30 4E 30 31 30 30 4B 53 31 38 36 32 39 39 34 39 30 31 32 43 30 30 30 34 36 30 30 30 30 31 37 39 46 43 30 31 36 44 31 34 46 34 35 42 39 41 33 37 46 37 32 42 44 35 41 35 37 37 41 43 35 33 34 37 36 42 31 35 35 34 32 45 39 42 39 30 46 35 36 32 46 36 37 36 35 30 45 46 35 33 43 34 44 39 45 42 41 36 39 35 39 46 76 88 
2021/5/3 10:58:05.023 [RX] - 55 55 55 55 55 55 55 55 55 55 55 55 55 55 55 55 55 55 55 55 55 55 55 55 55 55 55 55 55 55 66 56 69 56 4F 74 65 63 68 32 00 81 00 00 00 CF 6B  
OK!
 

 --- Poll on Demand

2021/5/3 10:58:05.632 [TX] - 56 69 56 4F 74 65 63 68 32 00 01 01 00 01 01 D7 34 
2021/5/3 10:58:05.691 [RX] - 55 55 55 55 55 55 55 55 55 55 55 55 55 55 55 55 55 55 55 55 55 55 55 55 55 55 55 55 55 55 66 56 69 56 4F 74 65 63 68 32 00 01 00 00 00 12 53  

 --- 02-40 Activate Transaction

2021/5/3 10:58:06.967 [TX] - 56 69 56 4F 74 65 63 68 32 00 02 40 00 15 0A 9F 02 06 00 00 00 00 10 00 9A 03 07 11 21 9F 21 03 10 15 20 5E 34 
2021/5/3 10:58:07.916 [RX] - 55 55 55 55 55 55 55 55 55 55 55 55 55 55 55 55 55 55 55 55 55 55 55 55 55 55 55 55 55 55 66 56 69 56 4F 74 65 63 68 32 00 02 23 02 9C D1 FF EE 12 0A 62 99 49 01 2C 00 04 60 00 01 FF EE 13 A1 41 2A 36 35 31 30 2A 2A 2A 2A 2A 2A 2A 2A 30 31 32 35 5E 43 41 52 44 2F 49 4D 41 47 45 20 30 38 20 20 20 20 20 20 20 20 20 20 20 20 20 5E 31 37 31 32 32 30 31 2A 2A 2A 2A 2A 2A 2A 2A 2A 2A 2A 2A 2A FF EE 13 C1 48 FF 3C 59 FD A6 2E 20 E9 C5 45 45 3F E7 CB 1D 69 C1 FB 78 B2 EA 34 FF 22 DE 5B 55 2F EB 9D 87 D5 18 E4 DD 60 F7 7D E2 CA 52 01 2D FD 85 79 23 0E 9D 66 BB 79 F7 61 DB 37 F4 8B 0C F9 B1 72 4D 2A 52 A6 59 E0 10 AB 4A 3B FF EE 14 A1 25 36 35 31 30 2A 2A 2A 2A 2A 2A 2A 2A 30 31 32 35 3D 31 37 31 32 32 30 31 2A 2A 2A 2A 2A 2A 2A 2A 2A 2A 2A 2A 2A FF EE 14 C1 30 87 A1 16 48 FF 13 E0 8A 93 2F 76 7B DD 64 03 82 5B 99 19 4D EE F0 7E 05 48 EC 5E 95 7D 80 DF 38 60 98 3A 4F B5 A0 BF 21 8B C9 3C 99 AA F7 E7 FA 84 08 A0 00 00 03 24 10 10 01 9F 02 06 00 00 00 00 10 00 9F 06 07 A0 00 00 03 24 10 10 9F 35 01 22 9F 37 04 70 73 68 95 9F 39 01 91 9A 03 07 11 21 9F 21 03 10 15 20 56 A1 41 2A 36 35 31 30 2A 2A 2A 2A 2A 2A 2A 2A 30 31 32 35 5E 43 41 52 44 2F 49 4D 41 47 45 20 30 38 20 20 20 20 20 20 20 20 20 20 20 20 20 5E 31 37 31 32 32 30 31 2A 2A 2A 2A 2A 2A 2A 2A 2A 2A 2A 2A 2A 56 C1 48 BC AE 52 15 11 70 02 0A 60 55 85 FC 73 C3 32 DA 4B CB 24 D2 56 E4 11 56 09 71 BE 2E 0C 93 8A 26 42 3D F7 FA F2 36 49 5D 4E D0 84 32 C1 6C E7 D1 36 BC 95 00 16 3D B6 72 0F 50 E2 26 9E B8 A7 0F 66 6A 98 5A 62 15 4B D3 57 A1 13 65 10 CC CC CC CC 01 25 D1 71 22 01 CC CC CC CC CC CC CC 57 C1 18 F6 EA DE E3 2F 8E AD A4 D6 D5 1E E6 58 7E AD 1D E8 A5 6A 12 62 71 32 9C 9C 01 00 9F 1E 08 32 33 34 35 36 37 38 39 9F 41 04 00 00 01 68 FF EE 01 08 DF 30 01 00 DF 52 01 00 DF EF 4C 06 43 27 00 00 00 00 DF EF 4D 70 C7 27 B0 60 AB FC 2B 62 30 63 56 C5 42 DD 51 19 76 F9 C4 A7 F5 33 DF 57 A0 51 6A B8 84 A0 DB A1 D9 A7 07 69 F7 9E B1 F3 B5 6E 36 8A 7B BA D9 6A 14 54 E5 AA D2 82 F8 83 48 1D 2B 27 8E 17 D8 3B D7 78 89 2A AE 0A B8 9A 0F 9E BC 9A 07 2F 04 AA 05 D8 63 90 F7 B2 22 87 8D 83 24 90 1C 1E B6 54 31 F3 A5 A7 7B C4 95 55 04 0A 02 3C 57 77 74 81 DF EE 26 01 D1 85 51  

 Erase All Keys...

2021/5/3 10:58:09.897 [TX] - 56 69 56 4F 74 65 63 68 32 00 83 00 00 00 03 22 
2021/5/3 10:58:09.953 [RX] - 55 55 55 55 55 55 55 55 55 55 55 55 55 55 55 55 55 55 55 55 55 55 55 55 55 55 55 55 55 55 66 56 69 56 4F 74 65 63 68 32 00 83 00 00 00 22 03  

 Set DUKPT Key Encryption Type...

2021/5/3 10:58:10.549 [TX] - 56 69 56 4F 74 65 63 68 32 00 C7 32 00 01 00 FE 6D 
2021/5/3 10:58:10.607 [RX] - 55 55 55 55 55 55 55 55 55 55 55 55 55 55 55 55 55 55 55 55 55 55 55 55 55 55 55 55 55 55 66 56 69 56 4F 74 65 63 68 32 00 C7 00 00 00 86 6E  

 Get DUKPT Key Encryption Type...

2021/5/3 10:58:11.199 [TX] - 56 69 56 4F 74 65 63 68 32 00 C7 33 00 00 9B 1A 
2021/5/3 10:58:11.255 [RX] - 55 55 55 55 55 55 55 55 55 55 55 55 55 55 55 55 55 55 55 55 55 55 55 55 55 55 55 55 55 55 66 56 69 56 4F 74 65 63 68 32 00 C7 00 00 01 00 AC 7F  
OK!
 

 Loading DUKPT key...

2021/5/3 10:58:11.847 [TX] - 56 69 56 4F 74 65 63 68 32 00 80 00 00 65 30 39 36 46 31 35 35 37 37 45 39 41 44 41 30 30 38 38 4B 30 54 44 30 30 4E 30 30 30 30 30 30 38 30 45 30 39 46 43 39 35 35 45 36 33 43 32 45 43 43 30 42 34 39 44 42 46 35 31 37 36 36 42 32 41 39 34 34 33 37 32 37 35 39 30 32 33 30 32 32 30 32 32 33 34 39 38 37 31 32 30 32 33 34 30 30 30 30 30 30 30 30 9C 1B 
2021/5/3 10:58:12.134 [RX] - 55 55 55 55 55 55 55 55 55 55 55 55 55 55 55 55 55 55 55 55 55 55 55 55 55 55 55 55 55 55 66 56 69 56 4F 74 65 63 68 32 00 80 00 00 00 B9 DF 
2021/5/3 10:58:12.725 [TX] - 56 69 56 4F 74 65 63 68 32 00 80 00 00 65 31 32 45 43 36 30 30 37 37 45 39 41 44 41 30 30 38 38 4B 30 54 44 30 30 4E 30 30 30 30 30 30 38 30 31 44 31 45 36 30 44 36 45 32 46 38 44 31 44 36 32 34 42 44 34 34 36 42 43 39 33 31 34 33 33 41 30 33 33 36 33 31 30 34 35 36 37 38 32 37 37 30 32 33 41 39 39 37 31 32 36 32 33 34 30 30 30 30 30 30 30 30 30 E6 
2021/5/3 10:58:13.013 [RX] - 55 55 55 55 55 55 55 55 55 55 55 55 55 55 55 55 55 55 55 55 55 55 55 55 55 55 55 55 55 55 66 56 69 56 4F 74 65 63 68 32 00 80 00 00 00 B9 DF 
2021/5/3 10:58:13.603 [TX] - 56 69 56 4F 74 65 63 68 32 00 80 01 00 58 41 30 30 38 38 4B 30 54 44 30 30 4E 30 30 30 30 46 41 42 44 39 44 34 32 37 34 31 30 42 36 46 41 35 45 44 33 42 37 36 41 44 37 46 41 45 38 45 33 31 36 30 32 31 33 42 46 44 38 31 31 38 32 32 33 38 31 38 41 45 43 46 30 43 44 41 44 42 31 39 41 42 45 39 37 41 41 32 43 B8 FE 
2021/5/3 10:58:13.862 [RX] - 55 55 55 55 55 55 55 55 55 55 55 55 55 55 55 55 55 55 55 55 55 55 55 55 55 55 55 55 55 55 66 56 69 56 4F 74 65 63 68 32 00 80 00 00 00 B9 DF 
2021/5/3 10:58:14.453 [TX] - 56 69 56 4F 74 65 63 68 32 00 81 00 00 71 05 41 30 31 31 32 44 30 54 45 30 30 4E 30 31 30 30 4B 53 31 38 36 32 39 39 34 39 30 31 32 43 30 30 30 34 36 30 30 30 30 31 37 39 46 43 30 31 36 44 31 34 46 34 35 42 39 41 33 37 46 37 32 42 44 35 41 35 37 37 41 43 35 33 34 37 36 42 31 35 35 34 32 45 39 42 39 30 46 35 36 32 46 36 37 36 35 30 45 46 35 33 43 34 44 39 45 42 41 36 39 35 39 46 76 88 
2021/5/3 10:58:14.779 [RX] - 55 55 55 55 55 55 55 55 55 55 55 55 55 55 55 55 55 55 55 55 55 55 55 55 55 55 55 55 55 55 66 56 69 56 4F 74 65 63 68 32 00 81 00 00 00 CF 6B  
OK!
 

 --- Auto poll

2021/5/3 10:58:15.376 [TX] - 56 69 56 4F 74 65 63 68 32 00 01 01 00 01 00 F6 24 
2021/5/3 10:58:15.435 [RX] - 55 55 55 55 55 55 55 55 55 55 55 55 55 55 55 55 55 55 55 55 55 55 55 55 55 55 55 55 55 55 66 56 69 56 4F 74 65 63 68 32 00 01 00 00 00 12 53  

 --- 03-40

2021/5/3 10:58:17.827 [TX] - 56 69 56 4F 74 65 63 68 32 00 03 40 00 00 96 E2 
2021/5/3 10:58:17.883 [RX] - 55 55 55 55 55 55 55 55 55 55 55 55 55 55 55 55 55 55 55 55 55 55 55 55 55 55 55 55 55 55 66 56 69 56 4F 74 65 63 68 32 00 03 23 02 9C D1 FF EE 12 0A 62 99 49 01 2C 00 04 60 00 01 FF EE 13 A1 41 2A 36 35 31 30 2A 2A 2A 2A 2A 2A 2A 2A 30 31 32 35 5E 43 41 52 44 2F 49 4D 41 47 45 20 30 38 20 20 20 20 20 20 20 20 20 20 20 20 20 5E 31 37 31 32 32 30 31 2A 2A 2A 2A 2A 2A 2A 2A 2A 2A 2A 2A 2A FF EE 13 C1 48 FF 3C 59 FD A6 2E 20 E9 C5 45 45 3F E7 CB 1D 69 C1 FB 78 B2 EA 34 FF 22 DE 5B 55 2F EB 9D 87 D5 18 E4 DD 60 F7 7D E2 CA 52 01 2D FD 85 79 23 0E 9D 66 BB 79 F7 61 DB 37 F4 8B 0C F9 B1 72 4D 2A 52 A6 59 E0 10 AB 4A 3B FF EE 14 A1 25 36 35 31 30 2A 2A 2A 2A 2A 2A 2A 2A 30 31 32 35 3D 31 37 31 32 32 30 31 2A 2A 2A 2A 2A 2A 2A 2A 2A 2A 2A 2A 2A FF EE 14 C1 30 87 A1 16 48 FF 13 E0 8A 93 2F 76 7B DD 64 03 82 5B 99 19 4D EE F0 7E 05 48 EC 5E 95 7D 80 DF 38 60 98 3A 4F B5 A0 BF 21 8B C9 3C 99 AA F7 E7 FA 84 08 A0 00 00 03 24 10 10 01 9F 02 06 00 00 00 00 00 01 9F 06 07 A0 00 00 03 24 10 10 9F 35 01 22 9F 37 04 67 96 83 25 9F 39 01 91 9A 03 14 08 10 9F 21 03 12 26 06 56 A1 41 2A 36 35 31 30 2A 2A 2A 2A 2A 2A 2A 2A 30 31 32 35 5E 43 41 52 44 2F 49 4D 41 47 45 20 30 38 20 20 20 20 20 20 20 20 20 20 20 20 20 5E 31 37 31 32 32 30 31 2A 2A 2A 2A 2A 2A 2A 2A 2A 2A 2A 2A 2A 56 C1 48 BC AE 52 15 11 70 02 0A 60 55 85 FC 73 C3 32 DA 4B CB 24 D2 56 E4 11 56 09 71 BE 2E 0C 93 8A 26 42 3D F7 FA F2 36 49 5D 4E D0 84 32 C1 6C E7 D1 36 BC 95 00 16 3D B6 72 0F 50 E2 26 9E B8 A7 0F 66 6A 98 5A 62 15 4B D3 57 A1 13 65 10 CC CC CC CC 01 25 D1 71 22 01 CC CC CC CC CC CC CC 57 C1 18 F6 EA DE E3 2F 8E AD A4 D6 D5 1E E6 58 7E AD 1D E8 A5 6A 12 62 71 32 9C 9C 01 00 9F 1E 08 32 33 34 35 36 37 38 39 9F 41 04 00 00 01 70 FF EE 01 08 DF 30 01 00 DF 52 01 00 DF EF 4C 06 43 27 00 00 00 00 DF EF 4D 70 C7 27 B0 60 AB FC 2B 62 30 63 56 C5 42 DD 51 19 76 F9 C4 A7 F5 33 DF 57 A0 51 6A B8 84 A0 DB A1 D9 A7 07 69 F7 9E B1 F3 B5 6E 36 8A 7B BA D9 6A 14 54 E5 AA D2 82 F8 83 48 1D 2B 27 8E 17 D8 3B D7 78 89 2A AE 0A B8 9A 0F 9E BC 9A 07 2F 04 AA 05 D8 63 90 F7 B2 22 87 8D 83 24 90 1C 1E B6 54 31 F3 A5 A7 7B C4 95 55 04 0A 02 3C 57 77 74 81 DF EE 26 01 D1 0F F9  
---------- END OF TEST ----------

 Result = PASSED
 

 MASTER RESULT = PASSED


Docklight Log File (HEX) - Stopped 2021/5/3 10:58:19.955 

