Docklight Log File (HEX) - Started 2015/2/6 15:05:28.797 
 TEST CASE: BUM025

 --- Set POS COM PORT Settings
 Set POS COM PORT...
 POS operating on COM1 @ 19200 baud...
 Set POS COM PORT - COMPLETE

 --- Auto Poll

2015/2/6 15:05:30.361 [TX] - 56 69 56 4F 74 65 63 68 32 00 01 01 00 01 00 F6 24 
2015/2/6 15:05:30.374 [RX] - 56 69 56 4F 74 65 63 68 32 00 01 00 00 00 12 53  

 --- Burst Mode On

2015/2/6 15:05:30.504 [TX] - 56 69 56 4F 74 65 63 68 32 00 04 00 00 04 FF F7 01 01 98 3E 
2015/2/6 15:05:30.520 [RX] - 56 69 56 4F 74 65 63 68 32 00 04 00 00 00 AE 16  

 --- UI Scheme: ViVOpay

2015/2/6 15:05:30.545 [TX] - 56 69 56 4F 74 65 63 68 32 00 04 00 00 04 FF F8 01 00 88 02 
2015/2/6 15:05:30.564 [RX] - 56 69 56 4F 74 65 63 68 32 00 04 00 00 00 AE 16  

 Burst Mode data:
01 00 0C 25 54 52 41 43 4B 31 37 36 37 36 37 36 30 37 30 37 30 37 37 36 37 36 37 36 30 37 30 37 30 37 37 36 37 36 37 36 30 37 30 37 30 37 37 36 37 36 37 36 30 37 30 37 30 37 37 36 37 36 37 36 30 37 30 37 30 37 37 36 37 36 37 36 30 37 30 37 3F 3B 32 31 32 31 32 31 32 31 32 31 37 36 37 36 37 36 30 37 30 37 30 37 37 36 37 36 37 36 37 36 32 31 32 31 32 31 32 3F 8E 45  

 --- UI Scheme: VISA Wave

2015/2/6 15:05:35.112 [TX] - 56 69 56 4F 74 65 63 68 32 00 04 00 00 04 FF F8 01 02 CA 22 
2015/2/6 15:05:35.131 [RX] - 56 69 56 4F 74 65 63 68 32 00 04 00 00 00 AE 16  

 Burst Mode data:
01 00 0C 25 54 52 41 43 4B 31 37 36 37 36 37 36 30 37 30 37 30 37 37 36 37 36 37 36 30 37 30 37 30 37 37 36 37 36 37 36 30 37 30 37 30 37 37 36 37 36 37 36 30 37 30 37 30 37 37 36 37 36 37 36 30 37 30 37 30 37 37 36 37 36 37 36 30 37 30 37 3F 3B 32 31 32 31 32 31 32 31 32 31 37 36 37 36 37 36 30 37 30 37 30 37 37 36 37 36 37 36 37 36 32 31 32 31 32 31 32 3F 8E 45  

 --- UI Scheme: EMEA

2015/2/6 15:05:38.681 [TX] - 56 69 56 4F 74 65 63 68 32 00 04 00 00 04 FF F8 01 03 EB 32 
2015/2/6 15:05:38.700 [RX] - 56 69 56 4F 74 65 63 68 32 00 04 00 00 00 AE 16  

 Burst Mode data:
01 00 0C 25 54 52 41 43 4B 31 37 36 37 36 37 36 30 37 30 37 30 37 37 36 37 36 37 36 30 37 30 37 30 37 37 36 37 36 37 36 30 37 30 37 30 37 37 36 37 36 37 36 30 37 30 37 30 37 37 36 37 36 37 36 30 37 30 37 30 37 37 36 37 36 37 36 30 37 30 37 3F 3B 32 31 32 31 32 31 32 31 32 31 37 36 37 36 37 36 30 37 30 37 30 37 37 36 37 36 37 36 37 36 32 31 32 31 32 31 32 3F 8E 45  

 --- Poll On Demand

2015/2/6 15:05:42.312 [TX] - 56 69 56 4F 74 65 63 68 32 00 01 01 00 01 01 D7 34 
2015/2/6 15:05:42.325 [RX] - 56 69 56 4F 74 65 63 68 32 00 01 00 00 00 12 53 56 69 56 4F 74 65 63 68 32 00 02 08 00 04 30 00 00 00 0F 66  

 --- Burst Mode Off

2015/2/6 15:05:42.472 [TX] - 56 69 56 4F 74 65 63 68 32 00 04 00 00 04 FF F7 01 00 B9 2E 
2015/2/6 15:05:42.487 [RX] - 56 69 56 4F 74 65 63 68 32 00 04 00 00 00 AE 16  

 --- Activate transaction

2015/2/6 15:05:43.219 [TX] - 56 69 56 4F 74 65 63 68 32 00 02 01 00 17 0A 9F 02 06 00 00 00 00 00 01 5F 2A 02 08 40 9F 1A 02 08 40 9C 01 00 58 DA 
2015/2/6 15:05:45.970 [RX] - 56 69 56 4F 74 65 63 68 32 00 02 00 00 8F 4C 54 52 41 43 4B 31 37 36 37 36 37 36 30 37 30 37 30 37 37 36 37 36 37 36 30 37 30 37 30 37 37 36 37 36 37 36 30 37 30 37 30 37 37 36 37 36 37 36 30 37 30 37 30 37 37 36 37 36 37 36 30 37 30 37 30 37 37 36 37 36 37 36 30 37 30 37 25 32 31 32 31 32 31 32 31 32 31 37 36 37 36 37 36 30 37 30 37 30 37 37 36 37 36 37 36 37 36 32 31 32 31 32 31 32 00 9F 06 10 00 00 00 00 00 00 00 00 00 00 00 00 00 00 00 00 FF EE 01 04 DF 30 01 0C 04 CB  

 ---------- END OF TEST ----------

 Result = PASSED
 

 MASTER RESULT = PASSED


Docklight Log File (HEX) - Stopped 2015/2/6 15:05:47.220 

