Docklight Log File (HEX) - Started 2026/7/14 10:56:24.728 
 TEST CASE: EVT007

 --- Set POS COM PORT Settings
 Set POS COM PORT...
 POS operating on COM90 @ 115200 baud...
 Set POS COM PORT - COMPLETE

 --- 90-07_UMFG Start Secure Task

2026/7/14 10:56:26.846 [TX] - 56 69 56 4F 74 65 63 68 32 00 90 07 00 01 00 B4 8F 
2026/7/14 10:56:26.853 [RX] - 56 69 56 4F 74 65 63 68 32 00 90 00  OK 00 00 A2 78 00 00 00 00 00 00 00 00 00 00 00 00 00 00 00 00 00 00 00 00 00 00 00 00 00 00 00 00 00 00 00 00 00 00 00 00 00 00 00 00 00 00 00 00 00 00 00  

 --- Buzzer ON

2026/7/14 10:56:26.870 [TX] - 56 69 56 4F 74 65 63 68 32 00 90 13 00 02 05 01 BF EF 
2026/7/14 10:56:26.885 [RX] - 56 69 56 4F 74 65 63 68 32 00 90 00  OK 00 00 A2 78 00 00 00 00 00 00 00 00 00 00 00 00 00 00 00 00 00 00 00 00 00 00 00 00 00 00 00 00 00 00 00 00 00 00 00 00 00 00 00 00 00 00 00 00 00 00 00  

 --- Buzzer OFF

2026/7/14 10:56:28.080 [TX] - 56 69 56 4F 74 65 63 68 32 00 90 13 00 02 05 00 9E FF 
2026/7/14 10:56:28.088 [RX] - 56 69 56 4F 74 65 63 68 32 00 90 00  OK 00 00 A2 78 00 00 00 00 00 00 00 00 00 00 00 00 00 00 00 00 00 00 00 00 00 00 00 00 00 00 00 00 00 00 00 00 00 00 00 00 00 00 00 00 00 00 00 00 00 00 00  

 --- 90-07_UMFG Start Secure Task

2026/7/14 10:56:28.832 [TX] - 56 69 56 4F 74 65 63 68 32 00 90 07 00 01 01 95 9F 
2026/7/14 10:56:28.838 [RX] - 56 69 56 4F 74 65 63 68 32 00 90 00  OK 00 00 A2 78 00 00 00 00 00 00 00 00 00 00 00 00 00 00 00 00 00 00 00 00 00 00 00 00 00 00 00 00 00 00 00 00 00 00 00 00 00 00 00 00 00 00 00 00 00 00 00  

 ---------- END OF TEST ----------

 Result = PASSED


Docklight Log File (HEX) - Stopped 2026/7/14 10:56:28.968 

