Docklight Log File (HEX) - Started 2017/6/14 11:42:36.798 
 TEST CASE: MF000453

 --- Set POS COM PORT Settings
 Set POS COM PORT...
 POS operating on COM1 @ 9600 baud...
 Set POS COM PORT - COMPLETE


2017/6/14 11:42:39.169 [TX] - 56 69 56 4F 74 65 63 68 32 00 2C 01 00 01 01 1D 19 
2017/6/14 11:42:39.197 [RX] - 56 69 56 4F 74 65 63 68 32 00 2C 00 00 00 1C 9B  PT command (OK)
 Result = PASSED

2017/6/14 11:42:39.214 [TX] - 56 69 56 4F 74 65 63 68 32 00 28 01 00 01 01 94 1F 
2017/6/14 11:42:39.241 [RX] - 56 69 56 4F 74 65 63 68 32 00 28 00 00 00 D6 6A  Antenna Enable (OK)
 Result = PASSED

2017/6/14 11:42:39.258 [TX] - 56 69 56 4F 74 65 63 68 32 00 2C 02 00 02 0A 00 B1 E4 
2017/6/14 11:42:39.417 [RX] - 56 69 56 4F 74 65 63 68 32 00 2C 00 00 05  Poll for Token (OK)

2017/6/14 11:42:39.426 [RX] - 03 D3  Result = PASSED
AC 5A E3 2D 39  ----- Read 5 Block and start at Block 0 (Blocks 0,1,2,4 and 5 are read --- Trailer Block 3 is skipped). -----

2017/6/14 11:42:39.445 [TX] - 56 69 56 4F 74 65 63 68 32 00 2C 07 00 02 75 00 8A D4 
2017/6/14 11:42:39.508 [RX] - 56 69 56 4F 74 65 63 68 32 00 2C 00 00 50 D3 AC 5A E3 C6 88 04 00 48 BA 14 50 49 90 12 10 11 11 11 11 11 11 11 11 11 11 11 11 11 11 11 11 22 22 22 22 22 22 22 22 22 22 22 22 22 22 22 22 44 44 44 44 44 44 44 44 44 44 44 44 44 44 44 44 55 55 55 55 55 55 55 55 55 55 55 55 55 55 55 55 35 71  MiFare Read 5 Block - Start at Block 0 - (OK)
 Result = PASSED
 ----- Read 15 Block and start at Block 0 (Blocks 0 to 18 are read --- Trailer Blocks 3, 7, 11, and 15 are skipped). -----

2017/6/14 11:42:39.617 [TX] - 56 69 56 4F 74 65 63 68 32 00 2C 07 00 02 7F 00 65 1F 
2017/6/14 11:42:39.747 [RX] - 56 69 56 4F 74 65 63 68 32 00 2C 00 00 F0 D3 AC 5A E3 C6 88 04 00 48 BA 14 50 49 90 12 10 11 11 11 11 11 11 11 11 11 11 11 11 11 11 11 11 22 22 22 22 22 22 22 22 22 22 22 22 22 22 22 22 44 44 44 44 44 44 44 44 44 44 44 44 44 44 44 44 55 55 55 55 55 55 55 55 55 55 55 55 55 55 55 55 66 66 66 66 66 66 66 66 66 66 66 66 66 66 66 66 88 88 88 88 88 88 88 88 88 88 88 88 88 88 88 88 99 99 99 99 99 99 99 99 99 99 99 99 99 99 99 99 10 10 10 10 10 10 10 10 10 10 10 10 10 10 10 10 12 12 12 12 12 12 12 12 12 12 12 12 12 12 12 12 13 13 13 13 13 13 13 13 13 13 13 13 13 13 13 13 14 14 14 14 14 14 14 14 14 14 14 14 14 14 14 14 16 16 16 16 16 16 16 16 16 16 16 16 16 16 16 16 17 17 17 17 17 17 17 17 17 17 17 17 17 17 17 17 18 18 18 18 18 18 18 18 18 18 18 18 18 18 18 18 47 35  MiFare Read 15 Block - Start at Block 0 - (OK)
 Result = PASSED
 ----- Read 15 Block and start at Block 19 (Blocks 19 to 38 are read --- Trailer Blocks 19, 23, 27, 31, 35 are skipped). -----

2017/6/14 11:42:40.026 [TX] - 56 69 56 4F 74 65 63 68 32 00 2C 07 00 02 7F 13 47 4D 
2017/6/14 11:42:40.161 [RX] - 56 69 56 4F 74 65 63 68 32 00 2C 00 00 F0 20 20 20 20 20 20 20 20 20 20 20 20 20 20 20 20 21 21 21 21 21 21 21 21 21 21 21 21 21 21 21 21 22 22 22 22 22 22 22 22 22 22 22 22 22 22 22 22 24 24 24 24 24 24 24 24 24 24 24 24 24 24 24 24 25 25 25 25 25 25 25 25 25 25 25 25 25 25 25 25 26 26 26 26 26 26 26 26 26 26 26 26 26 26 26 26 28 28 28 28 28 28 28 28 28 28 28 28 28 28 28 28 29 29 29 29 29 29 29 29 29 29 29 29 29 29 29 29 30 30 30 30 30 30 30 30 30 30 30 30 30 30 30 30 32 32 32 32 32 32 32 32 32 32 32 32 32 32 32 32 33 33 33 33 33 33 33 33 33 33 33 33 33 33 33 33 34 34 34 34 34 34 34 34 34 34 34 34 34 34 34 34 36 36 36 36 36 36 36 36 36 36 36 36 36 36 36 36 37 37 37 37 37 37 37 37 37 37 37 37 37 37 37 37 38 38 38 38 38 38 38 38 38 38 38 38 38 38 38 38 AC D1  MiFare Read next 15 Block - Start at Block 19 - (OK)
 Result = PASSED
 ----- Read 15 Block and start at Block 39 (Blocks 39 to 58 are read --- Trailer Blocks 39, 43, 47, 51, 55 are skipped). -----

2017/6/14 11:42:40.432 [TX] - 56 69 56 4F 74 65 63 68 32 00 2C 07 00 02 7F 27 31 9A 
2017/6/14 11:42:40.567 [RX] - 56 69 56 4F 74 65 63 68 32 00 2C 00 00 F0 40 40 40 40 40 40 40 40 40 40 40 40 40 40 40 40 41 41 41 41 41 41 41 41 41 41 41 41 41 41 41 41 42 42 42 42 42 42 42 42 42 42 42 42 42 42 42 42 44 44 44 44 44 44 44 44 44 44 44 44 44 44 44 44 45 45 45 45 45 45 45 45 45 45 45 45 45 45 45 45 46 46 46 46 46 46 46 46 46 46 46 46 46 46 46 46 48 48 48 48 48 48 48 48 48 48 48 48 48 48 48 48 49 49 49 49 49 49 49 49 49 49 49 49 49 49 49 49 50 50 50 50 50 50 50 50 50 50 50 50 50 50 50 50 52 52 52 52 52 52 52 52 52 52 52 52 52 52 52 52 53 53 53 53 53 53 53 53 53 53 53 53 53 53 53 53 54 54 54 54 54 54 54 54 54 54 54 54 54 54 54 54 56 56 56 56 56 56 56 56 56 56 56 56 56 56 56 56 57 57 57 57 57 57 57 57 57 57 57 57 57 57 57 57 58 58 58 58 58 58 58 58 58 58 58 58 58 58 58 58 68 AD  MiFare Read next 15 Block - Start at Block 39 - (OK)
 Result = PASSED
 ----- Read 2 Block and start at Block 59 (Blocks 59 to 61 are read --- Trailer Block 59 is skipped). -----

2017/6/14 11:42:40.840 [TX] - 56 69 56 4F 74 65 63 68 32 00 2C 07 00 02 72 3B 94 7B 
2017/6/14 11:42:40.888 [RX] - 56 69 56 4F 74 65 63 68 32 00 2C 00 00 20 60 60 60 60 60 60 60 60 60 60 60 60 60 60 60 60 61 61 61 61 61 61 61 61 61 61 61 61 61 61 61 61 F3 C4  MiFare Read next 2 Block - Start at Block 59 - (OK)
 Result = PASSED
 ----- Read 3 Block and start at Block 59 (Blocks 59 to 62 are read --- Trailer Block 59 is skipped). -----

2017/6/14 11:42:40.946 [TX] - 56 69 56 4F 74 65 63 68 32 00 2C 07 00 02 73 3B A7 4A 
2017/6/14 11:42:40.999 [RX] - 56 69 56 4F 74 65 63 68 32 00 2C 00 00 30 60 60 60 60 60 60 60 60 60 60 60 60 60 60 60 60 61 61 61 61 61 61 61 61 61 61 61 61 61 61 61 61 62 62 62 62 62 62 62 62 62 62 62 62 62 62 62 62 2E E1  MiFare Read next 3 Block - Start at Block 59 or 60 - (OK)
 Result = PASSED
 

 Result = PASSED
 ---------- END OF TEST ----------

 

 MASTER RESULT = PASSED


Docklight Log File (HEX) - Stopped 2017/6/14 11:42:43.698 

