Docklight Log File (HEX) - Started 2026/5/18 11:36:44.620 
 TEST CASE: EGN27

 --- Set POS COM PORT Settings
 Set POS COM PORT...
 POS operating on COM90 @ 9600 baud...
 Set POS COM PORT - COMPLETE

 

 --- Get Data Encryption (C7-37) = 03

2026/5/18 11:36:47.721 [TX] - 56 69 56 4F 74 65 63 68 32 00 C7 37 00 00 5B C6 
2026/5/18 11:36:47.736 [RX] - 56 69 56 4F 74 65 63 68 32 00 C7 00 00 01 03 9C 1C 00 00 00 00 00 00 00 00 00 00 00 00 00 00 00 00 00 00 00 00 00 00 00 00 00 00 00 00 00 00 00 00 00 00 00 00 00 00 00 00 00 00 00 00 00 00  

 --- Get account DUKPT encryption type (C7-33) = TDES

2026/5/18 11:36:47.751 [TX] - 56 69 56 4F 74 65 63 68 32 00 C7 33 00 00 9B 1A 
2026/5/18 11:36:47.768 [RX] - 56 69 56 4F 74 65 63 68 32 00 C7 0B 00 00 76 9F 00 00 00 00 00 00 00 00 00 00 00 00 00 00 00 00 00 00 00 00 00 00 00 00 00 00 00 00 00 00 00 00 00 00 00 00 00 00 00 00 00 00 00 00 00 00 00  

 --- C7-A3 (KeySlot 00)

2026/5/18 11:36:50.768 [TX] - 56 69 56 4F 74 65 63 68 32 00 C7 A3 00 02 01 00 B1 A5 
2026/5/18 11:36:50.777 [RX] - 56 69 56 4F 74 65 63 68 32 00 C7 00 00 06 00 00 00 00 00 00 2E 90 00 00 00 00 00 00 00 00 00 00 00 00 00 00 00 00 00 00 00 00 00 00 00 00 00 00 00 00 00 00 00 00 00 00 00 00 00 00 00 00 00  

 --- 12-01 Get Serial Number = existent

2026/5/18 11:36:50.791 [TX] - 56 69 56 4F 74 65 63 68 32 00 12 01 00 00 18 A5 
2026/5/18 11:36:50.796 [RX] - 56 69 56 4F 74 65 63 68 32 00 12 00 00 0F 35 31 39 54 35 33 33 35 35 33 00 00 00 00 00 70 28 00 00 00 00 00 00 00 00 00 00 00 00 00 00 00 00 00 00 00 00 00 00 00 00 00 00 00 00 00 00 00 00  

 --- 04-00 9F02 = 999999

2026/5/18 11:36:51.335 [TX] - 56 69 56 4F 74 65 63 68 32 00 04 00 00 09 9F 02 06 00 00 00 99 99 99 98 FF 
2026/5/18 11:36:51.538 [RX] - 56 69 56 4F 74 65 63 68 32 00 04 00 00 00 AE 16 00 00 00 00 00 00 00 00 00 00 00 00 00 00 00 00 00 00 00 00 00 00 00 00 00 00 00 00 00 00 00 00 00 00 00 00 00 00 00 00 00 00 00 00 00 00 00  

 --- 04-0A Set Configuration Defaults and Keep Encrypt Key Command

2026/5/18 11:36:52.576 [TX] - 56 69 56 4F 74 65 63 68 32 00 04 0A 00 00 D7 69 
2026/5/18 11:36:54.299 [RX] - 56 69 56 4F 74 65 63 68 32 00 04 00 00 00 AE 16 00 00 00 00 00 00 00 00 00 00 00 00 00 00 00 00 00 00 00 00 00 00 00 00 00 00 00 00 00 00 00 00 00 00 00 00 00 00 00 00 00 00 00 00 00 00 00 56 69 56 4F 74 65 63 68 32 00 61 01 00 10 03 00 00 02 00 45 4E 03 00 82 23 1C 02 00 00 20 63 F0 00 00 00 00 00 00 00 00 00 00 00 00 00 00 00 00 00 00 00 00 00 00 00 00 00 00 00 00 00 00 00  

 --- Get account DUKPT encryption type (C7-33) = TDES

2026/5/18 11:37:09.339 [TX] - 56 69 56 4F 74 65 63 68 32 00 C7 33 00 00 9B 1A 
2026/5/18 11:37:09.344 [RX] - 56 69 56 4F 74 65 63 68 32 00 C7 0B 00 00 76 9F 00 00 00 00 00 00 00 00 00 00 00 00 00 00 00 00 00 00 00 00 00 00 00 00 00 00 00 00 00 00 00 00 00 00 00 00 00 00 00 00 00 00 00 00 00 00 00  

 --- C7-A3 (KeySlot 00)

2026/5/18 11:37:12.358 [TX] - 56 69 56 4F 74 65 63 68 32 00 C7 A3 00 02 01 00 B1 A5 
2026/5/18 11:37:12.367 [RX] - 56 69 56 4F 74 65 63 68 32 00 C7 00 00 06 00 00 00 00 00 00 2E 90 00 00 00 00 00 00 00 00 00 00 00 00 00 00 00 00 00 00 00 00 00 00 00 00 00 00 00 00 00 00 00 00 00 00 00 00 00 00 00 00 00  

 --- Get Data Encryption (C7-37) = 03

2026/5/18 11:37:12.400 [TX] - 56 69 56 4F 74 65 63 68 32 00 C7 37 00 00 5B C6 
2026/5/18 11:37:12.407 [RX] - 56 69 56 4F 74 65 63 68 32 00 C7 00 00 01 03 9C 1C 00 00 00 00 00 00 00 00 00 00 00 00 00 00 00 00 00 00 00 00 00 00 00 00 00 00 00 00 00 00 00 00 00 00 00 00 00 00 00 00 00 00 00 00 00 00  

 --- 12-01 Get Serial Number = existent

2026/5/18 11:37:12.441 [TX] - 56 69 56 4F 74 65 63 68 32 00 12 01 00 00 18 A5 
2026/5/18 11:37:12.455 [RX] - 56 69 56 4F 74 65 63 68 32 00 12 00 00 0F 35 31 39 54 35 33 33 35 35 33 00 00 00 00 00 70 28 00 00 00 00 00 00 00 00 00 00 00 00 00 00 00 00 00 00 00 00 00 00 00 00 00 00 00 00 00 00 00 00  

 --- 03-02 Get Params = reset to default

2026/5/18 11:37:12.986 [TX] - 56 69 56 4F 74 65 63 68 32 00 03 02 00 00 5B 91 
2026/5/18 11:37:13.012 [RX] - 56 69 56 4F 74 65 63 68 32 00 03 00 01 5A DF EE 2D 01 00 9C 01 00 5F 2A 02 08 40 5F 36 01 02 9F 02 06 00 00 00 00 00 01  << 9F02 (default) DF EF 59 06 00 00 00 00 04 44 DF EF 6F 01 30 DF EF 6E 02 0D 0D 9F 03 06 00 00 00 00 00 00 9F 09 02 00 02 9F 15 02 00 00 9F 1A 02 08 40 9F 40 05 60 00 00 30 00 9F 53 01 00 9F 66 04 30 00 40 00 9F 6D 02 00 01 9F 7C 14 00 00 00 00 00 00 00 00 00 00 00 00 00 00 00 00 00 00 00 00 DF EE 28 03 00 08 E8 DF EE 29 03 00 68 E8 DF EE 34 06 00 00 00 01 00 00 DF EE 35 03 00 06 01 DF EE 36 06 00 00 00 00 80 00 DF EE 37 01 03 DF EE 38 01 00 DF 81 22 05 F8 50 AC F8 00 DF 81 20 05 F8 50 AC A0 00 DF 81 21 05 00 00 00 00 00 DF EE 44 02 FD FF DF EC 1B 04 FF FF FF FF DF ED 4A 02 00 06 DF ED 5A 08 00 00 80 00 00 00 00 00 DF EE 5C 04 01 50 00 00 DF EE 6B 08 00 00 00 00 00 00 00 00 DF EE 70 01 00 DF EE 71 02 00 00 DF EE 72 02 00 00 DF EE 73 02 00 00 DF EE 74 01 00 DF ED 18 01 01 DF EE 7E 01 00 DF EE 1C 01 03 DF EF 29 02 00 00 9F 4E 1E 00 00 00 00 00 00 00 00 00 00 00 00 00 00 00 00 00 00 00 00 00 00 00 00 00 00 00 00 00 00 DF EE 7D 01 01 9A 03 26 05 18 9F 21 03 03 37 16 BC D6 00 00 00 00 00 00 00 00 00 00 00 00 00 00 00 00  
---------- END OF TEST ----------

 Result = PASSED


Docklight Log File (HEX) - Stopped 2026/5/18 11:37:14.098 

