Docklight Log File (HEX) - Started 2022/10/4 10:25:33.507 
 TEST CASE: BT011

 --- Set POS COM PORT Settings
 Set POS COM PORT...
 POS operating on COM90 @ 115200 baud...
 Set POS COM PORT - COMPLETE

 

 --- 77-81 Set BT name (mindy), pwd 123456 -> 888888

2022/10/4 10:25:34.622 [TX] - 56 69 56 4F 74 65 63 68 32 00 77 81 00 12 6D 69 6E 64 79 00 31 32 33 34 35 36 38 38 38 38 38 38 AC FA 
2022/10/4 10:25:34.709 [RX] - 56 69 56 4F 74 65 63 68 32 00 61 01 00 10 03 00 00 02 00 45 4E 03 00 82 23 1C 02 00 FF FF 0E C9 00 00 00 00 00 00 00 00 00 00 00 00 00 00 00 00 00 00 00 00 00 00 00 00 00 00 00 00 00 00 00 56 69 56 4F 74 65 63 68 32 00 77 00 00 00 77 BF 00 00 00 00 00 00 00 00 00 00 00 00 00 00 00 00 00 00 00 00 00 00 00 00 00 00 00 00 00 00 00 00 00 00 00 00 00 00 00 00 00 00 00 00 00 00 00  

 --- 77-81 Set BT name (mindy), pwd 123456 -> 123456 ***** should reject

2022/10/4 10:25:34.716 [TX] - 56 69 56 4F 74 65 63 68 32 00 77 81 00 12 6D 69 6E 64 79 00 31 32 33 34 35 36 31 32 33 34 35 36 0C 08 
2022/10/4 10:25:34.761 [RX] - 56 69 56 4F 74 65 63 68 32 00 77 0A 00 00 B0 7E 00 00 00 00 00 00 00 00 00 00 00 00 00 00 00 00 00 00 00 00 00 00 00 00 00 00 00 00 00 00 00 00 00 00 00 00 00 00 00 00 00 00 00 00 00 00 00  

 --- 77-81 Set BT name (mindy), pwd 888888 -> 123456

2022/10/4 10:25:36.219 [TX] - 56 69 56 4F 74 65 63 68 32 00 77 81 00 12 6D 69 6E 64 79 00 38 38 38 38 38 38 31 32 33 34 35 36 94 38 
2022/10/4 10:25:36.306 [RX] - 56 69 56 4F 74 65 63 68 32 00 77 00 00 00 77 BF 00 00 00 00 00 00 00 00 00 00 00 00 00 00 00 00 00 00 00 00 00 00 00 00 00 00 00 00 00 00 00 00 00 00 00 00 00 00 00 00 00 00 00 00 00 00 00  

 --- 77-81 Set BT name (mindy), pwd 123456 -> 123456

2022/10/4 10:25:36.314 [TX] - 56 69 56 4F 74 65 63 68 32 00 77 81 00 12 6D 69 6E 64 79 00 31 32 33 34 35 36 31 32 33 34 35 36 0C 08 
2022/10/4 10:25:36.423 [RX] - 56 69 56 4F 74 65 63 68 32 00 77 00 00 00 77 BF 00 00 00 00 00 00 00 00 00 00 00 00 00 00 00 00 00 00 00 00 00 00 00 00 00 00 00 00 00 00 00 00 00 00 00 00 00 00 00 00 00 00 00 00 00 00 00  

 --- 77-81 Set BT name over 26 bytes ***** should reject

2022/10/4 10:25:36.431 [TX] - 56 69 56 4F 74 65 63 68 32 00 77 81 00 28 61 62 63 64 65 66 67 68 69 6A 6B 6C 6D 6E 6F 70 71 72 73 74 75 76 77 78 79 7A 61 00 31 32 33 34 35 36 31 32 33 34 35 36 D3 80 
2022/10/4 10:25:36.462 [RX] - 56 69 56 4F 74 65 63 68 32 00 77 05 00 00 9C 4F 00 00 00 00 00 00 00 00 00 00 00 00 00 00 00 00 00 00 00 00 00 00 00 00 00 00 00 00 00 00 00 00 00 00 00 00 00 00 00 00 00 00 00 00 00 00 00  

 --- 77-81 Set BT name w/o 00 ***** should reject

2022/10/4 10:25:37.935 [TX] - 56 69 56 4F 74 65 63 68 32 00 77 81 00 11 6D 69 6E 64 79 31 32 33 34 35 36 31 32 33 34 35 36 8E 07 
2022/10/4 10:25:37.943 [RX] - 56 69 56 4F 74 65 63 68 32 00 77 0A 00 00 B0 7E 00 00 00 00 00 00 00 00 00 00 00 00 00 00 00 00 00 00 00 00 00 00 00 00 00 00 00 00 00 00 00 00 00 00 00 00 00 00 00 00 00 00 00 00 00 00 00  

 --- 77-81 Set BT pwd over 6 bytes ***** should reject

2022/10/4 10:25:39.440 [TX] - 56 69 56 4F 74 65 63 68 32 00 77 81 00 17 6D 69 6E 64 79 46 41 49 4C 00 31 32 33 34 35 36 31 32 33 34 35 36 37 80 1D 
2022/10/4 10:25:39.448 [RX] - 56 69 56 4F 74 65 63 68 32 00 77 0A 00 00 B0 7E 00 00 00 00 00 00 00 00 00 00 00 00 00 00 00 00 00 00 00 00 00 00 00 00 00 00 00 00 00 00 00 00 00 00 00 00 00 00 00 00 00 00 00 00 00 00 00  

 --- 77-82 Get Bluetooth Name

2022/10/4 10:25:40.948 [TX] - 56 69 56 4F 74 65 63 68 32 00 77 82 00 00 85 22 
2022/10/4 10:25:40.956 [RX] - 56 69 56 4F 74 65 63 68 32 00 77 00 00 06 6D 69 6E 64 79 00 C9 26 00 00 00 00 00 00 00 00 00 00 00 00 00 00 00 00 00 00 00 00 00 00 00 00 00 00 00 00 00 00 00 00 00 00 00 00 00 00 00 00 00  

 ---------- END OF TEST ----------

 Result = PASSED


Docklight Log File (HEX) - Stopped 2022/10/4 10:25:41.032 

