Docklight Log File (HEX) - Started 2026/7/1 11:56:53.708 
 TEST CASE: ST102

 --- Set POS COM PORT Settings
 Set POS COM PORT...
 POS operating on COM90 @ 115200 baud...
 Set POS COM PORT - COMPLETE

 

 --- Get FW ver (29-00)

2026/7/1 11:56:58.108 [TX] - 56 69 56 4F 74 65 63 68 32 00 29 00 00 00 DE A0 
2026/7/1 11:56:58.115 [RX] - 56 69 56 4F 74 65 63 68 32 00 63 02 00 00 56 69 56 4F 74 65 63 68 32 00 29 00 00 1A 56 50 36 33 32 35 20 46 57 20 76 31 2E 30 30 2E 31 32 38 2E 32 36 32 36 2E 54 42 D2 00 00 00 00 00 00 00 00 00 00 00 00 00 00 00 00 00 00 00 00 00  --- Poll on demand

2026/7/1 11:56:59.232 [TX] - 56 69 56 4F 74 65 63 68 32 00 01 01 00 01 01 D7 34 
2026/7/1 11:56:59.243 [RX] - 56 69 56 4F 74 65 63 68 32 00 01 00 00 00 12 53 00 00 00 00 00 00 00 00 00 00 00 00 00 00 00 00 00 00 00 00 00 00 00 00 00 00 00 00 00 00 00 00 00 00 00 00 00 00 00 00 00 00 00 00 00 00 00  

 --- Burst mode off  ***  NEO2

2026/7/1 11:56:59.564 [TX] - 56 69 56 4F 74 65 63 68 32 00 04 00 00 05 DF EE 7E 01 00 60 1E 
2026/7/1 11:56:59.627 [RX] - 56 69 56 4F 74 65 63 68 32 00 04 00 00 00 AE 16 00 00 00 00 00 00 00 00 00 00 00 00 00 00 00 00 00 00 00 00 00 00 00 00 00 00 00 00 00 00 00 00 00 00 00 00 00 00 00 00 00 00 00 00 00 00 00  

 --- DFEE44

2026/7/1 11:56:59.958 [TX] - 56 69 56 4F 74 65 63 68 32 00 04 00 00 06 DF EE 44 02 9D FF 28 26 
2026/7/1 11:57:00.067 [RX] - 56 69 56 4F 74 65 63 68 32 00 04 00 00 00 AE 16 00 00 00 00 00 00 00 00 00 00 00 00 00 00 00 00 00 00 00 00 00 00 00 00 00 00 00 00 00 00 00 00 00 00 00 00 00 00 00 00 00 00 00 00 00 00 00  

 --- Group 80

2026/7/1 11:57:00.588 [TX] - 56 69 56 4F 74 65 63 68 32 00 04 03 01 02 DF EE 2D 01 80 9F 01 00 9F 1A 02 08 40 9F 1C 00 9F 1D 08 6C FF 00 00 00 00 00 00 5F 57 00 DF 60 00 DF 62 00 DF 63 00 DF 81 08 00 DF 81 09 00 DF 81 0A 00 DF 81 0D 00 DF 81 17 01 00 DF 81 18 01 60 DF 81 19 01 08 DF 81 1A 03 9F 6A 04 DF 81 1C 02 00 00 DF 81 1D 01 00 DF 81 1E 01 10 DF 81 1F 01 08 DF 81 20 05 00 00 00 00 00 DF 81 22 05 00 00 00 00 00 DF 81 21 05 00 00 00 00 00 DF 81 23 06 00 00 00 01 00 00 DF 81 24 06 00 00 00 03 00 00 DF 81 25 06 00 00 00 05 00 00 DF 81 26 06 00 00 00 00 10 00 DF 81 2C 01 00 9F 09 02 00 02 9F 15 02 11 11 9F 16 00 9F 1E 08 30 30 30 30 30 30 30 30 9F 33 00 9F 35 01 22 9F 40 05 00 00 00 00 00 9F 4E 00 9F 6D 02 00 01 9F 7E 00 DF EE 0F 01 01 DF EE 37 01 03 DF EE 38 01 00 DF 81 1B 01 00 DF EF 46 02 9F 02 DF EF 4F 02 9F 02 DF EF 4E 02 9F 02 6F 7B 
2026/7/1 11:57:00.665 [RX] - 56 69 56 4F 74 65 63 68 32 00 04 00 00 00 AE 16 00 00 00 00 00 00 00 00 00 00 00 00 00 00 00 00 00 00 00 00 00 00 00 00 00 00 00 00 00 00 00 00 00 00 00 00 00 00 00 00 00 00 00 00 00 00 00  

 --- Set Merchant 4 - pass.com.apple.wallet.dev_Panera

2026/7/1 11:57:01.201 [TX] - 56 69 56 4F 74 65 63 68 32 00 04 11 00 63 04 01 06 41 3B 95 7A 52 59 98 3B 60 8C FC 89 CF B1 DA B9 0C E7 05 AD 8E FF 78 E9 DE 12 2C CF 8D 2C BF 00 00 00 00 00 00 00 00 00 00 00 00 00 00 00 00 00 00 00 00 00 00 00 00 00 00 00 00 00 00 00 00 00 00 00 00 00 00 00 00 00 00 00 00 00 00 00 00 00 00 00 00 00 00 00 00 00 00 00 00 00 00 00 00 00 E7 6F 
2026/7/1 11:57:01.253 [RX] - 56 69 56 4F 74 65 63 68 32 00 04 00 00 00 AE 16 00 00 00 00 00 00 00 00 00 00 00 00 00 00 00 00 00 00 00 00 00 00 00 00 00 00 00 00 00 00 00 00 00 00 00 00 00 00 00 00 00 00 00 00 00 00 00  

 --- C7-65 set private key

2026/7/1 11:57:01.801 [TX] - 56 69 56 4F 74 65 63 68 32 00 C7 65 00 24 00 00 00 01 82 6D 17 E5 07 67 B1 65 B0 E4 D9 E3 32 F8 D1 D1 E2 02 24 28 4F B4 DA F1 E5 0A 03 24 6E 70 79 7D 71 B8 
2026/7/1 11:57:01.845 [RX] - 56 69 56 4F 74 65 63 68 32 00 C7 00 00 00 86 6E 00 00 00 00 00 00 00 00 00 00 00 00 00 00 00 00 00 00 00 00 00 00 00 00 00 00 00 00 00 00 00 00 00 00 00 00 00 00 00 00 00 00 00 00 00 00 00  
>>>>>>>>>>>>>>>>>>>>>>>>>>>>>>> AT cmd 02-40 <<<<<<<<<<<<<<<<<<<<<<<<<<

 

 --- Set config >>> VAS Only

2026/7/1 11:57:02.380 [TX] - 56 69 56 4F 74 65 63 68 32 00 04 03 00 3F DF EE 2D 01 8E DF EE 3B 04 00 BC 61 4E DF EE 3C 00 DF EE 3D 00 DF EF 25 00 DF ED 01 00 DF ED 02 05 00 00 00 00 01 DF ED 03 01 00 DF ED 04 01 01 DF ED 05 01 01 DF ED 06 01 00 DF ED 07 01 00 5A F0 
2026/7/1 11:57:02.433 [RX] - 56 69 56 4F 74 65 63 68 32 00 04 00 00 00 AE 16 00 00 00 00 00 00 00 00 00 00 00 00 00 00 00 00 00 00 00 00 00 00 00 00 00 00 00 00 00 00 00 00 00 00 00 00 00 00 00 00 00 00 00 00 00 00 00  

 --- 02-40 Apple VAS Only + ST Get VAS Only (NEO2)

2026/7/1 11:57:04.596 [TX] - 56 69 56 4F 74 65 63 68 32 00 02 40 00 38 0A 9F 02 06 00 00 00 00 00 01 9C 01 00 FF EE 06 19 9F 22 02 01 00 9F 26 04 00 00 00 02 9F 2B 05 01 00 00 00 00 DF EE 01 01 01 FF EE 08 0A DF EF 1A 01 02 DF ED 28 01 00 D3 9E 
2026/7/1 11:57:04.626 [RX] - 56 69 56 4F 74 65 63 68 32 00 02 63 00 00 4B B4 00 00 00 00 00 00 00 00 00 00 00 00 00 00 00 00 00 00 00 00 00 00 00 00 00 00 00 00 00 00 00 00 00 00 00 00 00 00 00 00 00 00 00 00 00 00 00 56 69 56 4F 74 65 63 68 32 00 02 57 00 7E E1 DF EE 26 02 E1 00 FF EE 08 66 DF EF 76 62 94 03 2F 61 73 76 94 01 06 69 04 02 71 79 79 71 54 03 1F 63 75 73 94 03 06 63 69 64 04 12 34 56 78 90 19 01 03 03 54 63 70 6C 00 65 6E 54 03 02 63 75 74 04 7B 54 03 27 61 73 76 94 01 05 69 05 01 F7 97 98 54 02 19 6C 79 94 03 09 6F 69 64 04 5F B6 EA 73 AF 2E 87 40 54 01 06 6E 05 F3 24 23 42 34 9F 39 01 07 FF EE 01 05 DF EE 30 01 00 1C 10 00 00 00 00 00 00 00 00 00 00 00 00 00 00 00 00 00 00 00 00 00 00 00 00 00 00 00 00 00 00 00 00 00 00 00 00 00 00 00 00 00 00 00 00 00 00 00  

 --- Set config >>> VAS Only

2026/7/1 11:57:07.887 [TX] - 56 69 56 4F 74 65 63 68 32 00 04 03 00 3F DF EE 2D 01 8E DF EE 3B 04 00 BC 61 4E DF EE 3C 00 DF EE 3D 00 DF EF 25 00 DF ED 01 00 DF ED 02 05 00 00 00 00 01 DF ED 03 01 00 DF ED 04 01 01 DF ED 05 01 01 DF ED 06 01 00 DF ED 07 01 00 5A F0 
2026/7/1 11:57:07.944 [RX] - 56 69 56 4F 74 65 63 68 32 00 04 00 00 00 AE 16 00 00 00 00 00 00 00 00 00 00 00 00 00 00 00 00 00 00 00 00 00 00 00 00 00 00 00 00 00 00 00 00 00 00 00 00 00 00 00 00 00 00 00 00 00 00 00  

 --- 02-40 Apple VAS Only + ST Secure Get VAS Only (NEO2)

2026/7/1 11:57:13.079 [TX] - 56 69 56 4F 74 65 63 68 32 00 02 40 00 38 0A 9F 02 06 00 00 00 00 00 01 9C 01 00 FF EE 06 19 9F 22 02 01 00 9F 26 04 00 00 00 02 9F 2B 05 01 00 00 00 00 DF EE 01 01 01 FF EE 08 0A DF EF 1A 01 0A DF ED 28 01 00 91 93 
2026/7/1 11:57:13.109 [RX] - 56 69 56 4F 74 65 63 68 32 00 02 63 00 00 4B B4 00 00 00 00 00 00 00 00 00 00 00 00 00 00 00 00 00 00 00 00 00 00 00 00 00 00 00 00 00 00 00 00 00 00 00 00 00 00 00 00 00 00 00 00 00 00 00 56 69 56 4F 74 65 63 68 32 00 02 57 00 1C E1 DF EE 26 02 E1 00 FF EE 08 04 DF EF 76 00 9F 39 01 07 FF EE 01 05 DF EE 30 01 00 A3 5B 00 00 00 00 00 00 00 00 00 00 00 00 00 00 00 00 00 00 00 

Docklight Log File (HEX) - Stopped 2026/7/1 11:57:18.170 

