Docklight Log File (HEX) - Started 2015/1/26 11:32:25.898 
 TEST CASE: VL020

 --- Set POS COM PORT Settings
 Set POS COM PORT...
 POS operating on COM1 @ 19200 baud...
 Set POS COM PORT - COMPLETE


2015/1/26 11:32:28.801 [TX] - 56 69 56 4F 74 65 63 68 32 00 F0 FC 00 1E 54 68 69 73 20 69 73 20 61 20 74 65 73 74 2E 2E 54 68 69 73 20 69 73 20 6E 65 77 21 3F 21 F5 EC 
2015/1/26 11:32:28.833 [RX] - 56 69 56 4F 74 65 63 68 32 00 F0 00 00 00 FB AA 
2015/1/26 11:32:29.853 [TX] - 56 69 56 4F 74 65 63 68 32 00 04 00 00 04 FF F8 01 00 88 02 
2015/1/26 11:32:29.871 [RX] - 56 69 56 4F 74 65 63 68 32 00 04 00 00 00 AE 16 
2015/1/26 11:32:30.903 [TX] - 56 69 56 4F 74 65 63 68 32 00 02 01 00 0F 3C 9F 02 06 00 00 00 00 99 01 9A 03 07 11 21 61 F4 
2015/1/26 11:32:37.517 [RX] - 56 69 56 4F 74 65 63 68 32 00 02 23 01 A9 00 00 00 50 0A 4D 61 73 74 65 72 43 61 72 64 56 3E 42 35 32 35 36 38 33 32 30 33 30 30 30 30 30 30 30 5E 53 75 70 70 6C 69 65 64 2F 4E 6F 74 5E 31 32 31 32 35 30 32 30 39 31 31 30 30 36 37 35 31 31 30 31 31 31 31 31 31 31 31 31 31 31 32 82 02 00 00 84 07 A0 00 00 00 04 10 10 95 05 00 00 00 00 00 9A 03 07 11 21 9C 01 09 9F 02 06 00 00 00 00 99 01 9F 06 07 A0 00 00 00 04 10 10 9F 09 02 00 02 9F 1A 02 00 00 9F 21 03 07 14 31 9F 33 03 00 00 00 9F 34 03 00 00 00 9F 35 01 00 9F 36 02 02 A3 9F 37 04 6B E5 39 3B 9F 5A 01 00 9F 5D 06 00 00 00 00 50 00 9F 6B 13 52 56 83 20 30 00 00 00 D1 21 25 02 56 51 00 67 51 10 2F 9F 6D 02 00 01 DF 81 29 08 30 F0 F0 F0 38 F0 FF 00 FF 81 06 31 DF 81 2A 18 30 30 30 31 30 30 30 30 30 31 30 30 31 31 31 31 31 31 31 31 31 31 31 32 DF 81 2B 07 00 01 00 00 01 00 2F DF 81 15 06 00 00 00 00 00 FF FF 81 05 70 50 0A 4D 61 73 74 65 72 43 61 72 64 84 07 A0 00 00 00 04 10 10 9F 6D 02 00 01 56 3E 42 35 32 35 36 38 33 32 30 33 30 30 30 30 30 30 30 5E 53 75 70 70 6C 69 65 64 2F 4E 6F 74 5E 31 32 31 32 35 30 32 30 39 31 31 30 30 36 37 35 31 31 30 31 31 31 31 31 31 31 31 31 31 31 32 9F 6B 13 52 56 83 20 30 00 00 00 D1 21 25 02 56 51 00 67 51 10 2F FF EE 04 1E FF EE 05 1A DF 81 16 16 1E 04 00 00 00 00 00 00 00 00 00 00 00 00 00 00 00 00 00 00 00 00 B5 09  

 Result = FAILED
 ---------- END OF TEST ----------

 Result = FAILED
 

 MASTER RESULT = FAILED


Docklight Log File (HEX) - Stopped 2015/1/26 11:32:43.554 

