Docklight Log File (HEX) - Started 2016/11/16 09:20:53.307 
 TEST CASE: ST006

 --- Set POS COM PORT Settings
 Set POS COM PORT...
 POS operating on COM90 @ 9600 baud...
 Set POS COM PORT - COMPLETE

 --- Poll on demand

2016/11/16 09:20:54.550 [TX] - 56 69 56 4F 74 65 63 68 32 00 01 01 00 01 01 D7 34 
2016/11/16 09:20:54.555 [RX] - 56 69 56 4F 74 65 63 68 32 00 01 00 00 00 12 53 00 00 00 00 00 00 00 00 00 00 00 00 00 00 00 00 00 00 00 00 00 00 00 00 00 00 00 00 00 00 00 00 00 00 00 00 00 00 00 00 00 00 00 00 00 00 00  

 --- Burst mode off

2016/11/16 09:20:54.560 [TX] - 56 69 56 4F 74 65 63 68 32 00 04 00 00 04 FF F7 01 00 B9 2E 
2016/11/16 09:20:54.565 [RX] - 56 69 56 4F 74 65 63 68 32 00 04 00 00 00 AE 16 00 00 00 00 00 00 00 00 00 00 00 00 00 00 00 00 00 00 00 00 00 00 00 00 00 00 00 00 00 00 00 00 00 00 00 00 00 00 00 00 00 00 00 00 00 00 00  

 --- Set SmartTap support: FFF3

2016/11/16 09:20:54.570 [TX] - 56 69 56 4F 74 65 63 68 32 00 04 00 00 05 FF F3 02 17 FF B9 2E 
2016/11/16 09:20:54.574 [RX] - 56 69 56 4F 74 65 63 68 32 00 04 00 00 00 AE 16 00 00 00 00 00 00 00 00 00 00 00 00 00 00 00 00 00 00 00 00 00 00 00 00 00 00 00 00 00 00 00 00 00 00 00 00 00 00 00 00 00 00 00 00 00 00 00  

 --- Act-Test 6 SmartTap Phone, PrePPSE read, Pay, LOYALTY+OFFERS, LargeData

2016/11/16 09:21:07.179 [TX] - 56 69 56 4F 74 65 63 68 32 00 02 01 00 69 0A 9F 02 06 00 00 00 00 15 00 FF EE 01 5B DF 50 04 17 02 01 00 DF 47 51 DF 31 08 99 99 99 99 88 88 88 88 DF 32 20 30 31 32 33 34 35 36 37 38 39 41 42 43 44 45 46 46 45 44 43 42 41 39 38 37 36 35 34 33 32 31 30 DF 41 05 70 02 00 00 01 DF 54 05 12 63 19 70 11 DF 11 07 20 11 09 28 12 00 30 DF 12 02 01 20 DF 33 01 A0 40 70 
2016/11/16 09:21:08.353 [RX] - 56 69 56 4F 74 65 63 68 32 00 02 00 02 4A 00 00 00 FF EE 02 82 02 30 DF 49 82 02 2B 00 00 00 00 90 00 DF 21 09 00 11 22 33 44 55 66 77 88 DF 51 08 11 00 00 00 00 00 00 01 DF 53 05 01 90 30 00 01 DF 41 08 50 00 00 00 00 00 00 01 DF 43 06 01 70 02 00 00 01 DF 51 08 11 00 00 00 00 00 00 21 DF 53 05 01 90 30 00 21 DF 51 08 11 00 00 00 00 00 00 07 DF 53 05 01 90 30 00 07 DF 51 08 11 00 00 00 00 00 00 14 DF 53 05 01 90 30 00 14 DF 41 08 50 00 00 00 00 00 00 04 DF 43 06 01 70 02 00 00 04 DF 51 08 11 00 00 00 00 00 00 09 DF 53 05 01 90 30 00 09 DF 51 08 11 00 00 00 00 00 00 03 DF 53 05 01 90 30 00 03 DF 51 08 11 00 00 00 00 00 00 20 DF 53 05 01 90 30 00 20 DF 51 08 11 00 00 00 00 00 00 11 DF 53 05 01 90 30 00 11 DF 51 08 11 00 00 00 00 00 00 22 DF 53 05 01 90 30 00 22 DF 51 08 11 00 00 00 00 00 00 05 DF 53 05 01 90 30 00 05 DF 51 08 11 00 00 00 00 00 00 18 DF 53 05 01 90 30 00 18 DF 41 08 50 00 00 00 00 00 00 02 DF 43 06 01 70 02 00 00 02 DF 51 08 11 00 00 00 00 00 00 19 DF 53 05 01 90 30 00 19 DF 51 08 11 00 00 00 00 00 00 16 DF 53 05 01 90 30 00 16 DF 41 08 50 00 00 00 00 00 00 05 DF 43 06 01 70 02 00 00 05 DF 51 08 11 00 00 00 00 00 00 12 DF 53 05 01 90 30 00 12 DF 51 08 11 00 00 00 00 00 00 13 DF 53 05 01 90 30 00 13 DF 51 08 11 00 00 00 00 00 00 15 DF 53 05 01 90 30 00 15 DF 51 08 11 00 00 00 00 00 00 17 DF 53 05 01 90 30 00 17 DF 51 08 11 00 00 00 00 00 00 06 DF 53 05 01 90 30 00 06 DF 51 08 11 00 00 00 00 00 00 02 DF 53 05 01 90 30 00 02 DF 51 08 11 00 00 00 00 00 00 08 DF 53 05 01 90 30 00 08 DF 41 08 50 00 00 00 00 00 00 03 DF 43 06 01 70 02 00 00 03 DF 51 08 11 00 00 00 00 00 00 23 DF 53 05 01 90 30 00 23 DF 51 08 11 00 00 00 00 00 00 10 DF 53 05 01 90 30 00 10 DF 51 08 11 00 00 00 00 00 00 04 DF 53 05 01 90 30 00 04 9F 39 01 07 FF EE 01 04 DF 30 01 00 DF EE 26 01 01 38 31 00 00 00 00 00 00 00 00 00 00 00 00 00 00 00 00 00 00 00 00 00 00 00 00 00 00 00 00  

 Result = PASSED
 

 --- 02-40 Act-Test 6 SmartTap Phone, PrePPSE read, Pay, LOYALTY+OFFERS, LargeData

2016/11/16 09:21:13.823 [TX] - 56 69 56 4F 74 65 63 68 32 00 02 40 00 69 0A 9F 02 06 00 00 00 00 15 00 FF EE 01 5B DF 50 04 17 02 01 00 DF 47 51 DF 31 08 99 99 99 99 88 88 88 88 DF 32 20 30 31 32 33 34 35 36 37 38 39 41 42 43 44 45 46 46 45 44 43 42 41 39 38 37 36 35 34 33 32 31 30 DF 41 05 70 02 00 00 01 DF 54 05 12 63 19 70 11 DF 11 07 20 11 09 28 12 00 30 DF 12 02 01 20 DF 33 01 A0 C8 AE 
2016/11/16 09:21:14.941 [RX] - 56 69 56 4F 74 65 63 68 32 00 02 00 02 48 01 FF EE 02 82 02 30 DF 49 82 02 2B 00 00 00 00 90 00 DF 21 09 00 11 22 33 44 55 66 77 88 DF 51 08 11 00 00 00 00 00 00 01 DF 53 05 01 90 30 00 01 DF 41 08 50 00 00 00 00 00 00 01 DF 43 06 01 70 02 00 00 01 DF 51 08 11 00 00 00 00 00 00 21 DF 53 05 01 90 30 00 21 DF 51 08 11 00 00 00 00 00 00 07 DF 53 05 01 90 30 00 07 DF 51 08 11 00 00 00 00 00 00 14 DF 53 05 01 90 30 00 14 DF 41 08 50 00 00 00 00 00 00 04 DF 43 06 01 70 02 00 00 04 DF 51 08 11 00 00 00 00 00 00 09 DF 53 05 01 90 30 00 09 DF 51 08 11 00 00 00 00 00 00 03 DF 53 05 01 90 30 00 03 DF 51 08 11 00 00 00 00 00 00 20 DF 53 05 01 90 30 00 20 DF 51 08 11 00 00 00 00 00 00 11 DF 53 05 01 90 30 00 11 DF 51 08 11 00 00 00 00 00 00 22 DF 53 05 01 90 30 00 22 DF 51 08 11 00 00 00 00 00 00 05 DF 53 05 01 90 30 00 05 DF 51 08 11 00 00 00 00 00 00 18 DF 53 05 01 90 30 00 18 DF 41 08 50 00 00 00 00 00 00 02 DF 43 06 01 70 02 00 00 02 DF 51 08 11 00 00 00 00 00 00 19 DF 53 05 01 90 30 00 19 DF 51 08 11 00 00 00 00 00 00 16 DF 53 05 01 90 30 00 16 DF 41 08 50 00 00 00 00 00 00 05 DF 43 06 01 70 02 00 00 05 DF 51 08 11 00 00 00 00 00 00 12 DF 53 05 01 90 30 00 12 DF 51 08 11 00 00 00 00 00 00 13 DF 53 05 01 90 30 00 13 DF 51 08 11 00 00 00 00 00 00 15 DF 53 05 01 90 30 00 15 DF 51 08 11 00 00 00 00 00 00 17 DF 53 05 01 90 30 00 17 DF 51 08 11 00 00 00 00 00 00 06 DF 53 05 01 90 30 00 06 DF 51 08 11 00 00 00 00 00 00 02 DF 53 05 01 90 30 00 02 DF 51 08 11 00 00 00 00 00 00 08 DF 53 05 01 90 30 00 08 DF 41 08 50 00 00 00 00 00 00 03 DF 43 06 01 70 02 00 00 03 DF 51 08 11 00 00 00 00 00 00 23 DF 53 05 01 90 30 00 23 DF 51 08 11 00 00 00 00 00 00 10 DF 53 05 01 90 30 00 10 DF 51 08 11 00 00 00 00 00 00 04 DF 53 05 01 90 30 00 04 9F 39 01 07 FF EE 01 04 DF 30 01 00 DF EE 26 01 01 66 A3 00 00 00 00 00 00 00 00 00 00 00 00 00 00 00 00 00 00 00 00 00 00 00 00 00 00 00 00 00 00  

 Result = PASSED
 

 ---------- END OF TEST ----------



Docklight Log File (HEX) - Stopped 2016/11/16 09:21:15.070 

