Docklight Log File (HEX) - Started 2021/12/29 16:32:30.935 
 TEST CASE: Applepay0011

 --- Set POS COM PORT Settings
 Set POS COM PORT...
 POS operating on COM1 @ 9600 baud...
 Set POS COM PORT - COMPLETE

 --- Auto Poll

2021/12/29 16:32:32.538 [TX] - 56 69 56 4F 74 65 63 68 32 00 01 01 00 01 00 F6 24 
2021/12/29 16:32:32.597 [RX] - 55 55 55 55 55 55 55 55 55 55 55 55 55 55 55 55 55 55 55 55 55 55 55 55 55 55 55 55 55 55 66 56 69 56 4F 74 65 63 68 32 00 01 00 00 00 12 53  

 --- Burst Mode On *** GR

2021/12/29 16:32:33.591 [TX] - 56 69 56 4F 74 65 63 68 32 00 04 00 00 04 FF F7 01 01 98 3E 
2021/12/29 16:32:33.656 [RX] - 55 55 55 55 55 55 55 55 55 55 55 55 55 55 55 55 55 55 55 55 55 55 55 55 55 55 55 55 55 55 66 56 69 56 4F 74 65 63 68 32 00 04 00 00 00 AE 16  

 --- 04-00-----TTQ A0 00 40 00

2021/12/29 16:33:01.010 [TX] - 56 69 56 4F 74 65 63 68 32 00 04 03 00 C0 FF E4 01 06 9F 15 02 00 00 9F 16 0F 00 00 00 00 00 00 00 00 00 00 00 00 00 00 00 9F 1C 08 00 00 00 00 00 00 00 00 9F 40 05 60 00 00 10 01 9F 4E 1E 00 00 00 00 00 00 00 00 00 00 00 00 00 00 00 00 00 00 00 00 00 00 00 00 00 00 00 00 00 00 FF F2 08 30 30 30 30 30 30 30 30 9F 53 01 00 9C 01 00 5F 2A 02 08 40 5F 36 01 02 9F 02 06 00 00 00 00 00 01 9F 03 06 00 00 00 00 00 00 9F 09 02 00 02 9F 1A 02 08 40 9F 1B 04 00 00 17 70 9F 33 03 00 08 E8 9F 35 01 22 9F 66 04 A0 00 40 00 DF 64 01 00 FF F0 03 02 00 00 FF F1 06 00 00 00 01 00 00 FF F4 03 01 00 01 FF F5 06 00 00 00 00 80 00 6F 37 
2021/12/29 16:33:01.519 [RX] - 55 55 55 55 55 55 55 55 55 55 55 55 55 55 55 55 55 55 55 55 55 55 55 55 55 55 55 55 55 55 66 56 69 56 4F 74 65 63 68 32 00 04 00 00 00 AE 16  

 --- Burst Mode Applepay response
55 55 55 55 55 55 55 55 55 55 55 55 55 55 55 55 55 55 55 55 55 55 55 55 55 55 55 55 55 55 66 03 00 02 01 42 00 00 01 E1 7C 4F 07 A0 00 00 00 03 20 10 9F 66 04 A0 00 40 00 82 02 00 40 95 05 00 00 00 00 00 5F 2A 02 08 40 9F 6E 04 23 8A 00 00 9F 26 08 42 24 53 27 1D 44 CA A6 9F 27 01 80 9F 02 06 00 00 00 00 00 01 9F 03 06 00 00 00 00 00 00 9F 10 20 1F 4A 02 32 A0 00 00 00 00 10 03 02 73 00 00 00 00 40 00 00 00 00 00 00 00 00 00 00 00 00 00 00 9F 1A 02 08 40 9F 36 02 04 A4 9F 37 04 7C CD 89 E8 57 13 48 17 49 91 30 37 19 65 D2 31 22 26 00 00 01 67 99 99 3F 84 07 A0 00 00 00 03 20 10 5F 34 01 00 9A 03 14 08 10 9B 02 00 00 9C 01 00 9F 06 07 A0 00 00 00 03 20 10 9F 07 02 C0 80 9F 09 02 00 02 9F 1E 08 33 54 31 32 33 34 35 36 9F 21 03 12 03 11 9F 33 03 00 08 E8 9F 41 04 00 00 00 01 9F 39 01 07 9F 6C 02 00 80 9F 35 01 22 5F 28 02 00 76 FF EE 01 0C DF 52 01 03 DF 30 01 00 DF 5B 01 08 DF EF 7F 01 00 DF EE 26 01 01 DF EF 4C 06 00 27 00 00 00 00 DF EF 4D 27 3B 34 38 31 37 34 39 39 31 33 30 33 37 31 39 36 35 3D 32 33 31 32 32 32 36 30 30 30 30 30 31 36 37 39 39 39 39 33 3F 5C 5D  


2021/12/29 16:33:07.005 [TX] - 56 69 56 4F 74 65 63 68 32 00 04 09 00 00 87 30  

 Result = PASSED
 ---------- END OF TEST ----------

 

 MASTER RESULT = PASSED


Docklight Log File (HEX) - Stopped 2021/12/29 16:33:09.131 

