Docklight Log File (HEX) - Started 2026/3/19 11:18:07.571 
 TEST CASE: ST601

 --- Set POS COM PORT Settings
 Set POS COM PORT...
 POS operating on COM90 @ 9600 baud...
 Set POS COM PORT - COMPLETE

 --- 04-09 reset to default

2026/3/19 11:18:08.761 [TX] - 56 69 56 4F 74 65 63 68 32 00 04 09 00 00 87 30 
2026/3/19 11:18:11.142 [RX] - 56 69 56 4F 74 65 63 68 32 00 04 00 00 00 AE 16 00 00 00 00 00 00 00 00 00 00 00 00 00 00 00 00 00 00 00 00 00 00 00 00 00 00 00 00 00 00 00 00 00 00 00 00 00 00 00 00 00 00 00 00 00 00 00  

 --- 01-01 - Auto Poll

2026/3/19 11:18:11.662 [TX] - 56 69 56 4F 74 65 63 68 32 00 01 01 00 01 00 F6 24 
2026/3/19 11:18:11.672 [RX] - 56 69 56 4F 74 65 63 68 32 00 01 00 00 00 12 53 00 00 00 00 00 00 00 00 00 00 00 00 00 00 00 00 00 00 00 00 00 00 00 00 00 00 00 00 00 00 00 00 00 00 00 00 00 00 00 00 00 00 00 00 00 00 00  

 --- Burst mode OFF

2026/3/19 11:18:12.191 [TX] - 56 69 56 4F 74 65 63 68 32 00 04 00 00 04 FF F7 01 00 B9 2E 
2026/3/19 11:18:12.201 [RX] - 56 69 56 4F 74 65 63 68 32 00 04 00 00 00 AE 16 00 00 00 00 00 00 00 00 00 00 00 00 00 00 00 00 00 00 00 00 00 00 00 00 00 00 00 00 00 00 00 00 00 00 00 00 00 00 00 00 00 00 00 00 00 00 00  

 --- C7-65 set private key

2026/3/19 11:18:12.727 [TX] - 56 69 56 4F 74 65 63 68 32 00 C7 65 00 24 00 00 00 01 82 6D 17 E5 07 67 B1 65 B0 E4 D9 E3 32 F8 D1 D1 E2 02 24 28 4F B4 DA F1 E5 0A 03 24 6E 70 79 7D 71 B8 
2026/3/19 11:18:12.736 [RX] - 56 69 56 4F 74 65 63 68 32 00 C7 00 00 00 86 6E 00 00 00 00 00 00 00 00 00 00 00 00 00 00 00 00 00 00 00 00 00 00 00 00 00 00 00 00 00 00 00 00 00 00 00 00 00 00 00 00 00 00 00 00 00 00 00  

 --- 01-0D - Auto output = for good & bad reads

2026/3/19 11:18:13.248 [TX] - 56 69 56 4F 74 65 63 68 32 00 01 0D 00 01 02 86 4B 
2026/3/19 11:18:13.255 [RX] - 56 69 56 4F 74 65 63 68 32 00 01 00 00 00 12 53 00 00 00 00 00 00 00 00 00 00 00 00 00 00 00 00 00 00 00 00 00 00 00 00 00 00 00 00 00 00 00 00 00 00 00 00 00 00 00 00 00 00 00 00 00 00 00  

 --- Case 0.1 - Get VAS Only

2026/3/19 11:18:13.779 [TX] - 56 69 56 4F 74 65 63 68 32 00 04 03 00 3E FF E4 01 8E DF EE 3B 04 00 BC 61 4E DF EE 3C 00 DF EE 3D 00 DF EF 25 00 DF ED 01 00 DF ED 02 05 00 00 00 00 01 DF ED 03 01 00 DF ED 04 01 01 DF ED 05 01 01 DF ED 06 01 00 DF ED 07 01 00 02 8C 
2026/3/19 11:18:13.794 [RX] - 56 69 56 4F 74 65 63 68 32 00 04 00 00 00 AE 16 00 00 00 00 00 00 00 00 00 00 00 00 00 00 00 00 00 00 00 00 00 00 00 00 00 00 00 00 00 00 00 00 00 00 00 00 00 00 00 00 00 00 00 00 00 00 00  

 --- 04-00 Terminal Mode = Get VAS Only

2026/3/19 11:18:14.321 [TX] - 56 69 56 4F 74 65 63 68 32 00 04 00 00 0A DF EF 1A 01 02 DF ED 28 01 00 84 08 
2026/3/19 11:18:14.326 [RX] - 56 69 56 4F 74 65 63 68 32 00 04 00 00 00 AE 16 00 00 00 00 00 00 00 00 00 00 00 00 00 00 00 00 00 00 00 00 00 00 00 00 00 00 00 00 00 00 00 00 00 00 00 00 00 00 00 00 00 00 00 00 00 00 00  

 --- VAS data auto output
56 69 56 4F 74 65 63 68 32 00 02 57 00 0D 01 FF EE 08 08 FF EE 1F 04 20 67 00 02 26 C1 00 00 00 00 00 00 00 00 00 00 00 00 00 00 00 00 00 00 00 00 00 00 00 00 00 00 00 00 00 00 00 00 00 00  

 --- Case 0.3 - Secure Get VAS Only

2026/3/19 11:18:22.403 [TX] - 56 69 56 4F 74 65 63 68 32 00 04 03 00 3E FF E4 01 8E DF EE 3B 04 00 BC 61 4E DF EE 3C 00 DF EE 3D 00 DF EF 25 00 DF ED 01 00 DF ED 02 05 00 00 00 00 01 DF ED 03 01 00 DF ED 04 01 01 DF ED 05 01 01 DF ED 06 01 00 DF ED 07 01 00 02 8C 
2026/3/19 11:18:22.418 [RX] - 56 69 56 4F 74 65 63 68 32 00 04 00 00 00 AE 16 00 00 00 00 00 00 00 00 00 00 00 00 00 00 00 00 00 00 00 00 00 00 00 00 00 00 00 00 00 00 00 00 00 00 00 00 00 00 00 00 00 00 00 00 00 00 00  

 --- 04-00 Terminal Mode = Secure Get VAS Only

2026/3/19 11:18:22.952 [TX] - 56 69 56 4F 74 65 63 68 32 00 04 00 00 0A DF EF 1A 01 0A DF ED 28 01 00 C6 05 
2026/3/19 11:18:22.958 [RX] - 56 69 56 4F 74 65 63 68 32 00 04 00 00 00 AE 16 00 00 00 00 00 00 00 00 00 00 00 00 00 00 00 00 00 00 00 00 00 00 00 00 00 00 00 00 00 00 00 00 00 00 00 00 00 00 00 00 00 00 00 00 00 00 00  

 --- VAS data auto output
56 69 56 4F 74 65 63 68 32 00 02 57 00 0D 01 FF EE 08 08 FF EE 1F 04 20 67 00 02 26 C1 00 00 00 00 00 00 00 00 00 00 00 00 00 00 00 00 00 00 00 00 00 00 00 00 00 00 00 00 00 00 00 00 00 00  

 --- Case 0.6 - Get VAS AND Payment

2026/3/19 11:18:26.995 [TX] - 56 69 56 4F 74 65 63 68 32 00 04 03 00 3E FF E4 01 8E DF EE 3B 04 00 BC 61 4E DF EE 3C 00 DF EE 3D 00 DF EF 25 00 DF ED 01 00 DF ED 02 05 00 00 00 00 04 DF ED 03 01 00 DF ED 04 01 01 DF ED 05 01 01 DF ED 06 01 00 DF ED 07 01 00 A5 B1 
2026/3/19 11:18:27.010 [RX] - 56 69 56 4F 74 65 63 68 32 00 04 00 00 00 AE 16 00 00 00 00 00 00 00 00 00 00 00 00 00 00 00 00 00 00 00 00 00 00 00 00 00 00 00 00 00 00 00 00 00 00 00 00 00 00 00 00 00 00 00 00 00 00 00  

 --- 04-00 Terminal Mode = Get VAS AND Payment

2026/3/19 11:18:27.546 [TX] - 56 69 56 4F 74 65 63 68 32 00 04 00 00 0A DF EF 1A 01 01 DF ED 28 01 00 64 C6 
2026/3/19 11:18:27.554 [RX] - 56 69 56 4F 74 65 63 68 32 00 04 00 00 00 AE 16 00 00 00 00 00 00 00 00 00 00 00 00 00 00 00 00 00 00 00 00 00 00 00 00 00 00 00 00 00 00 00 00 00 00 00 00 00 00 00 00 00 00 00 00 00 00 00  

 --- VAS data auto output
56 69 56 4F 74 65 63 68 32 00 02 23 01 46 11 9A 03 14 08 10 9F 21 03 12 01 21 9F 37 04 BF 07 F1 9C 9F 6A 04 00 00 00 94 9C 01 00 9F 39 01 91 FF EE 01 04 DF 30 01 00 9F 1E 08 32 33 34 35 36 37 38 39 DF 81 16 16 1E 04 00 00 00 00 00 00 00 00 00 00 00 00 00 00 00 00 00 00 00 00 DF 81 29 08 30 F0 F0 00 30 F0 FF 00 FF 81 06 31 DF 81 15 06 00 00 00 00 00 FF DF 81 2A 18 30 30 30 31 30 30 30 30 30 31 30 30 31 31 31 31 31 31 31 31 31 31 31 32 DF 81 2B 07 00 01 00 00 01 00 2F FF 81 05 79 9F 02 06 00 00 00 00 00 01 9F 6D 02 00 01 50 0A 4D 61 73 74 65 72 43 61 72 64 84 07 A0 00 00 00 04 10 10 56 3E 42 35 32 35 36 38 33 32 30 33 30 30 30 30 30 30 30 5E 53 75 70 70 6C 69 65 64 2F 4E 6F 74 5E 31 32 31 32 35 30 32 38 37 34 31 31 32 37 38 33 31 39 34 31 31 31 31 31 31 31 31 31 31 31 32 9F 6B 13 52 56 83 20 30 00 00 00 D1 21 25 02 45 01 12 78 31 94 2F DF EF 4C 06 00 27 00 00 00 00 DF EF 4D 27 3B 35 32 35 36 38 33 32 30 33 30 30 30 30 30 30 30 3D 31 32 31 32 35 30 32 34 35 30 31 31 32 37 38 33 31 39 34 32 3F DF EE 26 01 11 3D 07 00 00 00 00 00 00 00 00 00 00 00 00 00 00 00 00 00 00 00 00 00 00 00 00 00 00 00 00 00 00 00 00 00 00 00 00  

 --- Case 0.8 - Secure Get VAS AND Payment

2026/3/19 11:18:31.688 [TX] - 56 69 56 4F 74 65 63 68 32 00 04 03 00 3E FF E4 01 8E DF EE 3B 04 00 BC 61 4E DF EE 3C 00 DF EE 3D 00 DF EF 25 00 DF ED 01 00 DF ED 02 05 00 00 00 00 04 DF ED 03 01 00 DF ED 04 01 01 DF ED 05 01 01 DF ED 06 01 00 DF ED 07 01 00 A5 B1 
2026/3/19 11:18:31.702 [RX] - 56 69 56 4F 74 65 63 68 32 00 04 00 00 00 AE 16 00 00 00 00 00 00 00 00 00 00 00 00 00 00 00 00 00 00 00 00 00 00 00 00 00 00 00 00 00 00 00 00 00 00 00 00 00 00 00 00 00 00 00 00 00 00 00  

 --- 04-00 Terminal Mode = Secure Get VAS AND Payment

2026/3/19 11:18:32.235 [TX] - 56 69 56 4F 74 65 63 68 32 00 04 00 00 0A DF EF 1A 01 09 DF ED 28 01 00 26 CB 
2026/3/19 11:18:32.242 [RX] - 56 69 56 4F 74 65 63 68 32 00 04 00 00 00 AE 16 00 00 00 00 00 00 00 00 00 00 00 00 00 00 00 00 00 00 00 00 00 00 00 00 00 00 00 00 00 00 00 00 00 00 00 00 00 00 00 00 00 00 00 00 00 00 00  

 --- VAS data auto output
56 69 56 4F 74 65 63 68 32 00 02 23 01 46 11 9A 03 14 08 10 9F 21 03 12 01 31 9F 37 04 36 39 E3 F2 9F 6A 04 00 00 00 79 9C 01 00 9F 39 01 91 FF EE 01 04 DF 30 01 00 9F 1E 08 32 33 34 35 36 37 38 39 DF 81 16 16 1E 04 00 00 00 00 00 00 00 00 00 00 00 00 00 00 00 00 00 00 00 00 DF 81 29 08 30 F0 F0 00 30 F0 FF 00 FF 81 06 31 DF 81 15 06 00 00 00 00 00 FF DF 81 2A 18 30 30 30 31 30 30 30 30 30 31 30 30 31 31 31 31 31 31 31 31 31 31 31 32 DF 81 2B 07 00 01 00 00 01 00 2F FF 81 05 79 9F 02 06 00 00 00 00 00 01 9F 6D 02 00 01 50 0A 4D 61 73 74 65 72 43 61 72 64 84 07 A0 00 00 00 04 10 10 56 3E 42 35 32 35 36 38 33 32 30 33 30 30 30 30 30 30 30 5E 53 75 70 70 6C 69 65 64 2F 4E 6F 74 5E 31 32 31 32 35 30 32 30 30 36 31 31 32 37 38 34 31 37 39 31 31 31 31 31 31 31 31 31 31 31 32 9F 6B 13 52 56 83 20 30 00 00 00 D1 21 25 02 74 21 12 78 41 79 2F DF EF 4C 06 00 27 00 00 00 00 DF EF 4D 27 3B 35 32 35 36 38 33 32 30 33 30 30 30 30 30 30 30 3D 31 32 31 32 35 30 32 37 34 32 31 31 32 37 38 34 31 37 39 32 3F DF EE 26 01 11 C6 A5 00 00 00 00 00 00 00 00 00 00 00 00 00 00 00 00 00 00 00 00 00 00 00 00 00 00 00 00 00 00 00 00 00 00 00 00  

 --- Case 0.13 - Get VAS OR Payment

2026/3/19 11:18:41.828 [TX] - 56 69 56 4F 74 65 63 68 32 00 04 03 00 3E FF E4 01 8E DF EE 3B 04 00 BC 61 4E DF EE 3C 00 DF EE 3D 00 DF EF 25 00 DF ED 01 00 DF ED 02 05 00 00 00 00 08 DF ED 03 01 00 DF ED 04 01 01 DF ED 05 01 01 DF ED 06 01 00 DF ED 07 01 00 CE 13 
2026/3/19 11:18:41.842 [RX] - 56 69 56 4F 74 65 63 68 32 00 04 00 00 00 AE 16 00 00 00 00 00 00 00 00 00 00 00 00 00 00 00 00 00 00 00 00 00 00 00 00 00 00 00 00 00 00 00 00 00 00 00 00 00 00 00 00 00 00 00 00 00 00 00  

 --- 04-00 Terminal Mode = Get VAS OR Payment

2026/3/19 11:18:42.375 [TX] - 56 69 56 4F 74 65 63 68 32 00 04 00 00 0A DF EF 1A 01 00 DF ED 28 01 00 C4 83 
2026/3/19 11:18:42.382 [RX] - 56 69 56 4F 74 65 63 68 32 00 04 00 00 00 AE 16 00 00 00 00 00 00 00 00 00 00 00 00 00 00 00 00 00 00 00 00 00 00 00 00 00 00 00 00 00 00 00 00 00 00 00 00 00 00 00 00 00 00 00 00 00 00 00  

 --- VAS data auto output
56 69 56 4F 74 65 63 68 32 00 02 23 01 46 11 9A 03 14 08 10 9F 21 03 12 01 37 9F 37 04 AD 16 FD 63 9F 6A 04 00 00 00 23 9C 01 00 9F 39 01 91 FF EE 01 04 DF 30 01 00 9F 1E 08 32 33 34 35 36 37 38 39 DF 81 16 16 1E 04 00 00 00 00 00 00 00 00 00 00 00 00 00 00 00 00 00 00 00 00 DF 81 29 08 30 F0 F0 00 30 F0 FF 00 FF 81 06 31 DF 81 15 06 00 00 00 00 00 FF DF 81 2A 18 30 30 30 31 30 30 30 30 30 31 30 30 31 31 31 31 31 31 31 31 31 31 31 32 DF 81 2B 07 00 01 00 00 01 00 2F FF 81 05 79 9F 02 06 00 00 00 00 00 01 9F 6D 02 00 01 50 0A 4D 61 73 74 65 72 43 61 72 64 84 07 A0 00 00 00 04 10 10 56 3E 42 35 32 35 36 38 33 32 30 33 30 30 30 30 30 30 30 5E 53 75 70 70 6C 69 65 64 2F 4E 6F 74 5E 31 32 31 32 35 30 32 38 34 31 31 31 32 37 38 35 31 32 33 31 31 31 31 31 31 31 31 31 31 31 32 9F 6B 13 52 56 83 20 30 00 00 00 D1 21 25 02 14 81 12 78 51 23 2F DF EF 4C 06 00 27 00 00 00 00 DF EF 4D 27 3B 35 32 35 36 38 33 32 30 33 30 30 30 30 30 30 30 3D 31 32 31 32 35 30 32 31 34 38 31 31 32 37 38 35 31 32 33 32 3F DF EE 26 01 11 8B 0E 00 00 00 00 00 00 00 00 00 00 00 00 00 00 00 00 00 00 00 00 00 00 00 00 00 00 00 00 00 00 00 00 00 00 00 00  

 --- Case 0.14 - Secure Get VAS OR Payment

2026/3/19 11:18:47.156 [TX] - 56 69 56 4F 74 65 63 68 32 00 04 03 00 3E FF E4 01 8E DF EE 3B 04 00 BC 61 4E DF EE 3C 00 DF EE 3D 00 DF EF 25 00 DF ED 01 00 DF ED 02 05 00 00 00 00 08 DF ED 03 01 00 DF ED 04 01 01 DF ED 05 01 01 DF ED 06 01 00 DF ED 07 01 00 CE 13 
2026/3/19 11:18:47.172 [RX] - 56 69 56 4F 74 65 63 68 32 00 04 00 00 00 AE 16 00 00 00 00 00 00 00 00 00 00 00 00 00 00 00 00 00 00 00 00 00 00 00 00 00 00 00 00 00 00 00 00 00 00 00 00 00 00 00 00 00 00 00 00 00 00 00  

 --- 04-00 Terminal Mode = Secure Get VAS OR Payment

2026/3/19 11:18:47.701 [TX] - 56 69 56 4F 74 65 63 68 32 00 04 00 00 0A DF EF 1A 01 08 DF ED 28 01 00 86 8E 
2026/3/19 11:18:47.706 [RX] - 56 69 56 4F 74 65 63 68 32 00 04 00 00 00 AE 16 00 00 00 00 00 00 00 00 00 00 00 00 00 00 00 00 00 00 00 00 00 00 00 00 00 00 00 00 00 00 00 00 00 00 00 00 00 00 00 00 00 00 00 00 00 00 00  

 --- VAS data auto output
56 69 56 4F 74 65 63 68 32 00 02 23 01 46 11 9A 03 14 08 10 9F 21 03 12 01 42 9F 37 04 9D BE 03 8D 9F 6A 04 00 00 00 07 9C 01 00 9F 39 01 91 FF EE 01 04 DF 30 01 00 9F 1E 08 32 33 34 35 36 37 38 39 DF 81 16 16 1E 04 00 00 00 00 00 00 00 00 00 00 00 00 00 00 00 00 00 00 00 00 DF 81 29 08 30 F0 F0 00 30 F0 FF 00 FF 81 06 31 DF 81 15 06 00 00 00 00 00 FF DF 81 2A 18 30 30 30 31 30 30 30 30 30 31 30 30 31 31 31 31 31 31 31 31 31 31 31 32 DF 81 2B 07 00 01 00 00 01 00 2F FF 81 05 79 9F 02 06 00 00 00 00 00 01 9F 6D 02 00 01 50 0A 4D 61 73 74 65 72 43 61 72 64 84 07 A0 00 00 00 04 10 10 56 3E 42 35 32 35 36 38 33 32 30 33 30 30 30 30 30 30 30 5E 53 75 70 70 6C 69 65 64 2F 4E 6F 74 5E 31 32 31 32 35 30 32 35 36 38 31 31 32 37 38 36 31 30 37 31 31 31 31 31 31 31 31 31 31 31 32 9F 6B 13 52 56 83 20 30 00 00 00 D1 21 25 02 54 91 12 78 61 07 2F DF EF 4C 06 00 27 00 00 00 00 DF EF 4D 27 3B 35 32 35 36 38 33 32 30 33 30 30 30 30 30 30 30 3D 31 32 31 32 35 30 32 35 34 39 31 31 32 37 38 36 31 30 37 32 3F DF EE 26 01 11 65 CC 00 00 00 00 00 00 00 00 00 00 00 00 00 00 00 00 00 00 00 00 00 00 00 00 00 00 00 00 00 00 00 00 00 00 00 00  

 --- Case 0.5 - Push VAS Only

2026/3/19 11:18:52.468 [TX] - 56 69 56 4F 74 65 63 68 32 00 04 03 00 3E FF E4 01 8E DF EE 3B 04 00 BC 61 4E DF EE 3C 00 DF EE 3D 00 DF EF 25 00 DF ED 01 00 DF ED 02 05 00 00 00 00 01 DF ED 03 01 00 DF ED 04 01 01 DF ED 05 01 01 DF ED 06 01 00 DF ED 07 01 00 02 8C 
2026/3/19 11:18:52.482 [RX] - 56 69 56 4F 74 65 63 68 32 00 04 00 00 00 AE 16 00 00 00 00 00 00 00 00 00 00 00 00 00 00 00 00 00 00 00 00 00 00 00 00 00 00 00 00 00 00 00 00 00 00 00 00 00 00 00 00 00 00 00 00 00 00 00  

 --- 04-00 Terminal Mode = Push VAS Only

2026/3/19 11:18:53.014 [TX] - 56 69 56 4F 74 65 63 68 32 00 04 00 00 4A DF EF 1A 01 06 DF EF 1B 41 54 03 3B 6E 73 72 01 99 01 15 03 54 6E 73 74 02 65 6E 4D 79 20 6C 6F 79 61 6C 74 79 20 70 72 6F 67 72 61 6D 59 01 15 03 55 6E 73 75 00 65 78 61 6D 70 6C 65 2E 63 6F 6D 2F 76 61 6C 75 61 62 6C 65 19 10 
2026/3/19 11:18:53.026 [RX] - 56 69 56 4F 74 65 63 68 32 00 04 00 00 00 AE 16 00 00 00 00 00 00 00 00 00 00 00 00 00 00 00 00 00 00 00 00 00 00 00 00 00 00 00 00 00 00 00 00 00 00 00 00 00 00 00 00 00 00 00 00 00 00 00  

 --- VAS data auto output
56 69 56 4F 74 65 63 68 32 00 02 57 00 0D 01 FF EE 08 08 FF EE 1F 04 20 67 00 02 26 C1 00 00 00 00 00 00 00 00 00 00 00 00 00 00 00 00 00 00 00 00 00 00 00 00 00 00 00 00 00 00 00 00 00 00  

 --- Case 0.10 - Push VAS AND Payment

2026/3/19 11:18:56.964 [TX] - 56 69 56 4F 74 65 63 68 32 00 04 03 00 4A FF E4 01 8E DF EE 3B 04 00 BC 61 4E DF EE 3C 00 DF EE 3D 00 DF EF 25 0C 47 6F 6F 67 6C 65 20 53 74 6F 72 65 DF ED 01 00 DF ED 02 05 40 00 00 00 04 DF ED 03 01 00 DF ED 04 01 01 DF ED 05 01 01 DF ED 06 01 00 DF ED 07 01 00 57 D2 
2026/3/19 11:18:56.978 [RX] - 56 69 56 4F 74 65 63 68 32 00 04 00 00 00 AE 16 00 00 00 00 00 00 00 00 00 00 00 00 00 00 00 00 00 00 00 00 00 00 00 00 00 00 00 00 00 00 00 00 00 00 00 00 00 00 00 00 00 00 00 00 00 00 00  

 --- 04-00 Terminal Mode = Push VAS AND Payment

2026/3/19 11:18:57.512 [TX] - 56 69 56 4F 74 65 63 68 32 00 04 00 01 4C DF EF 1A 01 05 DF EF 1B 82 01 41 14 03 65 73 73 72 94 03 03 6F 69 64 04 23 34 54 03 56 73 75 67 01 99 01 19 03 54 73 75 74 02 65 6E 52 65 77 61 72 64 20 50 72 6F 67 72 61 6D 20 41 70 70 6C 69 65 64 59 01 2C 03 54 73 75 64 02 65 6E 31 30 20 70 6F 69 6E 74 73 20 68 61 76 65 20 62 65 65 6E 20 61 64 64 65 64 20 74 6F 20 79 6F 75 72 20 61 63 63 6F 75 6E 74 54 03 65 73 73 72 94 03 03 6F 69 64 04 16 2E 54 03 56 73 75 67 01 99 01 19 03 54 73 75 74 02 65 6E 52 65 77 61 72 64 20 50 72 6F 67 72 61 6D 20 41 70 70 6C 69 65 64 59 01 2C 03 54 73 75 64 02 65 6E 31 30 20 70 6F 69 6E 74 73 20 68 61 76 65 20 62 65 65 6E 20 61 64 64 65 64 20 74 6F 20 79 6F 75 72 20 61 63 63 6F 75 6E 74 54 03 65 73 73 72 94 03 03 6F 69 64 04 04 D2 54 03 56 73 75 67 01 99 01 19 03 54 73 75 74 02 65 6E 52 65 77 61 72 64 20 50 72 6F 67 72 61 6D 20 41 70 70 6C 69 65 64 59 01 2C 03 54 73 75 64 02 65 6E 31 30 20 70 6F 69 6E 74 73 20 68 61 76 65 20 62 65 65 6E 20 61 64 64 65 64 20 74 6F 20 79 6F 75 72 20 61 63 63 6F 75 6E 74 32 BF 
2026/3/19 11:18:57.538 [RX] - 56 69 56 4F 74 65 63 68 32 00 04 00 00 00 AE 16 00 00 00 00 00 00 00 00 00 00 00 00 00 00 00 00 00 00 00 00 00 00 00 00 00 00 00 00 00 00 00 00 00 00 00 00 00 00 00 00 00 00 00 00 00 00 00  

 --- VAS data auto output
56 69 56 4F 74 65 63 68 32 00 02 57 00 0D 01 FF EE 08 08 FF EE 1F 04 20 67 00 02 26 C1 00 00 00 00 00 00 00 00 00 00 00 00 00 00 00 00 00 00 00 00 00 00 00 00 00 00 00 00 00 00 00 00 00 00  

 --- 04-00 Terminal Mode = Payment Only

2026/3/19 11:19:01.875 [TX] - 56 69 56 4F 74 65 63 68 32 00 04 00 00 05 DF EF 1A 01 03 1C 1F 
2026/3/19 11:19:01.882 [RX] - 56 69 56 4F 74 65 63 68 32 00 04 00 00 00 AE 16 00 00 00 00 00 00 00 00 00 00 00 00 00 00 00 00 00 00 00 00 00 00 00 00 00 00 00 00 00 00 00 00 00 00 00 00 00 00 00 00 00 00 00 00 00 00 00  

 --- VAS data auto output
56 69 56 4F 74 65 63 68 32 00 02 23 01 46 11 9A 03 14 08 10 9F 21 03 12 01 55 9F 37 04 08 83 FA A8 9F 6A 04 00 00 00 37 9C 01 00 9F 39 01 91 FF EE 01 04 DF 30 01 00 9F 1E 08 32 33 34 35 36 37 38 39 DF 81 16 16 1E 04 00 00 00 00 00 00 00 00 00 00 00 00 00 00 00 00 00 00 00 00 DF 81 29 08 30 F0 F0 00 30 F0 FF 00 FF 81 06 31 DF 81 15 06 00 00 00 00 00 FF DF 81 2A 18 30 30 30 31 30 30 30 30 30 31 30 30 31 31 31 31 31 31 31 31 31 31 31 32 DF 81 2B 07 00 01 00 00 01 00 2F FF 81 05 79 9F 02 06 00 00 00 00 00 01 9F 6D 02 00 01 50 0A 4D 61 73 74 65 72 43 61 72 64 84 07 A0 00 00 00 04 10 10 56 3E 42 35 32 35 36 38 33 32 30 33 30 30 30 30 30 30 30 5E 53 75 70 70 6C 69 65 64 2F 4E 6F 74 5E 31 32 31 32 35 30 32 34 30 38 31 31 32 37 38 37 31 33 37 31 31 31 31 31 31 31 31 31 31 31 32 9F 6B 13 52 56 83 20 30 00 00 00 D1 21 25 02 41 21 12 78 71 37 2F DF EF 4C 06 00 27 00 00 00 00 DF EF 4D 27 3B 35 32 35 36 38 33 32 30 33 30 30 30 30 30 30 30 3D 31 32 31 32 35 30 32 34 31 32 31 31 32 37 38 37 31 33 37 32 3F DF EE 26 01 11 5B 9B 00 00 00 00 00 00 00 00 00 00 00 00 00 00 00 00 00 00 00 00 00 00 00 00 00 00 00 00 00 00 00 00 00 00 00 00  

 ---------- END OF TEST ----------

 Result = PASSED


Docklight Log File (HEX) - Stopped 2026/3/19 11:19:05.723 

