Docklight Log File (HEX) - Started 2015/8/26 09:21:53.631 
 TEST CASE: SPT200

 --- Set POS COM PORT Settings
 Set POS COM PORT...
 POS operating on COM1 @ 9600 baud...
 Set POS COM PORT - COMPLETE


2015/8/26 09:21:55.139 [TX] - 56 69 56 4F 74 65 63 68 32 00 2C 01 00 01 00 0D 38 
2015/8/26 09:21:55.177 [RX] - 56 69 56 4F 74 65 63 68 32 00 2C 0C 00 00 69 FA  

 Loading DUKPT key...

2015/8/26 09:21:58.161 [TX] - 56 69 56 4F 74 65 63 68 32 00 83 00 00 00 03 22 
2015/8/26 09:21:58.216 [RX] - 56 69 56 4F 74 65 63 68 32 00 83 00 00 00 22 03 
2015/8/26 09:21:59.743 [TX] - 56 69 56 4F 74 65 63 68 32 00 80 00 00 65 30 43 46 35 35 34 43 32 46 30 45 45 41 41 30 30 38 38 4B 30 54 44 30 30 4E 30 30 30 30 30 30 38 30 32 41 38 34 46 44 44 36 33 39 31 35 44 43 41 45 42 46 38 37 37 35 34 33 32 32 44 32 36 37 42 41 33 34 34 31 38 33 41 42 39 41 32 35 36 37 39 30 32 33 34 39 38 37 31 32 30 32 33 34 30 30 30 30 30 30 30 30 C2 98 
2015/8/26 09:21:59.907 [RX] - 56 69 56 4F 74 65 63 68 32 00 80 00 00 00 B9 DF 
2015/8/26 09:22:01.433 [TX] - 56 69 56 4F 74 65 63 68 32 00 80 00 00 65 31 35 43 44 42 38 31 32 46 30 45 45 41 41 30 30 38 38 4B 30 54 44 30 30 4E 30 30 30 30 30 30 38 30 39 32 36 39 41 34 33 36 39 42 36 43 37 45 33 42 35 36 37 32 39 38 33 41 36 36 32 46 36 31 30 33 32 35 37 32 39 32 33 36 33 37 38 33 30 33 33 36 32 33 41 39 39 37 31 32 36 32 33 34 30 30 30 30 30 30 30 30 AA E9 
2015/8/26 09:22:01.596 [RX] - 56 69 56 4F 74 65 63 68 32 00 80 00 00 00 B9 DF 
2015/8/26 09:22:03.122 [TX] - 56 69 56 4F 74 65 63 68 32 00 80 01 00 58 41 30 30 38 38 4B 30 54 44 30 30 4E 30 30 30 30 42 39 34 38 46 37 42 33 34 43 41 44 37 32 36 42 41 37 37 43 39 43 34 41 38 30 37 37 39 42 42 38 36 42 42 43 33 37 34 30 31 31 42 42 45 33 39 45 30 36 46 34 46 36 41 37 44 44 36 46 37 32 30 45 37 31 33 44 45 39 34 41 A0 6B 
2015/8/26 09:22:03.256 [RX] - 56 69 56 4F 74 65 63 68 32 00 80 00 00 00 B9 DF 
2015/8/26 09:22:04.783 [TX] - 56 69 56 4F 74 65 63 68 32 00 81 00 00 71 05 41 30 31 31 32 44 30 54 45 30 30 4E 30 31 30 30 4B 53 31 38 46 46 46 46 39 38 37 36 35 34 33 32 31 30 45 30 30 30 30 30 37 43 45 37 34 45 39 30 30 35 33 43 41 38 45 45 42 43 33 37 42 35 37 30 36 38 31 45 35 42 32 37 36 31 34 38 43 33 45 37 34 34 41 42 43 44 36 44 34 43 35 33 36 43 37 46 34 46 36 37 44 37 46 32 32 44 33 39 34 45 44 42 A8 31 
2015/8/26 09:22:04.968 [RX] - 56 69 56 4F 74 65 63 68 32 00 81 00 00 00 CF 6B 
2015/8/26 09:22:06.502 [TX] - 56 69 56 4F 74 65 63 68 32 00 81 09 00 01 05 40 D3 
2015/8/26 09:22:06.537 [RX] - 56 69 56 4F 74 65 63 68 32 00 81 00 00 00 CF 6B  
OK!
 ---Start Passthrough Mode

2015/8/26 09:22:08.087 [TX] - 56 69 56 4F 74 65 63 68 32 00 2C 01 00 01 01 19 1D 
2015/8/26 09:22:08.133 [RX] - 56 69 56 4F 74 65 63 68 32 00 2C 00 00 00 1C 9B  

 --- 2c-19 ICC, 62 cmd type @ 1

2015/8/26 09:22:08.162 [TX] - 56 69 56 4F 74 65 63 68 32 00 2C 19 00 02 20 62 88 FC 
2015/8/26 09:22:08.199 [RX] - 56 69 56 4F 74 65 63 68 32 00 2C 00 00 0A FF FF 98 76 54 32 10 E0 00 03  << KSN  (10 bytes)
36 1D  

 --- 2c-19 ICC, 62 cmd type @ 2

2015/8/26 09:22:08.752 [TX] - 56 69 56 4F 74 65 63 68 32 00 2C 19 00 02 20 62 88 FC 
2015/8/26 09:22:08.793 [RX] - 56 69 56 4F 74 65 63 68 32 00 2C 00 00 0A FF FF 98 76 54 32 10 E0 00 03  << KSN  (10 bytes)
36 1D  

 --- 2c-19 ICC, 62 cmd type @ 3

2015/8/26 09:22:09.348 [TX] - 56 69 56 4F 74 65 63 68 32 00 2C 19 00 02 20 62 88 FC 
2015/8/26 09:22:09.394 [RX] - 56 69 56 4F 74 65 63 68 32 00 2C 00 00 0A FF FF 98 76 54 32 10 E0 00 03  << KSN  (10 bytes)
36 1D  

 --- 2c-19 ICC, 62 cmd type @ 4

2015/8/26 09:22:09.952 [TX] - 56 69 56 4F 74 65 63 68 32 00 2C 19 00 02 20 62 88 FC 
2015/8/26 09:22:09.994 [RX] - 56 69 56 4F 74 65 63 68 32 00 2C 00 00 0A FF FF 98 76 54 32 10 E0 00 03  << KSN  (10 bytes)
36 1D  

 --- 2c-19 ICC, 62 cmd type @ 5

2015/8/26 09:22:10.561 [TX] - 56 69 56 4F 74 65 63 68 32 00 2C 19 00 02 20 62 88 FC 
2015/8/26 09:22:10.604 [RX] - 56 69 56 4F 74 65 63 68 32 00 2C 00 00 0A FF FF 98 76 54 32 10 E0 00 03  << KSN  (10 bytes)
36 1D  

 --- Stop Passthrough Mode

2015/8/26 09:22:34.676 [TX] - 56 69 56 4F 74 65 63 68 32 00 2C 01 00 01 00 38 0D 
2015/8/26 09:22:34.723 [RX] - 56 69 56 4F 74 65 63 68 32 00 2C 00 00 00 1C 9B  
---------- END OF TEST ----------

 Result = PASSED
 

 MASTER RESULT = PASSED


Docklight Log File (HEX) - Stopped 2015/8/26 09:22:34.846 

