Docklight Log File (HEX) - Started 2024/4/25 10:20:13.597 
 TEST CASE: RD02011

 --- Set POS COM PORT Settings
 Set POS COM PORT...
 POS operating on COM90 @ 115200 baud...
 Set POS COM PORT - COMPLETE

 
User selected 'No'

 
Set Params (04-00) on FFF8 to 00 (UI: VivoTech)


2024/4/25 10:20:19.542 [TX] - 56 69 56 4F 74 65 63 68 32 00 04 00 00 04 FF F8 01 00 88 02 
2024/4/25 10:20:19.553 [RX] - 56 69 56 4F 74 65 63 68 32 00 04 00 00 00 AE 16 00 00 00 00 00 00 00 00 00 00 00 00 00 00 00 00 00 00 00 00 00 00 00 00 00 00 00 00 00 00 00 00 00 00 00 00 00 00 00 00 00 00 00 00 00 00 00  
Set Source - RTC Internal and All external


2024/4/25 10:20:19.559 [TX] - 56 69 56 4F 74 65 63 68 32 00 01 05 00 02 1A 0A 42 0F 
2024/4/25 10:20:19.569 [RX] - 56 69 56 4F 74 65 63 68 32 00 01 00 00 00 12 53 00 00 00 00 00 00 00 00 00 00 00 00 00 00 00 00 00 00 00 00 00 00 00 00 00 00 00 00 00 00 00 00 00 00 00 00 00 00 00 00 00 00 00 00 00 00 00  
One beep with LED All On and LCD Index 00  (01-02)


2024/4/25 10:20:19.579 [TX] - 56 69 56 4F 74 65 63 68 32 00 01 02 00 04 00 01 FF 01 5A 3C 
2024/4/25 10:20:19.586 [RX] - 45 00 55 00 04 03 00 00 00 B1 8D 00 00 00 00 00 00 00 00 00 00 00 00 00 00 00 00 00 00 00 00 00 00 00 00 00 00 00 00 00 00 00 00 00 00 00 00 00 00 00 00 00 00 00 00 00 00 00 00 00 00 00 00 45 00 55 00 04 02 11 00 00 B3 6A 00 00 00 00 00 00 00 00 00 00 00 00 00 00 00 00 00 00 00 00 00 00 00 00 00 00 00 00 00 00 00 00 00 00 00 00 00 00 00 00 00 00 00 00 00 00 00 00 00 00 00 00 56 69 56 4F 74 65 63 68 32 00 01 00 00 00 12 53 00 00 00 00 00 00 00 00 00 00 00 00 00 00 00 00 00 00 00 00 00 00 00 00 00 00 00 00 00 00 00 00 00 00 00 00 00 00 00 00 00 00 00 00 00 00 00  
Double beeps with LED All On and LCD Index 01 (01-02)


2024/4/25 10:20:22.599 [TX] - 56 69 56 4F 74 65 63 68 32 00 01 02 00 04 01 02 FF 01 BE 13 
2024/4/25 10:20:22.608 [RX] - 45 00 55 00 04 03 01 00 00 86 BD 00 00 00 00 00 00 00 00 00 00 00 00 00 00 00 00 00 00 00 00 00 00 00 00 00 00 00 00 00 00 00 00 00 00 00 00 00 00 00 00 00 00 00 00 00 00 00 00 00 00 00 00 45 00 55 00 04 02 12 00 00 EA 3A 00 00 00 00 00 00 00 00 00 00 00 00 00 00 00 00 00 00 00 00 00 00 00 00 00 00 00 00 00 00 00 00 00 00 00 00 00 00 00 00 00 00 00 00 00 00 00 00 00 00 00 00 56 69 56 4F 74 65 63 68 32 00 01 00 00 00 12 53 00 00 00 00 00 00 00 00 00 00 00 00 00 00 00 00 00 00 00 00 00 00 00 00 00 00 00 00 00 00 00 00 00 00 00 00 00 00 00 00 00 00 00 00 00 00 00  
Set Source - RTC_Internal - All Internal


2024/4/25 10:20:22.635 [TX] - 56 69 56 4F 74 65 63 68 32 00 01 05 00 02 15 05 93 EE 
2024/4/25 10:20:22.642 [RX] - 56 69 56 4F 74 65 63 68 32 00 01 0A 00 00 D5 92 00 00 00 00 00 00 00 00 00 00 00 00 00 00 00 00 00 00 00 00 00 00 00 00 00 00 00 00 00 00 00 00 00 00 00 00 00 00 00 00 00 00 00 00 00 00 00  

 Result = PASSED
 ---------- END OF TEST ----------

 

 MASTER RESULT = PASSED


Docklight Log File (HEX) - Stopped 2024/4/25 10:20:30.280 

