Docklight Log File (HEX) - Started 2026/5/15 11:59:53.158 
 TEST CASE: CR012

 --- Set POS COM PORT Settings
 Set POS COM PORT...
 POS operating on COM90 @ 9600 baud...
 Set POS COM PORT - COMPLETE

 --- 60-04 length error

2026/5/15 11:59:54.498 [TX] - 56 69 56 4F 74 65 63 68 32 00 60 04 00 01 01 01 19 88 
2026/5/15 11:59:54.512 [RX] - 56 69 56 4F 74 65 63 68 32 00 60 04 00 00 E1 F5 00 00 00 00 00 00 00 00 00 00 00 00 00 00 00 00 00 00 00 00 00 00 00 00 00 00 00 00 00 00 00 00 00 00 00 00 00 00 00 00 00 00 00 00 00 00 00  

 --- 60-04 data error

2026/5/15 11:59:54.523 [TX] - 56 69 56 4F 74 65 63 68 32 00 60 04 00 01 01 1F 3B 
2026/5/15 11:59:54.556 [RX] - 56 69 56 4F 74 65 63 68 32 00 60 05 00 00 D6 C5 00 00 00 00 00 00 00 00 00 00 00 00 00 00 00 00 00 00 00 00 00 00 00 00 00 00 00 00 00 00 00 00 00 00 00 00 00 00 00 00 00 00 00 00 00 00 00  

 --- 60-04 crc error

2026/5/15 11:59:54.568 [TX] - 56 69 56 4F 74 65 63 68 32 00 60 04 00 00 00 00 
2026/5/15 11:59:54.574 [RX] - 56 69 56 4F 74 65 63 68 32 00 60 04 00 00 E1 F5 00 00 00 00 00 00 00 00 00 00 00 00 00 00 00 00 00 00 00 00 00 00 00 00 00 00 00 00 00 00 00 00 00 00 00 00 00 00 00 00 00 00 00 00 00 00 00  

 --- 60-05 Contact Remove Terminal Data

2026/5/15 11:59:54.589 [TX] - 56 69 56 4F 74 65 63 68 32 00 60 05 00 00 C5 D6 
2026/5/15 11:59:54.636 [RX] - 56 69 56 4F 74 65 63 68 32 00 60 60 00 00 A6 5E 00 00 00 00 00 00 00 00 00 00 00 00 00 00 00 00 00 00 00 00 00 00 00 00 00 00 00 00 00 00 00 00 00 00 00 00 00 00 00 00 00 00 00 00 00 00 00  

 --- 60-04 Contact Retrieve Terminal Data

2026/5/15 11:59:55.813 [TX] - 56 69 56 4F 74 65 63 68 32 00 60 04 00 00 F5 E1 
2026/5/15 11:59:55.822 [RX] - 56 69 56 4F 74 65 63 68 32 00 60 60 00 00 A6 5E 00 00 00 00 00 00 00 00 00 00 00 00 00 00 00 00 00 00 00 00 00 00 00 00 00 00 00 00 00 00 00 00 00 00 00 00 00 00 00 00 00 00 00 00 00 00 00  

 Result = PASSED
 ---------- END OF TEST ----------

 Result = PASSED
 

 MASTER RESULT = PASSED


Docklight Log File (HEX) - Stopped 2026/5/15 11:59:56.946 

