Docklight Log File (HEX) - Started 2022/1/17 14:15:47.958 
 TEST CASE: EMT0412

 --- Set POS COM PORT Settings
 Set POS COM PORT...
 POS operating on COM1 @ 9600 baud...
 Set POS COM PORT - COMPLETE

 

Set MSR Secure Parameters (C7-38)- 0C

2022/1/17 14:15:49.088 [TX] - 56 69 56 4F 74 65 63 68 32 00 C7 38 00 05 DF DE 04 01 0C E5 79 
2022/1/17 14:15:49.155 [RX] - 55 55 55 55 55 55 55 55 55 55 55 55 55 55 55 55 55 55 55 55 55 55 55 55 55 55 55 55 55 55 66 56 69 56 4F 74 65 63 68 32 00 C7 00 00 00 86 6E  pass pass pass  

Get MSR Secure Parameters (C7-39)

2022/1/17 14:15:49.249 [TX] - 56 69 56 4F 74 65 63 68 32 00 C7 39 00 03 DF DE 04 64 62 
2022/1/17 14:15:49.312 [RX] - 55 55 55 55 55 55 55 55 55 55 55 55 55 55 55 55 55 55 55 55 55 55 55 55 55 55 55 55 55 55 66 56 69 56 4F 74 65 63 68 32 00 C7 00 00 05 DF DE 04 01 0C 21 E3  pass  

Burst mode Off

2022/1/17 14:15:49.415 [TX] - 56 69 56 4F 74 65 63 68 32 00 04 00 00 04 FF F7 01 00 B9 2E 
2022/1/17 14:15:49.480 [RX] - 55 55 55 55 55 55 55 55 55 55 55 55 55 55 55 55 55 55 55 55 55 55 55 55 55 55 55 55 55 55 66 56 69 56 4F 74 65 63 68 32 00 04 00 00 00 AE 16  pass pass  

Poll on Demand

2022/1/17 14:15:49.574 [TX] - 56 69 56 4F 74 65 63 68 32 00 01 01 00 01 01 D7 34 
2022/1/17 14:15:49.633 [RX] - 55 55 55 55 55 55 55 55 55 55 55 55 55 55 55 55 55 55 55 55 55 55 55 55 55 55 55 55 55 55 66 56 69 56 4F 74 65 63 68 32 00 01 00 00 00 12 53  pass  

Poll on Demand

2022/1/17 14:15:49.729 [TX] - 56 69 56 4F 74 65 63 68 32 00 01 01 00 01 01 D7 34 
2022/1/17 14:15:49.788 [RX] - 55 55 55 55 55 55 55 55 55 55 55 55 55 55 55 55 55 55 55 55 55 55 55 55 55 55 55 55 55 55 66 56 69 56 4F 74 65 63 68 32 00 01 00 00 00 12 53  pass  

 Erase All Keys...

2022/1/17 14:15:49.884 [TX] - 56 69 56 4F 74 65 63 68 32 00 83 00 00 00 03 22 
2022/1/17 14:15:49.941 [RX] - 55 55 55 55 55 55 55 55 55 55 55 55 55 55 55 55 55 55 55 55 55 55 55 55 55 55 55 55 55 55 66 56 69 56 4F 74 65 63 68 32 00 83 00 00 00 22 03  pass  

 Set DUKPT Key Encryption Type...

2022/1/17 14:15:50.235 [TX] - 56 69 56 4F 74 65 63 68 32 00 C7 32 00 01 00 6D FE 
2022/1/17 14:15:50.293 [RX] - 55 55 55 55 55 55 55 55 55 55 55 55 55 55 55 55 55 55 55 55 55 55 55 55 55 55 55 55 55 55 66 56 69 56 4F 74 65 63 68 32 00 C7 00 00 00 86 6E  pass pass pass  

 Get DUKPT Key Encryption Type...

2022/1/17 14:15:50.589 [TX] - 56 69 56 4F 74 65 63 68 32 00 C7 33 00 00 1A 9B 
2022/1/17 14:15:50.645 [RX] - 55 55 55 55 55 55 55 55 55 55 55 55 55 55 55 55 55 55 55 55 55 55 55 55 55 55 55 55 55 55 66 56 69 56 4F 74 65 63 68 32 00 C7 00 00 01 00 AC 7F  pass pass  

 Loading DUKPT key...

2022/1/17 14:15:50.940 [TX] - 56 69 56 4F 74 65 63 68 32 00 80 00 00 65 30 45 43 36 30 46 33 35 31 34 37 45 43 41 30 30 38 38 4B 30 54 44 30 30 4E 30 30 30 30 30 30 38 30 39 43 30 37 41 39 39 31 44 43 38 30 33 34 45 43 31 32 45 31 36 39 43 30 44 35 34 35 35 44 45 41 32 39 34 35 31 34 32 34 37 38 30 38 30 35 36 38 32 33 34 39 38 37 31 32 30 32 33 34 30 30 30 30 30 30 30 30 12 43 
2022/1/17 14:15:51.228 [RX] - 55 55 55 55 55 55 55 55 55 55 55 55 55 55 55 55 55 55 55 55 55 55 55 55 55 55 55 55 55 55 66 56 69 56 4F 74 65 63 68 32 00 80 00 00 00 B9 DF  pass 
2022/1/17 14:15:51.519 [TX] - 56 69 56 4F 74 65 63 68 32 00 80 00 00 65 31 34 43 45 32 35 35 35 31 34 37 45 43 41 30 30 38 38 4B 30 54 44 30 30 4E 30 30 30 30 30 30 38 30 46 35 30 36 46 36 41 33 44 34 30 38 39 39 45 30 35 35 42 42 35 42 39 45 33 41 44 44 36 30 30 42 38 38 35 33 32 37 37 39 32 32 34 36 30 39 32 36 32 33 41 39 39 37 31 32 36 32 33 34 30 30 30 30 30 30 30 30 35 7F 
2022/1/17 14:15:51.807 [RX] - 55 55 55 55 55 55 55 55 55 55 55 55 55 55 55 55 55 55 55 55 55 55 55 55 55 55 55 55 55 55 66 56 69 56 4F 74 65 63 68 32 00 80 00 00 00 B9 DF  pass 
2022/1/17 14:15:52.100 [TX] - 56 69 56 4F 74 65 63 68 32 00 80 01 00 58 41 30 30 38 38 4B 30 54 44 30 30 4E 30 30 30 30 43 44 32 46 43 43 36 44 37 39 32 44 33 42 32 34 46 30 38 33 37 42 30 33 32 44 30 38 36 38 46 45 43 39 46 44 44 43 39 43 32 36 33 31 31 35 46 30 44 43 43 34 42 44 42 35 37 43 36 30 33 43 34 32 46 34 41 35 30 34 34 39 97 D5 
2022/1/17 14:15:52.360 [RX] - 55 55 55 55 55 55 55 55 55 55 55 55 55 55 55 55 55 55 55 55 55 55 55 55 55 55 55 55 55 55 66 56 69 56 4F 74 65 63 68 32 00 80 00 00 00 B9 DF  pass 
2022/1/17 14:15:52.654 [TX] - 56 69 56 4F 74 65 63 68 32 00 81 00 00 71 05 41 30 31 31 32 44 30 54 45 30 30 4E 30 31 30 30 4B 53 31 38 36 32 39 39 34 39 30 31 32 43 30 30 30 34 36 30 30 30 30 31 39 34 34 38 36 43 33 31 36 38 43 41 31 46 42 34 41 38 30 39 45 36 33 39 46 46 39 43 33 42 37 32 36 45 32 34 37 43 35 39 30 42 32 32 38 43 35 44 32 32 36 35 30 46 36 36 39 37 45 38 34 37 41 32 46 38 41 32 37 33 39 33 47 AE 
2022/1/17 14:15:52.980 [RX] - 55 55 55 55 55 55 55 55 55 55 55 55 55 55 55 55 55 55 55 55 55 55 55 55 55 55 55 55 55 55 66 56 69 56 4F 74 65 63 68 32 00 81 00 00 00 CF 6B  pass 
2022/1/17 14:15:53.275 [TX] - 56 69 56 4F 74 65 63 68 32 00 C7 36 00 01 03 6C 97 
2022/1/17 14:15:53.333 [RX] - 55 55 55 55 55 55 55 55 55 55 55 55 55 55 55 55 55 55 55 55 55 55 55 55 55 55 55 55 55 55 66 56 69 56 4F 74 65 63 68 32 00 C7 00 00 00 86 6E  pass pass pass  

--- IDT

2022/1/17 14:15:53.632 [TX] - 56 69 56 4F 74 65 63 68 32 00 02 40 00 0A 0A 9F 02 06 00 00 00 00 10 00 18 73 
2022/1/17 14:15:54.310 [RX] - 55 55 55 55 55 55 55 55 55 55 55 55 55 55 55 55 55 55 55 55 55 55 55 55 55 55 55 55 55 55 66 56 69 56 4F 74 65 63 68 32 00 02 00 01 3A C8 DF EE 25 02 00 11 DF EE 23 82 01 1C 02 16 01 83 3F 4F 28 6B 83 A4 25 54 52 41 43 4B 31 37 36 37 36 37 36 30 37 30 37 30 37 37 36 37 36 37 36 30 37 30 37 30 37 37 36 37 36 37 36 30 37 30 37 30 37 37 36 37 36 37 36 30 37 30 37 30 37 37 36 37 36 37 36 30 37 30 37 30 37 37 36 37 36 37 36 30 37 30 37 3F 43 3B 32 31 32 31 32 31 32 31 32 31 37 36 37 36 37 36 30 37 30 37 30 37 37 36 37 36 37 36 37 36 32 31 32 31 32 31 32 3F 30 90 7A AE DD 87 F5 DA 8E F5 44 58 ED E3 AA F9 2B E9 ED 51 36 72 EA 77 7D 9E 8B 8D 07 5E 38 A3 24 57 1F 43 52 4C 12 DD DC 2B 67 B5 1C 8F 52 DC CF 06 52 2A 56 52 79 44 DF 20 B2 83 CA A8 4C 0A D3 62 BF E7 11 F6 53 BB 90 7D 15 AC D5 C9 3A EF 23 31 57 61 B7 85 09 66 58 B8 53 02 A3 DC CA 4B 85 92 C0 89 07 CC BE A8 2F B2 80 0F 48 82 6E A6 86 68 88 61 C1 57 C1 CE 2E 0F 72 CE 0F 3B B5 98 A6 14 EA AB B1 37 33 39 54 30 32 35 37 39 33 62 99 49 01 2C 00 04 60 00 01 87 D5 03 9F 39 01 90 FF EE 01 04 DF 30 01 0C DF EE 26 01 C8 B6 38  

 Erase All Keys...

2022/1/17 14:15:55.259 [TX] - 56 69 56 4F 74 65 63 68 32 00 83 00 00 00 03 22 
2022/1/17 14:15:55.316 [RX] - 55 55 55 55 55 55 55 55 55 55 55 55 55 55 55 55 55 55 55 55 55 55 55 55 55 55 55 55 55 55 66 56 69 56 4F 74 65 63 68 32 00 83 00 00 00 22 03  pass  

 Set DUKPT Key Encryption Type...

2022/1/17 14:15:55.610 [TX] - 56 69 56 4F 74 65 63 68 32 00 C7 32 00 01 00 6D FE 
2022/1/17 14:15:55.668 [RX] - 55 55 55 55 55 55 55 55 55 55 55 55 55 55 55 55 55 55 55 55 55 55 55 55 55 55 55 55 55 55 66 56 69 56 4F 74 65 63 68 32 00 C7 00 00 00 86 6E  pass pass pass  

 Get DUKPT Key Encryption Type...

2022/1/17 14:15:55.964 [TX] - 56 69 56 4F 74 65 63 68 32 00 C7 33 00 00 1A 9B 
2022/1/17 14:15:56.020 [RX] - 55 55 55 55 55 55 55 55 55 55 55 55 55 55 55 55 55 55 55 55 55 55 55 55 55 55 55 55 55 55 66 56 69 56 4F 74 65 63 68 32 00 C7 00 00 01 00 AC 7F  pass pass  

 Loading DUKPT key...

2022/1/17 14:15:56.315 [TX] - 56 69 56 4F 74 65 63 68 32 00 80 00 00 65 30 45 43 36 30 46 33 35 31 34 37 45 43 41 30 30 38 38 4B 30 54 44 30 30 4E 30 30 30 30 30 30 38 30 39 43 30 37 41 39 39 31 44 43 38 30 33 34 45 43 31 32 45 31 36 39 43 30 44 35 34 35 35 44 45 41 32 39 34 35 31 34 32 34 37 38 30 38 30 35 36 38 32 33 34 39 38 37 31 32 30 32 33 34 30 30 30 30 30 30 30 30 12 43 
2022/1/17 14:15:56.603 [RX] - 55 55 55 55 55 55 55 55 55 55 55 55 55 55 55 55 55 55 55 55 55 55 55 55 55 55 55 55 55 55 66 56 69 56 4F 74 65 63 68 32 00 80 00 00 00 B9 DF  pass 
2022/1/17 14:15:56.894 [TX] - 56 69 56 4F 74 65 63 68 32 00 80 00 00 65 31 34 43 45 32 35 35 35 31 34 37 45 43 41 30 30 38 38 4B 30 54 44 30 30 4E 30 30 30 30 30 30 38 30 46 35 30 36 46 36 41 33 44 34 30 38 39 39 45 30 35 35 42 42 35 42 39 45 33 41 44 44 36 30 30 42 38 38 35 33 32 37 37 39 32 32 34 36 30 39 32 36 32 33 41 39 39 37 31 32 36 32 33 34 30 30 30 30 30 30 30 30 35 7F 
2022/1/17 14:15:57.183 [RX] - 55 55 55 55 55 55 55 55 55 55 55 55 55 55 55 55 55 55 55 55 55 55 55 55 55 55 55 55 55 55 66 56 69 56 4F 74 65 63 68 32 00 80 00 00 00 B9 DF  pass 
2022/1/17 14:15:57.475 [TX] - 56 69 56 4F 74 65 63 68 32 00 80 01 00 58 41 30 30 38 38 4B 30 54 44 30 30 4E 30 30 30 30 43 44 32 46 43 43 36 44 37 39 32 44 33 42 32 34 46 30 38 33 37 42 30 33 32 44 30 38 36 38 46 45 43 39 46 44 44 43 39 43 32 36 33 31 31 35 46 30 44 43 43 34 42 44 42 35 37 43 36 30 33 43 34 32 46 34 41 35 30 34 34 39 97 D5 
2022/1/17 14:15:57.735 [RX] - 55 55 55 55 55 55 55 55 55 55 55 55 55 55 55 55 55 55 55 55 55 55 55 55 55 55 55 55 55 55 66 56 69 56 4F 74 65 63 68 32 00 80 00 00 00 B9 DF  pass 
2022/1/17 14:15:58.029 [TX] - 56 69 56 4F 74 65 63 68 32 00 81 00 00 71 05 41 30 31 31 32 44 30 54 45 30 30 4E 30 31 30 30 4B 53 31 38 36 32 39 39 34 39 30 31 32 43 30 30 30 34 36 30 30 30 30 31 39 34 34 38 36 43 33 31 36 38 43 41 31 46 42 34 41 38 30 39 45 36 33 39 46 46 39 43 33 42 37 32 36 45 32 34 37 43 35 39 30 42 32 32 38 43 35 44 32 32 36 35 30 46 36 36 39 37 45 38 34 37 41 32 46 38 41 32 37 33 39 33 47 AE 
2022/1/17 14:15:58.356 [RX] - 55 55 55 55 55 55 55 55 55 55 55 55 55 55 55 55 55 55 55 55 55 55 55 55 55 55 55 55 55 55 66 56 69 56 4F 74 65 63 68 32 00 81 00 00 00 CF 6B  pass 
2022/1/17 14:15:58.650 [TX] - 56 69 56 4F 74 65 63 68 32 00 C7 36 00 01 03 6C 97 
2022/1/17 14:15:58.709 [RX] - 55 55 55 55 55 55 55 55 55 55 55 55 55 55 55 55 55 55 55 55 55 55 55 55 55 55 55 55 55 55 66 56 69 56 4F 74 65 63 68 32 00 C7 00 00 00 86 6E  pass pass pass  

--- Discover

2022/1/17 14:15:59.009 [TX] - 56 69 56 4F 74 65 63 68 32 00 02 40 00 0A 0A 9F 02 06 00 00 00 00 10 00 18 73 
2022/1/17 14:15:59.652 [RX] - 55 55 55 55 55 55 55 55 55 55 55 55 55 55 55 55 55 55 55 55 55 55 55 55 55 55 55 55 55 55 66 56 69 56 4F 74 65 63 68 32 00 02 00 01 79 C8 DF EE 25 02 00 11 DF EE 23 82 01 25 02 1F 01 80 1F 44 28 00 A3 9B 25 2A 36 35 31 30 2A 2A 2A 2A 2A 2A 2A 2A 30 30 32 36 5E 43 41 52 44 2F 49 4D 41 47 45 20 30 33 20 20 20 20 20 20 20 20 20 20 20 20 20 5E 31 37 31 32 2A 2A 2A 2A 2A 2A 2A 2A 2A 2A 2A 2A 2A 2A 2A 2A 3F 2A 3B 36 35 31 30 2A 2A 2A 2A 2A 2A 2A 2A 30 30 32 36 3D 31 37 31 32 2A 2A 2A 2A 2A 2A 2A 2A 2A 2A 2A 2A 2A 2A 2A 2A 3F 2A C7 27 B0 60 AB FC 2B 62 4C 4D 6E 59 96 E2 2D 84 8D 87 D6 E3 82 0D 57 37 4F 6D 3F B3 1F 75 06 1A DC 17 89 FB C3 C7 50 C7 5D 06 65 00 04 08 CA B4 CA 0C 62 47 62 EE 86 0F BD 54 17 E0 FD D5 7E 1D A9 C9 FA 98 FB DF 49 CA CE 1B DC 33 AA 1A DD A5 D6 52 C6 FC CF C5 DC A9 46 A8 07 1F 1C 13 1B 7F E6 5F 75 06 01 CE C6 1E 8A 64 0E 1C 2B EC 80 D4 51 48 AB 78 7E 8B 8D 05 DC 8A C9 07 9E FC 98 53 27 0B ED B9 10 02 52 D6 AA D8 46 CB 85 69 24 FE 7C 93 52 0B 36 DA D9 25 37 33 39 54 30 32 35 37 39 33 62 99 49 01 2C 00 04 60 00 01 82 A2 03 9F 39 01 90 FF EE 01 04 DF 30 01 0C DF EE 26 01 C8 DF EF  Discover MagStripe card - pass 4C 06 00 27 00 00 00 00 DF EF 4D 28 CE 1B DC 33 AA 1A DD A5 D6 52 C6 FC CF C5 DC A9 46 A8 07 1F 1C 13 1B 7F E6 5F 75 06 01 CE C6 1E 42 71 F3 A3 EF 56 39 CA 8B 63  

 Erase All Keys...

2022/1/17 14:16:00.628 [TX] - 56 69 56 4F 74 65 63 68 32 00 83 00 00 00 03 22 
2022/1/17 14:16:00.684 [RX] - 55 55 55 55 55 55 55 55 55 55 55 55 55 55 55 55 55 55 55 55 55 55 55 55 55 55 55 55 55 55 66 56 69 56 4F 74 65 63 68 32 00 83 00 00 00 22 03  pass  

 Set DUKPT Key Encryption Type...

2022/1/17 14:16:00.980 [TX] - 56 69 56 4F 74 65 63 68 32 00 C7 32 00 01 00 6D FE 
2022/1/17 14:16:01.038 [RX] - 55 55 55 55 55 55 55 55 55 55 55 55 55 55 55 55 55 55 55 55 55 55 55 55 55 55 55 55 55 55 66 56 69 56 4F 74 65 63 68 32 00 C7 00 00 00 86 6E  pass pass pass  

 Get DUKPT Key Encryption Type...

2022/1/17 14:16:01.334 [TX] - 56 69 56 4F 74 65 63 68 32 00 C7 33 00 00 1A 9B 
2022/1/17 14:16:01.390 [RX] - 55 55 55 55 55 55 55 55 55 55 55 55 55 55 55 55 55 55 55 55 55 55 55 55 55 55 55 55 55 55 66 56 69 56 4F 74 65 63 68 32 00 C7 00 00 01 00 AC 7F  pass pass  

 Loading DUKPT key...

2022/1/17 14:16:01.687 [TX] - 56 69 56 4F 74 65 63 68 32 00 80 00 00 65 30 45 43 36 30 46 33 35 31 34 37 45 43 41 30 30 38 38 4B 30 54 44 30 30 4E 30 30 30 30 30 30 38 30 39 43 30 37 41 39 39 31 44 43 38 30 33 34 45 43 31 32 45 31 36 39 43 30 44 35 34 35 35 44 45 41 32 39 34 35 31 34 32 34 37 38 30 38 30 35 36 38 32 33 34 39 38 37 31 32 30 32 33 34 30 30 30 30 30 30 30 30 12 43 
2022/1/17 14:16:01.974 [RX] - 55 55 55 55 55 55 55 55 55 55 55 55 55 55 55 55 55 55 55 55 55 55 55 55 55 55 55 55 55 55 66 56 69 56 4F 74 65 63 68 32 00 80 00 00 00 B9 DF  pass 
2022/1/17 14:16:02.265 [TX] - 56 69 56 4F 74 65 63 68 32 00 80 00 00 65 31 34 43 45 32 35 35 35 31 34 37 45 43 41 30 30 38 38 4B 30 54 44 30 30 4E 30 30 30 30 30 30 38 30 46 35 30 36 46 36 41 33 44 34 30 38 39 39 45 30 35 35 42 42 35 42 39 45 33 41 44 44 36 30 30 42 38 38 35 33 32 37 37 39 32 32 34 36 30 39 32 36 32 33 41 39 39 37 31 32 36 32 33 34 30 30 30 30 30 30 30 30 35 7F 
2022/1/17 14:16:02.554 [RX] - 55 55 55 55 55 55 55 55 55 55 55 55 55 55 55 55 55 55 55 55 55 55 55 55 55 55 55 55 55 55 66 56 69 56 4F 74 65 63 68 32 00 80 00 00 00 B9 DF  pass 
2022/1/17 14:16:02.846 [TX] - 56 69 56 4F 74 65 63 68 32 00 80 01 00 58 41 30 30 38 38 4B 30 54 44 30 30 4E 30 30 30 30 43 44 32 46 43 43 36 44 37 39 32 44 33 42 32 34 46 30 38 33 37 42 30 33 32 44 30 38 36 38 46 45 43 39 46 44 44 43 39 43 32 36 33 31 31 35 46 30 44 43 43 34 42 44 42 35 37 43 36 30 33 43 34 32 46 34 41 35 30 34 34 39 97 D5 
2022/1/17 14:16:03.106 [RX] - 55 55 55 55 55 55 55 55 55 55 55 55 55 55 55 55 55 55 55 55 55 55 55 55 55 55 55 55 55 55 66 56 69 56 4F 74 65 63 68 32 00 80 00 00 00 B9 DF  pass 
2022/1/17 14:16:03.400 [TX] - 56 69 56 4F 74 65 63 68 32 00 81 00 00 71 05 41 30 31 31 32 44 30 54 45 30 30 4E 30 31 30 30 4B 53 31 38 36 32 39 39 34 39 30 31 32 43 30 30 30 34 36 30 30 30 30 31 39 34 34 38 36 43 33 31 36 38 43 41 31 46 42 34 41 38 30 39 45 36 33 39 46 46 39 43 33 42 37 32 36 45 32 34 37 43 35 39 30 42 32 32 38 43 35 44 32 32 36 35 30 46 36 36 39 37 45 38 34 37 41 32 46 38 41 32 37 33 39 33 47 AE 
2022/1/17 14:16:03.727 [RX] - 55 55 55 55 55 55 55 55 55 55 55 55 55 55 55 55 55 55 55 55 55 55 55 55 55 55 55 55 55 55 66 56 69 56 4F 74 65 63 68 32 00 81 00 00 00 CF 6B  pass 
2022/1/17 14:16:04.027 [TX] - 56 69 56 4F 74 65 63 68 32 00 C7 36 00 01 03 6C 97 
2022/1/17 14:16:04.086 [RX] - 55 55 55 55 55 55 55 55 55 55 55 55 55 55 55 55 55 55 55 55 55 55 55 55 55 55 55 55 55 55 66 56 69 56 4F 74 65 63 68 32 00 C7 00 00 00 86 6E  pass pass pass  

--- JIS1

2022/1/17 14:16:04.386 [TX] - 56 69 56 4F 74 65 63 68 32 00 02 40 00 0A 0A 9F 02 06 00 00 00 00 10 00 18 73 
2022/1/17 14:16:05.049 [RX] - 55 55 55 55 55 55 55 55 55 55 55 55 55 55 55 55 55 55 55 55 55 55 55 55 55 55 55 55 55 55 66 56 69 56 4F 74 65 63 68 32 00 02 00 00 A4 C8 DF EE 25 02 00 11 DF EE 23 81 87 02 81 00 86 1F 48 28 00 83 00 7F 61 39 30 30 30 30 30 30 30 32 31 31 31 31 31 32 33 34 35 36 37 38 39 30 31 32 32 32 32 32 33 33 33 33 33 34 34 34 34 34 35 35 35 35 35 36 36 36 36 36 37 37 37 37 37 38 38 38 38 38 39 39 39 39 39 30 30 30 30 7F 15 3B 34 33 32 32 30 36 31 30 30 30 38 37 32 38 33 33 3D 31 31 30 38 32 30 31 38 38 36 34 30 38 32 35 31 30 30 30 30 3F 3B 37 33 39 54 30 32 35 37 39 33 66 30 03 9F 39 01 90 FF EE 01 04 DF 30 01 0C DF EE 26 01 C8 7B EF  

 Erase All Keys...

2022/1/17 14:16:05.685 [TX] - 56 69 56 4F 74 65 63 68 32 00 83 00 00 00 03 22 
2022/1/17 14:16:05.741 [RX] - 55 55 55 55 55 55 55 55 55 55 55 55 55 55 55 55 55 55 55 55 55 55 55 55 55 55 55 55 55 55 66 56 69 56 4F 74 65 63 68 32 00 83 00 00 00 22 03  pass  

 Set DUKPT Key Encryption Type...

2022/1/17 14:16:06.036 [TX] - 56 69 56 4F 74 65 63 68 32 00 C7 32 00 01 00 6D FE 
2022/1/17 14:16:06.094 [RX] - 55 55 55 55 55 55 55 55 55 55 55 55 55 55 55 55 55 55 55 55 55 55 55 55 55 55 55 55 55 55 66 56 69 56 4F 74 65 63 68 32 00 C7 00 00 00 86 6E  pass pass pass  

 Get DUKPT Key Encryption Type...

2022/1/17 14:16:06.391 [TX] - 56 69 56 4F 74 65 63 68 32 00 C7 33 00 00 1A 9B 
2022/1/17 14:16:06.447 [RX] - 55 55 55 55 55 55 55 55 55 55 55 55 55 55 55 55 55 55 55 55 55 55 55 55 55 55 55 55 55 55 66 56 69 56 4F 74 65 63 68 32 00 C7 00 00 01 00 AC 7F  pass pass  

 Loading DUKPT key...

2022/1/17 14:16:06.744 [TX] - 56 69 56 4F 74 65 63 68 32 00 80 00 00 65 30 45 43 36 30 46 33 35 31 34 37 45 43 41 30 30 38 38 4B 30 54 44 30 30 4E 30 30 30 30 30 30 38 30 39 43 30 37 41 39 39 31 44 43 38 30 33 34 45 43 31 32 45 31 36 39 43 30 44 35 34 35 35 44 45 41 32 39 34 35 31 34 32 34 37 38 30 38 30 35 36 38 32 33 34 39 38 37 31 32 30 32 33 34 30 30 30 30 30 30 30 30 12 43 
2022/1/17 14:16:07.031 [RX] - 55 55 55 55 55 55 55 55 55 55 55 55 55 55 55 55 55 55 55 55 55 55 55 55 55 55 55 55 55 55 66 56 69 56 4F 74 65 63 68 32 00 80 00 00 00 B9 DF  pass 
2022/1/17 14:16:07.323 [TX] - 56 69 56 4F 74 65 63 68 32 00 80 00 00 65 31 34 43 45 32 35 35 35 31 34 37 45 43 41 30 30 38 38 4B 30 54 44 30 30 4E 30 30 30 30 30 30 38 30 46 35 30 36 46 36 41 33 44 34 30 38 39 39 45 30 35 35 42 42 35 42 39 45 33 41 44 44 36 30 30 42 38 38 35 33 32 37 37 39 32 32 34 36 30 39 32 36 32 33 41 39 39 37 31 32 36 32 33 34 30 30 30 30 30 30 30 30 35 7F 
2022/1/17 14:16:07.612 [RX] - 55 55 55 55 55 55 55 55 55 55 55 55 55 55 55 55 55 55 55 55 55 55 55 55 55 55 55 55 55 55 66 56 69 56 4F 74 65 63 68 32 00 80 00 00 00 B9 DF  pass 
2022/1/17 14:16:07.905 [TX] - 56 69 56 4F 74 65 63 68 32 00 80 01 00 58 41 30 30 38 38 4B 30 54 44 30 30 4E 30 30 30 30 43 44 32 46 43 43 36 44 37 39 32 44 33 42 32 34 46 30 38 33 37 42 30 33 32 44 30 38 36 38 46 45 43 39 46 44 44 43 39 43 32 36 33 31 31 35 46 30 44 43 43 34 42 44 42 35 37 43 36 30 33 43 34 32 46 34 41 35 30 34 34 39 97 D5 
2022/1/17 14:16:08.164 [RX] - 55 55 55 55 55 55 55 55 55 55 55 55 55 55 55 55 55 55 55 55 55 55 55 55 55 55 55 55 55 55 66 56 69 56 4F 74 65 63 68 32 00 80 00 00 00 B9 DF  pass 
2022/1/17 14:16:08.459 [TX] - 56 69 56 4F 74 65 63 68 32 00 81 00 00 71 05 41 30 31 31 32 44 30 54 45 30 30 4E 30 31 30 30 4B 53 31 38 36 32 39 39 34 39 30 31 32 43 30 30 30 34 36 30 30 30 30 31 39 34 34 38 36 43 33 31 36 38 43 41 31 46 42 34 41 38 30 39 45 36 33 39 46 46 39 43 33 42 37 32 36 45 32 34 37 43 35 39 30 42 32 32 38 43 35 44 32 32 36 35 30 46 36 36 39 37 45 38 34 37 41 32 46 38 41 32 37 33 39 33 47 AE 
2022/1/17 14:16:08.785 [RX] - 55 55 55 55 55 55 55 55 55 55 55 55 55 55 55 55 55 55 55 55 55 55 55 55 55 55 55 55 55 55 66 56 69 56 4F 74 65 63 68 32 00 81 00 00 00 CF 6B  pass 
2022/1/17 14:16:09.080 [TX] - 56 69 56 4F 74 65 63 68 32 00 C7 36 00 01 03 6C 97 
2022/1/17 14:16:09.138 [RX] - 55 55 55 55 55 55 55 55 55 55 55 55 55 55 55 55 55 55 55 55 55 55 55 55 55 55 55 55 55 55 66 56 69 56 4F 74 65 63 68 32 00 C7 00 00 00 86 6E  pass pass pass  

--- JIS2

2022/1/17 14:16:09.438 [TX] - 56 69 56 4F 74 65 63 68 32 00 02 40 00 0A 0A 9F 02 06 00 00 00 00 10 00 18 73 
2022/1/17 14:16:10.107 [RX] - 55 55 55 55 55 55 55 55 55 55 55 55 55 55 55 55 55 55 55 55 55 55 55 55 55 55 55 55 55 55 66 56 69 56 4F 74 65 63 68 32 00 02 00 00 7B C8 DF EE 25 02 00 11 DF EE 23 5F 02 59 00 85 17 00 48 00 82 00 7F 61 39 30 30 30 30 30 30 30 32 31 31 31 31 31 32 33 34 35 36 37 38 39 30 31 32 32 32 32 32 33 33 33 33 33 34 34 34 34 34 35 35 35 35 35 36 36 36 36 36 37 37 37 37 37 38 38 38 38 38 39 39 39 39 39 30 30 30 30 7F 15 37 33 39 54 30 32 35 37 39 33 44 E4 03 9F 39 01 90 FF EE 01 04 DF 30 01 0C DF EE 26 01 C8 43 4F  

 Erase All Keys...

2022/1/17 14:16:10.657 [TX] - 56 69 56 4F 74 65 63 68 32 00 83 00 00 00 03 22 
2022/1/17 14:16:10.713 [RX] - 55 55 55 55 55 55 55 55 55 55 55 55 55 55 55 55 55 55 55 55 55 55 55 55 55 55 55 55 55 55 66 56 69 56 4F 74 65 63 68 32 00 83 00 00 00 22 03  pass  

 Set DUKPT Key Encryption Type...

2022/1/17 14:16:11.008 [TX] - 56 69 56 4F 74 65 63 68 32 00 C7 32 00 01 00 6D FE 
2022/1/17 14:16:11.066 [RX] - 55 55 55 55 55 55 55 55 55 55 55 55 55 55 55 55 55 55 55 55 55 55 55 55 55 55 55 55 55 55 66 56 69 56 4F 74 65 63 68 32 00 C7 00 00 00 86 6E  pass pass pass  

 Get DUKPT Key Encryption Type...

2022/1/17 14:16:11.363 [TX] - 56 69 56 4F 74 65 63 68 32 00 C7 33 00 00 1A 9B 
2022/1/17 14:16:11.418 [RX] - 55 55 55 55 55 55 55 55 55 55 55 55 55 55 55 55 55 55 55 55 55 55 55 55 55 55 55 55 55 55 66 56 69 56 4F 74 65 63 68 32 00 C7 00 00 01 00 AC 7F  pass pass  

 Loading DUKPT key...

2022/1/17 14:16:11.714 [TX] - 56 69 56 4F 74 65 63 68 32 00 80 00 00 65 30 45 43 36 30 46 33 35 31 34 37 45 43 41 30 30 38 38 4B 30 54 44 30 30 4E 30 30 30 30 30 30 38 30 39 43 30 37 41 39 39 31 44 43 38 30 33 34 45 43 31 32 45 31 36 39 43 30 44 35 34 35 35 44 45 41 32 39 34 35 31 34 32 34 37 38 30 38 30 35 36 38 32 33 34 39 38 37 31 32 30 32 33 34 30 30 30 30 30 30 30 30 12 43 
2022/1/17 14:16:12.002 [RX] - 55 55 55 55 55 55 55 55 55 55 55 55 55 55 55 55 55 55 55 55 55 55 55 55 55 55 55 55 55 55 66 56 69 56 4F 74 65 63 68 32 00 80 00 00 00 B9 DF  pass 
2022/1/17 14:16:12.293 [TX] - 56 69 56 4F 74 65 63 68 32 00 80 00 00 65 31 34 43 45 32 35 35 35 31 34 37 45 43 41 30 30 38 38 4B 30 54 44 30 30 4E 30 30 30 30 30 30 38 30 46 35 30 36 46 36 41 33 44 34 30 38 39 39 45 30 35 35 42 42 35 42 39 45 33 41 44 44 36 30 30 42 38 38 35 33 32 37 37 39 32 32 34 36 30 39 32 36 32 33 41 39 39 37 31 32 36 32 33 34 30 30 30 30 30 30 30 30 35 7F 
2022/1/17 14:16:12.581 [RX] - 55 55 55 55 55 55 55 55 55 55 55 55 55 55 55 55 55 55 55 55 55 55 55 55 55 55 55 55 55 55 66 56 69 56 4F 74 65 63 68 32 00 80 00 00 00 B9 DF  pass 
2022/1/17 14:16:12.874 [TX] - 56 69 56 4F 74 65 63 68 32 00 80 01 00 58 41 30 30 38 38 4B 30 54 44 30 30 4E 30 30 30 30 43 44 32 46 43 43 36 44 37 39 32 44 33 42 32 34 46 30 38 33 37 42 30 33 32 44 30 38 36 38 46 45 43 39 46 44 44 43 39 43 32 36 33 31 31 35 46 30 44 43 43 34 42 44 42 35 37 43 36 30 33 43 34 32 46 34 41 35 30 34 34 39 97 D5 
2022/1/17 14:16:13.134 [RX] - 55 55 55 55 55 55 55 55 55 55 55 55 55 55 55 55 55 55 55 55 55 55 55 55 55 55 55 55 55 55 66 56 69 56 4F 74 65 63 68 32 00 80 00 00 00 B9 DF  pass 
2022/1/17 14:16:13.428 [TX] - 56 69 56 4F 74 65 63 68 32 00 81 00 00 71 05 41 30 31 31 32 44 30 54 45 30 30 4E 30 31 30 30 4B 53 31 38 36 32 39 39 34 39 30 31 32 43 30 30 30 34 36 30 30 30 30 31 39 34 34 38 36 43 33 31 36 38 43 41 31 46 42 34 41 38 30 39 45 36 33 39 46 46 39 43 33 42 37 32 36 45 32 34 37 43 35 39 30 42 32 32 38 43 35 44 32 32 36 35 30 46 36 36 39 37 45 38 34 37 41 32 46 38 41 32 37 33 39 33 47 AE 
2022/1/17 14:16:13.754 [RX] - 55 55 55 55 55 55 55 55 55 55 55 55 55 55 55 55 55 55 55 55 55 55 55 55 55 55 55 55 55 55 66 56 69 56 4F 74 65 63 68 32 00 81 00 00 00 CF 6B  pass 
2022/1/17 14:16:14.049 [TX] - 56 69 56 4F 74 65 63 68 32 00 C7 36 00 01 03 6C 97 
2022/1/17 14:16:14.107 [RX] - 55 55 55 55 55 55 55 55 55 55 55 55 55 55 55 55 55 55 55 55 55 55 55 55 55 55 55 55 55 55 66 56 69 56 4F 74 65 63 68 32 00 C7 00 00 00 86 6E  pass pass pass  

--- AAMVA

2022/1/17 14:16:14.407 [TX] - 56 69 56 4F 74 65 63 68 32 00 02 40 00 0A 0A 9F 02 06 00 00 00 00 10 00 18 73 
2022/1/17 14:16:15.173 [RX] - 55 55 55 55 55 55 55 55 55 55 55 55 55 55 55 55 55 55 55 55 55 55 55 55 55 55 55 55 55 55 66 56 69 56 4F 74 65 63 68 32 00 02 00 00 FD C8 DF EE 25 02 00 11 DF EE 23 81 E0 02 DA 00 81 3F 30 23 52 83 A4 25 4E 59 4E 45 57 20 59 4F 52 4B 5E 4C 45 45 24 42 52 55 43 45 24 4A 52 5E 36 35 35 20 4E 2E 20 42 45 52 52 59 20 53 54 2E 2C 20 23 4B 5E 3F 52 3B 33 35 35 35 35 35 31 31 31 31 31 31 31 31 31 31 31 31 31 3D 30 30 30 39 31 39 37 37 30 33 30 33 3F 3F DD F9 C0 C7 8D 5C 0B 8A 5B E8 5B 71 C2 8E E8 99 01 FD 14 80 5B 04 FA EE FB 22 DA 7F A8 61 0A 48 48 7C 94 30 02 8A 75 33 32 FD B1 5C 42 59 EB 25 91 01 C5 A2 0A 83 94 82 4D 62 73 24 F2 E9 A5 16 9C 60 1E 0B FD AC 59 08 F7 5A A3 DD 39 9C 0E 62 AA B6 17 B6 80 6C 75 11 75 FB D7 D6 27 36 86 DB 32 A4 A8 43 8A 9C 51 49 A5 0D D1 86 37 33 39 54 30 32 35 37 39 33 62 99 49 01 2C 00 04 60 00 01 EA F2 03 9F 39 01 90 FF EE 01 04 DF 30 01 0C DF EE 26 01 C8 5B 45  

 Erase All Keys...

2022/1/17 14:16:15.995 [TX] - 56 69 56 4F 74 65 63 68 32 00 83 00 00 00 03 22 
2022/1/17 14:16:16.051 [RX] - 55 55 55 55 55 55 55 55 55 55 55 55 55 55 55 55 55 55 55 55 55 55 55 55 55 55 55 55 55 55 66 56 69 56 4F 74 65 63 68 32 00 83 00 00 00 22 03  pass  

 Set DUKPT Key Encryption Type...

2022/1/17 14:16:16.346 [TX] - 56 69 56 4F 74 65 63 68 32 00 C7 32 00 01 00 6D FE 
2022/1/17 14:16:16.405 [RX] - 55 55 55 55 55 55 55 55 55 55 55 55 55 55 55 55 55 55 55 55 55 55 55 55 55 55 55 55 55 55 66 56 69 56 4F 74 65 63 68 32 00 C7 00 00 00 86 6E  pass pass pass  

 Get DUKPT Key Encryption Type...

2022/1/17 14:16:16.701 [TX] - 56 69 56 4F 74 65 63 68 32 00 C7 33 00 00 1A 9B 
2022/1/17 14:16:16.757 [RX] - 55 55 55 55 55 55 55 55 55 55 55 55 55 55 55 55 55 55 55 55 55 55 55 55 55 55 55 55 55 55 66 56 69 56 4F 74 65 63 68 32 00 C7 00 00 01 00 AC 7F  pass pass  

 Loading DUKPT key...

2022/1/17 14:16:17.052 [TX] - 56 69 56 4F 74 65 63 68 32 00 80 00 00 65 30 45 43 36 30 46 33 35 31 34 37 45 43 41 30 30 38 38 4B 30 54 44 30 30 4E 30 30 30 30 30 30 38 30 39 43 30 37 41 39 39 31 44 43 38 30 33 34 45 43 31 32 45 31 36 39 43 30 44 35 34 35 35 44 45 41 32 39 34 35 31 34 32 34 37 38 30 38 30 35 36 38 32 33 34 39 38 37 31 32 30 32 33 34 30 30 30 30 30 30 30 30 12 43 
2022/1/17 14:16:17.339 [RX] - 55 55 55 55 55 55 55 55 55 55 55 55 55 55 55 55 55 55 55 55 55 55 55 55 55 55 55 55 55 55 66 56 69 56 4F 74 65 63 68 32 00 80 00 00 00 B9 DF  pass 
2022/1/17 14:16:17.632 [TX] - 56 69 56 4F 74 65 63 68 32 00 80 00 00 65 31 34 43 45 32 35 35 35 31 34 37 45 43 41 30 30 38 38 4B 30 54 44 30 30 4E 30 30 30 30 30 30 38 30 46 35 30 36 46 36 41 33 44 34 30 38 39 39 45 30 35 35 42 42 35 42 39 45 33 41 44 44 36 30 30 42 38 38 35 33 32 37 37 39 32 32 34 36 30 39 32 36 32 33 41 39 39 37 31 32 36 32 33 34 30 30 30 30 30 30 30 30 35 7F 
2022/1/17 14:16:17.920 [RX] - 55 55 55 55 55 55 55 55 55 55 55 55 55 55 55 55 55 55 55 55 55 55 55 55 55 55 55 55 55 55 66 56 69 56 4F 74 65 63 68 32 00 80 00 00 00 B9 DF  pass 
2022/1/17 14:16:18.213 [TX] - 56 69 56 4F 74 65 63 68 32 00 80 01 00 58 41 30 30 38 38 4B 30 54 44 30 30 4E 30 30 30 30 43 44 32 46 43 43 36 44 37 39 32 44 33 42 32 34 46 30 38 33 37 42 30 33 32 44 30 38 36 38 46 45 43 39 46 44 44 43 39 43 32 36 33 31 31 35 46 30 44 43 43 34 42 44 42 35 37 43 36 30 33 43 34 32 46 34 41 35 30 34 34 39 97 D5 
2022/1/17 14:16:18.473 [RX] - 55 55 55 55 55 55 55 55 55 55 55 55 55 55 55 55 55 55 55 55 55 55 55 55 55 55 55 55 55 55 66 56 69 56 4F 74 65 63 68 32 00 80 00 00 00 B9 DF  pass 
2022/1/17 14:16:18.766 [TX] - 56 69 56 4F 74 65 63 68 32 00 81 00 00 71 05 41 30 31 31 32 44 30 54 45 30 30 4E 30 31 30 30 4B 53 31 38 36 32 39 39 34 39 30 31 32 43 30 30 30 34 36 30 30 30 30 31 39 34 34 38 36 43 33 31 36 38 43 41 31 46 42 34 41 38 30 39 45 36 33 39 46 46 39 43 33 42 37 32 36 45 32 34 37 43 35 39 30 42 32 32 38 43 35 44 32 32 36 35 30 46 36 36 39 37 45 38 34 37 41 32 46 38 41 32 37 33 39 33 47 AE 
2022/1/17 14:16:19.093 [RX] - 55 55 55 55 55 55 55 55 55 55 55 55 55 55 55 55 55 55 55 55 55 55 55 55 55 55 55 55 55 55 66 56 69 56 4F 74 65 63 68 32 00 81 00 00 00 CF 6B  pass 
2022/1/17 14:16:19.386 [TX] - 56 69 56 4F 74 65 63 68 32 00 C7 36 00 01 03 6C 97 
2022/1/17 14:16:19.444 [RX] - 55 55 55 55 55 55 55 55 55 55 55 55 55 55 55 55 55 55 55 55 55 55 55 55 55 55 55 55 55 55 66 56 69 56 4F 74 65 63 68 32 00 C7 00 00 00 86 6E  pass pass pass  

--- Gift card

2022/1/17 14:16:19.744 [TX] - 56 69 56 4F 74 65 63 68 32 00 02 40 00 0A 0A 9F 02 06 00 00 00 00 10 00 18 73 
2022/1/17 14:16:21.624 [RX] - 55 55 55 55 55 55 55 55 55 55 55 55 55 55 55 55 55 55 55 55 55 55 55 55 55 55 55 55 55 55 66 56 69 56 4F 74 65 63 68 32 00 02 00 01 68 C8 DF EE 25 02 00 11 DF EE 23 82 01 14 02 0E 01 80 1F 3D 26 00 83 9B 25 2A 36 30 30 36 2A 2A 2A 2A 2A 2A 2A 2A 2A 2A 2A 37 31 34 37 5E 30 37 36 37 35 30 30 39 39 30 32 24 30 30 30 30 30 24 20 20 20 20 20 20 20 20 5E 38 30 31 32 2A 2A 2A 2A 2A 2A 3F 2A 3B 36 30 30 36 2A 2A 2A 2A 2A 2A 2A 2A 2A 2A 2A 37 31 34 37 3D 38 30 31 32 2A 2A 2A 2A 2A 2A 2A 2A 2A 2A 2A 3F 2A F9 77 33 C0 CF 91 D9 6B 0C A9 4F 94 A1 A0 D2 5C C4 F6 E1 E2 FD 2C 89 95 79 E2 91 C1 61 54 FE 00 EB 36 8F 95 04 51 B8 BD F8 8C 08 4C 7B BF 7F 2C C1 DD 3E 2D 73 E0 3E 5A D5 9D 27 FA 05 0B D2 9D 7C E5 05 DC 8A 63 65 57 23 59 99 0C 93 2C F1 8A 31 A7 67 BA D1 6A 5E 94 00 9E 3F F3 6F 1A 87 BE 11 AE B2 68 1B 11 3A C0 4F 96 8D 11 4A 72 0C 4F 3F 7F 90 8C E8 2E DC 54 F5 7D EE DF F5 7B 99 7B D5 25 11 FE 3A 50 34 80 4E 98 D6 B4 D6 2C C9 45 37 33 39 54 30 32 35 37 39 33 62 99 49 01 2C 00 04 60 00 01 5C 7C 03 9F 39 01 90 FF EE 01 04 DF 30 01 0C DF EE 26 01 C8 DF EF 4C 06 00 25 00 00 00 00 DF EF 4D 28 7C E5 05 DC 8A 63 65 57 23 59 99 0C 93 2C F1 8A 31 A7 67 BA D1 6A 5E 94 00 9E 3F F3 6F 1A 87 BE 72 73 0A 1D 19 77 7E EF F7 26  

 Erase All Keys...

2022/1/17 14:16:22.567 [TX] - 56 69 56 4F 74 65 63 68 32 00 83 00 00 00 03 22 
2022/1/17 14:16:22.623 [RX] - 55 55 55 55 55 55 55 55 55 55 55 55 55 55 55 55 55 55 55 55 55 55 55 55 55 55 55 55 55 55 66 56 69 56 4F 74 65 63 68 32 00 83 00 00 00 22 03  pass  

 Set DUKPT Key Encryption Type...

2022/1/17 14:16:22.917 [TX] - 56 69 56 4F 74 65 63 68 32 00 C7 32 00 01 00 6D FE 
2022/1/17 14:16:22.976 [RX] - 55 55 55 55 55 55 55 55 55 55 55 55 55 55 55 55 55 55 55 55 55 55 55 55 55 55 55 55 55 55 66 56 69 56 4F 74 65 63 68 32 00 C7 00 00 00 86 6E  pass pass pass  

 Get DUKPT Key Encryption Type...

2022/1/17 14:16:23.271 [TX] - 56 69 56 4F 74 65 63 68 32 00 C7 33 00 00 1A 9B 
2022/1/17 14:16:23.327 [RX] - 55 55 55 55 55 55 55 55 55 55 55 55 55 55 55 55 55 55 55 55 55 55 55 55 55 55 55 55 55 55 66 56 69 56 4F 74 65 63 68 32 00 C7 00 00 01 00 AC 7F  pass pass  

 Loading DUKPT key...

2022/1/17 14:16:23.622 [TX] - 56 69 56 4F 74 65 63 68 32 00 80 00 00 65 30 45 43 36 30 46 33 35 31 34 37 45 43 41 30 30 38 38 4B 30 54 44 30 30 4E 30 30 30 30 30 30 38 30 39 43 30 37 41 39 39 31 44 43 38 30 33 34 45 43 31 32 45 31 36 39 43 30 44 35 34 35 35 44 45 41 32 39 34 35 31 34 32 34 37 38 30 38 30 35 36 38 32 33 34 39 38 37 31 32 30 32 33 34 30 30 30 30 30 30 30 30 12 43 
2022/1/17 14:16:23.910 [RX] - 55 55 55 55 55 55 55 55 55 55 55 55 55 55 55 55 55 55 55 55 55 55 55 55 55 55 55 55 55 55 66 56 69 56 4F 74 65 63 68 32 00 80 00 00 00 B9 DF  pass 
2022/1/17 14:16:24.201 [TX] - 56 69 56 4F 74 65 63 68 32 00 80 00 00 65 31 34 43 45 32 35 35 35 31 34 37 45 43 41 30 30 38 38 4B 30 54 44 30 30 4E 30 30 30 30 30 30 38 30 46 35 30 36 46 36 41 33 44 34 30 38 39 39 45 30 35 35 42 42 35 42 39 45 33 41 44 44 36 30 30 42 38 38 35 33 32 37 37 39 32 32 34 36 30 39 32 36 32 33 41 39 39 37 31 32 36 32 33 34 30 30 30 30 30 30 30 30 35 7F 
2022/1/17 14:16:24.490 [RX] - 55 55 55 55 55 55 55 55 55 55 55 55 55 55 55 55 55 55 55 55 55 55 55 55 55 55 55 55 55 55 66 56 69 56 4F 74 65 63 68 32 00 80 00 00 00 B9 DF  pass 
2022/1/17 14:16:24.783 [TX] - 56 69 56 4F 74 65 63 68 32 00 80 01 00 58 41 30 30 38 38 4B 30 54 44 30 30 4E 30 30 30 30 43 44 32 46 43 43 36 44 37 39 32 44 33 42 32 34 46 30 38 33 37 42 30 33 32 44 30 38 36 38 46 45 43 39 46 44 44 43 39 43 32 36 33 31 31 35 46 30 44 43 43 34 42 44 42 35 37 43 36 30 33 43 34 32 46 34 41 35 30 34 34 39 97 D5 
2022/1/17 14:16:25.042 [RX] - 55 55 55 55 55 55 55 55 55 55 55 55 55 55 55 55 55 55 55 55 55 55 55 55 55 55 55 55 55 55 66 56 69 56 4F 74 65 63 68 32 00 80 00 00 00 B9 DF  pass 
2022/1/17 14:16:25.337 [TX] - 56 69 56 4F 74 65 63 68 32 00 81 00 00 71 05 41 30 31 31 32 44 30 54 45 30 30 4E 30 31 30 30 4B 53 31 38 36 32 39 39 34 39 30 31 32 43 30 30 30 34 36 30 30 30 30 31 39 34 34 38 36 43 33 31 36 38 43 41 31 46 42 34 41 38 30 39 45 36 33 39 46 46 39 43 33 42 37 32 36 45 32 34 37 43 35 39 30 42 32 32 38 43 35 44 32 32 36 35 30 46 36 36 39 37 45 38 34 37 41 32 46 38 41 32 37 33 39 33 47 AE 
2022/1/17 14:16:25.663 [RX] - 55 55 55 55 55 55 55 55 55 55 55 55 55 55 55 55 55 55 55 55 55 55 55 55 55 55 55 55 55 55 66 56 69 56 4F 74 65 63 68 32 00 81 00 00 00 CF 6B  pass 
2022/1/17 14:16:25.958 [TX] - 56 69 56 4F 74 65 63 68 32 00 C7 36 00 01 03 6C 97 
2022/1/17 14:16:26.016 [RX] - 55 55 55 55 55 55 55 55 55 55 55 55 55 55 55 55 55 55 55 55 55 55 55 55 55 55 55 55 55 55 66 56 69 56 4F 74 65 63 68 32 00 C7 00 00 00 86 6E  pass pass pass  

--- Real card (PAN=11)

2022/1/17 14:16:26.313 [TX] - 56 69 56 4F 74 65 63 68 32 00 02 40 00 0A 0A 9F 02 06 00 00 00 00 10 00 18 73 
2022/1/17 14:16:26.982 [RX] - 55 55 55 55 55 55 55 55 55 55 55 55 55 55 55 55 55 55 55 55 55 55 55 55 55 55 55 55 55 55 66 56 69 56 4F 74 65 63 68 32 00 02 00 00 6E C8 DF EE 25 02 00 11 DF EE 23 52 02 4C 00 83 0F 3B 00 00 A1 00 25 42 34 30 37 31 36 36 32 31 30 34 36 5E 44 4F 57 2F 4A 4F 48 4E 20 5E 31 37 31 31 32 30 31 31 32 37 38 37 31 31 30 30 30 30 30 30 30 30 38 34 39 30 30 30 30 30 30 3F 20 3F 3F 37 33 39 54 30 32 35 37 39 33 55 49 03 9F 39 01 90 FF EE 01 04 DF 30 01 0C DF EE 26 01 C8 9B D5  

 Erase All Keys...

2022/1/17 14:16:27.505 [TX] - 56 69 56 4F 74 65 63 68 32 00 83 00 00 00 03 22 
2022/1/17 14:16:27.561 [RX] - 55 55 55 55 55 55 55 55 55 55 55 55 55 55 55 55 55 55 55 55 55 55 55 55 55 55 55 55 55 55 66 56 69 56 4F 74 65 63 68 32 00 83 00 00 00 22 03  pass  

 Set DUKPT Key Encryption Type...

2022/1/17 14:16:27.855 [TX] - 56 69 56 4F 74 65 63 68 32 00 C7 32 00 01 00 6D FE 
2022/1/17 14:16:27.914 [RX] - 55 55 55 55 55 55 55 55 55 55 55 55 55 55 55 55 55 55 55 55 55 55 55 55 55 55 55 55 55 55 66 56 69 56 4F 74 65 63 68 32 00 C7 00 00 00 86 6E  pass pass pass  

 Get DUKPT Key Encryption Type...

2022/1/17 14:16:28.211 [TX] - 56 69 56 4F 74 65 63 68 32 00 C7 33 00 00 1A 9B 
2022/1/17 14:16:28.267 [RX] - 55 55 55 55 55 55 55 55 55 55 55 55 55 55 55 55 55 55 55 55 55 55 55 55 55 55 55 55 55 55 66 56 69 56 4F 74 65 63 68 32 00 C7 00 00 01 00 AC 7F  pass pass  

 Loading DUKPT key...

2022/1/17 14:16:28.563 [TX] - 56 69 56 4F 74 65 63 68 32 00 80 00 00 65 30 45 43 36 30 46 33 35 31 34 37 45 43 41 30 30 38 38 4B 30 54 44 30 30 4E 30 30 30 30 30 30 38 30 39 43 30 37 41 39 39 31 44 43 38 30 33 34 45 43 31 32 45 31 36 39 43 30 44 35 34 35 35 44 45 41 32 39 34 35 31 34 32 34 37 38 30 38 30 35 36 38 32 33 34 39 38 37 31 32 30 32 33 34 30 30 30 30 30 30 30 30 12 43 
2022/1/17 14:16:28.850 [RX] - 55 55 55 55 55 55 55 55 55 55 55 55 55 55 55 55 55 55 55 55 55 55 55 55 55 55 55 55 55 55 66 56 69 56 4F 74 65 63 68 32 00 80 00 00 00 B9 DF  pass 
2022/1/17 14:16:29.143 [TX] - 56 69 56 4F 74 65 63 68 32 00 80 00 00 65 31 34 43 45 32 35 35 35 31 34 37 45 43 41 30 30 38 38 4B 30 54 44 30 30 4E 30 30 30 30 30 30 38 30 46 35 30 36 46 36 41 33 44 34 30 38 39 39 45 30 35 35 42 42 35 42 39 45 33 41 44 44 36 30 30 42 38 38 35 33 32 37 37 39 32 32 34 36 30 39 32 36 32 33 41 39 39 37 31 32 36 32 33 34 30 30 30 30 30 30 30 30 35 7F 
2022/1/17 14:16:29.431 [RX] - 55 55 55 55 55 55 55 55 55 55 55 55 55 55 55 55 55 55 55 55 55 55 55 55 55 55 55 55 55 55 66 56 69 56 4F 74 65 63 68 32 00 80 00 00 00 B9 DF  pass 
2022/1/17 14:16:29.724 [TX] - 56 69 56 4F 74 65 63 68 32 00 80 01 00 58 41 30 30 38 38 4B 30 54 44 30 30 4E 30 30 30 30 43 44 32 46 43 43 36 44 37 39 32 44 33 42 32 34 46 30 38 33 37 42 30 33 32 44 30 38 36 38 46 45 43 39 46 44 44 43 39 43 32 36 33 31 31 35 46 30 44 43 43 34 42 44 42 35 37 43 36 30 33 43 34 32 46 34 41 35 30 34 34 39 97 D5 
2022/1/17 14:16:29.984 [RX] - 55 55 55 55 55 55 55 55 55 55 55 55 55 55 55 55 55 55 55 55 55 55 55 55 55 55 55 55 55 55 66 56 69 56 4F 74 65 63 68 32 00 80 00 00 00 B9 DF  pass 
2022/1/17 14:16:30.276 [TX] - 56 69 56 4F 74 65 63 68 32 00 81 00 00 71 05 41 30 31 31 32 44 30 54 45 30 30 4E 30 31 30 30 4B 53 31 38 36 32 39 39 34 39 30 31 32 43 30 30 30 34 36 30 30 30 30 31 39 34 34 38 36 43 33 31 36 38 43 41 31 46 42 34 41 38 30 39 45 36 33 39 46 46 39 43 33 42 37 32 36 45 32 34 37 43 35 39 30 42 32 32 38 43 35 44 32 32 36 35 30 46 36 36 39 37 45 38 34 37 41 32 46 38 41 32 37 33 39 33 47 AE 
2022/1/17 14:16:30.602 [RX] - 55 55 55 55 55 55 55 55 55 55 55 55 55 55 55 55 55 55 55 55 55 55 55 55 55 55 55 55 55 55 66 56 69 56 4F 74 65 63 68 32 00 81 00 00 00 CF 6B  pass 
2022/1/17 14:16:30.896 [TX] - 56 69 56 4F 74 65 63 68 32 00 C7 36 00 01 03 6C 97 
2022/1/17 14:16:30.954 [RX] - 55 55 55 55 55 55 55 55 55 55 55 55 55 55 55 55 55 55 55 55 55 55 55 55 55 55 55 55 55 55 66 56 69 56 4F 74 65 63 68 32 00 C7 00 00 00 86 6E  pass pass pass  

--- Real card (PAN=12)

2022/1/17 14:16:31.254 [TX] - 56 69 56 4F 74 65 63 68 32 00 02 40 00 0A 0A 9F 02 06 00 00 00 00 10 00 18 73 
2022/1/17 14:16:32.091 [RX] - 55 55 55 55 55 55 55 55 55 55 55 55 55 55 55 55 55 55 55 55 55 55 55 55 55 55 55 55 55 55 66 56 69 56 4F 74 65 63 68 32 00 02 00 00 DA C8 DF EE 25 02 00 11 DF EE 23 81 AF 02 A9 00 80 0F 3A 00 00 A1 89 25 2A 34 30 37 31 2A 2A 2A 2A 30 34 36 39 5E 44 4F 57 2F 4A 4F 48 4E 20 5E 31 37 31 31 2A 2A 2A 2A 2A 2A 2A 2A 2A 2A 2A 2A 2A 2A 2A 2A 2A 2A 2A 2A 2A 2A 2A 2A 2A 2A 2A 3F 2A FB 74 0D E9 C0 1A AA 04 78 C2 46 EC 88 C8 A1 08 3D C4 B3 A2 7A A8 E4 6C B9 D5 43 BD CA 63 7D AD 07 4C DD D3 8B 78 FA 61 28 C3 ED F7 B2 00 B7 F5 90 6D 5B 11 14 3C C5 5B 03 EF 11 A5 FA CD 00 E6 2C D5 16 64 84 CA B1 DF 2A 0A 61 CB CB 1A 0C 82 05 67 C2 64 37 33 39 54 30 32 35 37 39 33 62 99 49 01 2C 00 04 60 00 01 CA CE 03 9F 39 01 90 FF EE 01 04 DF 30 01 0C DF EE 26 01 C8 DF EF 4C 06 00 00 00 00 00 00 DF EF 4D 00 C5 8C  

 Erase All Keys...

2022/1/17 14:16:32.817 [TX] - 56 69 56 4F 74 65 63 68 32 00 83 00 00 00 03 22 
2022/1/17 14:16:32.874 [RX] - 55 55 55 55 55 55 55 55 55 55 55 55 55 55 55 55 55 55 55 55 55 55 55 55 55 55 55 55 55 55 66 56 69 56 4F 74 65 63 68 32 00 83 00 00 00 22 03  pass  

 Set DUKPT Key Encryption Type...

2022/1/17 14:16:33.168 [TX] - 56 69 56 4F 74 65 63 68 32 00 C7 32 00 01 00 6D FE 
2022/1/17 14:16:33.227 [RX] - 55 55 55 55 55 55 55 55 55 55 55 55 55 55 55 55 55 55 55 55 55 55 55 55 55 55 55 55 55 55 66 56 69 56 4F 74 65 63 68 32 00 C7 00 00 00 86 6E  pass pass pass  

 Get DUKPT Key Encryption Type...

2022/1/17 14:16:33.524 [TX] - 56 69 56 4F 74 65 63 68 32 00 C7 33 00 00 1A 9B 
2022/1/17 14:16:33.580 [RX] - 55 55 55 55 55 55 55 55 55 55 55 55 55 55 55 55 55 55 55 55 55 55 55 55 55 55 55 55 55 55 66 56 69 56 4F 74 65 63 68 32 00 C7 00 00 01 00 AC 7F  pass pass  

 Loading DUKPT key...

2022/1/17 14:16:33.877 [TX] - 56 69 56 4F 74 65 63 68 32 00 80 00 00 65 30 45 43 36 30 46 33 35 31 34 37 45 43 41 30 30 38 38 4B 30 54 44 30 30 4E 30 30 30 30 30 30 38 30 39 43 30 37 41 39 39 31 44 43 38 30 33 34 45 43 31 32 45 31 36 39 43 30 44 35 34 35 35 44 45 41 32 39 34 35 31 34 32 34 37 38 30 38 30 35 36 38 32 33 34 39 38 37 31 32 30 32 33 34 30 30 30 30 30 30 30 30 12 43 
2022/1/17 14:16:34.165 [RX] - 55 55 55 55 55 55 55 55 55 55 55 55 55 55 55 55 55 55 55 55 55 55 55 55 55 55 55 55 55 55 66 56 69 56 4F 74 65 63 68 32 00 80 00 00 00 B9 DF  pass 
2022/1/17 14:16:34.457 [TX] - 56 69 56 4F 74 65 63 68 32 00 80 00 00 65 31 34 43 45 32 35 35 35 31 34 37 45 43 41 30 30 38 38 4B 30 54 44 30 30 4E 30 30 30 30 30 30 38 30 46 35 30 36 46 36 41 33 44 34 30 38 39 39 45 30 35 35 42 42 35 42 39 45 33 41 44 44 36 30 30 42 38 38 35 33 32 37 37 39 32 32 34 36 30 39 32 36 32 33 41 39 39 37 31 32 36 32 33 34 30 30 30 30 30 30 30 30 35 7F 
2022/1/17 14:16:34.745 [RX] - 55 55 55 55 55 55 55 55 55 55 55 55 55 55 55 55 55 55 55 55 55 55 55 55 55 55 55 55 55 55 66 56 69 56 4F 74 65 63 68 32 00 80 00 00 00 B9 DF  pass 
2022/1/17 14:16:35.038 [TX] - 56 69 56 4F 74 65 63 68 32 00 80 01 00 58 41 30 30 38 38 4B 30 54 44 30 30 4E 30 30 30 30 43 44 32 46 43 43 36 44 37 39 32 44 33 42 32 34 46 30 38 33 37 42 30 33 32 44 30 38 36 38 46 45 43 39 46 44 44 43 39 43 32 36 33 31 31 35 46 30 44 43 43 34 42 44 42 35 37 43 36 30 33 43 34 32 46 34 41 35 30 34 34 39 97 D5 
2022/1/17 14:16:35.298 [RX] - 55 55 55 55 55 55 55 55 55 55 55 55 55 55 55 55 55 55 55 55 55 55 55 55 55 55 55 55 55 55 66 56 69 56 4F 74 65 63 68 32 00 80 00 00 00 B9 DF  pass 
2022/1/17 14:16:35.591 [TX] - 56 69 56 4F 74 65 63 68 32 00 81 00 00 71 05 41 30 31 31 32 44 30 54 45 30 30 4E 30 31 30 30 4B 53 31 38 36 32 39 39 34 39 30 31 32 43 30 30 30 34 36 30 30 30 30 31 39 34 34 38 36 43 33 31 36 38 43 41 31 46 42 34 41 38 30 39 45 36 33 39 46 46 39 43 33 42 37 32 36 45 32 34 37 43 35 39 30 42 32 32 38 43 35 44 32 32 36 35 30 46 36 36 39 37 45 38 34 37 41 32 46 38 41 32 37 33 39 33 47 AE 
2022/1/17 14:16:35.917 [RX] - 55 55 55 55 55 55 55 55 55 55 55 55 55 55 55 55 55 55 55 55 55 55 55 55 55 55 55 55 55 55 66 56 69 56 4F 74 65 63 68 32 00 81 00 00 00 CF 6B  pass 
2022/1/17 14:16:36.211 [TX] - 56 69 56 4F 74 65 63 68 32 00 C7 36 00 01 03 6C 97 
2022/1/17 14:16:36.269 [RX] - 55 55 55 55 55 55 55 55 55 55 55 55 55 55 55 55 55 55 55 55 55 55 55 55 55 55 55 55 55 55 66 56 69 56 4F 74 65 63 68 32 00 C7 00 00 00 86 6E  pass pass pass  

--- Real card (PAN=20)

2022/1/17 14:16:36.570 [TX] - 56 69 56 4F 74 65 63 68 32 00 02 40 00 0A 0A 9F 02 06 00 00 00 00 10 00 18 73 
2022/1/17 14:16:37.932 [RX] - 55 55 55 55 55 55 55 55 55 55 55 55 55 55 55 55 55 55 55 55 55 55 55 55 55 55 55 55 55 55 66 56 69 56 4F 74 65 63 68 32 00 02 00 00 75 C8 DF EE 25 02 00 11 DF EE 23 59 02 53 00 83 0F 42 00 00 A1 00 25 42 34 30 37 31 36 36 32 31 30 34 36 39 31 32 33 34 35 36 37 38 5E 44 4F 57 2F 4A 4F 48 4E 20 5E 31 37 31 31 32 30 31 31 32 37 38 37 31 31 30 30 30 30 30 30 30 30 38 34 39 30 30 30 30 30 30 3F 31 37 33 39 54 30 32 35 37 39 33 0C C0 03 9F 39 01 90 FF EE 01 04 DF 30 01 0C DF EE 26 01 C8 A6 0D  

 Erase All Keys...

2022/1/17 14:16:38.470 [TX] - 56 69 56 4F 74 65 63 68 32 00 83 00 00 00 03 22 
2022/1/17 14:16:38.526 [RX] - 55 55 55 55 55 55 55 55 55 55 55 55 55 55 55 55 55 55 55 55 55 55 55 55 55 55 55 55 55 55 66 56 69 56 4F 74 65 63 68 32 00 83 00 00 00 22 03  pass  

 Set DUKPT Key Encryption Type...

2022/1/17 14:16:38.820 [TX] - 56 69 56 4F 74 65 63 68 32 00 C7 32 00 01 00 6D FE 
2022/1/17 14:16:38.879 [RX] - 55 55 55 55 55 55 55 55 55 55 55 55 55 55 55 55 55 55 55 55 55 55 55 55 55 55 55 55 55 55 66 56 69 56 4F 74 65 63 68 32 00 C7 00 00 00 86 6E  pass pass pass  

 Get DUKPT Key Encryption Type...

2022/1/17 14:16:39.174 [TX] - 56 69 56 4F 74 65 63 68 32 00 C7 33 00 00 1A 9B 
2022/1/17 14:16:39.230 [RX] - 55 55 55 55 55 55 55 55 55 55 55 55 55 55 55 55 55 55 55 55 55 55 55 55 55 55 55 55 55 55 66 56 69 56 4F 74 65 63 68 32 00 C7 00 00 01 00 AC 7F  pass pass  

 Loading DUKPT key...

2022/1/17 14:16:39.526 [TX] - 56 69 56 4F 74 65 63 68 32 00 80 00 00 65 30 45 43 36 30 46 33 35 31 34 37 45 43 41 30 30 38 38 4B 30 54 44 30 30 4E 30 30 30 30 30 30 38 30 39 43 30 37 41 39 39 31 44 43 38 30 33 34 45 43 31 32 45 31 36 39 43 30 44 35 34 35 35 44 45 41 32 39 34 35 31 34 32 34 37 38 30 38 30 35 36 38 32 33 34 39 38 37 31 32 30 32 33 34 30 30 30 30 30 30 30 30 12 43 
2022/1/17 14:16:39.813 [RX] - 55 55 55 55 55 55 55 55 55 55 55 55 55 55 55 55 55 55 55 55 55 55 55 55 55 55 55 55 55 55 66 56 69 56 4F 74 65 63 68 32 00 80 00 00 00 B9 DF  pass 
2022/1/17 14:16:40.104 [TX] - 56 69 56 4F 74 65 63 68 32 00 80 00 00 65 31 34 43 45 32 35 35 35 31 34 37 45 43 41 30 30 38 38 4B 30 54 44 30 30 4E 30 30 30 30 30 30 38 30 46 35 30 36 46 36 41 33 44 34 30 38 39 39 45 30 35 35 42 42 35 42 39 45 33 41 44 44 36 30 30 42 38 38 35 33 32 37 37 39 32 32 34 36 30 39 32 36 32 33 41 39 39 37 31 32 36 32 33 34 30 30 30 30 30 30 30 30 35 7F 
2022/1/17 14:16:40.436 [RX] - 55 55 55 55 55 55 55 55 55 55 55 55 55 55 55 55 55 55 55 55 55 55 55 55 55 55 55 55 55 55 66 56 69 56 4F 74 65 63 68 32 00 80 00 00 00 B9 DF  pass 
2022/1/17 14:16:40.728 [TX] - 56 69 56 4F 74 65 63 68 32 00 80 01 00 58 41 30 30 38 38 4B 30 54 44 30 30 4E 30 30 30 30 43 44 32 46 43 43 36 44 37 39 32 44 33 42 32 34 46 30 38 33 37 42 30 33 32 44 30 38 36 38 46 45 43 39 46 44 44 43 39 43 32 36 33 31 31 35 46 30 44 43 43 34 42 44 42 35 37 43 36 30 33 43 34 32 46 34 41 35 30 34 34 39 97 D5 
2022/1/17 14:16:40.988 [RX] - 55 55 55 55 55 55 55 55 55 55 55 55 55 55 55 55 55 55 55 55 55 55 55 55 55 55 55 55 55 55 66 56 69 56 4F 74 65 63 68 32 00 80 00 00 00 B9 DF  pass 
2022/1/17 14:16:41.281 [TX] - 56 69 56 4F 74 65 63 68 32 00 81 00 00 71 05 41 30 31 31 32 44 30 54 45 30 30 4E 30 31 30 30 4B 53 31 38 36 32 39 39 34 39 30 31 32 43 30 30 30 34 36 30 30 30 30 31 39 34 34 38 36 43 33 31 36 38 43 41 31 46 42 34 41 38 30 39 45 36 33 39 46 46 39 43 33 42 37 32 36 45 32 34 37 43 35 39 30 42 32 32 38 43 35 44 32 32 36 35 30 46 36 36 39 37 45 38 34 37 41 32 46 38 41 32 37 33 39 33 47 AE 
2022/1/17 14:16:41.608 [RX] - 55 55 55 55 55 55 55 55 55 55 55 55 55 55 55 55 55 55 55 55 55 55 55 55 55 55 55 55 55 55 66 56 69 56 4F 74 65 63 68 32 00 81 00 00 00 CF 6B  pass 
2022/1/17 14:16:41.903 [TX] - 56 69 56 4F 74 65 63 68 32 00 C7 36 00 01 03 6C 97 
2022/1/17 14:16:41.961 [RX] - 55 55 55 55 55 55 55 55 55 55 55 55 55 55 55 55 55 55 55 55 55 55 55 55 55 55 55 55 55 55 66 56 69 56 4F 74 65 63 68 32 00 C7 00 00 00 86 6E  pass pass pass  

--- ISO4909

2022/1/17 14:16:42.261 [TX] - 56 69 56 4F 74 65 63 68 32 00 02 40 00 0A 0A 9F 02 06 00 00 00 00 10 00 18 73 
2022/1/17 14:16:44.103 [RX] - 55 55 55 55 55 55 55 55 55 55 55 55 55 55 55 55 55 55 55 55 55 55 55 55 55 55 55 55 55 55 66 56 69 56 4F 74 65 63 68 32 00 02 00 02 0D C8 DF EE 25 02 00 11 DF EE 23 82 01 B9 02 B3 01 80 3F 4D 27 69 83 BF 25 2A 34 35 34 37 2A 2A 2A 2A 2A 2A 2A 2A 30 30 30 30 5E 4C 4C 49 42 52 45 20 52 4F 42 45 52 54 2D 47 55 49 4C 4C 45 52 4D 4F 20 5E 31 31 30 32 2A 2A 2A 2A 2A 2A 2A 2A 2A 2A 2A 2A 2A 2A 2A 2A 2A 2A 2A 2A 2A 2A 2A 2A 2A 2A 2A 3F 2A 3B 34 35 34 37 2A 2A 2A 2A 2A 2A 2A 2A 30 30 30 30 3D 31 31 30 32 2A 2A 2A 2A 2A 2A 2A 2A 2A 2A 2A 2A 2A 2A 2A 3F 2A DE 04 D2 DB BB F9 AA 18 EC 56 B9 DC 8C 3F 27 5F 5A B2 91 41 41 38 04 5F EE 1E 72 01 5B 35 30 E2 EC 75 97 64 E5 62 F9 BA 6E D0 3C 7D 7C 59 11 A0 7A 63 77 FB D6 DA DB A2 9B 3B A6 15 7A B2 92 09 4B 62 8C 26 8E A3 55 92 27 C4 20 64 EA 81 19 7A FC BB A4 7C FC 22 D8 2C 80 ED D4 1E 2C 4D DF B5 D9 A5 18 39 AC 9B 27 02 AA 76 41 75 77 9D D0 C0 89 25 0C D0 4A 03 E4 2C F2 8B DE 73 F9 81 4D A3 76 8A A6 F3 D5 D4 84 4C 10 D6 77 D3 63 32 C4 40 ED EC 69 F2 56 EB 03 56 B5 A9 43 13 3E F4 63 37 18 F6 D6 5F 29 ED 81 61 DE 75 20 EA A8 94 29 EE 9E 53 36 F2 87 84 01 7F 20 1D 4A 98 C0 91 7F F1 37 CF BF 64 5F 63 16 A6 A6 22 A7 19 5B 45 F9 04 77 06 E0 A0 DE 84 BB 59 5B 9F 2C 07 AF CC CB 1A 4D 4F BF FA 85 F3 52 A7 BC 6D B0 09 54 4A 8E 4D B4 6B E2 83 32 3D 79 6E B0 13 AF 65 DF AF 57 85 96 18 2E D3 93 78 61 C2 BD 7D 77 E1 44 D2 BE 7C 75 B7 AD 34 1D 23 80 EC 5A 2A F0 4A 2E 9E 8D 84 56 D2 8E C1 37 33 39 54 30 32 35 37 39 33 62 99 49 01 2C 00 04 60 00 01 E9 0D 03 9F 39 01 90 FF EE 01 04 DF 30 01 0C DF EE 26 01 C8 DF EF  pass 4C 06 00 26 00 00 00 00 DF EF 4D 28 FC BB A4 7C FC 22 D8 2C 80 ED D4 1E 2C 4D DF B5 D9 A5 18 39 AC 9B 27 02 AA 76 41 75 77 9D D0 C0 52 0F 5D 20 FC B3 B7 D9 73 0D  

Poll on Demand

2022/1/17 14:16:45.380 [TX] - 56 69 56 4F 74 65 63 68 32 00 01 01 00 01 01 D7 34 
2022/1/17 14:16:45.439 [RX] - 55 55 55 55 55 55 55 55 55 55 55 55 55 55 55 55 55 55 55 55 55 55 55 55 55 55 55 55 55 55 66 56 69 56 4F 74 65 63 68 32 00 01 00 00 00 12 53  pass  

 Erase All Keys...

2022/1/17 14:16:45.534 [TX] - 56 69 56 4F 74 65 63 68 32 00 83 00 00 00 03 22 
2022/1/17 14:16:45.590 [RX] - 55 55 55 55 55 55 55 55 55 55 55 55 55 55 55 55 55 55 55 55 55 55 55 55 55 55 55 55 55 55 66 56 69 56 4F 74 65 63 68 32 00 83 00 00 00 22 03  pass  

 Set DUKPT Key Encryption Type...

2022/1/17 14:16:45.886 [TX] - 56 69 56 4F 74 65 63 68 32 00 C7 32 00 01 00 6D FE 
2022/1/17 14:16:45.945 [RX] - 55 55 55 55 55 55 55 55 55 55 55 55 55 55 55 55 55 55 55 55 55 55 55 55 55 55 55 55 55 55 66 56 69 56 4F 74 65 63 68 32 00 C7 00 00 00 86 6E  pass pass pass  

 Get DUKPT Key Encryption Type...

2022/1/17 14:16:46.244 [TX] - 56 69 56 4F 74 65 63 68 32 00 C7 33 00 00 1A 9B 
2022/1/17 14:16:46.300 [RX] - 55 55 55 55 55 55 55 55 55 55 55 55 55 55 55 55 55 55 55 55 55 55 55 55 55 55 55 55 55 55 66 56 69 56 4F 74 65 63 68 32 00 C7 00 00 01 00 AC 7F  pass pass  

 Loading DUKPT key...

2022/1/17 14:16:46.598 [TX] - 56 69 56 4F 74 65 63 68 32 00 80 00 00 65 30 45 43 36 30 46 33 35 31 34 37 45 43 41 30 30 38 38 4B 30 54 44 30 30 4E 30 30 30 30 30 30 38 30 39 43 30 37 41 39 39 31 44 43 38 30 33 34 45 43 31 32 45 31 36 39 43 30 44 35 34 35 35 44 45 41 32 39 34 35 31 34 32 34 37 38 30 38 30 35 36 38 32 33 34 39 38 37 31 32 30 32 33 34 30 30 30 30 30 30 30 30 12 43 
2022/1/17 14:16:46.885 [RX] - 55 55 55 55 55 55 55 55 55 55 55 55 55 55 55 55 55 55 55 55 55 55 55 55 55 55 55 55 55 55 66 56 69 56 4F 74 65 63 68 32 00 80 00 00 00 B9 DF  pass 
2022/1/17 14:16:47.178 [TX] - 56 69 56 4F 74 65 63 68 32 00 80 00 00 65 31 34 43 45 32 35 35 35 31 34 37 45 43 41 30 30 38 38 4B 30 54 44 30 30 4E 30 30 30 30 30 30 38 30 46 35 30 36 46 36 41 33 44 34 30 38 39 39 45 30 35 35 42 42 35 42 39 45 33 41 44 44 36 30 30 42 38 38 35 33 32 37 37 39 32 32 34 36 30 39 32 36 32 33 41 39 39 37 31 32 36 32 33 34 30 30 30 30 30 30 30 30 35 7F 
2022/1/17 14:16:47.466 [RX] - 55 55 55 55 55 55 55 55 55 55 55 55 55 55 55 55 55 55 55 55 55 55 55 55 55 55 55 55 55 55 66 56 69 56 4F 74 65 63 68 32 00 80 00 00 00 B9 DF  pass 
2022/1/17 14:16:47.760 [TX] - 56 69 56 4F 74 65 63 68 32 00 80 01 00 58 41 30 30 38 38 4B 30 54 44 30 30 4E 30 30 30 30 43 44 32 46 43 43 36 44 37 39 32 44 33 42 32 34 46 30 38 33 37 42 30 33 32 44 30 38 36 38 46 45 43 39 46 44 44 43 39 43 32 36 33 31 31 35 46 30 44 43 43 34 42 44 42 35 37 43 36 30 33 43 34 32 46 34 41 35 30 34 34 39 97 D5 
2022/1/17 14:16:48.020 [RX] - 55 55 55 55 55 55 55 55 55 55 55 55 55 55 55 55 55 55 55 55 55 55 55 55 55 55 55 55 55 55 66 56 69 56 4F 74 65 63 68 32 00 80 00 00 00 B9 DF  pass 
2022/1/17 14:16:48.315 [TX] - 56 69 56 4F 74 65 63 68 32 00 81 00 00 71 05 41 30 31 31 32 44 30 54 45 30 30 4E 30 31 30 30 4B 53 31 38 36 32 39 39 34 39 30 31 32 43 30 30 30 34 36 30 30 30 30 31 39 34 34 38 36 43 33 31 36 38 43 41 31 46 42 34 41 38 30 39 45 36 33 39 46 46 39 43 33 42 37 32 36 45 32 34 37 43 35 39 30 42 32 32 38 43 35 44 32 32 36 35 30 46 36 36 39 37 45 38 34 37 41 32 46 38 41 32 37 33 39 33 47 AE 
2022/1/17 14:16:48.641 [RX] - 55 55 55 55 55 55 55 55 55 55 55 55 55 55 55 55 55 55 55 55 55 55 55 55 55 55 55 55 55 55 66 56 69 56 4F 74 65 63 68 32 00 81 00 00 00 CF 6B  pass 
2022/1/17 14:16:48.937 [TX] - 56 69 56 4F 74 65 63 68 32 00 C7 36 00 01 03 6C 97 
2022/1/17 14:16:48.995 [RX] - 55 55 55 55 55 55 55 55 55 55 55 55 55 55 55 55 55 55 55 55 55 55 55 55 55 55 55 55 55 55 66 56 69 56 4F 74 65 63 68 32 00 C7 00 00 00 86 6E  pass pass pass  

Auto Poll

2022/1/17 14:16:49.297 [TX] - 56 69 56 4F 74 65 63 68 32 00 01 01 00 01 00 F6 24 
2022/1/17 14:16:49.356 [RX] - 55 55 55 55 55 55 55 55 55 55 55 55 55 55 55 55 55 55 55 55 55 55 55 55 55 55 55 55 55 55 66 56 69 56 4F 74 65 63 68 32 00 01 00 00 00 12 53  pass  

---  IDT

2022/1/17 14:16:53.464 [TX] - 56 69 56 4F 74 65 63 68 32 00 03 40 00 00 96 E2 
2022/1/17 14:16:53.527 [RX] - 55 55 55 55 55 55 55 55 55 55 55 55 55 55 55 55 55 55 55 55 55 55 55 55 55 55 55 55 55 55 66 56 69 56 4F 74 65 63 68 32 00 03 00 01 3A C8 DF EE 25 02 00 11 DF EE 23 82 01 1C 02 16 01 83 3F 4F 28 6B 83 A4 25 54 52 41 43 4B 31 37 36 37 36 37 36 30 37 30 37 30 37 37 36 37 36 37 36 30 37 30 37 30 37 37 36 37 36 37 36 30 37 30 37 30 37 37 36 37 36 37 36 30 37 30 37 30 37 37 36 37 36 37 36 30 37 30 37 30 37 37 36 37 36 37 36 30 37 30 37 3F 43 3B 32 31 32 31 32 31 32 31 32 31 37 36 37 36 37 36 30 37 30 37 30 37 37 36 37 36 37 36 37 36 32 31 32 31 32 31 32 3F 30 90 7A AE DD 87 F5 DA 8E F5 44 58 ED E3 AA F9 2B E9 ED 51 36 72 EA 77 7D 9E 8B 8D 07 5E 38 A3 24 57 1F 43 52 4C 12 DD DC 2B 67 B5 1C 8F 52 DC CF 06 52 2A 56 52 79 44 DF 20 B2 83 CA A8 4C 0A D3 62 BF E7 11 F6 53 BB 90 7D 15 AC D5 C9 3A EF 23 31 57 61 B7 85 09 66 58 B8 53 02 A3 DC CA 4B 85 92 C0 89 07 CC BE A8 2F B2 80 0F 48 82 6E A6 86 68 88 61 C1 57 C1 CE 2E 0F 72 CE 0F 3B B5 98 A6 14 EA AB B1 37 33 39 54 30 32 35 37 39 33 62 99 49 01 2C 00 04 60 00 01 87 D5 03 9F 39 01 90 FF EE 01 04 DF 30 01 0C DF EE 26 01 C8 1C 82  

Poll on Demand

2022/1/17 14:16:54.474 [TX] - 56 69 56 4F 74 65 63 68 32 00 01 01 00 01 01 D7 34 
2022/1/17 14:16:54.533 [RX] - 55 55 55 55 55 55 55 55 55 55 55 55 55 55 55 55 55 55 55 55 55 55 55 55 55 55 55 55 55 55 66 56 69 56 4F 74 65 63 68 32 00 01 00 00 00 12 53  pass  

 Erase All Keys...

2022/1/17 14:16:54.627 [TX] - 56 69 56 4F 74 65 63 68 32 00 83 00 00 00 03 22 
2022/1/17 14:16:54.683 [RX] - 55 55 55 55 55 55 55 55 55 55 55 55 55 55 55 55 55 55 55 55 55 55 55 55 55 55 55 55 55 55 66 56 69 56 4F 74 65 63 68 32 00 83 00 00 00 22 03  pass  

 Set DUKPT Key Encryption Type...

2022/1/17 14:16:54.978 [TX] - 56 69 56 4F 74 65 63 68 32 00 C7 32 00 01 00 6D FE 
2022/1/17 14:16:55.036 [RX] - 55 55 55 55 55 55 55 55 55 55 55 55 55 55 55 55 55 55 55 55 55 55 55 55 55 55 55 55 55 55 66 56 69 56 4F 74 65 63 68 32 00 C7 00 00 00 86 6E  pass pass pass  

 Get DUKPT Key Encryption Type...

2022/1/17 14:16:55.332 [TX] - 56 69 56 4F 74 65 63 68 32 00 C7 33 00 00 1A 9B 
2022/1/17 14:16:55.388 [RX] - 55 55 55 55 55 55 55 55 55 55 55 55 55 55 55 55 55 55 55 55 55 55 55 55 55 55 55 55 55 55 66 56 69 56 4F 74 65 63 68 32 00 C7 00 00 01 00 AC 7F  pass pass  

 Loading DUKPT key...

2022/1/17 14:16:55.683 [TX] - 56 69 56 4F 74 65 63 68 32 00 80 00 00 65 30 45 43 36 30 46 33 35 31 34 37 45 43 41 30 30 38 38 4B 30 54 44 30 30 4E 30 30 30 30 30 30 38 30 39 43 30 37 41 39 39 31 44 43 38 30 33 34 45 43 31 32 45 31 36 39 43 30 44 35 34 35 35 44 45 41 32 39 34 35 31 34 32 34 37 38 30 38 30 35 36 38 32 33 34 39 38 37 31 32 30 32 33 34 30 30 30 30 30 30 30 30 12 43 
2022/1/17 14:16:55.971 [RX] - 55 55 55 55 55 55 55 55 55 55 55 55 55 55 55 55 55 55 55 55 55 55 55 55 55 55 55 55 55 55 66 56 69 56 4F 74 65 63 68 32 00 80 00 00 00 B9 DF  pass 
2022/1/17 14:16:56.263 [TX] - 56 69 56 4F 74 65 63 68 32 00 80 00 00 65 31 34 43 45 32 35 35 35 31 34 37 45 43 41 30 30 38 38 4B 30 54 44 30 30 4E 30 30 30 30 30 30 38 30 46 35 30 36 46 36 41 33 44 34 30 38 39 39 45 30 35 35 42 42 35 42 39 45 33 41 44 44 36 30 30 42 38 38 35 33 32 37 37 39 32 32 34 36 30 39 32 36 32 33 41 39 39 37 31 32 36 32 33 34 30 30 30 30 30 30 30 30 35 7F 
2022/1/17 14:16:56.552 [RX] - 55 55 55 55 55 55 55 55 55 55 55 55 55 55 55 55 55 55 55 55 55 55 55 55 55 55 55 55 55 55 66 56 69 56 4F 74 65 63 68 32 00 80 00 00 00 B9 DF  pass 
2022/1/17 14:16:56.845 [TX] - 56 69 56 4F 74 65 63 68 32 00 80 01 00 58 41 30 30 38 38 4B 30 54 44 30 30 4E 30 30 30 30 43 44 32 46 43 43 36 44 37 39 32 44 33 42 32 34 46 30 38 33 37 42 30 33 32 44 30 38 36 38 46 45 43 39 46 44 44 43 39 43 32 36 33 31 31 35 46 30 44 43 43 34 42 44 42 35 37 43 36 30 33 43 34 32 46 34 41 35 30 34 34 39 97 D5 
2022/1/17 14:16:57.105 [RX] - 55 55 55 55 55 55 55 55 55 55 55 55 55 55 55 55 55 55 55 55 55 55 55 55 55 55 55 55 55 55 66 56 69 56 4F 74 65 63 68 32 00 80 00 00 00 B9 DF  pass 
2022/1/17 14:16:57.398 [TX] - 56 69 56 4F 74 65 63 68 32 00 81 00 00 71 05 41 30 31 31 32 44 30 54 45 30 30 4E 30 31 30 30 4B 53 31 38 36 32 39 39 34 39 30 31 32 43 30 30 30 34 36 30 30 30 30 31 39 34 34 38 36 43 33 31 36 38 43 41 31 46 42 34 41 38 30 39 45 36 33 39 46 46 39 43 33 42 37 32 36 45 32 34 37 43 35 39 30 42 32 32 38 43 35 44 32 32 36 35 30 46 36 36 39 37 45 38 34 37 41 32 46 38 41 32 37 33 39 33 47 AE 
2022/1/17 14:16:57.725 [RX] - 55 55 55 55 55 55 55 55 55 55 55 55 55 55 55 55 55 55 55 55 55 55 55 55 55 55 55 55 55 55 66 56 69 56 4F 74 65 63 68 32 00 81 00 00 00 CF 6B  pass 
2022/1/17 14:16:58.019 [TX] - 56 69 56 4F 74 65 63 68 32 00 C7 36 00 01 03 6C 97 
2022/1/17 14:16:58.078 [RX] - 55 55 55 55 55 55 55 55 55 55 55 55 55 55 55 55 55 55 55 55 55 55 55 55 55 55 55 55 55 55 66 56 69 56 4F 74 65 63 68 32 00 C7 00 00 00 86 6E  pass pass pass  

Auto Poll

2022/1/17 14:16:58.380 [TX] - 56 69 56 4F 74 65 63 68 32 00 01 01 00 01 00 F6 24 
2022/1/17 14:16:58.439 [RX] - 55 55 55 55 55 55 55 55 55 55 55 55 55 55 55 55 55 55 55 55 55 55 55 55 55 55 55 55 55 55 66 56 69 56 4F 74 65 63 68 32 00 01 00 00 00 12 53  pass  

--- Discover

2022/1/17 14:17:02.534 [TX] - 56 69 56 4F 74 65 63 68 32 00 03 40 00 00 96 E2 
2022/1/17 14:17:02.599 [RX] - 55 55 55 55 55 55 55 55 55 55 55 55 55 55 55 55 55 55 55 55 55 55 55 55 55 55 55 55 55 55 66 56 69 56 4F 74 65 63 68 32 00 03 00 01 79 C8 DF EE 25 02 00 11 DF EE 23 82 01 25 02 1F 01 80 1F 44 28 00 A3 9B 25 2A 36 35 31 30 2A 2A 2A 2A 2A 2A 2A 2A 30 30 32 36 5E 43 41 52 44 2F 49 4D 41 47 45 20 30 33 20 20 20 20 20 20 20 20 20 20 20 20 20 5E 31 37 31 32 2A 2A 2A 2A 2A 2A 2A 2A 2A 2A 2A 2A 2A 2A 2A 2A 3F 2A 3B 36 35 31 30 2A 2A 2A 2A 2A 2A 2A 2A 30 30 32 36 3D 31 37 31 32 2A 2A 2A 2A 2A 2A 2A 2A 2A 2A 2A 2A 2A 2A 2A 2A 3F 2A C7 27 B0 60 AB FC 2B 62 4C 4D 6E 59 96 E2 2D 84 8D 87 D6 E3 82 0D 57 37 4F 6D 3F B3 1F 75 06 1A DC 17 89 FB C3 C7 50 C7 5D 06 65 00 04 08 CA B4 CA 0C 62 47 62 EE 86 0F BD 54 17 E0 FD D5 7E 1D A9 C9 FA 98 FB DF 49 CA CE 1B DC 33 AA 1A DD A5 D6 52 C6 FC CF C5 DC A9 46 A8 07 1F 1C 13 1B 7F E6 5F 75 06 01 CE C6 1E 8A 64 0E 1C 2B EC 80 D4 51 48 AB 78 7E 8B 8D 05 DC 8A C9 07 9E FC 98 53 27 0B ED B9 10 02 52 D6 AA D8 46 CB 85 69 24 FE 7C 93 52 0B 36 DA D9 25 37 33 39 54 30 32 35 37 39 33 62 99 49 01 2C 00 04 60 00 01 82 A2 03 9F 39 01 90 FF EE 01 04 DF 30 01 0C DF EE 26 01 C8 DF EF 4C 06 00 27 00 00 00 00 DF EF 4D 28 CE 1B DC 33 AA 1A DD A5 D6 52 C6 FC CF C5 DC A9 46 A8 07 1F 1C 13 1B 7F E6 5F 75 06 01 CE C6 1E 42 71 F3 A3 EF 56 39 CA 54 1D  

Poll on Demand

2022/1/17 14:17:03.574 [TX] - 56 69 56 4F 74 65 63 68 32 00 01 01 00 01 01 D7 34 
2022/1/17 14:17:03.633 [RX] - 55 55 55 55 55 55 55 55 55 55 55 55 55 55 55 55 55 55 55 55 55 55 55 55 55 55 55 55 55 55 66 56 69 56 4F 74 65 63 68 32 00 01 00 00 00 12 53  pass  

 Erase All Keys...

2022/1/17 14:17:03.727 [TX] - 56 69 56 4F 74 65 63 68 32 00 83 00 00 00 03 22 
2022/1/17 14:17:03.784 [RX] - 55 55 55 55 55 55 55 55 55 55 55 55 55 55 55 55 55 55 55 55 55 55 55 55 55 55 55 55 55 55 66 56 69 56 4F 74 65 63 68 32 00 83 00 00 00 22 03  pass  

 Set DUKPT Key Encryption Type...

2022/1/17 14:17:04.081 [TX] - 56 69 56 4F 74 65 63 68 32 00 C7 32 00 01 00 6D FE 
2022/1/17 14:17:04.139 [RX] - 55 55 55 55 55 55 55 55 55 55 55 55 55 55 55 55 55 55 55 55 55 55 55 55 55 55 55 55 55 55 66 56 69 56 4F 74 65 63 68 32 00 C7 00 00 00 86 6E  pass pass pass  

 Get DUKPT Key Encryption Type...

2022/1/17 14:17:04.438 [TX] - 56 69 56 4F 74 65 63 68 32 00 C7 33 00 00 1A 9B 
2022/1/17 14:17:04.494 [RX] - 55 55 55 55 55 55 55 55 55 55 55 55 55 55 55 55 55 55 55 55 55 55 55 55 55 55 55 55 55 55 66 56 69 56 4F 74 65 63 68 32 00 C7 00 00 01 00 AC 7F  pass pass  

 Loading DUKPT key...

2022/1/17 14:17:04.792 [TX] - 56 69 56 4F 74 65 63 68 32 00 80 00 00 65 30 45 43 36 30 46 33 35 31 34 37 45 43 41 30 30 38 38 4B 30 54 44 30 30 4E 30 30 30 30 30 30 38 30 39 43 30 37 41 39 39 31 44 43 38 30 33 34 45 43 31 32 45 31 36 39 43 30 44 35 34 35 35 44 45 41 32 39 34 35 31 34 32 34 37 38 30 38 30 35 36 38 32 33 34 39 38 37 31 32 30 32 33 34 30 30 30 30 30 30 30 30 12 43 
2022/1/17 14:17:05.079 [RX] - 55 55 55 55 55 55 55 55 55 55 55 55 55 55 55 55 55 55 55 55 55 55 55 55 55 55 55 55 55 55 66 56 69 56 4F 74 65 63 68 32 00 80 00 00 00 B9 DF  pass 
2022/1/17 14:17:05.372 [TX] - 56 69 56 4F 74 65 63 68 32 00 80 00 00 65 31 34 43 45 32 35 35 35 31 34 37 45 43 41 30 30 38 38 4B 30 54 44 30 30 4E 30 30 30 30 30 30 38 30 46 35 30 36 46 36 41 33 44 34 30 38 39 39 45 30 35 35 42 42 35 42 39 45 33 41 44 44 36 30 30 42 38 38 35 33 32 37 37 39 32 32 34 36 30 39 32 36 32 33 41 39 39 37 31 32 36 32 33 34 30 30 30 30 30 30 30 30 35 7F 
2022/1/17 14:17:05.660 [RX] - 55 55 55 55 55 55 55 55 55 55 55 55 55 55 55 55 55 55 55 55 55 55 55 55 55 55 55 55 55 55 66 56 69 56 4F 74 65 63 68 32 00 80 00 00 00 B9 DF  pass 
2022/1/17 14:17:05.954 [TX] - 56 69 56 4F 74 65 63 68 32 00 80 01 00 58 41 30 30 38 38 4B 30 54 44 30 30 4E 30 30 30 30 43 44 32 46 43 43 36 44 37 39 32 44 33 42 32 34 46 30 38 33 37 42 30 33 32 44 30 38 36 38 46 45 43 39 46 44 44 43 39 43 32 36 33 31 31 35 46 30 44 43 43 34 42 44 42 35 37 43 36 30 33 43 34 32 46 34 41 35 30 34 34 39 97 D5 
2022/1/17 14:17:06.214 [RX] - 55 55 55 55 55 55 55 55 55 55 55 55 55 55 55 55 55 55 55 55 55 55 55 55 55 55 55 55 55 55 66 56 69 56 4F 74 65 63 68 32 00 80 00 00 00 B9 DF  pass 
2022/1/17 14:17:06.508 [TX] - 56 69 56 4F 74 65 63 68 32 00 81 00 00 71 05 41 30 31 31 32 44 30 54 45 30 30 4E 30 31 30 30 4B 53 31 38 36 32 39 39 34 39 30 31 32 43 30 30 30 34 36 30 30 30 30 31 39 34 34 38 36 43 33 31 36 38 43 41 31 46 42 34 41 38 30 39 45 36 33 39 46 46 39 43 33 42 37 32 36 45 32 34 37 43 35 39 30 42 32 32 38 43 35 44 32 32 36 35 30 46 36 36 39 37 45 38 34 37 41 32 46 38 41 32 37 33 39 33 47 AE 
2022/1/17 14:17:06.834 [RX] - 55 55 55 55 55 55 55 55 55 55 55 55 55 55 55 55 55 55 55 55 55 55 55 55 55 55 55 55 55 55 66 56 69 56 4F 74 65 63 68 32 00 81 00 00 00 CF 6B  pass 
2022/1/17 14:17:07.130 [TX] - 56 69 56 4F 74 65 63 68 32 00 C7 36 00 01 03 6C 97 
2022/1/17 14:17:07.188 [RX] - 55 55 55 55 55 55 55 55 55 55 55 55 55 55 55 55 55 55 55 55 55 55 55 55 55 55 55 55 55 55 66 56 69 56 4F 74 65 63 68 32 00 C7 00 00 00 86 6E  pass pass pass  

Auto Poll

2022/1/17 14:17:07.490 [TX] - 56 69 56 4F 74 65 63 68 32 00 01 01 00 01 00 F6 24 
2022/1/17 14:17:07.549 [RX] - 55 55 55 55 55 55 55 55 55 55 55 55 55 55 55 55 55 55 55 55 55 55 55 55 55 55 55 55 55 55 66 56 69 56 4F 74 65 63 68 32 00 01 00 00 00 12 53  pass  

--- JIS1

2022/1/17 14:17:11.649 [TX] - 56 69 56 4F 74 65 63 68 32 00 03 40 00 00 96 E2 
2022/1/17 14:17:11.713 [RX] - 55 55 55 55 55 55 55 55 55 55 55 55 55 55 55 55 55 55 55 55 55 55 55 55 55 55 55 55 55 55 66 56 69 56 4F 74 65 63 68 32 00 03 00 00 A4 C8 DF EE 25 02 00 11 DF EE 23 81 87 02 81 00 86 1F 48 28 00 83 00 7F 61 39 30 30 30 30 30 30 30 32 31 31 31 31 31 32 33 34 35 36 37 38 39 30 31 32 32 32 32 32 33 33 33 33 33 34 34 34 34 34 35 35 35 35 35 36 36 36 36 36 37 37 37 37 37 38 38 38 38 38 39 39 39 39 39 30 30 30 30 7F 15 3B 34 33 32 32 30 36 31 30 30 30 38 37 32 38 33 33 3D 31 31 30 38 32 30 31 38 38 36 34 30 38 32 35 31 30 30 30 30 3F 3B 37 33 39 54 30 32 35 37 39 33 66 30 03 9F 39 01 90 FF EE 01 04 DF 30 01 0C DF EE 26 01 C8 60 CA  

Poll on Demand

2022/1/17 14:17:12.347 [TX] - 56 69 56 4F 74 65 63 68 32 00 01 01 00 01 01 D7 34 
2022/1/17 14:17:12.406 [RX] - 55 55 55 55 55 55 55 55 55 55 55 55 55 55 55 55 55 55 55 55 55 55 55 55 55 55 55 55 55 55 66 56 69 56 4F 74 65 63 68 32 00 01 00 00 00 12 53  pass  

 Erase All Keys...

2022/1/17 14:17:12.500 [TX] - 56 69 56 4F 74 65 63 68 32 00 83 00 00 00 03 22 
2022/1/17 14:17:12.556 [RX] - 55 55 55 55 55 55 55 55 55 55 55 55 55 55 55 55 55 55 55 55 55 55 55 55 55 55 55 55 55 55 66 56 69 56 4F 74 65 63 68 32 00 83 00 00 00 22 03  pass  

 Set DUKPT Key Encryption Type...

2022/1/17 14:17:12.852 [TX] - 56 69 56 4F 74 65 63 68 32 00 C7 32 00 01 00 6D FE 
2022/1/17 14:17:12.910 [RX] - 55 55 55 55 55 55 55 55 55 55 55 55 55 55 55 55 55 55 55 55 55 55 55 55 55 55 55 55 55 55 66 56 69 56 4F 74 65 63 68 32 00 C7 00 00 00 86 6E  pass pass pass  

 Get DUKPT Key Encryption Type...

2022/1/17 14:17:13.207 [TX] - 56 69 56 4F 74 65 63 68 32 00 C7 33 00 00 1A 9B 
2022/1/17 14:17:13.263 [RX] - 55 55 55 55 55 55 55 55 55 55 55 55 55 55 55 55 55 55 55 55 55 55 55 55 55 55 55 55 55 55 66 56 69 56 4F 74 65 63 68 32 00 C7 00 00 01 00 AC 7F  pass pass  

 Loading DUKPT key...

2022/1/17 14:17:13.560 [TX] - 56 69 56 4F 74 65 63 68 32 00 80 00 00 65 30 45 43 36 30 46 33 35 31 34 37 45 43 41 30 30 38 38 4B 30 54 44 30 30 4E 30 30 30 30 30 30 38 30 39 43 30 37 41 39 39 31 44 43 38 30 33 34 45 43 31 32 45 31 36 39 43 30 44 35 34 35 35 44 45 41 32 39 34 35 31 34 32 34 37 38 30 38 30 35 36 38 32 33 34 39 38 37 31 32 30 32 33 34 30 30 30 30 30 30 30 30 12 43 
2022/1/17 14:17:13.848 [RX] - 55 55 55 55 55 55 55 55 55 55 55 55 55 55 55 55 55 55 55 55 55 55 55 55 55 55 55 55 55 55 66 56 69 56 4F 74 65 63 68 32 00 80 00 00 00 B9 DF  pass 
2022/1/17 14:17:14.139 [TX] - 56 69 56 4F 74 65 63 68 32 00 80 00 00 65 31 34 43 45 32 35 35 35 31 34 37 45 43 41 30 30 38 38 4B 30 54 44 30 30 4E 30 30 30 30 30 30 38 30 46 35 30 36 46 36 41 33 44 34 30 38 39 39 45 30 35 35 42 42 35 42 39 45 33 41 44 44 36 30 30 42 38 38 35 33 32 37 37 39 32 32 34 36 30 39 32 36 32 33 41 39 39 37 31 32 36 32 33 34 30 30 30 30 30 30 30 30 35 7F 
2022/1/17 14:17:14.428 [RX] - 55 55 55 55 55 55 55 55 55 55 55 55 55 55 55 55 55 55 55 55 55 55 55 55 55 55 55 55 55 55 66 56 69 56 4F 74 65 63 68 32 00 80 00 00 00 B9 DF  pass 
2022/1/17 14:17:14.720 [TX] - 56 69 56 4F 74 65 63 68 32 00 80 01 00 58 41 30 30 38 38 4B 30 54 44 30 30 4E 30 30 30 30 43 44 32 46 43 43 36 44 37 39 32 44 33 42 32 34 46 30 38 33 37 42 30 33 32 44 30 38 36 38 46 45 43 39 46 44 44 43 39 43 32 36 33 31 31 35 46 30 44 43 43 34 42 44 42 35 37 43 36 30 33 43 34 32 46 34 41 35 30 34 34 39 97 D5 
2022/1/17 14:17:14.980 [RX] - 55 55 55 55 55 55 55 55 55 55 55 55 55 55 55 55 55 55 55 55 55 55 55 55 55 55 55 55 55 55 66 56 69 56 4F 74 65 63 68 32 00 80 00 00 00 B9 DF  pass 
2022/1/17 14:17:15.273 [TX] - 56 69 56 4F 74 65 63 68 32 00 81 00 00 71 05 41 30 31 31 32 44 30 54 45 30 30 4E 30 31 30 30 4B 53 31 38 36 32 39 39 34 39 30 31 32 43 30 30 30 34 36 30 30 30 30 31 39 34 34 38 36 43 33 31 36 38 43 41 31 46 42 34 41 38 30 39 45 36 33 39 46 46 39 43 33 42 37 32 36 45 32 34 37 43 35 39 30 42 32 32 38 43 35 44 32 32 36 35 30 46 36 36 39 37 45 38 34 37 41 32 46 38 41 32 37 33 39 33 47 AE 
2022/1/17 14:17:15.600 [RX] - 55 55 55 55 55 55 55 55 55 55 55 55 55 55 55 55 55 55 55 55 55 55 55 55 55 55 55 55 55 55 66 56 69 56 4F 74 65 63 68 32 00 81 00 00 00 CF 6B  pass 
2022/1/17 14:17:15.894 [TX] - 56 69 56 4F 74 65 63 68 32 00 C7 36 00 01 03 6C 97 
2022/1/17 14:17:15.953 [RX] - 55 55 55 55 55 55 55 55 55 55 55 55 55 55 55 55 55 55 55 55 55 55 55 55 55 55 55 55 55 55 66 56 69 56 4F 74 65 63 68 32 00 C7 00 00 00 86 6E  pass pass pass  

Auto Poll

2022/1/17 14:17:16.256 [TX] - 56 69 56 4F 74 65 63 68 32 00 01 01 00 01 00 F6 24 
2022/1/17 14:17:16.315 [RX] - 55 55 55 55 55 55 55 55 55 55 55 55 55 55 55 55 55 55 55 55 55 55 55 55 55 55 55 55 55 55 66 56 69 56 4F 74 65 63 68 32 00 01 00 00 00 12 53  pass  

--- JIS2

2022/1/17 14:17:20.415 [TX] - 56 69 56 4F 74 65 63 68 32 00 03 40 00 00 96 E2 
2022/1/17 14:17:20.479 [RX] - 55 55 55 55 55 55 55 55 55 55 55 55 55 55 55 55 55 55 55 55 55 55 55 55 55 55 55 55 55 55 66 56 69 56 4F 74 65 63 68 32 00 03 00 00 7B C8 DF EE 25 02 00 11 DF EE 23 5F 02 59 00 85 17 00 48 00 82 00 7F 61 39 30 30 30 30 30 30 30 32 31 31 31 31 31 32 33 34 35 36 37 38 39 30 31 32 32 32 32 32 33 33 33 33 33 34 34 34 34 34 35 35 35 35 35 36 36 36 36 36 37 37 37 37 37 38 38 38 38 38 39 39 39 39 39 30 30 30 30 7F 15 37 33 39 54 30 32 35 37 39 33 44 E4 03 9F 39 01 90 FF EE 01 04 DF 30 01 0C DF EE 26 01 C8 75 8B  

Poll on Demand

2022/1/17 14:17:21.029 [TX] - 56 69 56 4F 74 65 63 68 32 00 01 01 00 01 01 D7 34 
2022/1/17 14:17:21.087 [RX] - 55 55 55 55 55 55 55 55 55 55 55 55 55 55 55 55 55 55 55 55 55 55 55 55 55 55 55 55 55 55 66 56 69 56 4F 74 65 63 68 32 00 01 00 00 00 12 53  pass  

 Erase All Keys...

2022/1/17 14:17:21.181 [TX] - 56 69 56 4F 74 65 63 68 32 00 83 00 00 00 03 22 
2022/1/17 14:17:21.237 [RX] - 55 55 55 55 55 55 55 55 55 55 55 55 55 55 55 55 55 55 55 55 55 55 55 55 55 55 55 55 55 55 66 56 69 56 4F 74 65 63 68 32 00 83 00 00 00 22 03  pass  

 Set DUKPT Key Encryption Type...

2022/1/17 14:17:21.534 [TX] - 56 69 56 4F 74 65 63 68 32 00 C7 32 00 01 00 6D FE 
2022/1/17 14:17:21.592 [RX] - 55 55 55 55 55 55 55 55 55 55 55 55 55 55 55 55 55 55 55 55 55 55 55 55 55 55 55 55 55 55 66 56 69 56 4F 74 65 63 68 32 00 C7 00 00 00 86 6E  pass pass pass  

 Get DUKPT Key Encryption Type...

2022/1/17 14:17:21.890 [TX] - 56 69 56 4F 74 65 63 68 32 00 C7 33 00 00 1A 9B 
2022/1/17 14:17:21.946 [RX] - 55 55 55 55 55 55 55 55 55 55 55 55 55 55 55 55 55 55 55 55 55 55 55 55 55 55 55 55 55 55 66 56 69 56 4F 74 65 63 68 32 00 C7 00 00 01 00 AC 7F  pass pass  

 Loading DUKPT key...

2022/1/17 14:17:22.244 [TX] - 56 69 56 4F 74 65 63 68 32 00 80 00 00 65 30 45 43 36 30 46 33 35 31 34 37 45 43 41 30 30 38 38 4B 30 54 44 30 30 4E 30 30 30 30 30 30 38 30 39 43 30 37 41 39 39 31 44 43 38 30 33 34 45 43 31 32 45 31 36 39 43 30 44 35 34 35 35 44 45 41 32 39 34 35 31 34 32 34 37 38 30 38 30 35 36 38 32 33 34 39 38 37 31 32 30 32 33 34 30 30 30 30 30 30 30 30 12 43 
2022/1/17 14:17:22.531 [RX] - 55 55 55 55 55 55 55 55 55 55 55 55 55 55 55 55 55 55 55 55 55 55 55 55 55 55 55 55 55 55 66 56 69 56 4F 74 65 63 68 32 00 80 00 00 00 B9 DF  pass 
2022/1/17 14:17:22.824 [TX] - 56 69 56 4F 74 65 63 68 32 00 80 00 00 65 31 34 43 45 32 35 35 35 31 34 37 45 43 41 30 30 38 38 4B 30 54 44 30 30 4E 30 30 30 30 30 30 38 30 46 35 30 36 46 36 41 33 44 34 30 38 39 39 45 30 35 35 42 42 35 42 39 45 33 41 44 44 36 30 30 42 38 38 35 33 32 37 37 39 32 32 34 36 30 39 32 36 32 33 41 39 39 37 31 32 36 32 33 34 30 30 30 30 30 30 30 30 35 7F 
2022/1/17 14:17:23.112 [RX] - 55 55 55 55 55 55 55 55 55 55 55 55 55 55 55 55 55 55 55 55 55 55 55 55 55 55 55 55 55 55 66 56 69 56 4F 74 65 63 68 32 00 80 00 00 00 B9 DF  pass 
2022/1/17 14:17:23.406 [TX] - 56 69 56 4F 74 65 63 68 32 00 80 01 00 58 41 30 30 38 38 4B 30 54 44 30 30 4E 30 30 30 30 43 44 32 46 43 43 36 44 37 39 32 44 33 42 32 34 46 30 38 33 37 42 30 33 32 44 30 38 36 38 46 45 43 39 46 44 44 43 39 43 32 36 33 31 31 35 46 30 44 43 43 34 42 44 42 35 37 43 36 30 33 43 34 32 46 34 41 35 30 34 34 39 97 D5 
2022/1/17 14:17:23.666 [RX] - 55 55 55 55 55 55 55 55 55 55 55 55 55 55 55 55 55 55 55 55 55 55 55 55 55 55 55 55 55 55 66 56 69 56 4F 74 65 63 68 32 00 80 00 00 00 B9 DF  pass 
2022/1/17 14:17:23.960 [TX] - 56 69 56 4F 74 65 63 68 32 00 81 00 00 71 05 41 30 31 31 32 44 30 54 45 30 30 4E 30 31 30 30 4B 53 31 38 36 32 39 39 34 39 30 31 32 43 30 30 30 34 36 30 30 30 30 31 39 34 34 38 36 43 33 31 36 38 43 41 31 46 42 34 41 38 30 39 45 36 33 39 46 46 39 43 33 42 37 32 36 45 32 34 37 43 35 39 30 42 32 32 38 43 35 44 32 32 36 35 30 46 36 36 39 37 45 38 34 37 41 32 46 38 41 32 37 33 39 33 47 AE 
2022/1/17 14:17:24.286 [RX] - 55 55 55 55 55 55 55 55 55 55 55 55 55 55 55 55 55 55 55 55 55 55 55 55 55 55 55 55 55 55 66 56 69 56 4F 74 65 63 68 32 00 81 00 00 00 CF 6B  pass 
2022/1/17 14:17:24.581 [TX] - 56 69 56 4F 74 65 63 68 32 00 C7 36 00 01 03 6C 97 
2022/1/17 14:17:24.639 [RX] - 55 55 55 55 55 55 55 55 55 55 55 55 55 55 55 55 55 55 55 55 55 55 55 55 55 55 55 55 55 55 66 56 69 56 4F 74 65 63 68 32 00 C7 00 00 00 86 6E  pass pass pass  

Auto Poll

2022/1/17 14:17:24.943 [TX] - 56 69 56 4F 74 65 63 68 32 00 01 01 00 01 00 F6 24 
2022/1/17 14:17:25.001 [RX] - 55 55 55 55 55 55 55 55 55 55 55 55 55 55 55 55 55 55 55 55 55 55 55 55 55 55 55 55 55 55 66 56 69 56 4F 74 65 63 68 32 00 01 00 00 00 12 53  pass  

--- AAMVA

2022/1/17 14:17:29.095 [TX] - 56 69 56 4F 74 65 63 68 32 00 03 40 00 00 96 E2 
2022/1/17 14:17:29.159 [RX] - 55 55 55 55 55 55 55 55 55 55 55 55 55 55 55 55 55 55 55 55 55 55 55 55 55 55 55 55 55 55 66 56 69 56 4F 74 65 63 68 32 00 03 00 00 FD C8 DF EE 25 02 00 11 DF EE 23 81 E0 02 DA 00 81 3F 30 23 52 83 A4 25 4E 59 4E 45 57 20 59 4F 52 4B 5E 4C 45 45 24 42 52 55 43 45 24 4A 52 5E 36 35 35 20 4E 2E 20 42 45 52 52 59 20 53 54 2E 2C 20 23 4B 5E 3F 52 3B 33 35 35 35 35 35 31 31 31 31 31 31 31 31 31 31 31 31 31 3D 30 30 30 39 31 39 37 37 30 33 30 33 3F 3F DD F9 C0 C7 8D 5C 0B 8A 5B E8 5B 71 C2 8E E8 99 01 FD 14 80 5B 04 FA EE FB 22 DA 7F A8 61 0A 48 48 7C 94 30 02 8A 75 33 32 FD B1 5C 42 59 EB 25 91 01 C5 A2 0A 83 94 82 4D 62 73 24 F2 E9 A5 16 9C 60 1E 0B FD AC 59 08 F7 5A A3 DD 39 9C 0E 62 AA B6 17 B6 80 6C 75 11 75 FB D7 D6 27 36 86 DB 32 A4 A8 43 8A 9C 51 49 A5 0D D1 86 37 33 39 54 30 32 35 37 39 33 62 99 49 01 2C 00 04 60 00 01 EA F2 03 9F 39 01 90 FF EE 01 04 DF 30 01 0C DF EE 26 01 C8 64 2D  

Poll on Demand

2022/1/17 14:17:29.979 [TX] - 56 69 56 4F 74 65 63 68 32 00 01 01 00 01 01 D7 34 
2022/1/17 14:17:30.038 [RX] - 55 55 55 55 55 55 55 55 55 55 55 55 55 55 55 55 55 55 55 55 55 55 55 55 55 55 55 55 55 55 66 56 69 56 4F 74 65 63 68 32 00 01 00 00 00 12 53  pass  

 Erase All Keys...

2022/1/17 14:17:30.132 [TX] - 56 69 56 4F 74 65 63 68 32 00 83 00 00 00 03 22 
2022/1/17 14:17:30.188 [RX] - 55 55 55 55 55 55 55 55 55 55 55 55 55 55 55 55 55 55 55 55 55 55 55 55 55 55 55 55 55 55 66 56 69 56 4F 74 65 63 68 32 00 83 00 00 00 22 03  pass  

 Set DUKPT Key Encryption Type...

2022/1/17 14:17:30.483 [TX] - 56 69 56 4F 74 65 63 68 32 00 C7 32 00 01 00 6D FE 
2022/1/17 14:17:30.542 [RX] - 55 55 55 55 55 55 55 55 55 55 55 55 55 55 55 55 55 55 55 55 55 55 55 55 55 55 55 55 55 55 66 56 69 56 4F 74 65 63 68 32 00 C7 00 00 00 86 6E  pass pass pass  

 Get DUKPT Key Encryption Type...

2022/1/17 14:17:30.839 [TX] - 56 69 56 4F 74 65 63 68 32 00 C7 33 00 00 1A 9B 
2022/1/17 14:17:30.895 [RX] - 55 55 55 55 55 55 55 55 55 55 55 55 55 55 55 55 55 55 55 55 55 55 55 55 55 55 55 55 55 55 66 56 69 56 4F 74 65 63 68 32 00 C7 00 00 01 00 AC 7F  pass pass  

 Loading DUKPT key...

2022/1/17 14:17:31.192 [TX] - 56 69 56 4F 74 65 63 68 32 00 80 00 00 65 30 45 43 36 30 46 33 35 31 34 37 45 43 41 30 30 38 38 4B 30 54 44 30 30 4E 30 30 30 30 30 30 38 30 39 43 30 37 41 39 39 31 44 43 38 30 33 34 45 43 31 32 45 31 36 39 43 30 44 35 34 35 35 44 45 41 32 39 34 35 31 34 32 34 37 38 30 38 30 35 36 38 32 33 34 39 38 37 31 32 30 32 33 34 30 30 30 30 30 30 30 30 12 43 
2022/1/17 14:17:31.479 [RX] - 55 55 55 55 55 55 55 55 55 55 55 55 55 55 55 55 55 55 55 55 55 55 55 55 55 55 55 55 55 55 66 56 69 56 4F 74 65 63 68 32 00 80 00 00 00 B9 DF  pass 
2022/1/17 14:17:31.771 [TX] - 56 69 56 4F 74 65 63 68 32 00 80 00 00 65 31 34 43 45 32 35 35 35 31 34 37 45 43 41 30 30 38 38 4B 30 54 44 30 30 4E 30 30 30 30 30 30 38 30 46 35 30 36 46 36 41 33 44 34 30 38 39 39 45 30 35 35 42 42 35 42 39 45 33 41 44 44 36 30 30 42 38 38 35 33 32 37 37 39 32 32 34 36 30 39 32 36 32 33 41 39 39 37 31 32 36 32 33 34 30 30 30 30 30 30 30 30 35 7F 
2022/1/17 14:17:32.060 [RX] - 55 55 55 55 55 55 55 55 55 55 55 55 55 55 55 55 55 55 55 55 55 55 55 55 55 55 55 55 55 55 66 56 69 56 4F 74 65 63 68 32 00 80 00 00 00 B9 DF  pass 
2022/1/17 14:17:32.353 [TX] - 56 69 56 4F 74 65 63 68 32 00 80 01 00 58 41 30 30 38 38 4B 30 54 44 30 30 4E 30 30 30 30 43 44 32 46 43 43 36 44 37 39 32 44 33 42 32 34 46 30 38 33 37 42 30 33 32 44 30 38 36 38 46 45 43 39 46 44 44 43 39 43 32 36 33 31 31 35 46 30 44 43 43 34 42 44 42 35 37 43 36 30 33 43 34 32 46 34 41 35 30 34 34 39 97 D5 
2022/1/17 14:17:32.613 [RX] - 55 55 55 55 55 55 55 55 55 55 55 55 55 55 55 55 55 55 55 55 55 55 55 55 55 55 55 55 55 55 66 56 69 56 4F 74 65 63 68 32 00 80 00 00 00 B9 DF  pass 
2022/1/17 14:17:32.907 [TX] - 56 69 56 4F 74 65 63 68 32 00 81 00 00 71 05 41 30 31 31 32 44 30 54 45 30 30 4E 30 31 30 30 4B 53 31 38 36 32 39 39 34 39 30 31 32 43 30 30 30 34 36 30 30 30 30 31 39 34 34 38 36 43 33 31 36 38 43 41 31 46 42 34 41 38 30 39 45 36 33 39 46 46 39 43 33 42 37 32 36 45 32 34 37 43 35 39 30 42 32 32 38 43 35 44 32 32 36 35 30 46 36 36 39 37 45 38 34 37 41 32 46 38 41 32 37 33 39 33 47 AE 
2022/1/17 14:17:33.234 [RX] - 55 55 55 55 55 55 55 55 55 55 55 55 55 55 55 55 55 55 55 55 55 55 55 55 55 55 55 55 55 55 66 56 69 56 4F 74 65 63 68 32 00 81 00 00 00 CF 6B  pass 
2022/1/17 14:17:33.528 [TX] - 56 69 56 4F 74 65 63 68 32 00 C7 36 00 01 03 6C 97 
2022/1/17 14:17:33.587 [RX] - 55 55 55 55 55 55 55 55 55 55 55 55 55 55 55 55 55 55 55 55 55 55 55 55 55 55 55 55 55 55 66 56 69 56 4F 74 65 63 68 32 00 C7 00 00 00 86 6E  pass pass pass  

Auto Poll

2022/1/17 14:17:33.890 [TX] - 56 69 56 4F 74 65 63 68 32 00 01 01 00 01 00 F6 24 
2022/1/17 14:17:33.949 [RX] - 55 55 55 55 55 55 55 55 55 55 55 55 55 55 55 55 55 55 55 55 55 55 55 55 55 55 55 55 55 55 66 56 69 56 4F 74 65 63 68 32 00 01 00 00 00 12 53  pass  

--- Gift card

2022/1/17 14:17:38.051 [TX] - 56 69 56 4F 74 65 63 68 32 00 03 40 00 00 96 E2 
2022/1/17 14:17:38.116 [RX] - 55 55 55 55 55 55 55 55 55 55 55 55 55 55 55 55 55 55 55 55 55 55 55 55 55 55 55 55 55 55 66 56 69 56 4F 74 65 63 68 32 00 03 00 01 68 C8 DF EE 25 02 00 11 DF EE 23 82 01 14 02 0E 01 80 1F 3D 26 00 83 9B 25 2A 36 30 30 36 2A 2A 2A 2A 2A 2A 2A 2A 2A 2A 2A 37 31 34 37 5E 30 37 36 37 35 30 30 39 39 30 32 24 30 30 30 30 30 24 20 20 20 20 20 20 20 20 5E 38 30 31 32 2A 2A 2A 2A 2A 2A 3F 2A 3B 36 30 30 36 2A 2A 2A 2A 2A 2A 2A 2A 2A 2A 2A 37 31 34 37 3D 38 30 31 32 2A 2A 2A 2A 2A 2A 2A 2A 2A 2A 2A 3F 2A F9 77 33 C0 CF 91 D9 6B 0C A9 4F 94 A1 A0 D2 5C C4 F6 E1 E2 FD 2C 89 95 79 E2 91 C1 61 54 FE 00 EB 36 8F 95 04 51 B8 BD F8 8C 08 4C 7B BF 7F 2C C1 DD 3E 2D 73 E0 3E 5A D5 9D 27 FA 05 0B D2 9D 7C E5 05 DC 8A 63 65 57 23 59 99 0C 93 2C F1 8A 31 A7 67 BA D1 6A 5E 94 00 9E 3F F3 6F 1A 87 BE 11 AE B2 68 1B 11 3A C0 4F 96 8D 11 4A 72 0C 4F 3F 7F 90 8C E8 2E DC 54 F5 7D EE DF F5 7B 99 7B D5 25 11 FE 3A 50 34 80 4E 98 D6 B4 D6 2C C9 45 37 33 39 54 30 32 35 37 39 33 62 99 49 01 2C 00 04 60 00 01 5C 7C 03 9F 39 01 90 FF EE 01 04 DF 30 01 0C DF EE 26 01 C8 DF EF 4C 06 00 25 00 00 00 00 DF EF 4D 28 7C E5 05 DC 8A 63 65 57 23 59 99 0C 93 2C F1 8A 31 A7 67 BA D1 6A 5E 94 00 9E 3F F3 6F 1A 87 BE 72 73 0A 1D 19 77 7E EF 9B 8E  

Poll on Demand

2022/1/17 14:17:39.058 [TX] - 56 69 56 4F 74 65 63 68 32 00 01 01 00 01 01 D7 34 
2022/1/17 14:17:39.116 [RX] - 55 55 55 55 55 55 55 55 55 55 55 55 55 55 55 55 55 55 55 55 55 55 55 55 55 55 55 55 55 55 66 56 69 56 4F 74 65 63 68 32 00 01 00 00 00 12 53  pass  

 Erase All Keys...

2022/1/17 14:17:39.210 [TX] - 56 69 56 4F 74 65 63 68 32 00 83 00 00 00 03 22 
2022/1/17 14:17:39.266 [RX] - 55 55 55 55 55 55 55 55 55 55 55 55 55 55 55 55 55 55 55 55 55 55 55 55 55 55 55 55 55 55 66 56 69 56 4F 74 65 63 68 32 00 83 00 00 00 22 03  pass  

 Set DUKPT Key Encryption Type...

2022/1/17 14:17:39.567 [TX] - 56 69 56 4F 74 65 63 68 32 00 C7 32 00 01 00 6D FE 
2022/1/17 14:17:39.626 [RX] - 55 55 55 55 55 55 55 55 55 55 55 55 55 55 55 55 55 55 55 55 55 55 55 55 55 55 55 55 55 55 66 56 69 56 4F 74 65 63 68 32 00 C7 00 00 00 86 6E  pass pass pass  

 Get DUKPT Key Encryption Type...

2022/1/17 14:17:39.925 [TX] - 56 69 56 4F 74 65 63 68 32 00 C7 33 00 00 1A 9B 
2022/1/17 14:17:39.980 [RX] - 55 55 55 55 55 55 55 55 55 55 55 55 55 55 55 55 55 55 55 55 55 55 55 55 55 55 55 55 55 55 66 56 69 56 4F 74 65 63 68 32 00 C7 00 00 01 00 AC 7F  pass pass  

 Loading DUKPT key...

2022/1/17 14:17:40.278 [TX] - 56 69 56 4F 74 65 63 68 32 00 80 00 00 65 30 45 43 36 30 46 33 35 31 34 37 45 43 41 30 30 38 38 4B 30 54 44 30 30 4E 30 30 30 30 30 30 38 30 39 43 30 37 41 39 39 31 44 43 38 30 33 34 45 43 31 32 45 31 36 39 43 30 44 35 34 35 35 44 45 41 32 39 34 35 31 34 32 34 37 38 30 38 30 35 36 38 32 33 34 39 38 37 31 32 30 32 33 34 30 30 30 30 30 30 30 30 12 43 
2022/1/17 14:17:40.565 [RX] - 55 55 55 55 55 55 55 55 55 55 55 55 55 55 55 55 55 55 55 55 55 55 55 55 55 55 55 55 55 55 66 56 69 56 4F 74 65 63 68 32 00 80 00 00 00 B9 DF  pass 
2022/1/17 14:17:40.858 [TX] - 56 69 56 4F 74 65 63 68 32 00 80 00 00 65 31 34 43 45 32 35 35 35 31 34 37 45 43 41 30 30 38 38 4B 30 54 44 30 30 4E 30 30 30 30 30 30 38 30 46 35 30 36 46 36 41 33 44 34 30 38 39 39 45 30 35 35 42 42 35 42 39 45 33 41 44 44 36 30 30 42 38 38 35 33 32 37 37 39 32 32 34 36 30 39 32 36 32 33 41 39 39 37 31 32 36 32 33 34 30 30 30 30 30 30 30 30 35 7F 
2022/1/17 14:17:41.146 [RX] - 55 55 55 55 55 55 55 55 55 55 55 55 55 55 55 55 55 55 55 55 55 55 55 55 55 55 55 55 55 55 66 56 69 56 4F 74 65 63 68 32 00 80 00 00 00 B9 DF  pass 
2022/1/17 14:17:41.440 [TX] - 56 69 56 4F 74 65 63 68 32 00 80 01 00 58 41 30 30 38 38 4B 30 54 44 30 30 4E 30 30 30 30 43 44 32 46 43 43 36 44 37 39 32 44 33 42 32 34 46 30 38 33 37 42 30 33 32 44 30 38 36 38 46 45 43 39 46 44 44 43 39 43 32 36 33 31 31 35 46 30 44 43 43 34 42 44 42 35 37 43 36 30 33 43 34 32 46 34 41 35 30 34 34 39 97 D5 
2022/1/17 14:17:41.700 [RX] - 55 55 55 55 55 55 55 55 55 55 55 55 55 55 55 55 55 55 55 55 55 55 55 55 55 55 55 55 55 55 66 56 69 56 4F 74 65 63 68 32 00 80 00 00 00 B9 DF  pass 
2022/1/17 14:17:42.001 [TX] - 56 69 56 4F 74 65 63 68 32 00 81 00 00 71 05 41 30 31 31 32 44 30 54 45 30 30 4E 30 31 30 30 4B 53 31 38 36 32 39 39 34 39 30 31 32 43 30 30 30 34 36 30 30 30 30 31 39 34 34 38 36 43 33 31 36 38 43 41 31 46 42 34 41 38 30 39 45 36 33 39 46 46 39 43 33 42 37 32 36 45 32 34 37 43 35 39 30 42 32 32 38 43 35 44 32 32 36 35 30 46 36 36 39 37 45 38 34 37 41 32 46 38 41 32 37 33 39 33 47 AE 
2022/1/17 14:17:42.327 [RX] - 55 55 55 55 55 55 55 55 55 55 55 55 55 55 55 55 55 55 55 55 55 55 55 55 55 55 55 55 55 55 66 56 69 56 4F 74 65 63 68 32 00 81 00 00 00 CF 6B  pass 
2022/1/17 14:17:42.622 [TX] - 56 69 56 4F 74 65 63 68 32 00 C7 36 00 01 03 6C 97 
2022/1/17 14:17:42.680 [RX] - 55 55 55 55 55 55 55 55 55 55 55 55 55 55 55 55 55 55 55 55 55 55 55 55 55 55 55 55 55 55 66 56 69 56 4F 74 65 63 68 32 00 C7 00 00 00 86 6E  pass pass pass  

Auto Poll

2022/1/17 14:17:42.978 [TX] - 56 69 56 4F 74 65 63 68 32 00 01 01 00 01 00 F6 24 
2022/1/17 14:17:43.037 [RX] - 55 55 55 55 55 55 55 55 55 55 55 55 55 55 55 55 55 55 55 55 55 55 55 55 55 55 55 55 55 55 66 56 69 56 4F 74 65 63 68 32 00 01 00 00 00 12 53  pass  

--- Real card (PAN=11)

2022/1/17 14:17:47.130 [TX] - 56 69 56 4F 74 65 63 68 32 00 03 40 00 00 96 E2 
2022/1/17 14:17:47.194 [RX] - 55 55 55 55 55 55 55 55 55 55 55 55 55 55 55 55 55 55 55 55 55 55 55 55 55 55 55 55 55 55 66 56 69 56 4F 74 65 63 68 32 00 03 00 00 6E C8 DF EE 25 02 00 11 DF EE 23 52 02 4C 00 83 0F 3B 00 00 A1 00 25 42 34 30 37 31 36 36 32 31 30 34 36 5E 44 4F 57 2F 4A 4F 48 4E 20 5E 31 37 31 31 32 30 31 31 32 37 38 37 31 31 30 30 30 30 30 30 30 30 38 34 39 30 30 30 30 30 30 3F 20 3F 3F 37 33 39 54 30 32 35 37 39 33 55 49 03 9F 39 01 90 FF EE 01 04 DF 30 01 0C DF EE 26 01 C8 A4 72  

Poll on Demand

2022/1/17 14:17:47.715 [TX] - 56 69 56 4F 74 65 63 68 32 00 01 01 00 01 01 D7 34 
2022/1/17 14:17:47.774 [RX] - 55 55 55 55 55 55 55 55 55 55 55 55 55 55 55 55 55 55 55 55 55 55 55 55 55 55 55 55 55 55 66 56 69 56 4F 74 65 63 68 32 00 01 00 00 00 12 53  pass  

 Erase All Keys...

2022/1/17 14:17:47.868 [TX] - 56 69 56 4F 74 65 63 68 32 00 83 00 00 00 03 22 
2022/1/17 14:17:47.924 [RX] - 55 55 55 55 55 55 55 55 55 55 55 55 55 55 55 55 55 55 55 55 55 55 55 55 55 55 55 55 55 55 66 56 69 56 4F 74 65 63 68 32 00 83 00 00 00 22 03  pass  

 Set DUKPT Key Encryption Type...

2022/1/17 14:17:48.219 [TX] - 56 69 56 4F 74 65 63 68 32 00 C7 32 00 01 00 6D FE 
2022/1/17 14:17:48.277 [RX] - 55 55 55 55 55 55 55 55 55 55 55 55 55 55 55 55 55 55 55 55 55 55 55 55 55 55 55 55 55 55 66 56 69 56 4F 74 65 63 68 32 00 C7 00 00 00 86 6E  pass pass pass  

 Get DUKPT Key Encryption Type...

2022/1/17 14:17:48.575 [TX] - 56 69 56 4F 74 65 63 68 32 00 C7 33 00 00 1A 9B 
2022/1/17 14:17:48.631 [RX] - 55 55 55 55 55 55 55 55 55 55 55 55 55 55 55 55 55 55 55 55 55 55 55 55 55 55 55 55 55 55 66 56 69 56 4F 74 65 63 68 32 00 C7 00 00 01 00 AC 7F  pass pass  

 Loading DUKPT key...

2022/1/17 14:17:48.928 [TX] - 56 69 56 4F 74 65 63 68 32 00 80 00 00 65 30 45 43 36 30 46 33 35 31 34 37 45 43 41 30 30 38 38 4B 30 54 44 30 30 4E 30 30 30 30 30 30 38 30 39 43 30 37 41 39 39 31 44 43 38 30 33 34 45 43 31 32 45 31 36 39 43 30 44 35 34 35 35 44 45 41 32 39 34 35 31 34 32 34 37 38 30 38 30 35 36 38 32 33 34 39 38 37 31 32 30 32 33 34 30 30 30 30 30 30 30 30 12 43 
2022/1/17 14:17:49.215 [RX] - 55 55 55 55 55 55 55 55 55 55 55 55 55 55 55 55 55 55 55 55 55 55 55 55 55 55 55 55 55 55 66 56 69 56 4F 74 65 63 68 32 00 80 00 00 00 B9 DF  pass 
2022/1/17 14:17:49.508 [TX] - 56 69 56 4F 74 65 63 68 32 00 80 00 00 65 31 34 43 45 32 35 35 35 31 34 37 45 43 41 30 30 38 38 4B 30 54 44 30 30 4E 30 30 30 30 30 30 38 30 46 35 30 36 46 36 41 33 44 34 30 38 39 39 45 30 35 35 42 42 35 42 39 45 33 41 44 44 36 30 30 42 38 38 35 33 32 37 37 39 32 32 34 36 30 39 32 36 32 33 41 39 39 37 31 32 36 32 33 34 30 30 30 30 30 30 30 30 35 7F 
2022/1/17 14:17:49.796 [RX] - 55 55 55 55 55 55 55 55 55 55 55 55 55 55 55 55 55 55 55 55 55 55 55 55 55 55 55 55 55 55 66 56 69 56 4F 74 65 63 68 32 00 80 00 00 00 B9 DF  pass 
2022/1/17 14:17:50.089 [TX] - 56 69 56 4F 74 65 63 68 32 00 80 01 00 58 41 30 30 38 38 4B 30 54 44 30 30 4E 30 30 30 30 43 44 32 46 43 43 36 44 37 39 32 44 33 42 32 34 46 30 38 33 37 42 30 33 32 44 30 38 36 38 46 45 43 39 46 44 44 43 39 43 32 36 33 31 31 35 46 30 44 43 43 34 42 44 42 35 37 43 36 30 33 43 34 32 46 34 41 35 30 34 34 39 97 D5 
2022/1/17 14:17:50.349 [RX] - 55 55 55 55 55 55 55 55 55 55 55 55 55 55 55 55 55 55 55 55 55 55 55 55 55 55 55 55 55 55 66 56 69 56 4F 74 65 63 68 32 00 80 00 00 00 B9 DF  pass 
2022/1/17 14:17:50.642 [TX] - 56 69 56 4F 74 65 63 68 32 00 81 00 00 71 05 41 30 31 31 32 44 30 54 45 30 30 4E 30 31 30 30 4B 53 31 38 36 32 39 39 34 39 30 31 32 43 30 30 30 34 36 30 30 30 30 31 39 34 34 38 36 43 33 31 36 38 43 41 31 46 42 34 41 38 30 39 45 36 33 39 46 46 39 43 33 42 37 32 36 45 32 34 37 43 35 39 30 42 32 32 38 43 35 44 32 32 36 35 30 46 36 36 39 37 45 38 34 37 41 32 46 38 41 32 37 33 39 33 47 AE 
2022/1/17 14:17:50.969 [RX] - 55 55 55 55 55 55 55 55 55 55 55 55 55 55 55 55 55 55 55 55 55 55 55 55 55 55 55 55 55 55 66 56 69 56 4F 74 65 63 68 32 00 81 00 00 00 CF 6B  pass 
2022/1/17 14:17:51.264 [TX] - 56 69 56 4F 74 65 63 68 32 00 C7 36 00 01 03 6C 97 
2022/1/17 14:17:51.322 [RX] - 55 55 55 55 55 55 55 55 55 55 55 55 55 55 55 55 55 55 55 55 55 55 55 55 55 55 55 55 55 55 66 56 69 56 4F 74 65 63 68 32 00 C7 00 00 00 86 6E  pass pass pass  

Auto Poll

2022/1/17 14:17:51.625 [TX] - 56 69 56 4F 74 65 63 68 32 00 01 01 00 01 00 F6 24 
2022/1/17 14:17:51.684 [RX] - 55 55 55 55 55 55 55 55 55 55 55 55 55 55 55 55 55 55 55 55 55 55 55 55 55 55 55 55 55 55 66 56 69 56 4F 74 65 63 68 32 00 01 00 00 00 12 53  pass  

--- Real card (PAN=12)

2022/1/17 14:17:55.782 [TX] - 56 69 56 4F 74 65 63 68 32 00 03 40 00 00 96 E2 
2022/1/17 14:17:55.846 [RX] - 55 55 55 55 55 55 55 55 55 55 55 55 55 55 55 55 55 55 55 55 55 55 55 55 55 55 55 55 55 55 66 56 69 56 4F 74 65 63 68 32 00 03 00 00 DA C8 DF EE 25 02 00 11 DF EE 23 81 AF 02 A9 00 80 0F 3A 00 00 A1 89 25 2A 34 30 37 31 2A 2A 2A 2A 30 34 36 39 5E 44 4F 57 2F 4A 4F 48 4E 20 5E 31 37 31 31 2A 2A 2A 2A 2A 2A 2A 2A 2A 2A 2A 2A 2A 2A 2A 2A 2A 2A 2A 2A 2A 2A 2A 2A 2A 2A 2A 3F 2A FB 74 0D E9 C0 1A AA 04 78 C2 46 EC 88 C8 A1 08 3D C4 B3 A2 7A A8 E4 6C B9 D5 43 BD CA 63 7D AD 07 4C DD D3 8B 78 FA 61 28 C3 ED F7 B2 00 B7 F5 90 6D 5B 11 14 3C C5 5B 03 EF 11 A5 FA CD 00 E6 2C D5 16 64 84 CA B1 DF 2A 0A 61 CB CB 1A 0C 82 05 67 C2 64 37 33 39 54 30 32 35 37 39 33 62 99 49 01 2C 00 04 60 00 01 CA CE 03 9F 39 01 90 FF EE 01 04 DF 30 01 0C DF EE 26 01 C8 DF EF 4C 06 00 00 00 00 00 00 DF EF 4D 00 E8 3F  

Poll on Demand

2022/1/17 14:17:56.571 [TX] - 56 69 56 4F 74 65 63 68 32 00 01 01 00 01 01 D7 34 
2022/1/17 14:17:56.630 [RX] - 55 55 55 55 55 55 55 55 55 55 55 55 55 55 55 55 55 55 55 55 55 55 55 55 55 55 55 55 55 55 66 56 69 56 4F 74 65 63 68 32 00 01 00 00 00 12 53  pass  

 Erase All Keys...

2022/1/17 14:17:56.724 [TX] - 56 69 56 4F 74 65 63 68 32 00 83 00 00 00 03 22 
2022/1/17 14:17:56.780 [RX] - 55 55 55 55 55 55 55 55 55 55 55 55 55 55 55 55 55 55 55 55 55 55 55 55 55 55 55 55 55 55 66 56 69 56 4F 74 65 63 68 32 00 83 00 00 00 22 03  pass  

 Set DUKPT Key Encryption Type...

2022/1/17 14:17:57.078 [TX] - 56 69 56 4F 74 65 63 68 32 00 C7 32 00 01 00 6D FE 
2022/1/17 14:17:57.136 [RX] - 55 55 55 55 55 55 55 55 55 55 55 55 55 55 55 55 55 55 55 55 55 55 55 55 55 55 55 55 55 55 66 56 69 56 4F 74 65 63 68 32 00 C7 00 00 00 86 6E  pass pass pass  

 Get DUKPT Key Encryption Type...

2022/1/17 14:17:57.434 [TX] - 56 69 56 4F 74 65 63 68 32 00 C7 33 00 00 1A 9B 
2022/1/17 14:17:57.490 [RX] - 55 55 55 55 55 55 55 55 55 55 55 55 55 55 55 55 55 55 55 55 55 55 55 55 55 55 55 55 55 55 66 56 69 56 4F 74 65 63 68 32 00 C7 00 00 01 00 AC 7F  pass pass  

 Loading DUKPT key...

2022/1/17 14:17:57.788 [TX] - 56 69 56 4F 74 65 63 68 32 00 80 00 00 65 30 45 43 36 30 46 33 35 31 34 37 45 43 41 30 30 38 38 4B 30 54 44 30 30 4E 30 30 30 30 30 30 38 30 39 43 30 37 41 39 39 31 44 43 38 30 33 34 45 43 31 32 45 31 36 39 43 30 44 35 34 35 35 44 45 41 32 39 34 35 31 34 32 34 37 38 30 38 30 35 36 38 32 33 34 39 38 37 31 32 30 32 33 34 30 30 30 30 30 30 30 30 12 43 
2022/1/17 14:17:58.076 [RX] - 55 55 55 55 55 55 55 55 55 55 55 55 55 55 55 55 55 55 55 55 55 55 55 55 55 55 55 55 55 55 66 56 69 56 4F 74 65 63 68 32 00 80 00 00 00 B9 DF  pass 
2022/1/17 14:17:58.369 [TX] - 56 69 56 4F 74 65 63 68 32 00 80 00 00 65 31 34 43 45 32 35 35 35 31 34 37 45 43 41 30 30 38 38 4B 30 54 44 30 30 4E 30 30 30 30 30 30 38 30 46 35 30 36 46 36 41 33 44 34 30 38 39 39 45 30 35 35 42 42 35 42 39 45 33 41 44 44 36 30 30 42 38 38 35 33 32 37 37 39 32 32 34 36 30 39 32 36 32 33 41 39 39 37 31 32 36 32 33 34 30 30 30 30 30 30 30 30 35 7F 
2022/1/17 14:17:58.657 [RX] - 55 55 55 55 55 55 55 55 55 55 55 55 55 55 55 55 55 55 55 55 55 55 55 55 55 55 55 55 55 55 66 56 69 56 4F 74 65 63 68 32 00 80 00 00 00 B9 DF  pass 
2022/1/17 14:17:58.951 [TX] - 56 69 56 4F 74 65 63 68 32 00 80 01 00 58 41 30 30 38 38 4B 30 54 44 30 30 4E 30 30 30 30 43 44 32 46 43 43 36 44 37 39 32 44 33 42 32 34 46 30 38 33 37 42 30 33 32 44 30 38 36 38 46 45 43 39 46 44 44 43 39 43 32 36 33 31 31 35 46 30 44 43 43 34 42 44 42 35 37 43 36 30 33 43 34 32 46 34 41 35 30 34 34 39 97 D5 
2022/1/17 14:17:59.211 [RX] - 55 55 55 55 55 55 55 55 55 55 55 55 55 55 55 55 55 55 55 55 55 55 55 55 55 55 55 55 55 55 66 56 69 56 4F 74 65 63 68 32 00 80 00 00 00 B9 DF  pass 
2022/1/17 14:17:59.506 [TX] - 56 69 56 4F 74 65 63 68 32 00 81 00 00 71 05 41 30 31 31 32 44 30 54 45 30 30 4E 30 31 30 30 4B 53 31 38 36 32 39 39 34 39 30 31 32 43 30 30 30 34 36 30 30 30 30 31 39 34 34 38 36 43 33 31 36 38 43 41 31 46 42 34 41 38 30 39 45 36 33 39 46 46 39 43 33 42 37 32 36 45 32 34 37 43 35 39 30 42 32 32 38 43 35 44 32 32 36 35 30 46 36 36 39 37 45 38 34 37 41 32 46 38 41 32 37 33 39 33 47 AE 
2022/1/17 14:17:59.832 [RX] - 55 55 55 55 55 55 55 55 55 55 55 55 55 55 55 55 55 55 55 55 55 55 55 55 55 55 55 55 55 55 66 56 69 56 4F 74 65 63 68 32 00 81 00 00 00 CF 6B  pass 
2022/1/17 14:18:00.127 [TX] - 56 69 56 4F 74 65 63 68 32 00 C7 36 00 01 03 6C 97 
2022/1/17 14:18:00.185 [RX] - 55 55 55 55 55 55 55 55 55 55 55 55 55 55 55 55 55 55 55 55 55 55 55 55 55 55 55 55 55 55 66 56 69 56 4F 74 65 63 68 32 00 C7 00 00 00 86 6E  pass pass pass  

Auto Poll

2022/1/17 14:18:00.487 [TX] - 56 69 56 4F 74 65 63 68 32 00 01 01 00 01 00 F6 24 
2022/1/17 14:18:00.546 [RX] - 55 55 55 55 55 55 55 55 55 55 55 55 55 55 55 55 55 55 55 55 55 55 55 55 55 55 55 55 55 55 66 56 69 56 4F 74 65 63 68 32 00 01 00 00 00 12 53  pass  

--- Real card (PAN=20)

2022/1/17 14:18:04.645 [TX] - 56 69 56 4F 74 65 63 68 32 00 03 40 00 00 96 E2 
2022/1/17 14:18:04.709 [RX] - 55 55 55 55 55 55 55 55 55 55 55 55 55 55 55 55 55 55 55 55 55 55 55 55 55 55 55 55 55 55 66 56 69 56 4F 74 65 63 68 32 00 03 00 00 75 C8 DF EE 25 02 00 11 DF EE 23 59 02 53 00 83 0F 42 00 00 A1 00 25 42 34 30 37 31 36 36 32 31 30 34 36 39 31 32 33 34 35 36 37 38 5E 44 4F 57 2F 4A 4F 48 4E 20 5E 31 37 31 31 32 30 31 31 32 37 38 37 31 31 30 30 30 30 30 30 30 30 38 34 39 30 30 30 30 30 30 3F 31 37 33 39 54 30 32 35 37 39 33 0C C0 03 9F 39 01 90 FF EE 01 04 DF 30 01 0C DF EE 26 01 C8 5C 00  

Poll on Demand

2022/1/17 14:18:05.245 [TX] - 56 69 56 4F 74 65 63 68 32 00 01 01 00 01 01 D7 34 
2022/1/17 14:18:05.304 [RX] - 55 55 55 55 55 55 55 55 55 55 55 55 55 55 55 55 55 55 55 55 55 55 55 55 55 55 55 55 55 55 66 56 69 56 4F 74 65 63 68 32 00 01 00 00 00 12 53  pass  

 Erase All Keys...

2022/1/17 14:18:05.398 [TX] - 56 69 56 4F 74 65 63 68 32 00 83 00 00 00 03 22 
2022/1/17 14:18:05.455 [RX] - 55 55 55 55 55 55 55 55 55 55 55 55 55 55 55 55 55 55 55 55 55 55 55 55 55 55 55 55 55 55 66 56 69 56 4F 74 65 63 68 32 00 83 00 00 00 22 03  pass  

 Set DUKPT Key Encryption Type...

2022/1/17 14:18:05.750 [TX] - 56 69 56 4F 74 65 63 68 32 00 C7 32 00 01 00 6D FE 
2022/1/17 14:18:05.809 [RX] - 55 55 55 55 55 55 55 55 55 55 55 55 55 55 55 55 55 55 55 55 55 55 55 55 55 55 55 55 55 55 66 56 69 56 4F 74 65 63 68 32 00 C7 00 00 00 86 6E  pass pass pass  

 Get DUKPT Key Encryption Type...

2022/1/17 14:18:06.106 [TX] - 56 69 56 4F 74 65 63 68 32 00 C7 33 00 00 1A 9B 
2022/1/17 14:18:06.162 [RX] - 55 55 55 55 55 55 55 55 55 55 55 55 55 55 55 55 55 55 55 55 55 55 55 55 55 55 55 55 55 55 66 56 69 56 4F 74 65 63 68 32 00 C7 00 00 01 00 AC 7F  pass pass  

 Loading DUKPT key...

2022/1/17 14:18:06.458 [TX] - 56 69 56 4F 74 65 63 68 32 00 80 00 00 65 30 45 43 36 30 46 33 35 31 34 37 45 43 41 30 30 38 38 4B 30 54 44 30 30 4E 30 30 30 30 30 30 38 30 39 43 30 37 41 39 39 31 44 43 38 30 33 34 45 43 31 32 45 31 36 39 43 30 44 35 34 35 35 44 45 41 32 39 34 35 31 34 32 34 37 38 30 38 30 35 36 38 32 33 34 39 38 37 31 32 30 32 33 34 30 30 30 30 30 30 30 30 12 43 
2022/1/17 14:18:06.746 [RX] - 55 55 55 55 55 55 55 55 55 55 55 55 55 55 55 55 55 55 55 55 55 55 55 55 55 55 55 55 55 55 66 56 69 56 4F 74 65 63 68 32 00 80 00 00 00 B9 DF  pass 
2022/1/17 14:18:07.037 [TX] - 56 69 56 4F 74 65 63 68 32 00 80 00 00 65 31 34 43 45 32 35 35 35 31 34 37 45 43 41 30 30 38 38 4B 30 54 44 30 30 4E 30 30 30 30 30 30 38 30 46 35 30 36 46 36 41 33 44 34 30 38 39 39 45 30 35 35 42 42 35 42 39 45 33 41 44 44 36 30 30 42 38 38 35 33 32 37 37 39 32 32 34 36 30 39 32 36 32 33 41 39 39 37 31 32 36 32 33 34 30 30 30 30 30 30 30 30 35 7F 
2022/1/17 14:18:07.326 [RX] - 55 55 55 55 55 55 55 55 55 55 55 55 55 55 55 55 55 55 55 55 55 55 55 55 55 55 55 55 55 55 66 56 69 56 4F 74 65 63 68 32 00 80 00 00 00 B9 DF  pass 
2022/1/17 14:18:07.618 [TX] - 56 69 56 4F 74 65 63 68 32 00 80 01 00 58 41 30 30 38 38 4B 30 54 44 30 30 4E 30 30 30 30 43 44 32 46 43 43 36 44 37 39 32 44 33 42 32 34 46 30 38 33 37 42 30 33 32 44 30 38 36 38 46 45 43 39 46 44 44 43 39 43 32 36 33 31 31 35 46 30 44 43 43 34 42 44 42 35 37 43 36 30 33 43 34 32 46 34 41 35 30 34 34 39 97 D5 
2022/1/17 14:18:07.878 [RX] - 55 55 55 55 55 55 55 55 55 55 55 55 55 55 55 55 55 55 55 55 55 55 55 55 55 55 55 55 55 55 66 56 69 56 4F 74 65 63 68 32 00 80 00 00 00 B9 DF  pass 
2022/1/17 14:18:08.177 [TX] - 56 69 56 4F 74 65 63 68 32 00 81 00 00 71 05 41 30 31 31 32 44 30 54 45 30 30 4E 30 31 30 30 4B 53 31 38 36 32 39 39 34 39 30 31 32 43 30 30 30 34 36 30 30 30 30 31 39 34 34 38 36 43 33 31 36 38 43 41 31 46 42 34 41 38 30 39 45 36 33 39 46 46 39 43 33 42 37 32 36 45 32 34 37 43 35 39 30 42 32 32 38 43 35 44 32 32 36 35 30 46 36 36 39 37 45 38 34 37 41 32 46 38 41 32 37 33 39 33 47 AE 
2022/1/17 14:18:08.504 [RX] - 55 55 55 55 55 55 55 55 55 55 55 55 55 55 55 55 55 55 55 55 55 55 55 55 55 55 55 55 55 55 66 56 69 56 4F 74 65 63 68 32 00 81 00 00 00 CF 6B  pass 
2022/1/17 14:18:08.797 [TX] - 56 69 56 4F 74 65 63 68 32 00 C7 36 00 01 03 6C 97 
2022/1/17 14:18:08.856 [RX] - 55 55 55 55 55 55 55 55 55 55 55 55 55 55 55 55 55 55 55 55 55 55 55 55 55 55 55 55 55 55 66 56 69 56 4F 74 65 63 68 32 00 C7 00 00 00 86 6E  pass pass pass  

Auto Poll

2022/1/17 14:18:09.158 [TX] - 56 69 56 4F 74 65 63 68 32 00 01 01 00 01 00 F6 24 
2022/1/17 14:18:09.217 [RX] - 55 55 55 55 55 55 55 55 55 55 55 55 55 55 55 55 55 55 55 55 55 55 55 55 55 55 55 55 55 55 66 56 69 56 4F 74 65 63 68 32 00 01 00 00 00 12 53  pass  

--- ISO4909

2022/1/17 14:18:13.314 [TX] - 56 69 56 4F 74 65 63 68 32 00 03 40 00 00 96 E2 
2022/1/17 14:18:13.379 [RX] - 55 55 55 55 55 55 55 55 55 55 55 55 55 55 55 55 55 55 55 55 55 55 55 55 55 55 55 55 55 55 66 56 69 56 4F 74 65 63 68 32 00 03 00 02 0D C8 DF EE 25 02 00 11 DF EE 23 82 01 B9 02 B3 01 80 3F 4D 27 69 83 BF 25 2A 34 35 34 37 2A 2A 2A 2A 2A 2A 2A 2A 30 30 30 30 5E 4C 4C 49 42 52 45 20 52 4F 42 45 52 54 2D 47 55 49 4C 4C 45 52 4D 4F 20 5E 31 31 30 32 2A 2A 2A 2A 2A 2A 2A 2A 2A 2A 2A 2A 2A 2A 2A 2A 2A 2A 2A 2A 2A 2A 2A 2A 2A 2A 2A 3F 2A 3B 34 35 34 37 2A 2A 2A 2A 2A 2A 2A 2A 30 30 30 30 3D 31 31 30 32 2A 2A 2A 2A 2A 2A 2A 2A 2A 2A 2A 2A 2A 2A 2A 3F 2A DE 04 D2 DB BB F9 AA 18 EC 56 B9 DC 8C 3F 27 5F 5A B2 91 41 41 38 04 5F EE 1E 72 01 5B 35 30 E2 EC 75 97 64 E5 62 F9 BA 6E D0 3C 7D 7C 59 11 A0 7A 63 77 FB D6 DA DB A2 9B 3B A6 15 7A B2 92 09 4B 62 8C 26 8E A3 55 92 27 C4 20 64 EA 81 19 7A FC BB A4 7C FC 22 D8 2C 80 ED D4 1E 2C 4D DF B5 D9 A5 18 39 AC 9B 27 02 AA 76 41 75 77 9D D0 C0 89 25 0C D0 4A 03 E4 2C F2 8B DE 73 F9 81 4D A3 76 8A A6 F3 D5 D4 84 4C 10 D6 77 D3 63 32 C4 40 ED EC 69 F2 56 EB 03 56 B5 A9 43 13 3E F4 63 37 18 F6 D6 5F 29 ED 81 61 DE 75 20 EA A8 94 29 EE 9E 53 36 F2 87 84 01 7F 20 1D 4A 98 C0 91 7F F1 37 CF BF 64 5F 63 16 A6 A6 22 A7 19 5B 45 F9 04 77 06 E0 A0 DE 84 BB 59 5B 9F 2C 07 AF CC CB 1A 4D 4F BF FA 85 F3 52 A7 BC 6D B0 09 54 4A 8E 4D B4 6B E2 83 32 3D 79 6E B0 13 AF 65 DF AF 57 85 96 18 2E D3 93 78 61 C2 BD 7D 77 E1 44 D2 BE 7C 75 B7 AD 34 1D 23 80 EC 5A 2A F0 4A 2E 9E 8D 84 56 D2 8E C1 37 33 39 54 30 32 35 37 39 33 62 99 49 01 2C 00 04 60 00 01 E9 0D 03 9F 39 01 90 FF EE 01 04 DF 30 01 0C DF EE 26 01 C8 DF EF  pass 4C 06 00 26 00 00 00 00 DF EF 4D 28 FC BB A4 7C FC 22 D8 2C 80 ED D4 1E 2C 4D DF B5 D9 A5 18 39 AC 9B 27 02 AA 76 41 75 77 9D D0 C0 52 0F 5D 20 FC B3 B7 D9 6B B4  

 ---------- END OF TEST ----------

 Result = PASSED


Docklight Log File (HEX) - Stopped 2022/1/17 14:18:15.357 

