Docklight Log File (HEX) - Started 6/22/2009 11:03:52.15 
 TEST CASE: UI_Flow2

 --- Set POS COM PORT Settings
 Set POS COM PORT...
 POS operating on COM1 @ 19200 baud...
 Set POS COM PORT - COMPLETE


6/22/2009 11:03:53.62 [TX] - 56 69 56 4F 74 65 63 68 32 00 83 03 00 10 00 00 31 00 34 00 35 00 57 45 4C 43 4F 4D 45 00 06 B3 
6/22/2009 11:03:53.93 [RX] - 56 69 56 4F 74 65 63 68 32 00 83 00 00 00 22 03 
6/22/2009 11:03:54.63 [TX] - 56 69 56 4F 74 65 63 68 32 00 83 03 00 17 00 00 31 00 33 00 35 00 50 6C 65 61 73 65 20 77 61 69 74 2E 2E 2E 00 46 44 
6/22/2009 11:03:54.94 [RX] - 56 69 56 4F 74 65 63 68 32 00 83 00 00 00 22 03 
6/22/2009 11:03:56.16 [TX] - 56 69 56 4F 74 65 63 68 32 00 02 01 00 1C 0A 9F 02 06 00 00 00 15 00 99 5F 2A 02 08 40 9A 03 11 12 15 9F 1A 02 08 40 9C 01 00 C3 2D 
6/22/2009 11:03:59.71 [RX] - 56 69 56 4F 74 65 63 68 32 00 02 00 00 6A 39 42 36 32 37 39 32 35 37 37 34 39 31 33 32 33 34 33 5E 54 45 53 54 20 43 41 52 44 2F 56 49 56 4F 54 45 43 48 5E 31 30 31 32 38 31 33 30 30 37 32 31 30 34 33 35 30 30 30 30 25 36 32 37 39 32 35 37 37 34 39 31 33 32 33 34 33 3D 31 30 31 32 38 31 33 30 30 37 32 31 30 34 33 35 30 30 30 30 00 00 FF EE 01 04 DF 30 01 00 B7 14 
6/22/2009 11:04:00.07 [TX] - 56 69 56 4F 74 65 63 68 32 00 83 03 00 12 30 00 35 30 00 31 00 34 00 31 00 41 6D 6F 75 6E 74 00 3F 22 
6/22/2009 11:04:00.40 [RX] - 56 69 56 4F 74 65 63 68 32 00 83 00 00 00 22 03 
6/22/2009 11:04:00.43 [TX] - 56 69 56 4F 74 65 63 68 32 00 83 04 00 12 00 00 31 00 34 00 34 00 24 00 31 35 30 30 2E 39 39 00 92 17 
6/22/2009 11:04:00.73 [RX] - 56 69 56 4F 74 65 63 68 32 00 83 00 00 00 22 03 
6/22/2009 11:04:00.78 [TX] - 56 69 56 4F 74 65 63 68 32 00 83 05 00 19 30 00 31 31 37 00 31 31 36 00 33 38 00 31 00 31 00 32 00 79 65 73 00 0D 00 C0 F2 
6/22/2009 11:04:01.06 [RX] - 56 69 56 4F 74 65 63 68 32 00 83 00 00 00 22 03 
6/22/2009 11:04:01.14 [TX] - 56 69 56 4F 74 65 63 68 32 00 83 05 00 1A 31 31 37 00 31 31 37 00 31 31 36 00 33 38 00 31 00 31 00 32 00 6E 6F 00 0D 00 E2 D6 
6/22/2009 11:04:01.42 [RX] - 56 69 56 4F 74 65 63 68 32 00 83 00 00 00 22 03 
6/22/2009 11:04:01.50 [TX] - 56 69 56 4F 74 65 63 68 32 00 83 06 00 0B 0F CC 6F 6B 61 79 4B 65 79 00 CC 0F 2F 
6/22/2009 11:04:06.95 [RX] - 56 69 56 4F 74 65 63 68 32 00 83 00 00 0A 79 65 73 42 75 74 74 6F 6E 00 FD 08  Yes Button Pressed

6/22/2009 11:04:06.98 [TX] - 56 69 56 4F 74 65 63 68 32 00 81 01 00 0F 1E 34 30 31 32 33 34 35 36 37 38 39 30 39 00 85 91 
6/22/2009 11:04:17.51 [RX] - 56 69 56 4F 74 65 63 68 32 00 81 00  Pin Response

6/22/2009 11:04:17.51 [RX] - 00 20 46 30 43 46 30 32 32 39 30 42 34 42 42 34 34 45 39 38 37 36 35 34 33 32 31 30 45 30 30 30 30 33 92 D8 
6/22/2009 11:04:17.55 [TX] - 56 69 56 4F 74 65 63 68 32 00 83 03 00 16 00 00 31 00 33 00 35 00 50 72 6F 63 65 73 73 69 6E 67 2E 2E 2E 00 61 FE 
6/22/2009 11:04:17.87 [RX] - 56 69 56 4F 74 65 63 68 32 00 83 00 00 00 22 03 
6/22/2009 11:04:19.09 [TX] - 56 69 56 4F 74 65 63 68 32 00 83 03 00 11 00 00 31 00 33 00 35 00 41 70 70 72 6F 76 65 64 00 35 B6 
6/22/2009 11:04:19.38 [RX] - 56 69 56 4F 74 65 63 68 32 00 83 00 00 00 22 03 
6/22/2009 11:04:20.12 [TX] - 56 69 56 4F 74 65 63 68 32 00 83 03 00 12 00 00 31 00 34 00 35 00 54 68 61 6E 6B 20 59 6F 75 00 1B 79 
6/22/2009 11:04:20.43 [RX] - 56 69 56 4F 74 65 63 68 32 00 83 00 00 00 22 03  

 Result = PASSED
 ---------- END OF TEST ----------

 Result = PASSED
 

 MASTER RESULT = PASSED


Docklight Log File (HEX) - Stopped 6/22/2009 11:04:22.87 

