Docklight Log File (HEX) - Started 2020/5/20 14:02:19.104 
 TEST CASE: AC019

 --- Set POS COM PORT Settings
 Set POS COM PORT...
 POS operating on COM90 @ 115200 baud...
 Set POS COM PORT - COMPLETE

 --- Poll on Demand

2020/5/20 14:02:20.438 [TX] - 56 69 56 4F 74 65 63 68 32 00 01 01 00 01 01 D7 34 
2020/5/20 14:02:20.446 [RX] - 56 69 56 4F 74 65 63 68 32 00 01 00 00 00 12 53 00 00 00 00 00 00 00 00 00 00 00 00 00 00 00 00 00 00 00 00 00 00 00 00 00 00 00 00 00 00 00 00 00 00 00 00 00 00 00 00 00 00 00 00 00 00 00  --- Activate Transaction

2020/5/20 14:02:22.818 [TX] - 56 69 56 4F 74 65 63 68 32 00 02 01 00 22 0A 9F 02 06 00 00 00 00 01 55 5F 2A 02 08 40 9A 03 08 02 11 9F 21 03 13 13 58 9F 1A 02 08 40 9C 01 00 28 E3 
2020/5/20 14:02:23.678 [RX] - 56 69 56 4F 74 65 63 68 32 00 02 00 00 76 39 42 36 32 37 39 32 35 37 37 34 39 31 33 32 33 34 33 5E 54 45 53 54 20 43 41 52 44 2F 56 49 56 4F 54 45 43 48 5E 31 30 31 32 38 31 33 30 30 37 32 31 30 34 33 35 30 30 30 30 25 36 32 37 39 32 35 37 37 34 39 31 33 32 33 34 33 3D 31 30 31 32 38 31 33 30 30 37 32 31 30 34 33 35 30 30 30 30 00 9F 35 01 22 9F 39 01 07 FF EE 01 04 DF 30 01 00 DF EE 26 01 01 61 D5 00 00 00 00 00 00 00 00 00 00 00 00 00 00 00 00 00 00 00 00 00 00 00 00 00 00 00 00 00 00 00 00 00 00 00 00 00 00 00 00 00 00 00 00 00 00 00 00 00 00 00 00 00 00 00  

 Result = PASSED
 ---------- END OF TEST ----------

 

 MASTER RESULT = PASSED


Docklight Log File (HEX) - Stopped 2020/5/20 14:02:24.765 

