Docklight Log File (HEX) - Started 2016-07-13 14:02:27.719 
 TEST CASE: applepay1

 --- Set POS COM PORT Settings
 Set POS COM PORT...
 POS operating on COM111 @ 19200 baud...
 Set POS COM PORT - COMPLETE


2016-07-13 14:02:29.064 [TX] - 56 69 56 4F 74 65 63 68 32 00 01 01 00 01 01 D7 34 
2016-07-13 14:02:29.066 [RX] - 56 69 56 4F 74 65 63 68 32 00 01 00 00 00 12 53 00 00 00 00 00 00 00 00 00 00 00 00 00 00 00 00 00 00 00 00 00 00 00 00 00 00 00 00 00 00 00 00 00 00 00 00 00 00 00 00 00 00 00 00 00 00 00 
2016-07-13 14:02:29.569 [TX] - 56 69 56 4F 74 65 63 68 32 00 04 00 00 05 FF F3 02 17 FF B9 2E 
2016-07-13 14:02:29.572 [RX] - 56 69 56 4F 74 65 63 68 32 00 04 00 00 00 AE 16 00 00 00 00 00 00 00 00 00 00 00 00 00 00 00 00 00 00 00 00 00 00 00 00 00 00 00 00 00 00 00 00 00 00 00 00 00 00 00 00 00 00 00 00 00 00 00  
v2StsCode = 00

 --- Set Merchant 1 - Blank 

2016-07-13 14:02:30.150 [TX] - 56 69 56 4F 74 65 63 68 32 00 04 11 00 63 01 00 00 00 00 00 00 00 00 00 00 00 00 00 00 00 00 00 00 00 00 00 00 00 00 00 00 00 00 00 00 00 00 00 00 00 00 00 00 00 00 00 00 00 00 00 00 00 00 00 00 00 00 00 00 00 00 00 00 00 00 00 00 00 00 00 00 00 00 00 00 00 00 00 00 00 00 00 00 00 00 00 00 00 00 00 00 00 00 00 00 00 00 00 00 00 00 00 00 4D EC 
2016-07-13 14:02:30.154 [RX] - 56 69 56 4F 74 65 63 68 32 00 04 00 00 00 AE 16 00 00 00 00 00 00 00 00 00 00 00 00 00 00 00 00 00 00 00 00 00 00 00 00 00 00 00 00 00 00 00 00 00 00 00 00 00 00 00 00 00 00 00 00 00 00 00  
v2StsCode = 00

 --- Set Merchant 2 - pass.com.apple.test1_Hello_My_Name_Is 

2016-07-13 14:02:31.007 [TX] - 56 69 56 4F 74 65 63 68 32 00 04 11 00 63 02 01 15 33 EE 11 6D 43 0B 88 C4 5A CE 01 D3 D0 D9 71 6B F5 DB AF 04 7C B3 C1 97 70 23 15 42 57 7F E5 00 00 00 00 00 00 00 00 00 00 00 00 00 00 00 00 00 00 00 00 00 00 00 00 00 00 00 00 00 00 00 00 00 00 00 00 00 00 00 00 00 00 00 00 00 00 00 00 00 00 00 00 00 00 00 00 00 00 00 00 00 00 00 00 00 E1 9C 
2016-07-13 14:02:31.012 [RX] - 56 69 56 4F 74 65 63 68 32 00 04 00 00 00 AE 16 00 00 00 00 00 00 00 00 00 00 00 00 00 00 00 00 00 00 00 00 00 00 00 00 00 00 00 00 00 00 00 00 00 00 00 00 00 00 00 00 00 00 00 00 00 00 00  
v2StsCode = 00

 --- Get Merchant 1  

2016-07-13 14:02:32.070 [TX] - 56 69 56 4F 74 65 63 68 32 00 03 11 00 01 01 F3 6B 
2016-07-13 14:02:32.072 [RX] - 56 69 56 4F 74 65 63 68 32 00 03 00 00 63 01 00 00 00 00 00 00 00 00 00 00 00 00 00 00 00 00 00 00 00 00 00 00 00 00 00 00 00 00 00 00 00 00 00 00 00 00 00 00 00 00 00 00 00 00 00 00 00 00 00 00 00 00 00 00 00 00 00 00 00 00 00 00 00 00 00 00 00 00 00 00 00 00 00 00 00 00 00 00 00 00 00 00 00 00 00 00 00 00 00 00 00 00 00 00 00 00 00 00 2B B2 00 00 00 00 00 00 00 00 00 00 00  
v2StsCode = 00

 --- Get Merchant 2  

2016-07-13 14:02:33.363 [TX] - 56 69 56 4F 74 65 63 68 32 00 03 11 00 01 02 90 5B 
2016-07-13 14:02:33.366 [RX] - 56 69 56 4F 74 65 63 68 32 00 03 00 00 63 02 01 15 33 EE 11 6D 43 0B 88 C4 5A CE 01 D3 D0 D9 71 6B F5 DB AF 04 7C B3 C1 97 70 23 15 42 57 7F E5 00 00 00 00 00 00 00 00 00 00 00 00 00 00 00 00 00 00 00 00 00 00 00 00 00 00 00 00 00 00 00 00 00 00 00 00 00 00 00 00 00 00 00 00 00 00 00 00 00 00 00 00 00 00 00 00 00 00 00 00 00 00 00 00 00 5B 1E 00 00 00 00 00 00 00 00 00 00 00  
v2StsCode = 00

 
v2StsCode = 00

 --- ACT - VAS Only 

2016-07-13 14:02:39.472 [TX] - 56 69 56 4F 74 65 63 68 32 00 02 01 00 29 30 9F 02 06 00 00 00 00 00 01 9C 01 00 FF EE 06 18 9F 22 02 01 00 9F 26 04 00 00 00 02 9F 2B 05 01 00 00 00 00 DF 01 01 01 CF 40 
2016-07-13 14:02:41.252 [RX] - 56 69 56 4F 74 65 63 68 32 00 02 57 00 51 FF EE 06 82 00 3A 9A 03 11 01 01 9F 21 03 00 35 54 9F 25 20 15 33 EE 11 6D 43 0B 88 C4 5A CE 01 D3 D0 D9 71 6B F5 DB AF 04 7C B3 C1 97 70 23 15 42 57 7F E5 9F 2A 00 9F 27 06 31 31 32 39 39 35 9F 39 01 07 FF EE 01 04 DF 30 01 00 DF EE 26 01 01 AD 5F 00 00 00 00 00 00 00 00 00 00 00 00 00 00 00 00 00 00 00 00 00 00 00 00 00 00 00 00 00  
v2StsCode = 57

 --- ACT - VAS OR Pay 

2016-07-13 14:02:50.122 [TX] - 56 69 56 4F 74 65 63 68 32 00 02 01 00 29 30 9F 02 06 00 00 00 00 00 01 9C 01 00 FF EE 06 18 9F 22 02 01 00 9F 26 04 00 00 00 00 9F 2B 05 01 00 00 00 00 DF 01 01 01 09 CA 
2016-07-13 14:02:51.692 [RX] - 56 69 56 4F 74 65 63 68 32 00 02 57 00 51 FF EE 06 82 00 3A 9A 03 11 01 01 9F 21 03 00 36 05 9F 25 20 15 33 EE 11 6D 43 0B 88 C4 5A CE 01 D3 D0 D9 71 6B F5 DB AF 04 7C B3 C1 97 70 23 15 42 57 7F E5 9F 2A 00 9F 27 06 31 31 32 39 39 35 9F 39 01 07 FF EE 01 04 DF 30 01 00 DF EE 26 01 01 24 A5 00 00 00 00 00 00 00 00 00 00 00 00 00 00 00 00 00 00 00 00 00 00 00 00 00 00 00 00 00  
v2StsCode = 57

 --- ACT - VAS AND Pay 

2016-07-13 14:03:00.444 [TX] - 56 69 56 4F 74 65 63 68 32 00 02 01 00 29 30 9F 02 06 00 00 00 00 00 01 9C 01 00 FF EE 06 18 9F 22 02 01 00 9F 26 04 00 00 00 01 9F 2B 05 01 00 00 00 00 DF 01 01 01 6A 8F 
2016-07-13 14:03:01.892 [RX] - 56 69 56 4F 74 65 63 68 32 00 02 57 00 51 FF EE 06 82 00 3A 9A 03 11 01 01 9F 21 03 00 36 15 9F 25 20 15 33 EE 11 6D 43 0B 88 C4 5A CE 01 D3 D0 D9 71 6B F5 DB AF 04 7C B3 C1 97 70 23 15 42 57 7F E5 9F 2A 00 9F 27 06 31 31 32 39 39 35 9F 39 01 07 FF EE 01 04 DF 30 01 00 DF EE 26 01 01 DF 72 00 00 00 00 00 00 00 00 00 00 00 00 00 00 00 00 00 00 00 00 00 00 00 00 00 00 00 00 00  
v2StsCode = 57

 --- ACT - Pay Only 

2016-07-13 14:03:08.278 [TX] - 56 69 56 4F 74 65 63 68 32 00 02 01 00 29 30 9F 02 06 00 00 00 00 00 01 9C 01 00 FF EE 06 18 9F 22 02 01 00 9F 26 04 00 00 00 03 9F 2B 05 01 00 00 00 00 DF 01 01 01 AC 05 
2016-07-13 14:03:10.242 [RX] - 56 69 56 4F 74 65 63 68 32 00 02 0A 00 09 20 6A 82 01 DF EE 26 01 01 37 3E 00 00 00 00 00 00 00 00 00 00 00 00 00 00 00 00 00 00 00 00 00 00 00 00 00 00 00 00 00 00 00 00 00 00 00 00 00 00  
v2StsCode = 0A

 --- ACT - VAS URL Only Protocol 

2016-07-13 14:03:16.736 [TX] - 56 69 56 4F 74 65 63 68 32 00 02 01 00 29 30 9F 02 06 00 00 00 00 00 01 9C 01 00 FF EE 06 18 9F 22 02 01 00 9F 26 04 00 00 00 02 9F 2B 05 01 00 00 00 00 DF 01 01 00 EE 50 
2016-07-13 14:03:17.906 [RX] - 56 69 56 4F 74 65 63 68 32 00 02 57 00 4C FF EE 06 82 00 35 9A 03 11 01 01 9F 21 03 00 36 31 9F 25 20 15 33 EE 11 6D 43 0B 88 C4 5A CE 01 D3 D0 D9 71 6B F5 DB AF 04 7C B3 C1 97 70 23 15 42 57 7F E5 DF 02 04 20 6A 80 04 9F 39 01 07 FF EE 01 04 DF 30 01 00 DF EE 26 01 01 FC 91 00 00 00 00 00 00 00 00 00 00 00 00 00 00 00 00 00 00 00 00 00 00 00 00 00 00 00 00 00 00 00 00 00 00  
v2StsCode = 57

 --- ACT - VAS Only - Beeps & Silent CommErr 

2016-07-13 14:03:25.810 [TX] - 56 69 56 4F 74 65 63 68 32 00 02 01 00 29 30 9F 02 06 00 00 00 00 00 01 9C 01 00 FF EE 06 18 9F 22 02 01 00 9F 26 04 00 00 00 02 9F 2B 05 01 00 00 00 00 DF 01 01 07 09 20 
2016-07-13 14:03:27.561 [RX] - 56 69 56 4F 74 65 63 68 32 00 02 57 00 51 FF EE 06 82 00 3A 9A 03 11 01 01 9F 21 03 00 36 41 9F 25 20 15 33 EE 11 6D 43 0B 88 C4 5A CE 01 D3 D0 D9 71 6B F5 DB AF 04 7C B3 C1 97 70 23 15 42 57 7F E5 9F 2A 00 9F 27 06 31 31 32 39 39 35 9F 39 01 07 FF EE 01 04 DF 30 01 00 DF EE 26 01 01 09 77 00 00 00 00 00 00 00 00 00 00 00 00 00 00 00 00 00 00 00 00 00 00 00 00 00 00 00 00 00  
v2StsCode = 57

 --- ACT - VAS OR Pay - Beeps & Silent CommErr 

2016-07-13 14:03:34.116 [TX] - 56 69 56 4F 74 65 63 68 32 00 02 01 00 29 30 9F 02 06 00 00 00 00 00 01 9C 01 00 FF EE 06 18 9F 22 02 01 00 9F 26 04 00 00 00 00 9F 2B 05 01 00 00 00 00 DF 01 01 03 EA 4B 
2016-07-13 14:03:35.621 [RX] - 56 69 56 4F 74 65 63 68 32 00 02 57 00 51 FF EE 06 82 00 3A 9A 03 11 01 01 9F 21 03 00 36 49 9F 25 20 15 33 EE 11 6D 43 0B 88 C4 5A CE 01 D3 D0 D9 71 6B F5 DB AF 04 7C B3 C1 97 70 23 15 42 57 7F E5 9F 2A 00 9F 27 06 31 31 32 39 39 35 9F 39 01 07 FF EE 01 04 DF 30 01 00 DF EE 26 01 01 FC 8C 00 00 00 00 00 00 00 00 00 00 00 00 00 00 00 00 00 00 00 00 00 00 00 00 00 00 00 00 00  
v2StsCode = 57

 --- ACT - VAS AND Pay - Beeps & Silent CommErr 

2016-07-13 14:03:41.990 [TX] - 56 69 56 4F 74 65 63 68 32 00 02 01 00 29 30 9F 02 06 00 00 00 00 00 01 9C 01 00 FF EE 06 18 9F 22 02 01 00 9F 26 04 00 00 00 01 9F 2B 05 01 00 00 00 00 DF 01 01 07 EF AC 
2016-07-13 14:03:43.561 [RX] - 56 69 56 4F 74 65 63 68 32 00 02 57 00 51 FF EE 06 82 00 3A 9A 03 11 01 01 9F 21 03 00 36 57 9F 25 20 15 33 EE 11 6D 43 0B 88 C4 5A CE 01 D3 D0 D9 71 6B F5 DB AF 04 7C B3 C1 97 70 23 15 42 57 7F E5 9F 2A 00 9F 27 06 31 31 32 39 39 35 9F 39 01 07 FF EE 01 04 DF 30 01 00 DF EE 26 01 01 F1 2B 00 00 00 00 00 00 00 00 00 00 00 00 00 00 00 00 00 00 00 00 00 00 00 00 00 00 00 00 00  
v2StsCode = 57

 --- ACT - Pay Only -  Beeps & Silent CommErr

2016-07-13 14:03:50.649 [TX] - 56 69 56 4F 74 65 63 68 32 00 02 01 00 29 30 9F 02 06 00 00 00 00 00 01 9C 01 00 FF EE 06 18 9F 22 02 01 00 9F 26 04 00 00 00 03 9F 2B 05 01 00 00 00 00 DF 01 01 07 65 6A 
2016-07-13 14:03:52.301 [RX] - 56 69 56 4F 74 65 63 68 32 00 02 0A 00 09 20 6A 82 01 DF EE 26 01 01 37 3E 00 00 00 00 00 00 00 00 00 00 00 00 00 00 00 00 00 00 00 00 00 00 00 00 00 00 00 00 00 00 00 00 00 00 00 00 00 00  
v2StsCode = 0A

 --- ACT - VAS Only URL Protocol -  Beeps & Silent CommErr

2016-07-13 14:03:59.538 [TX] - 56 69 56 4F 74 65 63 68 32 00 02 01 00 29 30 9F 02 06 00 00 00 00 00 01 9C 01 00 FF EE 06 18 9F 22 02 01 00 9F 26 04 00 00 00 02 9F 2B 05 01 00 00 00 00 DF 01 01 06 30 28 
2016-07-13 14:04:02.370 [RX] - 56 69 56 4F 74 65 63 68 32 00 02 57 00 4C FF EE 06 82 00 35 9A 03 11 01 01 9F 21 03 00 37 15 9F 25 20 15 33 EE 11 6D 43 0B 88 C4 5A CE 01 D3 D0 D9 71 6B F5 DB AF 04 7C B3 C1 97 70 23 15 42 57 7F E5 DF 02 04 20 6A 80 04 9F 39 01 07 FF EE 01 04 DF 30 01 00 DF EE 26 01 01 63 69 00 00 00 00 00 00 00 00 00 00 00 00 00 00 00 00 00 00 00 00 00 00 00 00 00 00 00 00 00 00 00 00 00 00  
v2StsCode = 57

 --- Act-Test7 Apple VAS Only, Beep + SmartTap PrePPSE read, NoPay, LOYALTY

2016-07-13 14:04:10.789 [TX] - 56 69 56 4F 74 65 63 68 32 00 02 01 00 5D 0A 9F 02 06 00 00 00 00 15 00 FF EE 06 18 9F 22 02 01 00 9F 26 04 00 00 00 02 9F 2B 05 01 00 00 00 00 DF 01 01 03 FF EE 01 33 DF 50 04 17 02 01 00 DF 47 29 DF 31 04 99 99 99 99 DF 32 04 88 77 66 55 DF 41 05 70 02 00 00 01 DF 11 07 20 11 09 28 12 00 30 DF 12 02 01 00 DF 33 01 80 F6 A8 
2016-07-13 14:04:12.530 [RX] - 56 69 56 4F 74 65 63 68 32 00 02 57 00 51 FF EE 06 82 00 3A 9A 03 11 01 01 9F 21 03 00 37 26 9F 25 20 15 33 EE 11 6D 43 0B 88 C4 5A CE 01 D3 D0 D9 71 6B F5 DB AF 04 7C B3 C1 97 70 23 15 42 57 7F E5 9F 2A 00 9F 27 06 31 31 32 39 39 35 9F 39 01 07 FF EE 01 04 DF 30 01 00 DF EE 26 01 01 06 60 00 00 00 00 00 00 00 00 00 00 00 00 00 00 00 00 00 00 00 00 00 00 00 00 00 00 00 00 00  
v2StsCode = 57

 --- Act-Test8 Apple VAS Only + SmartTap PrePPSE read, Pay, OFFERS

2016-07-13 14:04:21.912 [TX] - 56 69 56 4F 74 65 63 68 32 00 02 01 00 5D 0A 9F 02 06 00 00 00 00 15 00 FF EE 06 18 9F 22 02 01 00 9F 26 04 00 00 00 02 9F 2B 05 01 00 00 00 00 DF 01 01 03 FF EE 01 33 DF 50 04 17 02 01 00 DF 47 29 DF 31 04 99 99 99 99 DF 32 04 88 77 66 55 DF 54 05 12 63 19 70 11 DF 11 07 20 11 09 28 12 00 30 DF 12 02 01 00 DF 33 01 20 5F 23 
2016-07-13 14:04:24.729 [RX] - 56 69 56 4F 74 65 63 68 32 00 02 57 00 51 FF EE 06 82 00 3A 9A 03 11 01 01 9F 21 03 00 37 38 9F 25 20 15 33 EE 11 6D 43 0B 88 C4 5A CE 01 D3 D0 D9 71 6B F5 DB AF 04 7C B3 C1 97 70 23 15 42 57 7F E5 9F 2A 00 9F 27 06 31 31 32 39 39 35 9F 39 01 07 FF EE 01 04 DF 30 01 00 DF EE 26 01 01 0B C7 00 00 00 00 00 00 00 00 00 00 00 00 00 00 00 00 00 00 00 00 00 00 00 00 00 00 00 00 00  
v2StsCode = 57

 --- Act-Test9 Apple VAS or Pay + SmartTap PrePPSE read, NoPay, LOYALTY & OFFERS

2016-07-13 14:04:33.795 [TX] - 56 69 56 4F 74 65 63 68 32 00 02 01 00 85 0A 9F 02 06 00 00 00 00 15 00 FF EE 06 18 9F 22 02 01 00 9F 26 04 00 00 00 00 9F 2B 05 01 00 00 00 00 DF 01 01 01 FF EE 01 5B DF 50 04 17 02 01 00 DF 47 51 DF 31 08 99 99 99 99 88 88 88 88 DF 32 20 30 31 32 33 34 35 36 37 38 39 41 42 43 44 45 46 46 45 44 43 42 41 39 38 37 36 35 34 33 32 31 30 DF 41 05 70 02 00 00 01 DF 54 05 12 63 19 70 11 DF 11 07 20 11 09 28 12 00 30 DF 12 02 01 20 DF 33 01 A0 2B 3A 
2016-07-13 14:04:37.189 [RX] - 56 69 56 4F 74 65 63 68 32 00 02 57 00 51 FF EE 06 82 00 3A 9A 03 11 01 01 9F 21 03 00 37 50 9F 25 20 15 33 EE 11 6D 43 0B 88 C4 5A CE 01 D3 D0 D9 71 6B F5 DB AF 04 7C B3 C1 97 70 23 15 42 57 7F E5 9F 2A 00 9F 27 06 31 31 32 39 39 35 9F 39 01 07 FF EE 01 04 DF 30 01 00 DF EE 26 01 01 C6 8C 00 00 00 00 00 00 00 00 00 00 00 00 00 00 00 00 00 00 00 00 00 00 00 00 00 00 00 00 00  
v2StsCode = 57

 --- Act-Test10 Apple VAS & Pay + SmartTap PostPPSE read, Pay, LOYALTY & OFFERS

2016-07-13 14:04:43.472 [TX] - 56 69 56 4F 74 65 63 68 32 00 02 01 00 85 0A 9F 02 06 00 00 00 00 15 00 FF EE 06 18 9F 22 02 01 00 9F 26 04 00 00 00 01 9F 2B 05 01 00 00 00 00 DF 01 01 01 FF EE 01 5B DF 50 04 17 05 00 01 DF 47 51 DF 31 08 99 99 99 99 88 88 88 88 DF 32 20 30 31 32 33 34 35 36 37 38 39 41 42 43 44 45 46 46 45 44 43 42 41 39 38 37 36 35 34 33 32 31 30 DF 41 05 70 02 00 00 01 DF 54 05 12 63 19 70 11 DF 11 07 20 11 09 28 12 00 30 DF 12 02 01 20 DF 33 01 A8 69 5D 
2016-07-13 14:04:48.139 [RX] - 56 69 56 4F 74 65 63 68 32 00 02 57 00 51 FF EE 06 82 00 3A 9A 03 11 01 01 9F 21 03 00 38 01 9F 25 20 15 33 EE 11 6D 43 0B 88 C4 5A CE 01 D3 D0 D9 71 6B F5 DB AF 04 7C B3 C1 97 70 23 15 42 57 7F E5 9F 2A 00 9F 27 06 31 31 32 39 39 35 9F 39 01 07 FF EE 01 04 DF 30 01 00 DF EE 26 01 01 29 91 00 00 00 00 00 00 00 00 00 00 00 00 00 00 00 00 00 00 00 00 00 00 00 00 00 00 00 00 00  
v2StsCode = 57

 --- ACT 11- VAS Only URL Protocol + SmartTap PrePPSE read, Pay, LOYALTY & OFFERS

2016-07-13 14:04:56.313 [TX] - 56 69 56 4F 74 65 63 68 32 00 02 01 00 85 0A 9F 02 06 00 00 00 00 00 01 FF EE 06 18 9F 22 02 01 00 9F 26 04 00 00 00 02 9F 2B 05 01 00 00 00 00 DF 01 01 00 FF EE 01 5B DF 50 04 17 03 01 00 DF 47 51 DF 31 08 99 99 99 99 88 88 88 88 DF 32 20 30 31 32 33 34 35 36 37 38 39 41 42 43 44 45 46 46 45 44 43 42 41 39 38 37 36 35 34 33 32 31 30 DF 41 05 70 02 00 00 01 DF 54 05 12 63 19 70 11 DF 11 07 20 11 09 28 12 00 30 DF 12 02 01 20 DF 33 01 A8 D6 02 
2016-07-13 14:05:00.179 [RX] - 56 69 56 4F 74 65 63 68 32 00 02 0A 00 51 20 6A 82 01 FF EE 06 82 00 35 9A 03 11 01 01 9F 21 03 00 38 13 9F 25 20 15 33 EE 11 6D 43 0B 88 C4 5A CE 01 D3 D0 D9 71 6B F5 DB AF 04 7C B3 C1 97 70 23 15 42 57 7F E5 DF 02 04 20 6A 80 04 FF EE 02 09 DF 49 06 00 00 20 02 6A 82 DF EE 26 01 01 6E 67 00 00 00 00 00 00 00 00 00 00 00 00 00 00 00 00 00 00 00 00 00 00 00 00 00 00 00 00 00  
v2StsCode = 0A

 --- Act-Test7 Apple VAS Only, Beep + SmartTap PrePPSE read, NoPay, LOYALTY

2016-07-13 14:05:03.817 [TX] - 56 69 56 4F 74 65 63 68 32 00 02 01 00 5D 0A 9F 02 06 00 00 00 00 15 00 FF EE 06 18 9F 22 02 01 00 9F 26 04 00 00 00 02 9F 2B 05 01 00 00 00 00 DF 01 01 03 FF EE 01 33 DF 50 04 17 02 01 00 DF 47 29 DF 31 04 99 99 99 99 DF 32 04 88 77 66 55 DF 41 05 70 02 00 00 01 DF 11 07 20 11 09 28 12 00 30 DF 12 02 01 00 DF 33 01 80 F6 A8 
2016-07-13 14:05:06.619 [RX] - 56 69 56 4F 74 65 63 68 32 00 02 00 00 6D 00 00 00 FF EE 06 82 00 12 9A 03 11 01 01 9F 21 03 00 38 19 DF 02 04 20 6A 82 02 FF EE 02 3D DF 49 3A 00 00 00 00 90 00 DF 21 09 00 11 22 33 44 55 66 77 88 DF 41 07 58 68 50 05 86 85 00 DF 43 06 01 70 02 00 00 01 DF 41 09 51 02 03 04 05 06 07 08 09 DF 43 06 01 70 02 00 00 02 9F 39 01 07 FF EE 01 04 DF 30 01 00 DF EE 26 01 01 E8 98 00  
v2StsCode = 00

 --- Act-Test8 Apple VAS Only + SmartTap PrePPSE read, Pay, OFFERS

2016-07-13 14:05:08.402 [TX] - 56 69 56 4F 74 65 63 68 32 00 02 01 00 5D 0A 9F 02 06 00 00 00 00 15 00 FF EE 06 18 9F 22 02 01 00 9F 26 04 00 00 00 02 9F 2B 05 01 00 00 00 00 DF 01 01 03 FF EE 01 33 DF 50 04 17 02 01 00 DF 47 29 DF 31 04 99 99 99 99 DF 32 04 88 77 66 55 DF 54 05 12 63 19 70 11 DF 11 07 20 11 09 28 12 00 30 DF 12 02 01 00 DF 33 01 20 5F 23 
2016-07-13 14:05:11.048 [RX] - 56 69 56 4F 74 65 63 68 32 00 02 00 00 69 00 00 00 FF EE 06 82 00 12 9A 03 11 01 01 9F 21 03 00 38 23 DF 02 04 20 6A 82 02 FF EE 02 39 DF 49 36 00 00 00 00 90 00 DF 21 09 00 11 22 33 44 55 66 77 88 DF 51 07 11 22 33 44 55 66 01 DF 53 05 01 90 30 51 24 DF 51 07 11 22 33 44 55 66 02 DF 53 05 01 90 30 51 25 9F 39 01 07 FF EE 01 04 DF 30 01 00 DF EE 26 01 01 76 32 00 00 00 00 00  
v2StsCode = 00

 --- Act-Test9 Apple VAS or Pay + SmartTap PrePPSE read, NoPay, LOYALTY & OFFERS

2016-07-13 14:05:16.155 [TX] - 56 69 56 4F 74 65 63 68 32 00 02 01 00 85 0A 9F 02 06 00 00 00 00 15 00 FF EE 06 18 9F 22 02 01 00 9F 26 04 00 00 00 00 9F 2B 05 01 00 00 00 00 DF 01 01 01 FF EE 01 5B DF 50 04 17 02 01 00 DF 47 51 DF 31 08 99 99 99 99 88 88 88 88 DF 32 20 30 31 32 33 34 35 36 37 38 39 41 42 43 44 45 46 46 45 44 43 42 41 39 38 37 36 35 34 33 32 31 30 DF 41 05 70 02 00 00 01 DF 54 05 12 63 19 70 11 DF 11 07 20 11 09 28 12 00 30 DF 12 02 01 20 DF 33 01 A0 2B 3A 
2016-07-13 14:05:18.198 [RX] - 56 69 56 4F 74 65 63 68 32 00 02 00 00 86 00 00 00 FF EE 06 82 00 07 DF 02 04 82 6A 82 02 FF EE 02 61 DF 49 5E 00 00 00 00 90 00 DF 21 09 00 11 22 33 44 55 66 77 88 DF 51 07 11 22 33 44 55 66 01 DF 53 05 01 90 30 51 24 DF 41 07 58 68 50 05 86 85 00 DF 43 06 01 70 02 00 00 01 DF 41 09 51 02 03 04 05 06 07 08 09 DF 43 06 01 70 02 00 00 02 DF 51 07 11 22 33 44 55 66 02 DF 53 05 01 90 30 51 25 9F 39 01 07 FF EE 01 04 DF 30 01 00 DF EE 26 01 01 17 FB 00 00 00 00 00 00 00 00 00 00 00 00 00 00 00 00 00 00 00 00 00 00 00 00 00 00 00 00 00 00 00 00 00 00 00 00 00 00 00  
v2StsCode = 00

 --- Act-Test10 Apple VAS & Pay + SmartTap PostPPSE read, Pay, LOYALTY & OFFERS

2016-07-13 14:05:20.493 [TX] - 56 69 56 4F 74 65 63 68 32 00 02 01 00 85 0A 9F 02 06 00 00 00 00 15 00 FF EE 06 18 9F 22 02 01 00 9F 26 04 00 00 00 01 9F 2B 05 01 00 00 00 00 DF 01 01 01 FF EE 01 5B DF 50 04 17 05 00 01 DF 47 51 DF 31 08 99 99 99 99 88 88 88 88 DF 32 20 30 31 32 33 34 35 36 37 38 39 41 42 43 44 45 46 46 45 44 43 42 41 39 38 37 36 35 34 33 32 31 30 DF 41 05 70 02 00 00 01 DF 54 05 12 63 19 70 11 DF 11 07 20 11 09 28 12 00 30 DF 12 02 01 20 DF 33 01 A8 69 5D 
2016-07-13 14:05:22.857 [RX] - 56 69 56 4F 74 65 63 68 32 00 02 23 01 D9 00 00 00 82 02 00 00 95 05 00 00 00 00 00 9A 03 11 01 01 9C 01 00 5F 2A 02 08 40 9F 02 06 00 00 00 00 15 00 9F 03 06 00 00 00 00 00 00 9F 06 07 A0 00 00 00 04 10 10 9F 09 02 00 02 9F 1A 02 08 40 9F 1E 08 30 30 30 30 30 30 30 30 9F 21 03 00 38 35 9F 33 03 00 00 E8 9F 34 03 00 00 00 9F 35 01 22 9F 36 02 00 00 9F 37 04 2B 64 71 4E 9F 39 01 91 9F 53 01 01 DF 81 29 08 30 F0 F0 00 30 F0 FF 00 FF 81 06 31 DF 81 2A 18 33 33 30 30 30 33 33 33 30 30 30 32 32 32 32 32 30 30 30 31 31 31 31 30 DF 81 2B 07 90 00 99 00 00 00 0F DF 81 15 06 00 00 00 00 00 FF FF 81 05 74 50 0A 4D 61 73 74 65 72 43 61 72 64 84 07 A0 00 00 00 04 10 10 9F 11 01 01 9F 6D 02 00 01 56 3E 42 35 34 31 33 31 32 33 34 35 36 37 38 34 38 30 30 5E 53 55 50 50 4C 49 45 44 2F 4E 4F 54 5E 30 39 30 36 31 30 31 33 33 39 33 38 33 33 33 30 30 30 32 32 32 32 32 32 30 32 31 31 31 31 38 9F 6B 13 54 13 12 34 56 78 48 00 D0 90 61 01 90 00 99 20 25 69 8F FF EE 01 2F DF 30 01 00 DF 31 18 33 33 30 30 30 33 33 33 30 30 30 32 32 32 32 32 30 30 30 31 31 31 31 30 DF 32 0D 39 30 30 30 39 39 30 30 30 30 30 30 30 FF EE 06 82 00 07 DF 02 04 82 6A 82 02 FF EE 03 61 DF 49 5E 00 00 00 00 90 00 DF 21 09 00 11 22 33 44 55 66 77 88 DF 51 07 11 22 33 44 55 66 01 DF 53 05 01 90 30 51 24 DF 41 07 58 68 50 05 86 85 00 DF 43 06 01 70 02 00 00 01 DF 41 09 51 02 03 04 05 06 07 08 09 DF 43 06 01 70 02 00 00 02 DF 51 07 11 22 33 44 55 66 02 DF 53 05 01 90 30 51 25 DF EE 26 01 01 3B 8B 00 00 00 00 00 00 00 00 00 00 00 00 00 00 00  
v2StsCode = 23

 --- ACT 11- VAS Only URL Protocol + SmartTap PrePPSE read, Pay, LOYALTY & OFFERS

2016-07-13 14:05:25.801 [TX] - 56 69 56 4F 74 65 63 68 32 00 02 01 00 85 0A 9F 02 06 00 00 00 00 00 01 FF EE 06 18 9F 22 02 01 00 9F 26 04 00 00 00 02 9F 2B 05 01 00 00 00 00 DF 01 01 00 FF EE 01 5B DF 50 04 17 03 01 00 DF 47 51 DF 31 08 99 99 99 99 88 88 88 88 DF 32 20 30 31 32 33 34 35 36 37 38 39 41 42 43 44 45 46 46 45 44 43 42 41 39 38 37 36 35 34 33 32 31 30 DF 41 05 70 02 00 00 01 DF 54 05 12 63 19 70 11 DF 11 07 20 11 09 28 12 00 30 DF 12 02 01 20 DF 33 01 A8 D6 02 
2016-07-13 14:05:28.157 [RX] - 56 69 56 4F 74 65 63 68 32 00 02 23 01 E4 00 00 00 82 02 00 00 95 05 00 00 00 00 00 9A 03 11 01 01 9C 01 00 5F 2A 02 08 40 9F 02 06 00 00 00 00 00 01 9F 03 06 00 00 00 00 00 00 9F 06 07 A0 00 00 00 04 10 10 9F 09 02 00 02 9F 1A 02 08 40 9F 1E 08 30 30 30 30 30 30 30 30 9F 21 03 00 38 41 9F 33 03 00 00 E8 9F 34 03 00 00 00 9F 35 01 22 9F 36 02 00 00 9F 37 04 12 C6 06 F0 9F 39 01 91 9F 53 01 01 DF 81 29 08 30 F0 F0 00 30 F0 FF 00 FF 81 06 31 DF 81 2A 18 33 33 30 30 30 33 33 33 30 30 30 32 32 32 32 32 30 30 30 31 31 31 31 30 DF 81 2B 07 90 00 99 00 00 00 0F DF 81 15 06 00 00 00 00 00 FF FF 81 05 74 50 0A 4D 61 73 74 65 72 43 61 72 64 84 07 A0 00 00 00 04 10 10 9F 11 01 01 9F 6D 02 00 01 56 3E 42 35 34 31 33 31 32 33 34 35 36 37 38 34 38 30 30 5E 53 55 50 50 4C 49 45 44 2F 4E 4F 54 5E 30 39 30 36 31 30 31 33 33 33 33 32 33 33 33 30 30 30 32 32 32 32 32 36 33 36 31 31 31 31 38 9F 6B 13 54 13 12 34 56 78 48 00 D0 90 61 01 90 00 99 63 63 91 8F FF EE 01 2F DF 30 01 00 DF 31 18 33 33 30 30 30 33 33 33 30 30 30 32 32 32 32 32 30 30 30 31 31 31 31 30 DF 32 0D 39 30 30 30 39 39 30 30 30 30 30 30 30 FF EE 06 82 00 12 9A 03 11 01 01 9F 21 03 00 38 41 DF 02 04 20 6A 82 02 FF EE 02 61 DF 49 5E 00 00 00 00 90 00 DF 21 09 00 11 22 33 44 55 66 77 88 DF 51 07 11 22 33 44 55 66 01 DF 53 05 01 90 30 51 24 DF 41 07 58 68 50 05 86 85 00 DF 43 06 01 70 02 00 00 01 DF 41 09 51 02 03 04 05 06 07 08 09 DF 43 06 01 70 02 00 00 02 DF 51 07 11 22 33 44 55 66 02 DF 53 05 01 90 30 51 25 DF EE 26 01 01 24 1D 00 00 00 00  
v2StsCode = 23

 

 Result = PASSED
 ---------- END OF TEST ----------



Docklight Log File (HEX) - Stopped 2016-07-13 14:05:34.016 

