Docklight Log File (HEX) - Started 10/7/2010 14:52:17.90 
 TEST CASE: SD003

 --- Set POS COM PORT Settings
 Set POS COM PORT...
 POS operating on COM1 @ 19200 baud...
 Set POS COM PORT - COMPLETE

 Default NVM

10/7/2010 14:52:22.35 [TX] - 56 69 56 4F 74 65 63 68 32 00 04 09 00 00 87 30 
10/7/2010 14:52:30.86 [RX] - 56 69 56 4F 74 65 63 68 32 00 04 00 00 00 AE 16  Poll On Demand

10/7/2010 14:52:33.91 [TX] - 56 69 56 4F 74 65 63 68 32 00 01 01 00 01 01 D7 34 
10/7/2010 14:52:33.97 [RX] - 56 69 56 4F 74 65 63 68 32 00 01 00 00 00 12 53  STORE LCD Status Code - 'OK'

10/7/2010 14:52:34.02 [TX] - 56 69 56 4F 74 65 63 68 32 00 01 03 00 01 FE 4F C7 
10/7/2010 14:52:36.37 [RX] - 56 69 56 4F 74 65 63 68 32 00 01 00 00 00 12 53  STORE LCD Status Code - 'OK'
 Visa Wave UI

10/7/2010 14:52:36.44 [TX] - 56 69 56 4F 74 65 63 68 32 00 04 00 00 04 FF F8 01 02 CA 22 
10/7/2010 14:52:36.50 [RX] - 56 69 56 4F 74 65 63 68 32 00 04 00 00 00 AE 16  Get Index 00

10/7/2010 14:52:36.78 [TX] - 56 69 56 4F 74 65 63 68 32 00 01 04 00 01 00 B3 98 
10/7/2010 14:52:36.79 [RX] - 56 69 56 4F 74 65 63 68 32 00 01 00 00 15 00 10 00 00 00 25 50 63 63 63 63 25 46 33 57 65 6C 63 6F 6D 65 31 7B  Get Index 01

10/7/2010 14:52:37.15 [TX] - 56 69 56 4F 74 65 63 68 32 00 01 04 00 01 01 92 88 
10/7/2010 14:52:37.18 [RX] - 56 69 56 4F 74 65 63 68 32 00 01 00 00 17 01 12 00 00 00 25 50 63 63 63 63 25 46 33 54 68 61 6E 6B 20 59 6F 75 AD 72  Get Index 02

10/7/2010 14:52:37.53 [TX] - 56 69 56 4F 74 65 63 68 32 00 01 04 00 01 02 F1 B8 
10/7/2010 14:52:37.56 [RX] - 56 69 56 4F 74 65 63 68 32 00 01 00 00 29 02 24 00 00 00 25 50 63 63 31 30 25 46 32 54 68 61 6E 6B 20 59 6F 75 0A 25 50 63 63 34 30 25 46 30 25 54 41 47 35 46 32 30 25 98  Get Index 03

10/7/2010 14:52:37.90 [TX] - 56 69 56 4F 74 65 63 68 32 00 01 04 00 01 03 D0 A8 
10/7/2010 14:52:37.92 [RX] - 56 69 56 4F 74 65 63 68 32 00 01 00 00 29 03 24 00 00 00 25 50 63 63 31 35 25 46 32 54 72 61 6E 73 61 63 74 69 6F 6E 0A 25 50 63 63 33 35 43 6F 6D 70 6C 65 74 65 64 E9 E7  Get Index 04

10/7/2010 14:52:38.27 [TX] - 56 69 56 4F 74 65 63 68 32 00 01 04 00 01 04 37 D8 
10/7/2010 14:52:38.31 [RX] - 56 69 56 4F 74 65 63 68 32 00 01 00 00 36 04 31 00 00 00 25 46 32 25 50 63 63 30 33 50 6C 65 61 73 65 0A 25 50 63 63 32 34 20 55 73 65 20 4F 74 68 65 72 0A 25 50 63 63 34 30 56 69 73 61 20 43 61 72 64 00 00 F6  Get Index 05

10/7/2010 14:52:38.66 [TX] - 56 69 56 4F 74 65 63 68 32 00 01 04 00 01 05 16 C8 
10/7/2010 14:52:38.70 [RX] - 56 69 56 4F 74 65 63 68 32 00 01 00 00 26 05 21 00 00 00 25 46 32 25 50 63 63 31 30 50 6C 65 61 73 65 0A 25 50 63 63 33 30 49 6E 73 65 72 74 20 43 61 72 64 64 49  Get Index 06

10/7/2010 14:52:39.04 [TX] - 56 69 56 4F 74 65 63 68 32 00 01 04 00 01 06 75 F8 
10/7/2010 14:52:39.07 [RX] - 56 69 56 4F 74 65 63 68 32 00 01 00 00 28 06 23 00 00 00 25 46 32 25 50 63 63 31 30 50 6C 65 61 73 65 0A 25 50 63 63 33 30 53 65 6C 65 63 74 20 31 20 43 61 72 64 2C 81  Get Index 07

10/7/2010 14:52:39.41 [TX] - 56 69 56 4F 74 65 63 68 32 00 01 04 00 01 07 54 E8 
10/7/2010 14:52:39.44 [RX] - 56 69 56 4F 74 65 63 68 32 00 01 00 00 3A 07 35 00 00 00 25 46 32 25 50 63 63 30 38 49 6E 74 65 72 6E 61 74 69 6F 6E 61 6C 0A 25 50 63 63 32 34 43 61 72 64 0A 25 50 63 63 34 30 50 6C 65 61 73 65 20 49 6E 73 65 72 74 33 C9  Get Index 08

10/7/2010 14:52:39.80 [TX] - 56 69 56 4F 74 65 63 68 32 00 01 04 00 01 08 BB 19 
10/7/2010 14:52:39.82 [RX] - 56 69 56 4F 74 65 63 68 32 00 01 00 00 24 08 1F 00 00 00 25 46 32 25 50 63 63 32 30 50 6C 65 61 73 65 0A 25 50 63 63 34 30 54 72 79 20 41 67 61 69 6E 2C 84  Get Index 09

10/7/2010 14:52:40.18 [TX] - 56 69 56 4F 74 65 63 68 32 00 01 04 00 01 09 9A 09 
10/7/2010 14:52:40.21 [RX] - 56 69 56 4F 74 65 63 68 32 00 01 00 00 39 09 34 00 00 00 25 46 32 25 50 63 63 30 38 49 6E 74 65 72 6E 61 74 69 6F 6E 61 6C 0A 25 50 63 63 32 34 43 61 72 64 0A 25 50 63 63 34 30 50 6C 65 61 73 65 20 53 77 69 70 65 04 E5  Get Index 0a

10/7/2010 14:52:40.57 [TX] - 56 69 56 4F 74 65 63 68 32 00 01 04 00 01 0A F9 39 
10/7/2010 14:52:40.60 [RX] - 56 69 56 4F 74 65 63 68 32 00 01 00 00 2D 0A 28 00 00 00 25 50 63 63 31 32 25 46 32 50 6C 65 61 73 65 20 53 69 67 6E 0A 25 50 63 63 33 38 4F 6E 20 54 68 65 20 53 63 72 65 65 6E 1A 34  Get Index 0b

10/7/2010 14:52:40.97 [TX] - 56 69 56 4F 74 65 63 68 32 00 01 04 00 01 0B D8 29 
10/7/2010 14:52:41.00 [RX] - 56 69 56 4F 74 65 63 68 32 00 01 00 00 2E 0B 29 00 00 00 25 50 63 63 31 32 25 46 32 50 6C 65 61 73 65 20 53 69 67 6E 0A 25 50 63 63 33 38 4F 6E 20 54 68 65 20 52 65 63 65 69 70 74 4D 23  Get Index 0c

10/7/2010 14:52:41.38 [TX] - 56 69 56 4F 74 65 63 68 32 00 01 04 00 01 0C 3F 59 
10/7/2010 14:52:41.41 [RX] - 56 69 56 4F 74 65 63 68 32 00 01 00 00 27 0C 22 00 00 00 25 46 32 25 50 63 63 31 30 50 6C 65 61 73 65 20 45 6E 74 65 72 0A 25 46 33 25 50 63 63 34 30 50 49 4E E1 54  Get Index 0d

10/7/2010 14:52:41.78 [TX] - 56 69 56 4F 74 65 63 68 32 00 01 04 00 01 0D 1E 49 
10/7/2010 14:52:41.81 [RX] - 56 69 56 4F 74 65 63 68 32 00 01 00 00 38 0D 33 00 00 00 25 46 32 25 50 63 63 30 34 4F 66 66 6C 69 6E 65 0A 25 50 63 63 32 35 41 76 61 69 6C 61 62 6C 65 20 46 75 6E 64 0A 25 50 63 63 34 35 25 53 31 20 25 53 32 53 04  Get Index 0e

10/7/2010 14:52:42.19 [TX] - 56 69 56 4F 74 65 63 68 32 00 01 04 00 01 0E 7D 79 
10/7/2010 14:52:42.22 [RX] - 56 69 56 4F 74 65 63 68 32 00 01 00 00 46 0E 41 00 00 00 25 46 30 25 50 63 63 30 33 50 49 4E 20 45 6E 74 72 79 20 52 65 71 75 69 72 65 64 0A 25 50 63 63 32 32 54 72 61 6E 73 61 63 74 69 6F 6E 0A 25 50 63 63 34 30 4E 6F 74 20 63 6F 6D 70 6C 65 74 65 64 B3 17  Get Index 0f

10/7/2010 14:52:42.59 [TX] - 56 69 56 4F 74 65 63 68 32 00 01 04 00 01 0F 5C 69 
10/7/2010 14:52:42.62 [RX] - 56 69 56 4F 74 65 63 68 32 00 01 00 00 46 0F 41 00 00 00 25 46 30 25 50 63 63 30 33 53 69 67 6E 61 74 75 72 65 20 52 65 71 75 69 72 65 64 0A 25 50 63 63 32 32 54 72 61 6E 73 61 63 74 69 6F 6E 0A 25 50 63 63 34 30 4E 6F 74 20 63 6F 6D 70 6C 65 74 65 64 BE 5D  Get Index 10

10/7/2010 14:52:43.04 [TX] - 56 69 56 4F 74 65 63 68 32 00 01 04 00 01 10 82 8A 
10/7/2010 14:52:43.06 [RX] - 56 69 56 4F 74 65 63 68 32 00 01 00 00 13 10 0E 00 00 00 52 65 73 65 72 76 65 64 20 4D 53 47 31 37 EF 20  Get Index 11

10/7/2010 14:52:43.42 [TX] - 56 69 56 4F 74 65 63 68 32 00 01 04 00 01 11 A3 9A 
10/7/2010 14:52:43.45 [RX] - 56 69 56 4F 74 65 63 68 32 00 01 00 00 2E 11 29 00 00 00 25 46 33 25 50 63 63 30 34 50 72 65 73 65 6E 74 0A 25 50 63 63 32 35 43 61 72 64 0A 25 50 63 63 34 35 25 53 31 20 25 53 32 D1 4F  Get Index 12

10/7/2010 14:52:43.81 [TX] - 56 69 56 4F 74 65 63 68 32 00 01 04 00 01 12 C0 AA 
10/7/2010 14:52:43.82 [RX] - 56 69 56 4F 74 65 63 68 32 00 01 00 00 2B 12 26 00 00 00 25 46 32 25 50 63 63 31 30 52 65 6D 6F 76 65 20 43 61 72 64 0A 25 50 63 63 33 30 50 6C 65 61 73 65 20 57 61 69 74 3B 0A  Get Index 13

10/7/2010 14:52:44.17 [TX] - 56 69 56 4F 74 65 63 68 32 00 01 04 00 01 13 E1 BA 
10/7/2010 14:52:44.18 [RX] - 56 69 56 4F 74 65 63 68 32 00 01 00 00 1B 13 16 00 00 00 25 50 63 63 63 63 25 46 32 50 72 6F 63 65 73 73 69 6E 67 2E 2E 2E 4C 7A  Get Index 14

10/7/2010 14:52:44.56 [TX] - 56 69 56 4F 74 65 63 68 32 00 01 04 00 01 14 06 CA 
10/7/2010 14:52:44.57 [RX] - 56 69 56 4F 74 65 63 68 32 00 01 00 00 15 14 10 00 00 00 25 50 63 63 63 63 25 46 33 44 65 63 6C 69 6E 65 61 10  Get Index 15

10/7/2010 14:52:44.93 [TX] - 56 69 56 4F 74 65 63 68 32 00 01 04 00 01 15 27 DA 
10/7/2010 14:52:44.95 [RX] - 56 69 56 4F 74 65 63 68 32 00 01 00 00 17 15 12 00 00 00 25 50 63 63 63 63 25 46 33 54 65 72 6D 69 6E 61 74 65 47 8D  Hsien00

10/7/2010 14:52:45.33 [TX] - 56 69 56 4F 74 65 63 68 32 00 01 03 00 15 00 10 00 00 00 25 50 63 63 63 63 25 46 33 48 73 69 65 6E 30 30 C4 03 
10/7/2010 14:52:45.47 [RX] - 56 69 56 4F 74 65 63 68 32 00 01 00 00 00 12 53  STORE LCD Status Code - 'OK'
 Hsien01

10/7/2010 14:52:45.74 [TX] - 56 69 56 4F 74 65 63 68 32 00 01 03 00 15 01 10 00 00 00 25 50 63 63 63 63 25 46 33 48 73 69 65 6E 30 31 13 C6 
10/7/2010 14:52:45.86 [RX] - 56 69 56 4F 74 65 63 68 32 00 01 00 00 00 12 53  STORE LCD Status Code - 'OK'
 Hsien02

10/7/2010 14:52:46.22 [TX] - 56 69 56 4F 74 65 63 68 32 00 01 03 00 15 02 10 00 00 00 25 50 63 63 63 63 25 46 33 48 73 69 65 6E 30 32 4B 98 
10/7/2010 14:52:46.35 [RX] - 56 69 56 4F 74 65 63 68 32 00 01 00 00 00 12 53  STORE LCD Status Code - 'OK'
 Hsien03

10/7/2010 14:52:46.71 [TX] - 56 69 56 4F 74 65 63 68 32 00 01 03 00 15 03 10 00 00 00 25 50 63 63 63 63 25 46 33 48 73 69 65 6E 30 33 9C 5D 
10/7/2010 14:52:46.85 [RX] - 56 69 56 4F 74 65 63 68 32 00 01 00 00 00 12 53  STORE LCD Status Code - 'OK'
 Hsien04

10/7/2010 14:52:47.19 [TX] - 56 69 56 4F 74 65 63 68 32 00 01 03 00 15 04 10 00 00 00 25 50 63 63 63 63 25 46 33 48 73 69 65 6E 30 34 FB 24 
10/7/2010 14:52:47.31 [RX] - 56 69 56 4F 74 65 63 68 32 00 01 00 00 00 12 53  STORE LCD Status Code - 'OK'
 Hsien05

10/7/2010 14:52:47.69 [TX] - 56 69 56 4F 74 65 63 68 32 00 01 03 00 15 05 10 00 00 00 25 50 63 63 63 63 25 46 33 48 73 69 65 6E 30 35 2C E1 
10/7/2010 14:52:47.81 [RX] - 56 69 56 4F 74 65 63 68 32 00 01 00 00 00 12 53  STORE LCD Status Code - 'OK'
 Hsien06

10/7/2010 14:52:48.19 [TX] - 56 69 56 4F 74 65 63 68 32 00 01 03 00 15 06 10 00 00 00 25 50 63 63 63 63 25 46 33 48 73 69 65 6E 30 36 74 BF 
10/7/2010 14:52:48.31 [RX] - 56 69 56 4F 74 65 63 68 32 00 01 00 00 00 12 53  STORE LCD Status Code - 'OK'
 Hsien07

10/7/2010 14:52:48.70 [TX] - 56 69 56 4F 74 65 63 68 32 00 01 03 00 15 07 10 00 00 00 25 50 63 63 63 63 25 46 33 48 73 69 65 6E 30 37 A3 7A 
10/7/2010 14:52:48.84 [RX] - 56 69 56 4F 74 65 63 68 32 00 01 00 00 00 12 53  STORE LCD Status Code - 'OK'
 Hsien08

10/7/2010 14:52:49.18 [TX] - 56 69 56 4F 74 65 63 68 32 00 01 03 00 15 08 10 00 00 00 25 50 63 63 63 63 25 46 33 48 73 69 65 6E 30 38 BA 4D 
10/7/2010 14:52:49.31 [RX] - 56 69 56 4F 74 65 63 68 32 00 01 00 00 00 12 53  STORE LCD Status Code - 'OK'
 Hsien09

10/7/2010 14:52:49.68 [TX] - 56 69 56 4F 74 65 63 68 32 00 01 03 00 15 09 10 00 00 00 25 50 63 63 63 63 25 46 33 48 73 69 65 6E 30 39 6D 88 
10/7/2010 14:52:49.81 [RX] - 56 69 56 4F 74 65 63 68 32 00 01 00 00 00 12 53  STORE LCD Status Code - 'OK'
 Hsien0a

10/7/2010 14:52:50.18 [TX] - 56 69 56 4F 74 65 63 68 32 00 01 03 00 15 0A 10 00 00 00 25 50 63 63 63 63 25 46 33 48 73 69 65 6E 30 61 AB 3D 
10/7/2010 14:52:50.31 [RX] - 56 69 56 4F 74 65 63 68 32 00 01 00 00 00 12 53  STORE LCD Status Code - 'OK'
 Hsien0b

10/7/2010 14:52:50.67 [TX] - 56 69 56 4F 74 65 63 68 32 00 01 03 00 15 0B 10 00 00 00 25 50 63 63 63 63 25 46 33 48 73 69 65 6E 30 62 3E D8 
10/7/2010 14:52:50.79 [RX] - 56 69 56 4F 74 65 63 68 32 00 01 00 00 00 12 53  STORE LCD Status Code - 'OK'
 Hsien0c

10/7/2010 14:52:51.15 [TX] - 56 69 56 4F 74 65 63 68 32 00 01 03 00 15 0C 10 00 00 00 25 50 63 63 63 63 25 46 33 48 73 69 65 6E 30 63 9F C1 
10/7/2010 14:52:51.27 [RX] - 56 69 56 4F 74 65 63 68 32 00 01 00 00 00 12 53  STORE LCD Status Code - 'OK'
 Hsien0d

10/7/2010 14:52:51.60 [TX] - 56 69 56 4F 74 65 63 68 32 00 01 03 00 15 0D 10 00 00 00 25 50 63 63 63 63 25 46 33 48 73 69 65 6E 30 64 8E 64 
10/7/2010 14:52:51.72 [RX] - 56 69 56 4F 74 65 63 68 32 00 01 00 00 00 12 53  STORE LCD Status Code - 'OK'
 Hsien0e

10/7/2010 14:52:52.08 [TX] - 56 69 56 4F 74 65 63 68 32 00 01 03 00 15 0E 10 00 00 00 25 50 63 63 63 63 25 46 33 48 73 69 65 6E 30 65 94 1A 
10/7/2010 14:52:52.21 [RX] - 56 69 56 4F 74 65 63 68 32 00 01 00 00 00 12 53  STORE LCD Status Code - 'OK'
 Hsien0f

10/7/2010 14:52:52.60 [TX] - 56 69 56 4F 74 65 63 68 32 00 01 03 00 15 0F 10 00 00 00 25 50 63 63 63 63 25 46 33 48 73 69 65 6E 30 66 01 FF 
10/7/2010 14:52:52.72 [RX] - 56 69 56 4F 74 65 63 68 32 00 01 00 00 00 12 53  STORE LCD Status Code - 'OK'
 Hsien10

10/7/2010 14:52:53.08 [TX] - 56 69 56 4F 74 65 63 68 32 00 01 03 00 15 10 10 00 00 00 25 50 63 63 63 63 25 46 33 48 73 69 65 6E 31 30 38 BE 
10/7/2010 14:52:53.21 [RX] - 56 69 56 4F 74 65 63 68 32 00 01 00 00 00 12 53  STORE LCD Status Code - 'OK'
 Hsien11

10/7/2010 14:52:53.56 [TX] - 56 69 56 4F 74 65 63 68 32 00 01 03 00 15 11 10 00 00 00 25 50 63 63 63 63 25 46 33 48 73 69 65 6E 31 31 EF 7B 
10/7/2010 14:52:53.70 [RX] - 56 69 56 4F 74 65 63 68 32 00 01 00 00 00 12 53  STORE LCD Status Code - 'OK'
 Hsien12

10/7/2010 14:52:54.05 [TX] - 56 69 56 4F 74 65 63 68 32 00 01 03 00 15 12 10 00 00 00 25 50 63 63 63 63 25 46 33 48 73 69 65 6E 31 32 B7 25 
10/7/2010 14:52:54.17 [RX] - 56 69 56 4F 74 65 63 68 32 00 01 00 00 00 12 53  STORE LCD Status Code - 'OK'
 Hsien13

10/7/2010 14:52:54.53 [TX] - 56 69 56 4F 74 65 63 68 32 00 01 03 00 15 13 10 00 00 00 25 50 63 63 63 63 25 46 33 48 73 69 65 6E 31 33 60 E0 
10/7/2010 14:52:54.66 [RX] - 56 69 56 4F 74 65 63 68 32 00 01 00 00 00 12 53  STORE LCD Status Code - 'OK'
 Hsien14

10/7/2010 14:52:55.01 [TX] - 56 69 56 4F 74 65 63 68 32 00 01 03 00 15 14 10 00 00 00 25 50 63 63 63 63 25 46 33 48 73 69 65 6E 31 34 07 99 
10/7/2010 14:52:55.14 [RX] - 56 69 56 4F 74 65 63 68 32 00 01 00 00 00 12 53  STORE LCD Status Code - 'OK'
 Hsien15

10/7/2010 14:52:55.48 [TX] - 56 69 56 4F 74 65 63 68 32 00 01 03 00 15 15 10 00 00 00 25 50 63 63 63 63 25 46 33 48 73 69 65 6E 31 35 D0 5C 
10/7/2010 14:52:55.62 [RX] - 56 69 56 4F 74 65 63 68 32 00 01 00 00 00 12 53  STORE LCD Status Code - 'OK'
 Get Index 00

10/7/2010 14:52:55.98 [TX] - 56 69 56 4F 74 65 63 68 32 00 01 04 00 01 00 B3 98 
10/7/2010 14:52:56.00 [RX] - 56 69 56 4F 74 65 63 68 32 00 01 00 00 15 00 10 00 00 00 25 50 63 63 63 63 25 46 33 48 73 69 65 6E 30 30 5A C1  Get Index 01

10/7/2010 14:52:56.37 [TX] - 56 69 56 4F 74 65 63 68 32 00 01 04 00 01 01 92 88 
10/7/2010 14:52:56.39 [RX] - 56 69 56 4F 74 65 63 68 32 00 01 00 00 15 01 10 00 00 00 25 50 63 63 63 63 25 46 33 48 73 69 65 6E 30 31 9F 16  Get Index 02

10/7/2010 14:52:56.76 [TX] - 56 69 56 4F 74 65 63 68 32 00 01 04 00 01 02 F1 B8 
10/7/2010 14:52:56.77 [RX] - 56 69 56 4F 74 65 63 68 32 00 01 00 00 15 02 10 00 00 00 25 50 63 63 63 63 25 46 33 48 73 69 65 6E 30 32 C1 4E  Get Index 03

10/7/2010 14:52:57.16 [TX] - 56 69 56 4F 74 65 63 68 32 00 01 04 00 01 03 D0 A8 
10/7/2010 14:52:57.20 [RX] - 56 69 56 4F 74 65 63 68 32 00 01 00 00 15 03 10 00 00 00 25 50 63 63 63 63 25 46 33 48 73 69 65 6E 30 33 04 99  Get Index 04

10/7/2010 14:52:57.57 [TX] - 56 69 56 4F 74 65 63 68 32 00 01 04 00 01 04 37 D8 
10/7/2010 14:52:57.59 [RX] - 56 69 56 4F 74 65 63 68 32 00 01 00 00 15 04 10 00 00 00 25 50 63 63 63 63 25 46 33 48 73 69 65 6E 30 34 7D FE  Get Index 05

10/7/2010 14:52:57.96 [TX] - 56 69 56 4F 74 65 63 68 32 00 01 04 00 01 05 16 C8 
10/7/2010 14:52:57.97 [RX] - 56 69 56 4F 74 65 63 68 32 00 01 00 00 15 05 10 00 00 00 25 50 63 63 63 63 25 46 33 48 73 69 65 6E 30 35 B8 29  Get Index 06

10/7/2010 14:52:58.35 [TX] - 56 69 56 4F 74 65 63 68 32 00 01 04 00 01 06 75 F8 
10/7/2010 14:52:58.36 [RX] - 56 69 56 4F 74 65 63 68 32 00 01 00 00 15 06 10 00 00 00 25 50 63 63 63 63 25 46 33 48 73 69 65 6E 30 36 E6 71  Get Index 07

10/7/2010 14:52:58.75 [TX] - 56 69 56 4F 74 65 63 68 32 00 01 04 00 01 07 54 E8 
10/7/2010 14:52:58.77 [RX] - 56 69 56 4F 74 65 63 68 32 00 01 00 00 15 07 10 00 00 00 25 50 63 63 63 63 25 46 33 48 73 69 65 6E 30 37 23 A6  Get Index 08

10/7/2010 14:52:59.14 [TX] - 56 69 56 4F 74 65 63 68 32 00 01 04 00 01 08 BB 19 
10/7/2010 14:52:59.16 [RX] - 56 69 56 4F 74 65 63 68 32 00 01 00 00 15 08 10 00 00 00 25 50 63 63 63 63 25 46 33 48 73 69 65 6E 30 38 14 BF  Get Index 09

10/7/2010 14:52:59.55 [TX] - 56 69 56 4F 74 65 63 68 32 00 01 04 00 01 09 9A 09 
10/7/2010 14:52:59.56 [RX] - 56 69 56 4F 74 65 63 68 32 00 01 00 00 15 09 10 00 00 00 25 50 63 63 63 63 25 46 33 48 73 69 65 6E 30 39 D1 68  Get Index 0a

10/7/2010 14:52:59.95 [TX] - 56 69 56 4F 74 65 63 68 32 00 01 04 00 01 0A F9 39 
10/7/2010 14:52:59.97 [RX] - 56 69 56 4F 74 65 63 68 32 00 01 00 00 15 0A 10 00 00 00 25 50 63 63 63 63 25 46 33 48 73 69 65 6E 30 61 64 AE  Get Index 0b

10/7/2010 14:53:00.34 [TX] - 56 69 56 4F 74 65 63 68 32 00 01 04 00 01 0B D8 29 
10/7/2010 14:53:00.36 [RX] - 56 69 56 4F 74 65 63 68 32 00 01 00 00 15 0B 10 00 00 00 25 50 63 63 63 63 25 46 33 48 73 69 65 6E 30 62 81 3B  Get Index 0c

10/7/2010 14:53:00.78 [TX] - 56 69 56 4F 74 65 63 68 32 00 01 04 00 01 0C 3F 59 
10/7/2010 14:53:00.80 [RX] - 56 69 56 4F 74 65 63 68 32 00 01 00 00 15 0C 10 00 00 00 25 50 63 63 63 63 25 46 33 48 73 69 65 6E 30 63 98 9A  Get Index 0d

10/7/2010 14:53:01.17 [TX] - 56 69 56 4F 74 65 63 68 32 00 01 04 00 01 0D 1E 49 
10/7/2010 14:53:01.19 [RX] - 56 69 56 4F 74 65 63 68 32 00 01 00 00 15 0D 10 00 00 00 25 50 63 63 63 63 25 46 33 48 73 69 65 6E 30 64 3D 8B  Get Index 0e

10/7/2010 14:53:01.59 [TX] - 56 69 56 4F 74 65 63 68 32 00 01 04 00 01 0E 7D 79 
10/7/2010 14:53:01.61 [RX] - 56 69 56 4F 74 65 63 68 32 00 01 00 00 15 0E 10 00 00 00 25 50 63 63 63 63 25 46 33 48 73 69 65 6E 30 65 43 91  Get Index 0f

10/7/2010 14:53:01.98 [TX] - 56 69 56 4F 74 65 63 68 32 00 01 04 00 01 0F 5C 69 
10/7/2010 14:53:02.00 [RX] - 56 69 56 4F 74 65 63 68 32 00 01 00 00 15 0F 10 00 00 00 25 50 63 63 63 63 25 46 33 48 73 69 65 6E 30 66 A6 04  Get Index 10

10/7/2010 14:53:02.39 [TX] - 56 69 56 4F 74 65 63 68 32 00 01 04 00 01 10 82 8A 
10/7/2010 14:53:02.40 [RX] - 56 69 56 4F 74 65 63 68 32 00 01 00 00 15 10 10 00 00 00 25 50 63 63 63 63 25 46 33 48 73 69 65 6E 31 30 E7 3D  Get Index 11

10/7/2010 14:53:02.79 [TX] - 56 69 56 4F 74 65 63 68 32 00 01 04 00 01 11 A3 9A 
10/7/2010 14:53:02.82 [RX] - 56 69 56 4F 74 65 63 68 32 00 01 00 00 15 11 10 00 00 00 25 50 63 63 63 63 25 46 33 48 73 69 65 6E 31 31 22 EA  Get Index 12

10/7/2010 14:53:03.18 [TX] - 56 69 56 4F 74 65 63 68 32 00 01 04 00 01 12 C0 AA 
10/7/2010 14:53:03.20 [RX] - 56 69 56 4F 74 65 63 68 32 00 01 00 00 15 12 10 00 00 00 25 50 63 63 63 63 25 46 33 48 73 69 65 6E 31 32 7C B2  Get Index 13

10/7/2010 14:53:03.59 [TX] - 56 69 56 4F 74 65 63 68 32 00 01 04 00 01 13 E1 BA 
10/7/2010 14:53:03.60 [RX] - 56 69 56 4F 74 65 63 68 32 00 01 00 00 15 13 10 00 00 00 25 50 63 63 63 63 25 46 33 48 73 69 65 6E 31 33 B9 65  Get Index 14

10/7/2010 14:53:03.98 [TX] - 56 69 56 4F 74 65 63 68 32 00 01 04 00 01 14 06 CA 
10/7/2010 14:53:03.99 [RX] - 56 69 56 4F 74 65 63 68 32 00 01 00 00 15 14 10 00 00 00 25 50 63 63 63 63 25 46 33 48 73 69 65 6E 31 34 C0 02  Get Index 15

10/7/2010 14:53:04.38 [TX] - 56 69 56 4F 74 65 63 68 32 00 01 04 00 01 15 27 DA 
10/7/2010 14:53:04.40 [RX] - 56 69 56 4F 74 65 63 68 32 00 01 00 00 15 15 10 00 00 00 25 50 63 63 63 63 25 46 33 48 73 69 65 6E 31 35 05 D5  Default NVM

10/7/2010 14:53:07.50 [TX] - 56 69 56 4F 74 65 63 68 32 00 04 09 00 00 87 30 
10/7/2010 14:53:16.01 [RX] - 56 69 56 4F 74 65 63 68 32 00 04 00 00 00 AE 16  Get Index 00

10/7/2010 14:53:17.85 [TX] - 56 69 56 4F 74 65 63 68 32 00 01 04 00 01 00 B3 98 
10/7/2010 14:53:17.86 [RX] - 56 69 56 4F 74 65 63 68 32 00 01 00 00 15 00 10 00 00 00 25 50 63 63 63 63 25 46 33 57 65 6C 63 6F 6D 65 31 7B  Get Index 01

10/7/2010 14:53:18.24 [TX] - 56 69 56 4F 74 65 63 68 32 00 01 04 00 01 01 92 88 
10/7/2010 14:53:18.27 [RX] - 56 69 56 4F 74 65 63 68 32 00 01 00 00 27 01 22 00 00 00 25 46 33 25 50 63 63 31 35 50 6C 65 61 73 65 0A 25 50 63 63 33 35 50 72 65 73 65 6E 74 20 43 61 72 64 95 EB  Get Index 02

10/7/2010 14:53:18.63 [TX] - 56 69 56 4F 74 65 63 68 32 00 01 04 00 01 02 F1 B8 
10/7/2010 14:53:18.64 [RX] - 56 69 56 4F 74 65 63 68 32 00 01 00 00 15 02 10 00 00 00 25 50 63 63 63 63 25 46 33 4E 6F 20 43 61 72 64 A5 63  Get Index 03

10/7/2010 14:53:19.05 [TX] - 56 69 56 4F 74 65 63 68 32 00 01 04 00 01 03 D0 A8 
10/7/2010 14:53:19.08 [RX] - 56 69 56 4F 74 65 63 68 32 00 01 00 00 18 03 13 00 00 00 25 50 63 63 63 63 25 46 33 50 72 6F 63 65 73 73 69 6E 67 E8 03  Get Index 04

10/7/2010 14:53:19.44 [TX] - 56 69 56 4F 74 65 63 68 32 00 01 04 00 01 04 37 D8 
10/7/2010 14:53:19.45 [RX] - 56 69 56 4F 74 65 63 68 32 00 01 00 00 17 04 12 00 00 00 25 50 63 63 63 63 25 46 33 54 68 61 6E 6B 20 59 6F 75 4C 74  Get Index 05

10/7/2010 14:53:19.84 [TX] - 56 69 56 4F 74 65 63 68 32 00 01 04 00 01 05 16 C8 
10/7/2010 14:53:19.86 [RX] - 56 69 56 4F 74 65 63 68 32 00 01 00 00 12 05 0D 00 00 00 25 50 63 63 63 63 25 46 33 46 61 69 6C 8D FC  Get Index 06

10/7/2010 14:53:20.28 [TX] - 56 69 56 4F 74 65 63 68 32 00 01 04 00 01 06 75 F8 
10/7/2010 14:53:20.29 [RX] - 56 69 56 4F 74 65 63 68 32 00 01 00 00 31 06 2C 00 00 00 25 46 33 25 50 63 63 30 34 41 6D 6F 75 6E 74 0A 25 50 63 63 32 33 25 53 31 20 25 53 32 0A 25 50 63 63 34 35 54 61 70 20 43 61 72 64 B5 95  Get Index 07

10/7/2010 14:53:20.67 [TX] - 56 69 56 4F 74 65 63 68 32 00 01 04 00 01 07 54 E8 
10/7/2010 14:53:20.68 [RX] - 56 69 56 4F 74 65 63 68 32 00 01 00 00 23 07 1E 00 00 00 25 46 33 25 50 63 63 33 30 42 61 6C 61 6E 63 65 0A 25 50 63 63 34 38 25 53 31 20 25 53 32 39 11  Get Index 08

10/7/2010 14:53:21.06 [TX] - 56 69 56 4F 74 65 63 68 32 00 01 04 00 01 08 BB 19 
10/7/2010 14:53:21.07 [RX] - 56 69 56 4F 74 65 63 68 32 00 01 00 00 22 08 1D 00 00 00 25 46 33 25 50 63 63 31 35 55 73 65 0A 25 50 63 63 33 35 43 68 69 70 20 26 20 50 49 4E C6 65  Get Index 09

10/7/2010 14:53:21.43 [TX] - 56 69 56 4F 74 65 63 68 32 00 01 04 00 01 09 9A 09 
10/7/2010 14:53:21.45 [RX] - 56 69 56 4F 74 65 63 68 32 00 01 00 00 17 09 12 00 00 00 25 46 33 25 50 63 63 63 63 54 61 70 20 41 67 61 69 6E 77 AA  Get Index 0a

10/7/2010 14:53:21.81 [TX] - 56 69 56 4F 74 65 63 68 32 00 01 04 00 01 0A F9 39 
10/7/2010 14:53:21.82 [RX] - 56 69 56 4F 74 65 63 68 32 00 01 00 00 27 0A 22 00 00 00 25 46 33 25 50 63 63 31 35 50 72 65 73 65 6E 74 20 31 0A 25 50 63 63 33 35 63 61 72 64 20 6F 6E 6C 79 22 0C  Get Index 0b

10/7/2010 14:53:22.16 [TX] - 56 69 56 4F 74 65 63 68 32 00 01 04 00 01 0B D8 29 
10/7/2010 14:53:22.18 [RX] - 56 69 56 4F 74 65 63 68 32 00 01 00 00 12 0B 0D 00 00 00 25 46 33 25 50 63 63 63 63 57 61 69 74 68 CA  Get Index 0c

10/7/2010 14:53:22.55 [TX] - 56 69 56 4F 74 65 63 68 32 00 01 04 00 01 0C 3F 59 
10/7/2010 14:53:22.59 [RX] - 56 69 56 4F 74 65 63 68 32 00 01 00 00 26 0C 21 00 00 00 25 46 33 25 50 63 63 31 32 50 6C 65 61 73 65 0A 25 50 63 63 33 37 72 65 6D 6F 76 65 20 63 61 72 64 1F 09  Get Index 0d

10/7/2010 14:53:22.94 [TX] - 56 69 56 4F 74 65 63 68 32 00 01 04 00 01 0D 1E 49 
10/7/2010 14:53:22.96 [RX] - 56 69 56 4F 74 65 63 68 32 00 01 00 00 16 0D 11 00 00 00 25 46 33 25 50 63 63 31 30 41 70 70 72 6F 76 65 64 68 51  Get Index 0e

10/7/2010 14:53:23.35 [TX] - 56 69 56 4F 74 65 63 68 32 00 01 04 00 01 0E 7D 79 
10/7/2010 14:53:23.38 [RX] - 56 69 56 4F 74 65 63 68 32 00 01 00 00 22 0E 1D 00 00 00 25 46 33 25 50 63 63 31 32 4E 6F 74 0A 25 50 63 63 33 37 61 75 74 68 6F 72 69 7A 65 64 79 42  Get Index 0f

10/7/2010 14:53:23.77 [TX] - 56 69 56 4F 74 65 63 68 32 00 01 04 00 01 0F 5C 69 
10/7/2010 14:53:23.79 [RX] - 56 69 56 4F 74 65 63 68 32 00 01 00 00 15 0F 10 00 00 00 25 50 63 63 63 63 25 46 33 44 65 63 6C 69 6E 65 4E 90  Get Index 10

10/7/2010 14:53:24.17 [TX] - 56 69 56 4F 74 65 63 68 32 00 01 04 00 01 10 82 8A 
10/7/2010 14:53:24.19 [RX] - 56 69 56 4F 74 65 63 68 32 00 01 00 00 17 10 12 00 00 00 25 50 63 63 63 63 25 46 33 54 65 72 6D 69 6E 61 74 65 A6 8B  Get Index 11

10/7/2010 14:53:24.56 [TX] - 56 69 56 4F 74 65 63 68 32 00 01 04 00 01 11 A3 9A 
10/7/2010 14:53:24.58 [RX] - 56 69 56 4F 74 65 63 68 32 00 01 00 00 13 11 0E 00 00 00 52 65 73 65 72 76 65 64 20 4D 53 47 31 38 C0 D0  Get Index 12

10/7/2010 14:53:24.97 [TX] - 56 69 56 4F 74 65 63 68 32 00 01 04 00 01 12 C0 AA 
10/7/2010 14:53:24.99 [RX] - 56 69 56 4F 74 65 63 68 32 00 01 00 00 13 12 0E 00 00 00 52 65 73 65 72 76 65 64 20 4D 53 47 31 39 A2 F1  Get Index 13

10/7/2010 14:53:25.36 [TX] - 56 69 56 4F 74 65 63 68 32 00 01 04 00 01 13 E1 BA 
10/7/2010 14:53:25.39 [RX] - 56 69 56 4F 74 65 63 68 32 00 01 00 00 13 13 0E 00 00 00 52 65 73 65 72 76 65 64 20 4D 53 47 32 30 B8 94  Get Index 14

10/7/2010 14:53:25.76 [TX] - 56 69 56 4F 74 65 63 68 32 00 01 04 00 01 14 06 CA 
10/7/2010 14:53:25.78 [RX] - 56 69 56 4F 74 65 63 68 32 00 01 00 00 13 14 0E 00 00 00 52 65 73 65 72 76 65 64 20 4D 53 47 32 31 92 AA  Get Index 15

10/7/2010 14:53:26.17 [TX] - 56 69 56 4F 74 65 63 68 32 00 01 04 00 01 15 27 DA 
10/7/2010 14:53:26.19 [RX] - 56 69 56 4F 74 65 63 68 32 00 01 00 00 13 15 0E 00 00 00 52 65 73 65 72 76 65 64 20 4D 53 47 32 32 7C D6  

 Result = PASSED
 ---------- END OF TEST ----------

 Result = PASSED
 

 MASTER RESULT = PASSED


Docklight Log File (HEX) - Stopped 10/7/2010 14:53:27.43 

