Docklight Log File (HEX) - Started 2017/1/17 11:54:06.118 
 TEST CASE: MSTA001-2

 --- Set POS COM PORT Settings
 Set POS COM PORT...
 POS operating on COM91 @ 9600 baud...
 Set POS COM PORT - COMPLETE

 

Poll on Demand

2017/1/17 11:54:07.476 [TX] - 56 69 56 4F 74 65 63 68 32 00 01 01 00 01 01 D7 34 
2017/1/17 11:54:07.493 [RX] - 56 69 56 4F 74 65 63 68 32 00 01 00 00 00 12 53  pass 00 00 00 00 00 00 00 00 00 00 00 00 00 00 00 00 00 00 00 00 00 00 00 00 00 00 00 00 00 00 00 00 00 00 00 00 00 00 00 00 00 00 00 00 00 00 00  

 Erase All Keys...

2017/1/17 11:54:07.506 [TX] - 56 69 56 4F 74 65 63 68 32 00 83 00 00 00 03 22 
2017/1/17 11:54:07.533 [RX] - 56 69 56 4F 74 65 63 68 32 00 83 00 00 00 22 03  pass 00 00 00 00 00 00 00 00 00 00 00 00 00 00 00 00 00 00 00 00 00 00 00 00 00 00 00 00 00 00 00 00 00 00 00 00 00 00 00 00 00 00 00 00 00 00 00  

 Set DUKPT Key Encryption Type...

2017/1/17 11:54:07.741 [TX] - 56 69 56 4F 74 65 63 68 32 00 C7 32 00 01 01 7D DF 
2017/1/17 11:54:07.773 [RX] - 56 69 56 4F 74 65 63 68 32 00 C7 00 00 00 86 6E  pass pass pass 00 00 00 00 00 00 00 00 00 00 00 00 00 00 00 00 00 00 00 00 00 00 00 00 00 00 00 00 00 00 00 00 00 00 00 00 00 00 00 00 00 00 00 00 00 00 00  

 Get DUKPT Key Encryption Type...

2017/1/17 11:54:07.985 [TX] - 56 69 56 4F 74 65 63 68 32 00 C7 33 00 00 1A 9B 
2017/1/17 11:54:08.013 [RX] - 56 69 56 4F 74 65 63 68 32 00 C7 00 00 01 01 BC 5E  pass 00 00 00 00 00 00 00 00 00 00 00 00 00 00 00 00 00 00 00 00 00 00 00 00 00 00 00 00 00 00 00 00 00 00 00 00 00 00 00 00 00 00 00 00 00 00  

 Loading DUKPT key...

2017/1/17 11:54:08.227 [TX] - 56 69 56 4F 74 65 63 68 32 00 80 00 00 65 30 45 43 36 30 46 33 35 31 34 37 45 43 41 30 30 38 38 4B 30 54 44 30 30 4E 30 30 30 30 30 30 38 30 39 43 30 37 41 39 39 31 44 43 38 30 33 34 45 43 31 32 45 31 36 39 43 30 44 35 34 35 35 44 45 41 32 39 34 35 31 34 32 34 37 38 30 38 30 35 36 38 32 33 34 39 38 37 31 32 30 32 33 34 30 30 30 30 30 30 30 30 12 43 
2017/1/17 11:54:08.257 [RX] - 56 69 56 4F 74 65 63 68 32 00 80 00 00 00 B9 DF  pass 00 00 00 00 00 00 00 00 00 00 00 00 00 00 00 00 00 00 00 00 00 00 00 00 00 00 00 00 00 00 00 00 00 00 00 00 00 00 00 00 00 00 00 00 00 00 00 
2017/1/17 11:54:08.464 [TX] - 56 69 56 4F 74 65 63 68 32 00 80 00 00 65 31 34 43 45 32 35 35 35 31 34 37 45 43 41 30 30 38 38 4B 30 54 44 30 30 4E 30 30 30 30 30 30 38 30 46 35 30 36 46 36 41 33 44 34 30 38 39 39 45 30 35 35 42 42 35 42 39 45 33 41 44 44 36 30 30 42 38 38 35 33 32 37 37 39 32 32 34 36 30 39 32 36 32 33 41 39 39 37 31 32 36 32 33 34 30 30 30 30 30 30 30 30 35 7F 
2017/1/17 11:54:08.501 [RX] - 56 69 56 4F 74 65 63 68 32 00 80 00 00 00 B9 DF  pass 00 00 00 00 00 00 00 00 00 00 00 00 00 00 00 00 00 00 00 00 00 00 00 00 00 00 00 00 00 00 00 00 00 00 00 00 00 00 00 00 00 00 00 00 00 00 00 
2017/1/17 11:54:08.707 [TX] - 56 69 56 4F 74 65 63 68 32 00 80 01 00 58 41 30 30 38 38 4B 30 54 44 30 30 4E 30 30 30 30 43 44 32 46 43 43 36 44 37 39 32 44 33 42 32 34 46 30 38 33 37 42 30 33 32 44 30 38 36 38 46 45 43 39 46 44 44 43 39 43 32 36 33 31 31 35 46 30 44 43 43 34 42 44 42 35 37 43 36 30 33 43 34 32 46 34 41 35 30 34 34 39 97 D5 
2017/1/17 11:54:08.745 [RX] - 56 69 56 4F 74 65 63 68 32 00 80 00 00 00 B9 DF  pass 00 00 00 00 00 00 00 00 00 00 00 00 00 00 00 00 00 00 00 00 00 00 00 00 00 00 00 00 00 00 00 00 00 00 00 00 00 00 00 00 00 00 00 00 00 00 00 
2017/1/17 11:54:08.952 [TX] - 56 69 56 4F 74 65 63 68 32 00 81 00 00 71 05 41 30 31 31 32 44 30 54 45 30 30 4E 30 31 30 30 4B 53 31 38 36 32 39 39 34 39 30 31 32 43 30 30 30 34 36 30 30 30 30 31 39 34 34 38 36 43 33 31 36 38 43 41 31 46 42 34 41 38 30 39 45 36 33 39 46 46 39 43 33 42 37 32 36 45 32 34 37 43 35 39 30 42 32 32 38 43 35 44 32 32 36 35 30 46 36 36 39 37 45 38 34 37 41 32 46 38 41 32 37 33 39 33 47 AE 
2017/1/17 11:54:09.001 [RX] - 56 69 56 4F 74 65 63 68 32 00 81 00 00 00 CF 6B  pass 00 00 00 00 00 00 00 00 00 00 00 00 00 00 00 00 00 00 00 00 00 00 00 00 00 00 00 00 00 00 00 00 00 00 00 00 00 00 00 00 00 00 00 00 00 00 00 
2017/1/17 11:54:09.208 [TX] - 56 69 56 4F 74 65 63 68 32 00 C7 36 00 01 02 4D 87 
2017/1/17 11:54:09.233 [RX] - 56 69 56 4F 74 65 63 68 32 00 C7 00 00 00 86 6E  pass pass pass 00 00 00 00 00 00 00 00 00 00 00 00 00 00 00 00 00 00 00 00 00 00 00 00 00 00 00 00 00 00 00 00 00 00 00 00 00 00 00 00 00 00 00 00 00 00 00 
2017/1/17 11:54:09.441 [TX] - 56 69 56 4F 74 65 63 68 32 00 C7 37 00 00 C6 5B 
2017/1/17 11:54:09.473 [RX] - 56 69 56 4F 74 65 63 68 32 00 C7 00 00 01 02 8C 3D 00 00 00 00 00 00 00 00 00 00 00 00 00 00 00 00 00 00 00 00 00 00 00 00 00 00 00 00 00 00 00 00 00 00 00 00 00 00 00 00 00 00 00 00 00 00  

--- Activate transaction response - MST

2017/1/17 11:54:09.686 [TX] - 56 69 56 4F 74 65 63 68 32 00 02 40 00 0A 0A 9F 02 06 00 00 00 00 10 00 18 73 
2017/1/17 11:54:14.981 [RX] - 56 69 56 4F 74 65 63 68 32 00 02 00 00 9B 4A DF EE 25 02 00 11 DF 4B 35 00 01 00 30 13 D3 15 1E 9F B4 1E 2D 7A B4 53 8B EE CF 94 BF 92 81 AC 34 E2 65 D0 DE 09 E8 36 53 92 01 31 D0 B8 EC 3C 75 18 3D 9E A7 3C 3E C8 96 45 82 14 23 00 DF 4A 0A 62 99 49 01 2C 00 04 60 00 01 9F 39 01 90 FF EE 01 04 DF 30 01 0C DF EE 26 01 4A DF EF 4C 06 00 27 00 00 00 00 DF EF 4D 30 13 D3 15 1E 9F B4 1E 2D 7A B4 53 8B EE CF 94 BF 92 81 AC 34 E2 65 D0 DE 09 E8 36 53 92 01 31 D0 8A E8 B4 41 35 77 43 03 10 F2 5C B5 16 AB 4F 2A ED CE 00 00 00 00 00 00 00 00 00 00 00 00 00 00 00 00 00 00  MST AT response does not return expected data

56 69 56 4F 74 65 63 68 32 00 02 00 00 9B 
4A 
DF EE 25 02 00 11 
DF 4B 35 
00 01 
00 
30 13 D3 15 1E 9F B4 1E 2D 7A B4 53 8B EE CF 94 BF 92 81 AC 34 E2 65 D0 DE 09 E8 36 53 92 01 31 D0 B8 EC 3C 75 18 3D 9E A7 3C 3E C8 96 45 82 14 23 
00 
DF 4A 0A 62 99 49 01 2C 00 04 60 00 01 
9F 39 01 90 
FF EE 01 04 
DF 30 01 0C 
DF EE 26 01 4A 
DF EF 4C 06 00 27 00 00 00 00 
DF EF 4D 30 13 D3 15 1E 9F B4 1E 2D 7A B4 53 8B EE CF 94 BF 92 81 AC 34 E2 65 D0 DE 09 E8 36 53 92 01 31 D0 8A E8 B4 41 35 77 43 03 10 F2 5C B5 16 AB 4F 2A 
ED CE
 

 Loading DUKPT key...

2017/1/17 11:54:19.901 [TX] - 56 69 56 4F 74 65 63 68 32 00 80 00 00 65 30 45 43 36 30 46 33 35 31 34 37 45 43 41 30 30 38 38 4B 30 54 44 30 30 4E 30 30 30 30 30 30 38 30 39 43 30 37 41 39 39 31 44 43 38 30 33 34 45 43 31 32 45 31 36 39 43 30 44 35 34 35 35 44 45 41 32 39 34 35 31 34 32 34 37 38 30 38 30 35 36 38 32 33 34 39 38 37 31 32 30 32 33 34 30 30 30 30 30 30 30 30 12 43 
2017/1/17 11:54:19.921 [RX] - 56 69 56 4F 74 65 63 68 32 00 80 0A 00 04 00 00 00 06 51 8D 00 00 00 00 00 00 00 00 00 00 00 00 00 00 00 00 00 00 00 00 00 00 00 00 00 00 00 00 00 00 00 00 00 00 00 00 00 00 00 00 00 00 00 

Docklight Log File (HEX) - Stopped 2017/1/17 11:54:21.346 

