Docklight Log File (HEX) - Started 2026/3/24 14:13:48.751 
 TEST CASE: PM200

 --- Set POS COM PORT Settings
 Set POS COM PORT...
 POS operating on COM90 @ 9600 baud...
 Set POS COM PORT - COMPLETE

 --- Poll On Demand

2026/3/24 14:13:50.055 [TX] - 56 69 56 4F 74 65 63 68 32 00 01 01 00 01 01 D7 34 
2026/3/24 14:13:50.065 [RX] - 56 69 56 4F 74 65 63 68 32 00 01 00 00 00 12 53 00 00 00 00 00 00 00 00 00 00 00 00 00 00 00 00 00 00 00 00 00 00 00 00 00 00 00 00 00 00 00 00 00 00 00 00 00 00 00 00 00 00 00 00 00 00 00  

 --- Burst OFF

2026/3/24 14:13:50.589 [TX] - 56 69 56 4F 74 65 63 68 32 00 04 00 00 04 FF F7 01 00 B9 2E 
2026/3/24 14:13:50.599 [RX] - 56 69 56 4F 74 65 63 68 32 00 04 00 00 00 AE 16 00 00 00 00 00 00 00 00 00 00 00 00 00 00 00 00 00 00 00 00 00 00 00 00 00 00 00 00 00 00 00 00 00 00 00 00 00 00 00 00 00 00 00 00 00 00 00  

 --- 60-16 Contact Set ICS Identification (02)

2026/3/24 14:13:51.136 [TX] - 56 69 56 4F 74 65 63 68 32 00 60 16 00 01 02 B3 FD 
2026/3/24 14:13:51.145 [RX] - 56 69 56 4F 74 65 63 68 32 00 60 00 00 00 3D 35 00 00 00 00 00 00 00 00 00 00 00 00 00 00 00 00 00 00 00 00 00 00 00 00 00 00 00 00 00 00 00 00 00 00 00 00 00 00 00 00 00 00 00 00 00 00 00  

 --- 01-14 = 00

2026/3/24 14:13:51.668 [TX] - 56 69 56 4F 74 65 63 68 32 00 01 14 00 01 00 14 83 
2026/3/24 14:13:51.676 [RX] - 56 69 56 4F 74 65 63 68 32 00 01 00 00 00 12 53 00 00 00 00 00 00 00 00 00 00 00 00 00 00 00 00 00 00 00 00 00 00 00 00 00 00 00 00 00 00 00 00 00 00 00 00 00 00 00 00 00 00 00 00 00 00 00  

 --- 01-14 = 02

2026/3/24 14:13:52.201 [TX] - 56 69 56 4F 74 65 63 68 32 00 01 14 00 01 02 56 A3 
2026/3/24 14:13:52.208 [RX] - 56 69 56 4F 74 65 63 68 32 00 01 0A 00 00 D5 92 00 00 00 00 00 00 00 00 00 00 00 00 00 00 00 00 00 00 00 00 00 00 00 00 00 00 00 00 00 00 00 00 00 00 00 00 00 00 00 00 00 00 00 00 00 00 00  

 --- 01-14 = 03

2026/3/24 14:13:52.733 [TX] - 56 69 56 4F 74 65 63 68 32 00 01 14 00 01 03 77 B3 
2026/3/24 14:13:52.740 [RX] - 56 69 56 4F 74 65 63 68 32 00 01 0A 00 00 D5 92 00 00 00 00 00 00 00 00 00 00 00 00 00 00 00 00 00 00 00 00 00 00 00 00 00 00 00 00 00 00 00 00 00 00 00 00 00 00 00 00 00 00 00 00 00 00 00  

 --- 01-14 = 04

2026/3/24 14:13:53.267 [TX] - 56 69 56 4F 74 65 63 68 32 00 01 14 00 01 04 90 C3 
2026/3/24 14:13:53.276 [RX] - 56 69 56 4F 74 65 63 68 32 00 01 0A 00 00 D5 92 00 00 00 00 00 00 00 00 00 00 00 00 00 00 00 00 00 00 00 00 00 00 00 00 00 00 00 00 00 00 00 00 00 00 00 00 00 00 00 00 00 00 00 00 00 00 00  

 --- 60-16 Contact Set ICS Identification (05)

2026/3/24 14:13:53.824 [TX] - 56 69 56 4F 74 65 63 68 32 00 60 16 00 01 05 54 8D 
2026/3/24 14:13:53.835 [RX] - 56 69 56 4F 74 65 63 68 32 00 60 00 00 00 3D 35 00 00 00 00 00 00 00 00 00 00 00 00 00 00 00 00 00 00 00 00 00 00 00 00 00 00 00 00 00 00 00 00 00 00 00 00 00 00 00 00 00 00 00 00 00 00 00  

 --- 60-06 5C config

2026/3/24 14:13:54.368 [TX] - 56 69 56 4F 74 65 63 68 32 00 60 06 00 2C 07 00 9F 33 03 60 28 C8 9F 35 01 21 9F 40 05 F0 00 F0 A0 01 DF 11 01 00 DF 26 01 01 DF 27 01 00 DF EE 1E 08 D0 9C 20 D0 C4 1E 16 00 FB 9B 
2026/3/24 14:13:54.380 [RX] - 56 69 56 4F 74 65 63 68 32 00 60 00 00 00 3D 35 00 00 00 00 00 00 00 00 00 00 00 00 00 00 00 00 00 00 00 00 00 00 00 00 00 00 00 00 00 00 00 00 00 00 00 00 00 00 00 00 00 00 00 00 00 00 00  

 --- 01-14 = 02

2026/3/24 14:13:54.910 [TX] - 56 69 56 4F 74 65 63 68 32 00 01 14 00 01 02 56 A3 
2026/3/24 14:13:54.916 [RX] - 56 69 56 4F 74 65 63 68 32 00 01 00 00 00 12 53 00 00 00 00 00 00 00 00 00 00 00 00 00 00 00 00 00 00 00 00 00 00 00 00 00 00 00 00 00 00 00 00 00 00 00 00 00 00 00 00 00 00 00 00 00 00 00  

 --- Poll On Demand

2026/3/24 14:13:55.441 [TX] - 56 69 56 4F 74 65 63 68 32 00 01 01 00 01 01 D7 34 
2026/3/24 14:13:55.448 [RX] - 56 69 56 4F 74 65 63 68 32 00 01 0A 00 00 D5 92 00 00 00 00 00 00 00 00 00 00 00 00 00 00 00 00 00 00 00 00 00 00 00 00 00 00 00 00 00 00 00 00 00 00 00 00 00 00 00 00 00 00 00 00 00 00 00  

 --- 01-01 = 00

2026/3/24 14:13:55.974 [TX] - 56 69 56 4F 74 65 63 68 32 00 01 01 00 01 00 F6 24 
2026/3/24 14:13:55.980 [RX] - 56 69 56 4F 74 65 63 68 32 00 01 0A 00 00 D5 92 00 00 00 00 00 00 00 00 00 00 00 00 00 00 00 00 00 00 00 00 00 00 00 00 00 00 00 00 00 00 00 00 00 00 00 00 00 00 00 00 00 00 00 00 00 00 00  

 --- 01-01 = 02

2026/3/24 14:13:56.506 [TX] - 56 69 56 4F 74 65 63 68 32 00 01 01 00 01 02 B4 04 
2026/3/24 14:13:56.512 [RX] - 56 69 56 4F 74 65 63 68 32 00 01 0A 00 00 D5 92 00 00 00 00 00 00 00 00 00 00 00 00 00 00 00 00 00 00 00 00 00 00 00 00 00 00 00 00 00 00 00 00 00 00 00 00 00 00 00 00 00 00 00 00 00 00 00  

 --- 01-01 = 03

2026/3/24 14:13:57.040 [TX] - 56 69 56 4F 74 65 63 68 32 00 01 01 00 01 03 95 14 
2026/3/24 14:13:57.048 [RX] - 56 69 56 4F 74 65 63 68 32 00 01 0A 00 00 D5 92 00 00 00 00 00 00 00 00 00 00 00 00 00 00 00 00 00 00 00 00 00 00 00 00 00 00 00 00 00 00 00 00 00 00 00 00 00 00 00 00 00 00 00 00 00 00 00  

 --- 01-01 = 04

2026/3/24 14:13:57.574 [TX] - 56 69 56 4F 74 65 63 68 32 00 01 01 00 01 04 72 64 
2026/3/24 14:13:57.580 [RX] - 56 69 56 4F 74 65 63 68 32 00 01 0A 00 00 D5 92 00 00 00 00 00 00 00 00 00 00 00 00 00 00 00 00 00 00 00 00 00 00 00 00 00 00 00 00 00 00 00 00 00 00 00 00 00 00 00 00 00 00 00 00 00 00 00  

 --- 01-14 = 03

2026/3/24 14:13:58.119 [TX] - 56 69 56 4F 74 65 63 68 32 00 01 14 00 01 03 77 B3 
2026/3/24 14:13:58.124 [RX] - 56 69 56 4F 74 65 63 68 32 00 01 00 00 00 12 53 00 00 00 00 00 00 00 00 00 00 00 00 00 00 00 00 00 00 00 00 00 00 00 00 00 00 00 00 00 00 00 00 00 00 00 00 00 00 00 00 00 00 00 00 00 00 00  

 --- Poll On Demand

2026/3/24 14:13:58.695 [TX] - 56 69 56 4F 74 65 63 68 32 00 01 01 00 01 01 D7 34 
2026/3/24 14:13:58.704 [RX] - 56 69 56 4F 74 65 63 68 32 00 01 0A 00 00 D5 92 00 00 00 00 00 00 00 00 00 00 00 00 00 00 00 00 00 00 00 00 00 00 00 00 00 00 00 00 00 00 00 00 00 00 00 00 00 00 00 00 00 00 00 00 00 00 00  

 --- 01-01 = 00

2026/3/24 14:13:59.242 [TX] - 56 69 56 4F 74 65 63 68 32 00 01 01 00 01 00 F6 24 
2026/3/24 14:13:59.259 [RX] - 56 69 56 4F 74 65 63 68 32 00 01 0A 00 00 D5 92 00 00 00 00 00 00 00 00 00 00 00 00 00 00 00 00 00 00 00 00 00 00 00 00 00 00 00 00 00 00 00 00 00 00 00 00 00 00 00 00 00 00 00 00 00 00 00  

 --- 01-01 = 02

2026/3/24 14:13:59.791 [TX] - 56 69 56 4F 74 65 63 68 32 00 01 01 00 01 02 B4 04 
2026/3/24 14:13:59.807 [RX] - 56 69 56 4F 74 65 63 68 32 00 01 0A 00 00 D5 92 00 00 00 00 00 00 00 00 00 00 00 00 00 00 00 00 00 00 00 00 00 00 00 00 00 00 00 00 00 00 00 00 00 00 00 00 00 00 00 00 00 00 00 00 00 00 00  

 --- 01-01 = 03

2026/3/24 14:14:00.342 [TX] - 56 69 56 4F 74 65 63 68 32 00 01 01 00 01 03 95 14 
2026/3/24 14:14:00.355 [RX] - 56 69 56 4F 74 65 63 68 32 00 01 0A 00 00 D5 92 00 00 00 00 00 00 00 00 00 00 00 00 00 00 00 00 00 00 00 00 00 00 00 00 00 00 00 00 00 00 00 00 00 00 00 00 00 00 00 00 00 00 00 00 00 00 00  

 --- 01-01 = 04

2026/3/24 14:14:00.891 [TX] - 56 69 56 4F 74 65 63 68 32 00 01 01 00 01 04 72 64 
2026/3/24 14:14:00.902 [RX] - 56 69 56 4F 74 65 63 68 32 00 01 0A 00 00 D5 92 00 00 00 00 00 00 00 00 00 00 00 00 00 00 00 00 00 00 00 00 00 00 00 00 00 00 00 00 00 00 00 00 00 00 00 00 00 00 00 00 00 00 00 00 00 00 00  

 --- 01-14 = 04

2026/3/24 14:14:01.431 [TX] - 56 69 56 4F 74 65 63 68 32 00 01 14 00 01 04 90 C3 
2026/3/24 14:14:01.440 [RX] - 56 69 56 4F 74 65 63 68 32 00 01 00 00 00 12 53 00 00 00 00 00 00 00 00 00 00 00 00 00 00 00 00 00 00 00 00 00 00 00 00 00 00 00 00 00 00 00 00 00 00 00 00 00 00 00 00 00 00 00 00 00 00 00  

 --- Poll On Demand

2026/3/24 14:14:01.983 [TX] - 56 69 56 4F 74 65 63 68 32 00 01 01 00 01 01 D7 34 
2026/3/24 14:14:01.988 [RX] - 56 69 56 4F 74 65 63 68 32 00 01 0A 00 00 D5 92 00 00 00 00 00 00 00 00 00 00 00 00 00 00 00 00 00 00 00 00 00 00 00 00 00 00 00 00 00 00 00 00 00 00 00 00 00 00 00 00 00 00 00 00 00 00 00  

 --- 01-01 = 00

2026/3/24 14:14:02.512 [TX] - 56 69 56 4F 74 65 63 68 32 00 01 01 00 01 00 F6 24 
2026/3/24 14:14:02.520 [RX] - 56 69 56 4F 74 65 63 68 32 00 01 0A 00 00 D5 92 00 00 00 00 00 00 00 00 00 00 00 00 00 00 00 00 00 00 00 00 00 00 00 00 00 00 00 00 00 00 00 00 00 00 00 00 00 00 00 00 00 00 00 00 00 00 00  

 --- 01-01 = 02

2026/3/24 14:14:03.068 [TX] - 56 69 56 4F 74 65 63 68 32 00 01 01 00 01 02 B4 04 
2026/3/24 14:14:03.076 [RX] - 56 69 56 4F 74 65 63 68 32 00 01 0A 00 00 D5 92 00 00 00 00 00 00 00 00 00 00 00 00 00 00 00 00 00 00 00 00 00 00 00 00 00 00 00 00 00 00 00 00 00 00 00 00 00 00 00 00 00 00 00 00 00 00 00  

 --- 01-01 = 03

2026/3/24 14:14:03.611 [TX] - 56 69 56 4F 74 65 63 68 32 00 01 01 00 01 03 95 14 
2026/3/24 14:14:03.622 [RX] - 56 69 56 4F 74 65 63 68 32 00 01 0A 00 00 D5 92 00 00 00 00 00 00 00 00 00 00 00 00 00 00 00 00 00 00 00 00 00 00 00 00 00 00 00 00 00 00 00 00 00 00 00 00 00 00 00 00 00 00 00 00 00 00 00  

 --- 01-01 = 04

2026/3/24 14:14:04.171 [TX] - 56 69 56 4F 74 65 63 68 32 00 01 01 00 01 04 72 64 
2026/3/24 14:14:04.187 [RX] - 56 69 56 4F 74 65 63 68 32 00 01 0A 00 00 D5 92 00 00 00 00 00 00 00 00 00 00 00 00 00 00 00 00 00 00 00 00 00 00 00 00 00 00 00 00 00 00 00 00 00 00 00 00 00 00 00 00 00 00 00 00 00 00 00  

 --- 01-14 = 00

2026/3/24 14:14:04.727 [TX] - 56 69 56 4F 74 65 63 68 32 00 01 14 00 01 00 14 83 
2026/3/24 14:14:04.739 [RX] - 56 69 56 4F 74 65 63 68 32 00 01 00 00 00 12 53 00 00 00 00 00 00 00 00 00 00 00 00 00 00 00 00 00 00 00 00 00 00 00 00 00 00 00 00 00 00 00 00 00 00 00 00 00 00 00 00 00 00 00 00 00 00 00  

 ---------- END OF TEST ----------

 Result = PASSED


Docklight Log File (HEX) - Stopped 2026/3/24 14:14:05.354 

