Docklight Log File (HEX) - Started 2023/10/26 10:50:10.222 
 TEST CASE: EGN35

 --- Set POS COM PORT Settings
 Set POS COM PORT...
 POS operating on COM90 @ 115200 baud...
 Set POS COM PORT - COMPLETE


2023/10/26 10:50:16.037 [TX] - 56 69 56 4F 74 65 63 68 32 00 04 F0 00 00 44 4D 
2023/10/26 10:50:16.252 [RX] - 56 69 56 4F 74 65 63 68 32 00 04 00 00 00 AE 16 00 00 00 00 00 00 00 00 00 00 00 00 00 00 00 00 00 00 00 00 00 00 00 00 00 00 00 00 00 00 00 00 00 00 00 00 00 00 00 00 00 00 00 00 00 00 00  

 --- Set DF7D = 01

2023/10/26 10:50:24.063 [TX] - 56 69 56 4F 74 65 63 68 32 00 04 00 00 04 DF 7D 01 01 4D F5 
2023/10/26 10:50:24.180 [RX] - 56 69 56 4F 74 65 63 68 32 00 04 00 00 00 AE 16 00 00 00 00 00 00 00 00 00 00 00 00 00 00 00 00 00 00 00 00 00 00 00 00 00 00 00 00 00 00 00 00 00 00 00 00 00 00 00 00 00 00 00 00 00 00 00  

 --- 04-00-----Burst OFF

2023/10/26 10:50:24.203 [TX] - 56 69 56 4F 74 65 63 68 32 00 04 00 00 04 FF F7 01 00 B9 2E 
2023/10/26 10:50:24.208 [RX] - 56 69 56 4F 74 65 63 68 32 00 04 00 00 00 AE 16 00 00 00 00 00 00 00 00 00 00 00 00 00 00 00 00 00 00 00 00 00 00 00 00 00 00 00 00 00 00 00 00 00 00 00 00 00 00 00 00 00 00 00 00 00 00 00  

 --- C7-36 = 02

2023/10/26 10:50:24.220 [TX] - 56 69 56 4F 74 65 63 68 32 00 C7 36 00 01 02 4D 87 
2023/10/26 10:50:24.228 [RX] - 56 69 56 4F 74 65 63 68 32 00 C7 00 00 00 86 6E 00 00 00 00 00 00 00 00 00 00 00 00 00 00 00 00 00 00 00 00 00 00 00 00 00 00 00 00 00 00 00 00 00 00 00 00 00 00 00 00 00 00 00 00 00 00 00  

 --- Get Data Encryption (C7-37)

2023/10/26 10:50:24.254 [TX] - 56 69 56 4F 74 65 63 68 32 00 C7 37 00 00 5B C6 
2023/10/26 10:50:24.271 [RX] - 56 69 56 4F 74 65 63 68 32 00 C7 00 00 01 02 8C 3D 00 00 00 00 00 00 00 00 00 00 00 00 00 00 00 00 00 00 00 00 00 00 00 00 00 00 00 00 00 00 00 00 00 00 00 00 00 00 00 00 00 00 00 00 00 00  

 --- 0-use TDES to encrypt (C7-32)

2023/10/26 10:50:24.287 [TX] - 56 69 56 4F 74 65 63 68 32 00 C7 32 00 01 00 FE 6D 
2023/10/26 10:50:24.302 [RX] - 56 69 56 4F 74 65 63 68 32 00 C7 00 00 00 86 6E 00 00 00 00 00 00 00 00 00 00 00 00 00 00 00 00 00 00 00 00 00 00 00 00 00 00 00 00 00 00 00 00 00 00 00 00 00 00 00 00 00 00 00 00 00 00 00  

 --- 01-01-----Poll on Demand

2023/10/26 10:50:24.322 [TX] - 56 69 56 4F 74 65 63 68 32 00 01 01 00 01 01 D7 34 
2023/10/26 10:50:24.333 [RX] - 56 69 56 4F 74 65 63 68 32 00 01 00 00 00 12 53 00 00 00 00 00 00 00 00 00 00 00 00 00 00 00 00 00 00 00 00 00 00 00 00 00 00 00 00 00 00 00 00 00 00 00 00 00 00 00 00 00 00 00 00 00 00 00  

 --- Erase All Key (83-00)

2023/10/26 10:50:24.353 [TX] - 56 69 56 4F 74 65 63 68 32 00 83 00 00 00 03 22 
2023/10/26 10:50:24.364 [RX] - 56 69 56 4F 74 65 63 68 32 00 83 00 00 00 22 03 00 00 00 00 00 00 00 00 00 00 00 00 00 00 00 00 00 00 00 00 00 00 00 00 00 00 00 00 00 00 00 00 00 00 00 00 00 00 00 00 00 00 00 00 00 00 00  

 --- C7-2F Set Data Encryption Key Variant Type (01 PIN Variant)

2023/10/26 10:50:24.384 [TX] - 56 69 56 4F 74 65 63 68 32 00 C7 2F 00 01 01 FE 5F 
2023/10/26 10:50:24.396 [RX] - 56 69 56 4F 74 65 63 68 32 00 C7 00 00 00 86 6E 00 00 00 00 00 00 00 00 00 00 00 00 00 00 00 00 00 00 00 00 00 00 00 00 00 00 00 00 00 00 00 00 00 00 00 00 00 00 00 00 00 00 00 00 00 00 00  

 --- Erase All Key (83-00)

2023/10/26 10:50:24.416 [TX] - 56 69 56 4F 74 65 63 68 32 00 83 00 00 00 03 22 
2023/10/26 10:50:24.427 [RX] - 56 69 56 4F 74 65 63 68 32 00 83 00 00 00 22 03 00 00 00 00 00 00 00 00 00 00 00 00 00 00 00 00 00 00 00 00 00 00 00 00 00 00 00 00 00 00 00 00 00 00 00 00 00 00 00 00 00 00 00 00 00 00 00  

 --- Load KPK

2023/10/26 10:50:24.752 [TX] - 56 69 56 4F 74 65 63 68 32 00 80 00 00 65 30 45 43 36 30 46 33 35 31 34 37 45 43 41 30 30 38 38 4B 30 54 44 30 30 4E 30 30 30 30 30 30 38 30 39 43 30 37 41 39 39 31 44 43 38 30 33 34 45 43 31 32 45 31 36 39 43 30 44 35 34 35 35 44 45 41 32 39 34 35 31 34 32 34 37 38 30 38 30 35 36 38 32 33 34 39 38 37 31 32 30 32 33 34 30 30 30 30 30 30 30 30 12 43 
2023/10/26 10:50:24.764 [RX] - 56 69 56 4F 74 65 63 68 32 00 80 00 00 00 B9 DF 00 00 00 00 00 00 00 00 00 00 00 00 00 00 00 00 00 00 00 00 00 00 00 00 00 00 00 00 00 00 00 00 00 00 00 00 00 00 00 00 00 00 00 00 00 00 00 
2023/10/26 10:50:25.086 [TX] - 56 69 56 4F 74 65 63 68 32 00 80 00 00 65 31 34 43 45 32 35 35 35 31 34 37 45 43 41 30 30 38 38 4B 30 54 44 30 30 4E 30 30 30 30 30 30 38 30 46 35 30 36 46 36 41 33 44 34 30 38 39 39 45 30 35 35 42 42 35 42 39 45 33 41 44 44 36 30 30 42 38 38 35 33 32 37 37 39 32 32 34 36 30 39 32 36 32 33 41 39 39 37 31 32 36 32 33 34 30 30 30 30 30 30 30 30 35 7F 
2023/10/26 10:50:25.100 [RX] - 56 69 56 4F 74 65 63 68 32 00 80 00 00 00 B9 DF 00 00 00 00 00 00 00 00 00 00 00 00 00 00 00 00 00 00 00 00 00 00 00 00 00 00 00 00 00 00 00 00 00 00 00 00 00 00 00 00 00 00 00 00 00 00 00 
2023/10/26 10:50:25.412 [TX] - 56 69 56 4F 74 65 63 68 32 00 80 01 00 58 41 30 30 38 38 4B 30 54 44 30 30 4E 30 30 30 30 43 44 32 46 43 43 36 44 37 39 32 44 33 42 32 34 46 30 38 33 37 42 30 33 32 44 30 38 36 38 46 45 43 39 46 44 44 43 39 43 32 36 33 31 31 35 46 30 44 43 43 34 42 44 42 35 37 43 36 30 33 43 34 32 46 34 41 35 30 34 34 39 97 D5 
2023/10/26 10:50:25.427 [RX] - 56 69 56 4F 74 65 63 68 32 00 80 00 00 00 B9 DF 00 00 00 00 00 00 00 00 00 00 00 00 00 00 00 00 00 00 00 00 00 00 00 00 00 00 00 00 00 00 00 00 00 00 00 00 00 00 00 00 00 00 00 00 00 00 00  

 --- Load DUKPT key

2023/10/26 10:50:25.757 [TX] - 56 69 56 4F 74 65 63 68 32 00 81 00 00 71 05 41 30 31 31 32 44 30 54 45 30 30 4E 30 31 30 30 4B 53 31 38 36 32 39 39 34 39 30 31 32 43 30 30 30 34 36 30 30 30 30 31 39 34 34 38 36 43 33 31 36 38 43 41 31 46 42 34 41 38 30 39 45 36 33 39 46 46 39 43 33 42 37 32 36 45 32 34 37 43 35 39 30 42 32 32 38 43 35 44 32 32 36 35 30 46 36 36 39 37 45 38 34 37 41 32 46 38 41 32 37 33 39 33 47 AE 
2023/10/26 10:50:25.780 [RX] - 56 69 56 4F 74 65 63 68 32 00 81 00 00 00 CF 6B 00 00 00 00 00 00 00 00 00 00 00 00 00 00 00 00 00 00 00 00 00 00 00 00 00 00 00 00 00 00 00 00 00 00 00 00 00 00 00 00 00 00 00 00 00 00 00  

 --- 02-40 AT >> CL

2023/10/26 10:50:30.656 [TX] - 56 69 56 4F 74 65 63 68 32 00 02 40 00 15 78 9F 02 06 00 00 00 00 10 00 9A 03 07 11 21 9F 21 03 10 15 20 93 17 
2023/10/26 10:50:31.648 [RX] - 56 69 56 4F 74 65 63 68 32 00 02 23 02 54 51 FF EE 12 0A 62 99 49 01 2C 00 04 60 00 01 FF EE 13 A1 41 2A 36 35 31 30 2A 2A 2A 2A 2A 2A 2A 2A 30 31 32 35 5E 43 41 52 44 2F 49 4D 41 47 45 20 30 38 20 20 20 20 20 20 20 20 20 20 20 20 20 5E 31 37 31 32 32 30 31 2A 2A 2A 2A 2A 2A 2A 2A 2A 2A 2A 2A 2A FF EE 13 C1 48 15 2C 50 9E 7D B0 4E 45 C5 6D 90 C5 14 A1 8E 2A 9E EB 1A 17 54 7C D0 46 FF 64 23 8A 51 D9 7B F7 F7 88 19 80 F1 A4 4A 95 29 68 A8 24 E0 49 A5 F9 24 1A D2 4E 61 6E 08 3D 01 74 83 72 13 F8 D3 13 C4 8A 1D 12 D5 B8 66 4A FF EE 14 A1 25 36 35 31 30 2A 2A 2A 2A 2A 2A 2A 2A 30 31 32 35 3D 31 37 31 32 32 30 31 2A 2A 2A 2A 2A 2A 2A 2A 2A 2A 2A 2A 2A FF EE 14 C1 30 D5 1F 7D A8 B4 01 70 7C 48 13 55 60 1B 0C 65 3C 2C 66 E5 85 35 3D 2B AB 3E CE 24 32 E7 D6 6A E4 03 FA CC AB C6 B9 A1 27 FC 85 F8 A3 93 6B 88 A1 84 08 A0 00 00 03 24 10 10 01 9F 02 06 00 00 00 00 10 00 9F 06 07 A0 00 00 03 24 10 10 9F 35 01 22 9F 37 04 52 77 35 60 9F 39 01 91 9A 03 07 11 21 9F 21 03 10 15 20 56 A1 41 2A 36 35 31 30 2A 2A 2A 2A 2A 2A 2A 2A 30 31 32 35 5E 43 41 52 44 2F 49 4D 41 47 45 20 30 38 20 20 20 20 20 20 20 20 20 20 20 20 20 5E 31 37 31 32 32 30 31 2A 2A 2A 2A 2A 2A 2A 2A 2A 2A 2A 2A 2A 56 C1 48 57 42 D7 0F 7B 28 3C 3F 50 C6 4D 62 4C 6C 16 A8 C0 4A 50 F6 0D 8D 6A 4D A0 F3 A2 69 6D DE CB C6 D9 80 E9 64 A1 4E A9 FB C4 E5 AE 8E 09 1D 21 32 C5 F8 41 DC 76 6F D2 D9 4A 89 18 55 4B 1D F0 A9 62 DD 14 25 A0 41 B1 71 57 A1 13 65 10 CC CC CC CC 01 25 D1 71 22 01 CC CC CC CC CC CC CC 57 C1 18 2C 9A 40 64 99 26 88 92 89 62 07 79 30 79 FE 3C AB 1B 38 C7 C3 2A 87 F5 9C 01 00 9F 1E 08 32 33 34 35 36 37 38 39 9F 41 04 00 00 00 02 FF EE 01 08 DF 30 01 00 DF 52 01 00 DF EF 4C 06 00 27 00 00 00 00 DF EF 4D 28 52 27 BA 06 47 47 C8 7D 50 C3 66 DF AE E2 5A 22 18 5D D2 9B C2 C4 B9 F9 71 11 01 BC 22 9D A1 02 55 E7 3C 16 CE 7E 28 79 DF EE 26 01 51 2D F9 00 00 00 00 00 00 00 00 00 00 00 00 00 00 00 00 00 00  

 --- 01-01-----Auto Poll

2023/10/26 10:50:32.209 [TX] - 56 69 56 4F 74 65 63 68 32 00 01 01 00 01 00 F6 24 
2023/10/26 10:50:32.216 [RX] - 56 69 56 4F 74 65 63 68 32 00 01 00 00 00 12 53 00 00 00 00 00 00 00 00 00 00 00 00 00 00 00 00 00 00 00 00 00 00 00 00 00 00 00 00 00 00 00 00 00 00 00 00 00 00 00 00 00 00 00 00 00 00 00  

 --- Erase All Key (83-00)

2023/10/26 10:50:32.238 [TX] - 56 69 56 4F 74 65 63 68 32 00 83 00 00 00 03 22 
2023/10/26 10:50:32.244 [RX] - 56 69 56 4F 74 65 63 68 32 00 83 00 00 00 22 03 00 00 00 00 00 00 00 00 00 00 00 00 00 00 00 00 00 00 00 00 00 00 00 00 00 00 00 00 00 00 00 00 00 00 00 00 00 00 00 00 00 00 00 00 00 00 00  

 --- C7-2F Set Data Encryption Key Variant Type (01 PIN Variant)

2023/10/26 10:50:32.268 [TX] - 56 69 56 4F 74 65 63 68 32 00 C7 2F 00 01 01 FE 5F 
2023/10/26 10:50:32.276 [RX] - 56 69 56 4F 74 65 63 68 32 00 C7 00 00 00 86 6E 00 00 00 00 00 00 00 00 00 00 00 00 00 00 00 00 00 00 00 00 00 00 00 00 00 00 00 00 00 00 00 00 00 00 00 00 00 00 00 00 00 00 00 00 00 00 00  

 --- Erase All Key (83-00)

2023/10/26 10:50:32.301 [TX] - 56 69 56 4F 74 65 63 68 32 00 83 00 00 00 03 22 
2023/10/26 10:50:32.308 [RX] - 56 69 56 4F 74 65 63 68 32 00 83 00 00 00 22 03 00 00 00 00 00 00 00 00 00 00 00 00 00 00 00 00 00 00 00 00 00 00 00 00 00 00 00 00 00 00 00 00 00 00 00 00 00 00 00 00 00 00 00 00 00 00 00  

 --- Load KPK

2023/10/26 10:50:32.647 [TX] - 56 69 56 4F 74 65 63 68 32 00 80 00 00 65 30 45 43 36 30 46 33 35 31 34 37 45 43 41 30 30 38 38 4B 30 54 44 30 30 4E 30 30 30 30 30 30 38 30 39 43 30 37 41 39 39 31 44 43 38 30 33 34 45 43 31 32 45 31 36 39 43 30 44 35 34 35 35 44 45 41 32 39 34 35 31 34 32 34 37 38 30 38 30 35 36 38 32 33 34 39 38 37 31 32 30 32 33 34 30 30 30 30 30 30 30 30 12 43 
2023/10/26 10:50:32.656 [RX] - 56 69 56 4F 74 65 63 68 32 00 80 00 00 00 B9 DF 00 00 00 00 00 00 00 00 00 00 00 00 00 00 00 00 00 00 00 00 00 00 00 00 00 00 00 00 00 00 00 00 00 00 00 00 00 00 00 00 00 00 00 00 00 00 00 
2023/10/26 10:50:32.977 [TX] - 56 69 56 4F 74 65 63 68 32 00 80 00 00 65 31 34 43 45 32 35 35 35 31 34 37 45 43 41 30 30 38 38 4B 30 54 44 30 30 4E 30 30 30 30 30 30 38 30 46 35 30 36 46 36 41 33 44 34 30 38 39 39 45 30 35 35 42 42 35 42 39 45 33 41 44 44 36 30 30 42 38 38 35 33 32 37 37 39 32 32 34 36 30 39 32 36 32 33 41 39 39 37 31 32 36 32 33 34 30 30 30 30 30 30 30 30 35 7F 
2023/10/26 10:50:32.991 [RX] - 56 69 56 4F 74 65 63 68 32 00 80 00 00 00 B9 DF 00 00 00 00 00 00 00 00 00 00 00 00 00 00 00 00 00 00 00 00 00 00 00 00 00 00 00 00 00 00 00 00 00 00 00 00 00 00 00 00 00 00 00 00 00 00 00 
2023/10/26 10:50:33.302 [TX] - 56 69 56 4F 74 65 63 68 32 00 80 01 00 58 41 30 30 38 38 4B 30 54 44 30 30 4E 30 30 30 30 43 44 32 46 43 43 36 44 37 39 32 44 33 42 32 34 46 30 38 33 37 42 30 33 32 44 30 38 36 38 46 45 43 39 46 44 44 43 39 43 32 36 33 31 31 35 46 30 44 43 43 34 42 44 42 35 37 43 36 30 33 43 34 32 46 34 41 35 30 34 34 39 97 D5 
2023/10/26 10:50:33.316 [RX] - 56 69 56 4F 74 65 63 68 32 00 80 00 00 00 B9 DF 00 00 00 00 00 00 00 00 00 00 00 00 00 00 00 00 00 00 00 00 00 00 00 00 00 00 00 00 00 00 00 00 00 00 00 00 00 00 00 00 00 00 00 00 00 00 00  

 --- Load DUKPT key

2023/10/26 10:50:33.639 [TX] - 56 69 56 4F 74 65 63 68 32 00 81 00 00 71 05 41 30 31 31 32 44 30 54 45 30 30 4E 30 31 30 30 4B 53 31 38 36 32 39 39 34 39 30 31 32 43 30 30 30 34 36 30 30 30 30 31 39 34 34 38 36 43 33 31 36 38 43 41 31 46 42 34 41 38 30 39 45 36 33 39 46 46 39 43 33 42 37 32 36 45 32 34 37 43 35 39 30 42 32 32 38 43 35 44 32 32 36 35 30 46 36 36 39 37 45 38 34 37 41 32 46 38 41 32 37 33 39 33 47 AE 
2023/10/26 10:50:33.660 [RX] - 56 69 56 4F 74 65 63 68 32 00 81 00 00 00 CF 6B 00 00 00 00 00 00 00 00 00 00 00 00 00 00 00 00 00 00 00 00 00 00 00 00 00 00 00 00 00 00 00 00 00 00 00 00 00 00 00 00 00 00 00 00 00 00 00  

 --- 03-40 GAT >> CL

2023/10/26 10:50:36.593 [TX] - 56 69 56 4F 74 65 63 68 32 00 03 40 00 00 96 E2 
2023/10/26 10:50:36.600 [RX] - 56 69 56 4F 74 65 63 68 32 00 03 23 02 54 51 FF EE 12 0A 62 99 49 01 2C 00 04 60 00 01 FF EE 13 A1 41 2A 36 35 31 30 2A 2A 2A 2A 2A 2A 2A 2A 30 31 32 35 5E 43 41 52 44 2F 49 4D 41 47 45 20 30 38 20 20 20 20 20 20 20 20 20 20 20 20 20 5E 31 37 31 32 32 30 31 2A 2A 2A 2A 2A 2A 2A 2A 2A 2A 2A 2A 2A FF EE 13 C1 48 15 2C 50 9E 7D B0 4E 45 C5 6D 90 C5 14 A1 8E 2A 9E EB 1A 17 54 7C D0 46 FF 64 23 8A 51 D9 7B F7 F7 88 19 80 F1 A4 4A 95 29 68 A8 24 E0 49 A5 F9 24 1A D2 4E 61 6E 08 3D 01 74 83 72 13 F8 D3 13 C4 8A 1D 12 D5 B8 66 4A FF EE 14 A1 25 36 35 31 30 2A 2A 2A 2A 2A 2A 2A 2A 30 31 32 35 3D 31 37 31 32 32 30 31 2A 2A 2A 2A 2A 2A 2A 2A 2A 2A 2A 2A 2A FF EE 14 C1 30 D5 1F 7D A8 B4 01 70 7C 48 13 55 60 1B 0C 65 3C 2C 66 E5 85 35 3D 2B AB 3E CE 24 32 E7 D6 6A E4 03 FA CC AB C6 B9 A1 27 FC 85 F8 A3 93 6B 88 A1 84 08 A0 00 00 03 24 10 10 01 9F 02 06 00 00 00 00 00 01 9F 06 07 A0 00 00 03 24 10 10 9F 35 01 22 9F 37 04 37 53 16 47 9F 39 01 91 9A 03 14 08 10 9F 21 03 12 01 18 56 A1 41 2A 36 35 31 30 2A 2A 2A 2A 2A 2A 2A 2A 30 31 32 35 5E 43 41 52 44 2F 49 4D 41 47 45 20 30 38 20 20 20 20 20 20 20 20 20 20 20 20 20 5E 31 37 31 32 32 30 31 2A 2A 2A 2A 2A 2A 2A 2A 2A 2A 2A 2A 2A 56 C1 48 57 42 D7 0F 7B 28 3C 3F 50 C6 4D 62 4C 6C 16 A8 C0 4A 50 F6 0D 8D 6A 4D A0 F3 A2 69 6D DE CB C6 D9 80 E9 64 A1 4E A9 FB C4 E5 AE 8E 09 1D 21 32 C5 F8 41 DC 76 6F D2 D9 4A 89 18 55 4B 1D F0 A9 62 DD 14 25 A0 41 B1 71 57 A1 13 65 10 CC CC CC CC 01 25 D1 71 22 01 CC CC CC CC CC CC CC 57 C1 18 2C 9A 40 64 99 26 88 92 89 62 07 79 30 79 FE 3C AB 1B 38 C7 C3 2A 87 F5 9C 01 00 9F 1E 08 32 33 34 35 36 37 38 39 9F 41 04 00 00 00 04 FF EE 01 08 DF 30 01 00 DF 52 01 00 DF EF 4C 06 00 27 00 00 00 00 DF EF 4D 28 52 27 BA 06 47 47 C8 7D 50 C3 66 DF AE E2 5A 22 18 5D D2 9B C2 C4 B9 F9 71 11 01 BC 22 9D A1 02 55 E7 3C 16 CE 7E 28 79 DF EE 26 01 51 99 16 00 00 00 00 00 00 00 00 00 00 00 00 00 00 00 00 00 00  

 --- 1-use AES to encrypt (C7-32)

2023/10/26 10:50:37.172 [TX] - 56 69 56 4F 74 65 63 68 32 00 C7 32 00 01 01 DF 7D 
2023/10/26 10:50:37.180 [RX] - 56 69 56 4F 74 65 63 68 32 00 C7 00 00 00 86 6E 00 00 00 00 00 00 00 00 00 00 00 00 00 00 00 00 00 00 00 00 00 00 00 00 00 00 00 00 00 00 00 00 00 00 00 00 00 00 00 00 00 00 00 00 00 00 00  

 --- 01-01-----Poll on Demand

2023/10/26 10:50:37.204 [TX] - 56 69 56 4F 74 65 63 68 32 00 01 01 00 01 01 D7 34 
2023/10/26 10:50:37.219 [RX] - 56 69 56 4F 74 65 63 68 32 00 01 00 00 00 12 53 00 00 00 00 00 00 00 00 00 00 00 00 00 00 00 00 00 00 00 00 00 00 00 00 00 00 00 00 00 00 00 00 00 00 00 00 00 00 00 00 00 00 00 00 00 00 00  

 --- Erase All Key (83-00)

2023/10/26 10:50:37.244 [TX] - 56 69 56 4F 74 65 63 68 32 00 83 00 00 00 03 22 
2023/10/26 10:50:37.252 [RX] - 56 69 56 4F 74 65 63 68 32 00 83 00 00 00 22 03 00 00 00 00 00 00 00 00 00 00 00 00 00 00 00 00 00 00 00 00 00 00 00 00 00 00 00 00 00 00 00 00 00 00 00 00 00 00 00 00 00 00 00 00 00 00 00  

 --- C7-2F Set Data Encryption Key Variant Type (01 PIN Variant)

2023/10/26 10:50:37.277 [TX] - 56 69 56 4F 74 65 63 68 32 00 C7 2F 00 01 01 FE 5F 
2023/10/26 10:50:37.284 [RX] - 56 69 56 4F 74 65 63 68 32 00 C7 00 00 00 86 6E 00 00 00 00 00 00 00 00 00 00 00 00 00 00 00 00 00 00 00 00 00 00 00 00 00 00 00 00 00 00 00 00 00 00 00 00 00 00 00 00 00 00 00 00 00 00 00  

 --- Erase All Key (83-00)

2023/10/26 10:50:37.310 [TX] - 56 69 56 4F 74 65 63 68 32 00 83 00 00 00 03 22 
2023/10/26 10:50:37.316 [RX] - 56 69 56 4F 74 65 63 68 32 00 83 00 00 00 22 03 00 00 00 00 00 00 00 00 00 00 00 00 00 00 00 00 00 00 00 00 00 00 00 00 00 00 00 00 00 00 00 00 00 00 00 00 00 00 00 00 00 00 00 00 00 00 00  

 --- Load KPK

2023/10/26 10:50:37.653 [TX] - 56 69 56 4F 74 65 63 68 32 00 80 00 00 65 30 45 43 36 30 46 33 35 31 34 37 45 43 41 30 30 38 38 4B 30 54 44 30 30 4E 30 30 30 30 30 30 38 30 39 43 30 37 41 39 39 31 44 43 38 30 33 34 45 43 31 32 45 31 36 39 43 30 44 35 34 35 35 44 45 41 32 39 34 35 31 34 32 34 37 38 30 38 30 35 36 38 32 33 34 39 38 37 31 32 30 32 33 34 30 30 30 30 30 30 30 30 12 43 
2023/10/26 10:50:37.664 [RX] - 56 69 56 4F 74 65 63 68 32 00 80 00 00 00 B9 DF 00 00 00 00 00 00 00 00 00 00 00 00 00 00 00 00 00 00 00 00 00 00 00 00 00 00 00 00 00 00 00 00 00 00 00 00 00 00 00 00 00 00 00 00 00 00 00 
2023/10/26 10:50:37.984 [TX] - 56 69 56 4F 74 65 63 68 32 00 80 00 00 65 31 34 43 45 32 35 35 35 31 34 37 45 43 41 30 30 38 38 4B 30 54 44 30 30 4E 30 30 30 30 30 30 38 30 46 35 30 36 46 36 41 33 44 34 30 38 39 39 45 30 35 35 42 42 35 42 39 45 33 41 44 44 36 30 30 42 38 38 35 33 32 37 37 39 32 32 34 36 30 39 32 36 32 33 41 39 39 37 31 32 36 32 33 34 30 30 30 30 30 30 30 30 35 7F 
2023/10/26 10:50:37.999 [RX] - 56 69 56 4F 74 65 63 68 32 00 80 00 00 00 B9 DF 00 00 00 00 00 00 00 00 00 00 00 00 00 00 00 00 00 00 00 00 00 00 00 00 00 00 00 00 00 00 00 00 00 00 00 00 00 00 00 00 00 00 00 00 00 00 00 
2023/10/26 10:50:38.309 [TX] - 56 69 56 4F 74 65 63 68 32 00 80 01 00 58 41 30 30 38 38 4B 30 54 44 30 30 4E 30 30 30 30 43 44 32 46 43 43 36 44 37 39 32 44 33 42 32 34 46 30 38 33 37 42 30 33 32 44 30 38 36 38 46 45 43 39 46 44 44 43 39 43 32 36 33 31 31 35 46 30 44 43 43 34 42 44 42 35 37 43 36 30 33 43 34 32 46 34 41 35 30 34 34 39 97 D5 
2023/10/26 10:50:38.323 [RX] - 56 69 56 4F 74 65 63 68 32 00 80 00 00 00 B9 DF 00 00 00 00 00 00 00 00 00 00 00 00 00 00 00 00 00 00 00 00 00 00 00 00 00 00 00 00 00 00 00 00 00 00 00 00 00 00 00 00 00 00 00 00 00 00 00  

 --- Load DUKPT key

2023/10/26 10:50:38.650 [TX] - 56 69 56 4F 74 65 63 68 32 00 81 00 00 71 05 41 30 31 31 32 44 30 54 45 30 30 4E 30 31 30 30 4B 53 31 38 36 32 39 39 34 39 30 31 32 43 30 30 30 34 36 30 30 30 30 31 39 34 34 38 36 43 33 31 36 38 43 41 31 46 42 34 41 38 30 39 45 36 33 39 46 46 39 43 33 42 37 32 36 45 32 34 37 43 35 39 30 42 32 32 38 43 35 44 32 32 36 35 30 46 36 36 39 37 45 38 34 37 41 32 46 38 41 32 37 33 39 33 47 AE 
2023/10/26 10:50:38.672 [RX] - 56 69 56 4F 74 65 63 68 32 00 81 00 00 00 CF 6B 00 00 00 00 00 00 00 00 00 00 00 00 00 00 00 00 00 00 00 00 00 00 00 00 00 00 00 00 00 00 00 00 00 00 00 00 00 00 00 00 00 00 00 00 00 00 00  

 --- 02-40 AT >> CL

2023/10/26 10:50:40.370 [TX] - 56 69 56 4F 74 65 63 68 32 00 02 40 00 15 78 9F 02 06 00 00 00 00 10 00 9A 03 07 11 21 9F 21 03 10 15 20 93 17 
2023/10/26 10:50:41.528 [RX] - 56 69 56 4F 74 65 63 68 32 00 02 23 02 74 53 FF EE 12 0A 62 99 49 01 2C 00 04 60 00 01 FF EE 13 A1 41 2A 36 35 31 30 2A 2A 2A 2A 2A 2A 2A 2A 30 31 32 35 5E 43 41 52 44 2F 49 4D 41 47 45 20 30 38 20 20 20 20 20 20 20 20 20 20 20 20 20 5E 31 37 31 32 32 30 31 2A 2A 2A 2A 2A 2A 2A 2A 2A 2A 2A 2A 2A FF EE 13 C1 50 45 B6 96 F8 2B 51 6D 8A FC 7B A8 55 29 52 0C 8F B0 D5 7B 45 CE B1 4B 32 B8 A1 EF A4 7C E4 DD AC F7 B8 DB EA 13 DA 85 3E CB 4D 63 29 86 C4 8C E9 FA EC 38 A3 24 06 2E D2 7D 38 AB 98 BE 2A C9 0F EE 16 51 0C 8E 50 14 98 46 10 54 F1 33 71 3F E9 FF EE 14 A1 25 36 35 31 30 2A 2A 2A 2A 2A 2A 2A 2A 30 31 32 35 3D 31 37 31 32 32 30 31 2A 2A 2A 2A 2A 2A 2A 2A 2A 2A 2A 2A 2A FF EE 14 C1 30 BE AD A3 02 45 0D 5B 2D DA CE 27 C4 C7 D9 4B 4C 7F FA F2 05 47 4A 93 72 42 82 E4 AA E7 32 AB AF 51 63 D8 D5 CD 54 05 B1 4A 05 D4 D6 30 FA 64 A7 84 08 A0 00 00 03 24 10 10 01 9F 02 06 00 00 00 00 10 00 9F 06 07 A0 00 00 03 24 10 10 9F 35 01 22 9F 37 04 54 76 95 98 9F 39 01 91 9A 03 07 11 21 9F 21 03 10 15 20 56 A1 41 2A 36 35 31 30 2A 2A 2A 2A 2A 2A 2A 2A 30 31 32 35 5E 43 41 52 44 2F 49 4D 41 47 45 20 30 38 20 20 20 20 20 20 20 20 20 20 20 20 20 5E 31 37 31 32 32 30 31 2A 2A 2A 2A 2A 2A 2A 2A 2A 2A 2A 2A 2A 56 C1 50 62 7A 61 F7 49 00 96 8B 8B F2 6A A7 13 46 65 B2 24 1E 3A 1A 2B 4F 85 BA 6F E6 11 EF D2 1F DE 6D AC 66 CD 59 24 D4 DC 05 A6 64 07 24 CC D3 D9 76 56 DF 65 3F E9 33 FF CA F8 4C DE 22 C7 6F 5A 45 64 17 0E AE 02 38 07 87 1B 01 67 61 0D CC 08 20 57 A1 13 65 10 CC CC CC CC 01 25 D1 71 22 01 CC CC CC CC CC CC CC 57 C1 20 B0 7A 0B 39 EA CD A2 76 95 6C FD B6 CE FA B4 6C C9 E1 28 21 91 75 21 C6 4D DA 05 28 84 17 49 1C 9C 01 00 9F 1E 08 32 33 34 35 36 37 38 39 9F 41 04 00 00 00 06 FF EE 01 08 DF 30 01 00 DF 52 01 00 DF EF 4C 06 00 27 00 00 00 00 DF EF 4D 30 EE 05 52 F7 EE 0D 6C BA DE 18 CF 4F 3D E4 35 55 4B C1 B2 60 5F C1 BD 6A 5F A5 4B BB 95 2F BA 16 BA A8 E9 90 4E 7C D1 77 1E C2 42 73 9C 18 AB A9 DF EE 26 01 53 A7 E2 00 00 00 00 00 00 00 00 00 00 00 00 00 00 00 00 00 00 00 00 00 00 00 00 00 00 00 00 00 00 00 00 00 00 00 00 00 00 00 00 00 00 00 00 00 00 00 00 00  

 --- 01-01-----Auto Poll

2023/10/26 10:50:42.108 [TX] - 56 69 56 4F 74 65 63 68 32 00 01 01 00 01 00 F6 24 
2023/10/26 10:50:42.122 [RX] - 56 69 56 4F 74 65 63 68 32 00 01 00 00 00 12 53 00 00 00 00 00 00 00 00 00 00 00 00 00 00 00 00 00 00 00 00 00 00 00 00 00 00 00 00 00 00 00 00 00 00 00 00 00 00 00 00 00 00 00 00 00 00 00  

 --- Erase All Key (83-00)

2023/10/26 10:50:42.151 [TX] - 56 69 56 4F 74 65 63 68 32 00 83 00 00 00 03 22 
2023/10/26 10:50:42.156 [RX] - 56 69 56 4F 74 65 63 68 32 00 83 00 00 00 22 03 00 00 00 00 00 00 00 00 00 00 00 00 00 00 00 00 00 00 00 00 00 00 00 00 00 00 00 00 00 00 00 00 00 00 00 00 00 00 00 00 00 00 00 00 00 00 00  

 --- C7-2F Set Data Encryption Key Variant Type (01 PIN Variant)

2023/10/26 10:50:42.188 [TX] - 56 69 56 4F 74 65 63 68 32 00 C7 2F 00 01 01 FE 5F 
2023/10/26 10:50:42.200 [RX] - 56 69 56 4F 74 65 63 68 32 00 C7 00 00 00 86 6E 00 00 00 00 00 00 00 00 00 00 00 00 00 00 00 00 00 00 00 00 00 00 00 00 00 00 00 00 00 00 00 00 00 00 00 00 00 00 00 00 00 00 00 00 00 00 00  

 --- Erase All Key (83-00)

2023/10/26 10:50:42.231 [TX] - 56 69 56 4F 74 65 63 68 32 00 83 00 00 00 03 22 
2023/10/26 10:50:42.247 [RX] - 56 69 56 4F 74 65 63 68 32 00 83 00 00 00 22 03 00 00 00 00 00 00 00 00 00 00 00 00 00 00 00 00 00 00 00 00 00 00 00 00 00 00 00 00 00 00 00 00 00 00 00 00 00 00 00 00 00 00 00 00 00 00 00  

 --- Load KPK

2023/10/26 10:50:42.575 [TX] - 56 69 56 4F 74 65 63 68 32 00 80 00 00 65 30 45 43 36 30 46 33 35 31 34 37 45 43 41 30 30 38 38 4B 30 54 44 30 30 4E 30 30 30 30 30 30 38 30 39 43 30 37 41 39 39 31 44 43 38 30 33 34 45 43 31 32 45 31 36 39 43 30 44 35 34 35 35 44 45 41 32 39 34 35 31 34 32 34 37 38 30 38 30 35 36 38 32 33 34 39 38 37 31 32 30 32 33 34 30 30 30 30 30 30 30 30 12 43 
2023/10/26 10:50:42.591 [RX] - 56 69 56 4F 74 65 63 68 32 00 80 00 00 00 B9 DF 00 00 00 00 00 00 00 00 00 00 00 00 00 00 00 00 00 00 00 00 00 00 00 00 00 00 00 00 00 00 00 00 00 00 00 00 00 00 00 00 00 00 00 00 00 00 00 
2023/10/26 10:50:42.902 [TX] - 56 69 56 4F 74 65 63 68 32 00 80 00 00 65 31 34 43 45 32 35 35 35 31 34 37 45 43 41 30 30 38 38 4B 30 54 44 30 30 4E 30 30 30 30 30 30 38 30 46 35 30 36 46 36 41 33 44 34 30 38 39 39 45 30 35 35 42 42 35 42 39 45 33 41 44 44 36 30 30 42 38 38 35 33 32 37 37 39 32 32 34 36 30 39 32 36 32 33 41 39 39 37 31 32 36 32 33 34 30 30 30 30 30 30 30 30 35 7F 
2023/10/26 10:50:42.917 [RX] - 56 69 56 4F 74 65 63 68 32 00 80 00 00 00 B9 DF 00 00 00 00 00 00 00 00 00 00 00 00 00 00 00 00 00 00 00 00 00 00 00 00 00 00 00 00 00 00 00 00 00 00 00 00 00 00 00 00 00 00 00 00 00 00 00 
2023/10/26 10:50:43.228 [TX] - 56 69 56 4F 74 65 63 68 32 00 80 01 00 58 41 30 30 38 38 4B 30 54 44 30 30 4E 30 30 30 30 43 44 32 46 43 43 36 44 37 39 32 44 33 42 32 34 46 30 38 33 37 42 30 33 32 44 30 38 36 38 46 45 43 39 46 44 44 43 39 43 32 36 33 31 31 35 46 30 44 43 43 34 42 44 42 35 37 43 36 30 33 43 34 32 46 34 41 35 30 34 34 39 97 D5 
2023/10/26 10:50:43.242 [RX] - 56 69 56 4F 74 65 63 68 32 00 80 00 00 00 B9 DF 00 00 00 00 00 00 00 00 00 00 00 00 00 00 00 00 00 00 00 00 00 00 00 00 00 00 00 00 00 00 00 00 00 00 00 00 00 00 00 00 00 00 00 00 00 00 00  

 --- Load DUKPT key

2023/10/26 10:50:43.570 [TX] - 56 69 56 4F 74 65 63 68 32 00 81 00 00 71 05 41 30 31 31 32 44 30 54 45 30 30 4E 30 31 30 30 4B 53 31 38 36 32 39 39 34 39 30 31 32 43 30 30 30 34 36 30 30 30 30 31 39 34 34 38 36 43 33 31 36 38 43 41 31 46 42 34 41 38 30 39 45 36 33 39 46 46 39 43 33 42 37 32 36 45 32 34 37 43 35 39 30 42 32 32 38 43 35 44 32 32 36 35 30 46 36 36 39 37 45 38 34 37 41 32 46 38 41 32 37 33 39 33 47 AE 
2023/10/26 10:50:43.592 [RX] - 56 69 56 4F 74 65 63 68 32 00 81 00 00 00 CF 6B 00 00 00 00 00 00 00 00 00 00 00 00 00 00 00 00 00 00 00 00 00 00 00 00 00 00 00 00 00 00 00 00 00 00 00 00 00 00 00 00 00 00 00 00 00 00 00  

 --- 03-40 GAT >> CL

2023/10/26 10:50:46.979 [TX] - 56 69 56 4F 74 65 63 68 32 00 03 40 00 00 96 E2 
2023/10/26 10:50:46.984 [RX] - 56 69 56 4F 74 65 63 68 32 00 03 23 02 74 53 FF EE 12 0A 62 99 49 01 2C 00 04 60 00 01 FF EE 13 A1 41 2A 36 35 31 30 2A 2A 2A 2A 2A 2A 2A 2A 30 31 32 35 5E 43 41 52 44 2F 49 4D 41 47 45 20 30 38 20 20 20 20 20 20 20 20 20 20 20 20 20 5E 31 37 31 32 32 30 31 2A 2A 2A 2A 2A 2A 2A 2A 2A 2A 2A 2A 2A FF EE 13 C1 50 45 B6 96 F8 2B 51 6D 8A FC 7B A8 55 29 52 0C 8F B0 D5 7B 45 CE B1 4B 32 B8 A1 EF A4 7C E4 DD AC F7 B8 DB EA 13 DA 85 3E CB 4D 63 29 86 C4 8C E9 FA EC 38 A3 24 06 2E D2 7D 38 AB 98 BE 2A C9 0F EE 16 51 0C 8E 50 14 98 46 10 54 F1 33 71 3F E9 FF EE 14 A1 25 36 35 31 30 2A 2A 2A 2A 2A 2A 2A 2A 30 31 32 35 3D 31 37 31 32 32 30 31 2A 2A 2A 2A 2A 2A 2A 2A 2A 2A 2A 2A 2A FF EE 14 C1 30 BE AD A3 02 45 0D 5B 2D DA CE 27 C4 C7 D9 4B 4C 7F FA F2 05 47 4A 93 72 42 82 E4 AA E7 32 AB AF 51 63 D8 D5 CD 54 05 B1 4A 05 D4 D6 30 FA 64 A7 84 08 A0 00 00 03 24 10 10 01 9F 02 06 00 00 00 00 00 01 9F 06 07 A0 00 00 03 24 10 10 9F 35 01 22 9F 37 04 53 36 98 72 9F 39 01 91 9A 03 14 08 10 9F 21 03 12 01 28 56 A1 41 2A 36 35 31 30 2A 2A 2A 2A 2A 2A 2A 2A 30 31 32 35 5E 43 41 52 44 2F 49 4D 41 47 45 20 30 38 20 20 20 20 20 20 20 20 20 20 20 20 20 5E 31 37 31 32 32 30 31 2A 2A 2A 2A 2A 2A 2A 2A 2A 2A 2A 2A 2A 56 C1 50 62 7A 61 F7 49 00 96 8B 8B F2 6A A7 13 46 65 B2 24 1E 3A 1A 2B 4F 85 BA 6F E6 11 EF D2 1F DE 6D AC 66 CD 59 24 D4 DC 05 A6 64 07 24 CC D3 D9 76 56 DF 65 3F E9 33 FF CA F8 4C DE 22 C7 6F 5A 45 64 17 0E AE 02 38 07 87 1B 01 67 61 0D CC 08 20 57 A1 13 65 10 CC CC CC CC 01 25 D1 71 22 01 CC CC CC CC CC CC CC 57 C1 20 B0 7A 0B 39 EA CD A2 76 95 6C FD B6 CE FA B4 6C C9 E1 28 21 91 75 21 C6 4D DA 05 28 84 17 49 1C 9C 01 00 9F 1E 08 32 33 34 35 36 37 38 39 9F 41 04 00 00 00 08 FF EE 01 08 DF 30 01 00 DF 52 01 00 DF EF 4C 06 00 27 00 00 00 00 DF EF 4D 30 EE 05 52 F7 EE 0D 6C BA DE 18 CF 4F 3D E4 35 55 4B C1 B2 60 5F C1 BD 6A 5F A5 4B BB 95 2F BA 16 BA A8 E9 90 4E 7C D1 77 1E C2 42 73 9C 18 AB A9 DF EE 26 01 53 CD A1 00 00 00 00 00 00 00 00 00 00 00 00 00 00 00 00 00 00 00 00 00 00 00 00 00 00 00 00 00 00 00 00 00 00 00 00 00 00 00 00 00 00 00 00 00 00 00 00 00  

 --- 0-use TDES to encrypt (C7-32)

2023/10/26 10:50:47.560 [TX] - 56 69 56 4F 74 65 63 68 32 00 C7 32 00 01 00 FE 6D 
2023/10/26 10:50:47.575 [RX] - 56 69 56 4F 74 65 63 68 32 00 C7 00 00 00 86 6E 00 00 00 00 00 00 00 00 00 00 00 00 00 00 00 00 00 00 00 00 00 00 00 00 00 00 00 00 00 00 00 00 00 00 00 00 00 00 00 00 00 00 00 00 00 00 00  

 --- 01-01-----Poll on Demand

2023/10/26 10:50:47.606 [TX] - 56 69 56 4F 74 65 63 68 32 00 01 01 00 01 01 D7 34 
2023/10/26 10:50:47.621 [RX] - 56 69 56 4F 74 65 63 68 32 00 01 00 00 00 12 53 00 00 00 00 00 00 00 00 00 00 00 00 00 00 00 00 00 00 00 00 00 00 00 00 00 00 00 00 00 00 00 00 00 00 00 00 00 00 00 00 00 00 00 00 00 00 00  

 --- Erase All Key (83-00)

2023/10/26 10:50:47.649 [TX] - 56 69 56 4F 74 65 63 68 32 00 83 00 00 00 03 22 
2023/10/26 10:50:47.656 [RX] - 56 69 56 4F 74 65 63 68 32 00 83 00 00 00 22 03 00 00 00 00 00 00 00 00 00 00 00 00 00 00 00 00 00 00 00 00 00 00 00 00 00 00 00 00 00 00 00 00 00 00 00 00 00 00 00 00 00 00 00 00 00 00 00  

 --- C7-2F Set Data Encryption Key Variant Type (01 PIN Variant)

2023/10/26 10:50:47.692 [TX] - 56 69 56 4F 74 65 63 68 32 00 C7 2F 00 01 01 FE 5F 
2023/10/26 10:50:47.700 [RX] - 56 69 56 4F 74 65 63 68 32 00 C7 00 00 00 86 6E 00 00 00 00 00 00 00 00 00 00 00 00 00 00 00 00 00 00 00 00 00 00 00 00 00 00 00 00 00 00 00 00 00 00 00 00 00 00 00 00 00 00 00 00 00 00 00  

 --- Erase All Key (83-00)

2023/10/26 10:50:47.738 [TX] - 56 69 56 4F 74 65 63 68 32 00 83 00 00 00 03 22 
2023/10/26 10:50:47.746 [RX] - 56 69 56 4F 74 65 63 68 32 00 83 00 00 00 22 03 00 00 00 00 00 00 00 00 00 00 00 00 00 00 00 00 00 00 00 00 00 00 00 00 00 00 00 00 00 00 00 00 00 00 00 00 00 00 00 00 00 00 00 00 00 00 00  

 --- Load KPK

2023/10/26 10:50:48.073 [TX] - 56 69 56 4F 74 65 63 68 32 00 80 00 00 65 30 45 43 36 30 46 33 35 31 34 37 45 43 41 30 30 38 38 4B 30 54 44 30 30 4E 30 30 30 30 30 30 38 30 39 43 30 37 41 39 39 31 44 43 38 30 33 34 45 43 31 32 45 31 36 39 43 30 44 35 34 35 35 44 45 41 32 39 34 35 31 34 32 34 37 38 30 38 30 35 36 38 32 33 34 39 38 37 31 32 30 32 33 34 30 30 30 30 30 30 30 30 12 43 
2023/10/26 10:50:48.087 [RX] - 56 69 56 4F 74 65 63 68 32 00 80 00 00 00 B9 DF 00 00 00 00 00 00 00 00 00 00 00 00 00 00 00 00 00 00 00 00 00 00 00 00 00 00 00 00 00 00 00 00 00 00 00 00 00 00 00 00 00 00 00 00 00 00 00 
2023/10/26 10:50:48.416 [TX] - 56 69 56 4F 74 65 63 68 32 00 80 00 00 65 31 34 43 45 32 35 35 35 31 34 37 45 43 41 30 30 38 38 4B 30 54 44 30 30 4E 30 30 30 30 30 30 38 30 46 35 30 36 46 36 41 33 44 34 30 38 39 39 45 30 35 35 42 42 35 42 39 45 33 41 44 44 36 30 30 42 38 38 35 33 32 37 37 39 32 32 34 36 30 39 32 36 32 33 41 39 39 37 31 32 36 32 33 34 30 30 30 30 30 30 30 30 35 7F 
2023/10/26 10:50:48.430 [RX] - 56 69 56 4F 74 65 63 68 32 00 80 00 00 00 B9 DF 00 00 00 00 00 00 00 00 00 00 00 00 00 00 00 00 00 00 00 00 00 00 00 00 00 00 00 00 00 00 00 00 00 00 00 00 00 00 00 00 00 00 00 00 00 00 00 
2023/10/26 10:50:48.758 [TX] - 56 69 56 4F 74 65 63 68 32 00 80 01 00 58 41 30 30 38 38 4B 30 54 44 30 30 4E 30 30 30 30 43 44 32 46 43 43 36 44 37 39 32 44 33 42 32 34 46 30 38 33 37 42 30 33 32 44 30 38 36 38 46 45 43 39 46 44 44 43 39 43 32 36 33 31 31 35 46 30 44 43 43 34 42 44 42 35 37 43 36 30 33 43 34 32 46 34 41 35 30 34 34 39 97 D5 
2023/10/26 10:50:48.772 [RX] - 56 69 56 4F 74 65 63 68 32 00 80 00 00 00 B9 DF 00 00 00 00 00 00 00 00 00 00 00 00 00 00 00 00 00 00 00 00 00 00 00 00 00 00 00 00 00 00 00 00 00 00 00 00 00 00 00 00 00 00 00 00 00 00 00  

 --- Load DUKPT key

2023/10/26 10:50:49.130 [TX] - 56 69 56 4F 74 65 63 68 32 00 81 00 00 71 05 41 30 31 31 32 44 30 54 45 30 30 4E 30 31 30 30 4B 53 31 38 36 32 39 39 34 39 30 31 32 43 30 30 30 34 36 30 30 30 30 31 39 34 34 38 36 43 33 31 36 38 43 41 31 46 42 34 41 38 30 39 45 36 33 39 46 46 39 43 33 42 37 32 36 45 32 34 37 43 35 39 30 42 32 32 38 43 35 44 32 32 36 35 30 46 36 36 39 37 45 38 34 37 41 32 46 38 41 32 37 33 39 33 47 AE 
2023/10/26 10:50:49.152 [RX] - 56 69 56 4F 74 65 63 68 32 00 81 00 00 00 CF 6B 00 00 00 00 00 00 00 00 00 00 00 00 00 00 00 00 00 00 00 00 00 00 00 00 00 00 00 00 00 00 00 00 00 00 00 00 00 00 00 00 00 00 00 00 00 00 00  

 --- 60-10 AT >> CT

2023/10/26 10:50:50.597 [TX] - 56 69 56 4F 74 65 63 68 32 00 60 10 00 23 01 00 78 00 78 9C 01 00 5F 57 01 00 9F 02 06 00 00 00 00 02 00 9F 03 06 00 00 00 00 00 00 5F 2A 02 08 40 F0 8F 
2023/10/26 10:50:50.611 [RX] - 56 69 56 4F 74 65 63 68 32 00 60 63 00 00 FF 0E 00 00 00 00 00 00 00 00 00 00 00 00 00 00 00 00 00 00 00 00 00 00 00 00 00 00 00 00 00 00 00 00 00 00 00 00 00 00 00 00 00 00 00 00 00 00 00 56 69 56 4F 74 65 63 68 32 00 61 01 00 10 03 00 00 02 00 45 4E 03 00 81 0B 1C 02 00 00 00 34 C9 00 00 00 00 00 00 00 00 00 00 00 00 00 00 00 00 00 00 00 00 00 00 00 00 00 00 00 00 00 00 00 56 69 56 4F 74 65 63 68 32 00 61 01 00 10 03 00 00 02 00 45 4E 03 00 81 11 1C 02 00 00 00 A8 4F 00 00 00 00 00 00 00 00 00 00 00 00 00 00 00 00 00 00 00 00 00 00 00 00 00 00 00 00 00 00 00 56 69 56 4F 74 65 63 68 32 00 61 01 00 10 03 00 00 02 00 45 4E 03 00 81 1A 1C 02 00 00 00 6B ED 00 00 00 00 00 00 00 00 00 00 00 00 00 00 00 00 00 00 00 00 00 00 00 00 00 00 00 00 00 00 00 56 69 56 4F 74 65 63 68 32 00 61 01 00 10 03 00 00 02 00 45 53 03 00 81 1A 1C 02 00 00 00 77 40 00 00 00 00 00 00 00 00 00 00 00 00 00 00 00 00 00 00 00 00 00 00 00 00 00 00 00 00 00 00 00 56 69 56 4F 74 65 63 68 32 00 60 00 00 C4 40 DF EE 25 02 00 10 57 11 47 61 73 90 01 01 00 10 D2 01 22 01 01 23 45 67 89 5A 08 47 61 73 90 01 01 00 10 5F 34 01 01 5F 20 0F 46 55 4C 4C 20 46 55 4E 43 54 49 4F 4E 41 4C 5F 24 03 20 12 31 9F 20 00 5F 25 03 95 07 01 5F 2D 08 65 73 65 6E 66 72 64 65 50 0A 56 49 53 41 43 52 45 44 49 54 4F 07 A0 00 00 00 03 10 10 84 07 A0 00 00 00 03 10 10 DF EE 23 00 9F 39 01 07 9F 1E 08 32 33 34 35 36 37 38 39 FF EE 01 04 DF 30 01 01 DF EF 4C 06 00 24 00 00 00 00 DF EF 4D 24 3B 34 37 36 31 37 33 39 30 30 31 30 31 30 30 31 30 3D 32 30 31 32 32 30 31 30 31 32 33 34 35 36 37 38 39 3F DF EE 26 01 40 03 1C 00 00 00 00 00 00 00 00 00 00 00 00 00 00 00 00 00 00 00 00 00 00 00 00 00 00 00 00 00 00 00 00 00 00 00 00 00 00 00 00  

 --- 1-use AES to encrypt (C7-32)

2023/10/26 10:50:55.550 [TX] - 56 69 56 4F 74 65 63 68 32 00 C7 32 00 01 01 DF 7D 
2023/10/26 10:50:55.562 [RX] - 56 69 56 4F 74 65 63 68 32 00 C7 00 00 00 86 6E 00 00 00 00 00 00 00 00 00 00 00 00 00 00 00 00 00 00 00 00 00 00 00 00 00 00 00 00 00 00 00 00 00 00 00 00 00 00 00 00 00 00 00 00 00 00 00  

 --- 01-01-----Poll on Demand

2023/10/26 10:50:55.592 [TX] - 56 69 56 4F 74 65 63 68 32 00 01 01 00 01 01 D7 34 
2023/10/26 10:50:55.608 [RX] - 56 69 56 4F 74 65 63 68 32 00 01 00 00 00 12 53 00 00 00 00 00 00 00 00 00 00 00 00 00 00 00 00 00 00 00 00 00 00 00 00 00 00 00 00 00 00 00 00 00 00 00 00 00 00 00 00 00 00 00 00 00 00 00  

 --- Erase All Key (83-00)

2023/10/26 10:50:55.637 [TX] - 56 69 56 4F 74 65 63 68 32 00 83 00 00 00 03 22 
2023/10/26 10:50:55.644 [RX] - 56 69 56 4F 74 65 63 68 32 00 83 00 00 00 22 03 00 00 00 00 00 00 00 00 00 00 00 00 00 00 00 00 00 00 00 00 00 00 00 00 00 00 00 00 00 00 00 00 00 00 00 00 00 00 00 00 00 00 00 00 00 00 00  

 --- C7-2F Set Data Encryption Key Variant Type (01 PIN Variant)

2023/10/26 10:50:55.685 [TX] - 56 69 56 4F 74 65 63 68 32 00 C7 2F 00 01 01 FE 5F 
2023/10/26 10:50:55.700 [RX] - 56 69 56 4F 74 65 63 68 32 00 C7 00 00 00 86 6E 00 00 00 00 00 00 00 00 00 00 00 00 00 00 00 00 00 00 00 00 00 00 00 00 00 00 00 00 00 00 00 00 00 00 00 00 00 00 00 00 00 00 00 00 00 00 00  

 --- Erase All Key (83-00)

2023/10/26 10:50:55.729 [TX] - 56 69 56 4F 74 65 63 68 32 00 83 00 00 00 03 22 
2023/10/26 10:50:55.736 [RX] - 56 69 56 4F 74 65 63 68 32 00 83 00 00 00 22 03 00 00 00 00 00 00 00 00 00 00 00 00 00 00 00 00 00 00 00 00 00 00 00 00 00 00 00 00 00 00 00 00 00 00 00 00 00 00 00 00 00 00 00 00 00 00 00  

 --- Load KPK

2023/10/26 10:50:56.072 [TX] - 56 69 56 4F 74 65 63 68 32 00 80 00 00 65 30 45 43 36 30 46 33 35 31 34 37 45 43 41 30 30 38 38 4B 30 54 44 30 30 4E 30 30 30 30 30 30 38 30 39 43 30 37 41 39 39 31 44 43 38 30 33 34 45 43 31 32 45 31 36 39 43 30 44 35 34 35 35 44 45 41 32 39 34 35 31 34 32 34 37 38 30 38 30 35 36 38 32 33 34 39 38 37 31 32 30 32 33 34 30 30 30 30 30 30 30 30 12 43 
2023/10/26 10:50:56.086 [RX] - 56 69 56 4F 74 65 63 68 32 00 80 00 00 00 B9 DF 00 00 00 00 00 00 00 00 00 00 00 00 00 00 00 00 00 00 00 00 00 00 00 00 00 00 00 00 00 00 00 00 00 00 00 00 00 00 00 00 00 00 00 00 00 00 00 
2023/10/26 10:50:56.399 [TX] - 56 69 56 4F 74 65 63 68 32 00 80 00 00 65 31 34 43 45 32 35 35 35 31 34 37 45 43 41 30 30 38 38 4B 30 54 44 30 30 4E 30 30 30 30 30 30 38 30 46 35 30 36 46 36 41 33 44 34 30 38 39 39 45 30 35 35 42 42 35 42 39 45 33 41 44 44 36 30 30 42 38 38 35 33 32 37 37 39 32 32 34 36 30 39 32 36 32 33 41 39 39 37 31 32 36 32 33 34 30 30 30 30 30 30 30 30 35 7F 
2023/10/26 10:50:56.413 [RX] - 56 69 56 4F 74 65 63 68 32 00 80 00 00 00 B9 DF 00 00 00 00 00 00 00 00 00 00 00 00 00 00 00 00 00 00 00 00 00 00 00 00 00 00 00 00 00 00 00 00 00 00 00 00 00 00 00 00 00 00 00 00 00 00 00 
2023/10/26 10:50:56.738 [TX] - 56 69 56 4F 74 65 63 68 32 00 80 01 00 58 41 30 30 38 38 4B 30 54 44 30 30 4E 30 30 30 30 43 44 32 46 43 43 36 44 37 39 32 44 33 42 32 34 46 30 38 33 37 42 30 33 32 44 30 38 36 38 46 45 43 39 46 44 44 43 39 43 32 36 33 31 31 35 46 30 44 43 43 34 42 44 42 35 37 43 36 30 33 43 34 32 46 34 41 35 30 34 34 39 97 D5 
2023/10/26 10:50:56.752 [RX] - 56 69 56 4F 74 65 63 68 32 00 80 00 00 00 B9 DF 00 00 00 00 00 00 00 00 00 00 00 00 00 00 00 00 00 00 00 00 00 00 00 00 00 00 00 00 00 00 00 00 00 00 00 00 00 00 00 00 00 00 00 00 00 00 00  

 --- Load DUKPT key

2023/10/26 10:50:57.081 [TX] - 56 69 56 4F 74 65 63 68 32 00 81 00 00 71 05 41 30 31 31 32 44 30 54 45 30 30 4E 30 31 30 30 4B 53 31 38 36 32 39 39 34 39 30 31 32 43 30 30 30 34 36 30 30 30 30 31 39 34 34 38 36 43 33 31 36 38 43 41 31 46 42 34 41 38 30 39 45 36 33 39 46 46 39 43 33 42 37 32 36 45 32 34 37 43 35 39 30 42 32 32 38 43 35 44 32 32 36 35 30 46 36 36 39 37 45 38 34 37 41 32 46 38 41 32 37 33 39 33 47 AE 
2023/10/26 10:50:57.104 [RX] - 56 69 56 4F 74 65 63 68 32 00 81 00 00 00 CF 6B 00 00 00 00 00 00 00 00 00 00 00 00 00 00 00 00 00 00 00 00 00 00 00 00 00 00 00 00 00 00 00 00 00 00 00 00 00 00 00 00 00 00 00 00 00 00 00  

 --- 60-10 AT >> CT

2023/10/26 10:50:58.999 [TX] - 56 69 56 4F 74 65 63 68 32 00 60 10 00 23 01 00 78 00 78 9C 01 00 5F 57 01 00 9F 02 06 00 00 00 00 02 00 9F 03 06 00 00 00 00 00 00 5F 2A 02 08 40 F0 8F 
2023/10/26 10:50:59.004 [RX] - 56 69 56 4F 74 65 63 68 32 00 60 63 00 00 FF 0E 00 00 00 00 00 00 00 00 00 00 00 00 00 00 00 00 00 00 00 00 00 00 00 00 00 00 00 00 00 00 00 00 00 00 00 00 00 00 00 00 00 00 00 00 00 00 00 56 69 56 4F 74 65 63 68 32 00 61 01 00 10 03 00 00 02 00 45 4E 03 00 81 0B 1C 02 00 00 00 34 C9 00 00 00 00 00 00 00 00 00 00 00 00 00 00 00 00 00 00 00 00 00 00 00 00 00 00 00 00 00 00 00 56 69 56 4F 74 65 63 68 32 00 61 01 00 10 03 00 00 02 00 45 4E 03 00 81 11 1C 02 00 00 00 A8 4F 00 00 00 00 00 00 00 00 00 00 00 00 00 00 00 00 00 00 00 00 00 00 00 00 00 00 00 00 00 00 00 56 69 56 4F 74 65 63 68 32 00 61 01 00 10 03 00 00 02 00 45 4E 03 00 81 1A 1C 02 00 00 00 6B ED 00 00 00 00 00 00 00 00 00 00 00 00 00 00 00 00 00 00 00 00 00 00 00 00 00 00 00 00 00 00 00 56 69 56 4F 74 65 63 68 32 00 61 01 00 10 03 00 00 02 00 45 53 03 00 81 1A 1C 02 00 00 00 77 40 00 00 00 00 00 00 00 00 00 00 00 00 00 00 00 00 00 00 00 00 00 00 00 00 00 00 00 00 00 00 00 56 69 56 4F 74 65 63 68 32 00 60 00 00 C4 42 DF EE 25 02 00 10 57 11 47 61 73 90 01 01 00 10 D2 01 22 01 01 23 45 67 89 5A 08 47 61 73 90 01 01 00 10 5F 34 01 01 5F 20 0F 46 55 4C 4C 20 46 55 4E 43 54 49 4F 4E 41 4C 5F 24 03 20 12 31 9F 20 00 5F 25 03 95 07 01 5F 2D 08 65 73 65 6E 66 72 64 65 50 0A 56 49 53 41 43 52 45 44 49 54 4F 07 A0 00 00 00 03 10 10 84 07 A0 00 00 00 03 10 10 DF EE 23 00 9F 39 01 07 9F 1E 08 32 33 34 35 36 37 38 39 FF EE 01 04 DF 30 01 01 DF EF 4C 06 00 24 00 00 00 00 DF EF 4D 24 3B 34 37 36 31 37 33 39 30 30 31 30 31 30 30 31 30 3D 32 30 31 32 32 30 31 30 31 32 33 34 35 36 37 38 39 3F DF EE 26 01 42 CB F9 00 00 00 00 00 00 00 00 00 00 00 00 00 00 00 00 00 00 00 00 00 00 00 00 00 00 00 00 00 00 00 00 00 00 00 00 00 00 00 00  

 --- C7-36 = 03

2023/10/26 10:51:04.086 [TX] - 56 69 56 4F 74 65 63 68 32 00 C7 36 00 01 03 6C 97 
2023/10/26 10:51:04.093 [RX] - 56 69 56 4F 74 65 63 68 32 00 C7 00 00 00 86 6E 00 00 00 00 00 00 00 00 00 00 00 00 00 00 00 00 00 00 00 00 00 00 00 00 00 00 00 00 00 00 00 00 00 00 00 00 00 00 00 00 00 00 00 00 00 00 00  

 --- Get Data Encryption (C7-37)

2023/10/26 10:51:04.102 [TX] - 56 69 56 4F 74 65 63 68 32 00 C7 37 00 00 5B C6 
2023/10/26 10:51:04.108 [RX] - 56 69 56 4F 74 65 63 68 32 00 C7 00 00 01 03 9C 1C 00 00 00 00 00 00 00 00 00 00 00 00 00 00 00 00 00 00 00 00 00 00 00 00 00 00 00 00 00 00 00 00 00 00 00 00 00 00 00 00 00 00 00 00 00 00  

 --- 0-use TDES to encrypt (C7-32)

2023/10/26 10:51:04.119 [TX] - 56 69 56 4F 74 65 63 68 32 00 C7 32 00 01 00 FE 6D 
2023/10/26 10:51:04.128 [RX] - 56 69 56 4F 74 65 63 68 32 00 C7 00 00 00 86 6E 00 00 00 00 00 00 00 00 00 00 00 00 00 00 00 00 00 00 00 00 00 00 00 00 00 00 00 00 00 00 00 00 00 00 00 00 00 00 00 00 00 00 00 00 00 00 00  

 --- 01-01-----Poll on Demand

2023/10/26 10:51:04.153 [TX] - 56 69 56 4F 74 65 63 68 32 00 01 01 00 01 01 D7 34 
2023/10/26 10:51:04.160 [RX] - 56 69 56 4F 74 65 63 68 32 00 01 00 00 00 12 53 00 00 00 00 00 00 00 00 00 00 00 00 00 00 00 00 00 00 00 00 00 00 00 00 00 00 00 00 00 00 00 00 00 00 00 00 00 00 00 00 00 00 00 00 00 00 00  

 --- Erase All Key (83-00)

2023/10/26 10:51:04.183 [TX] - 56 69 56 4F 74 65 63 68 32 00 83 00 00 00 03 22 
2023/10/26 10:51:04.192 [RX] - 56 69 56 4F 74 65 63 68 32 00 83 00 00 00 22 03 00 00 00 00 00 00 00 00 00 00 00 00 00 00 00 00 00 00 00 00 00 00 00 00 00 00 00 00 00 00 00 00 00 00 00 00 00 00 00 00 00 00 00 00 00 00 00  

 --- C7-2F Set Data Encryption Key Variant Type (01 PIN Variant)

2023/10/26 10:51:04.221 [TX] - 56 69 56 4F 74 65 63 68 32 00 C7 2F 00 01 01 FE 5F 
2023/10/26 10:51:04.233 [RX] - 56 69 56 4F 74 65 63 68 32 00 C7 00 00 00 86 6E 00 00 00 00 00 00 00 00 00 00 00 00 00 00 00 00 00 00 00 00 00 00 00 00 00 00 00 00 00 00 00 00 00 00 00 00 00 00 00 00 00 00 00 00 00 00 00  

 --- Erase All Key (83-00)

2023/10/26 10:51:04.252 [TX] - 56 69 56 4F 74 65 63 68 32 00 83 00 00 00 03 22 
2023/10/26 10:51:04.264 [RX] - 56 69 56 4F 74 65 63 68 32 00 83 00 00 00 22 03 00 00 00 00 00 00 00 00 00 00 00 00 00 00 00 00 00 00 00 00 00 00 00 00 00 00 00 00 00 00 00 00 00 00 00 00 00 00 00 00 00 00 00 00 00 00 00  

 --- Load KPK

2023/10/26 10:51:04.586 [TX] - 56 69 56 4F 74 65 63 68 32 00 80 00 00 65 30 45 43 36 30 46 33 35 31 34 37 45 43 41 30 30 38 38 4B 30 54 44 30 30 4E 30 30 30 30 30 30 38 30 39 43 30 37 41 39 39 31 44 43 38 30 33 34 45 43 31 32 45 31 36 39 43 30 44 35 34 35 35 44 45 41 32 39 34 35 31 34 32 34 37 38 30 38 30 35 36 38 32 33 34 39 38 37 31 32 30 32 33 34 30 30 30 30 30 30 30 30 12 43 
2023/10/26 10:51:04.596 [RX] - 56 69 56 4F 74 65 63 68 32 00 80 00 00 00 B9 DF 00 00 00 00 00 00 00 00 00 00 00 00 00 00 00 00 00 00 00 00 00 00 00 00 00 00 00 00 00 00 00 00 00 00 00 00 00 00 00 00 00 00 00 00 00 00 00 
2023/10/26 10:51:04.920 [TX] - 56 69 56 4F 74 65 63 68 32 00 80 00 00 65 31 34 43 45 32 35 35 35 31 34 37 45 43 41 30 30 38 38 4B 30 54 44 30 30 4E 30 30 30 30 30 30 38 30 46 35 30 36 46 36 41 33 44 34 30 38 39 39 45 30 35 35 42 42 35 42 39 45 33 41 44 44 36 30 30 42 38 38 35 33 32 37 37 39 32 32 34 36 30 39 32 36 32 33 41 39 39 37 31 32 36 32 33 34 30 30 30 30 30 30 30 30 35 7F 
2023/10/26 10:51:04.934 [RX] - 56 69 56 4F 74 65 63 68 32 00 80 00 00 00 B9 DF 00 00 00 00 00 00 00 00 00 00 00 00 00 00 00 00 00 00 00 00 00 00 00 00 00 00 00 00 00 00 00 00 00 00 00 00 00 00 00 00 00 00 00 00 00 00 00 
2023/10/26 10:51:05.248 [TX] - 56 69 56 4F 74 65 63 68 32 00 80 01 00 58 41 30 30 38 38 4B 30 54 44 30 30 4E 30 30 30 30 43 44 32 46 43 43 36 44 37 39 32 44 33 42 32 34 46 30 38 33 37 42 30 33 32 44 30 38 36 38 46 45 43 39 46 44 44 43 39 43 32 36 33 31 31 35 46 30 44 43 43 34 42 44 42 35 37 43 36 30 33 43 34 32 46 34 41 35 30 34 34 39 97 D5 
2023/10/26 10:51:05.262 [RX] - 56 69 56 4F 74 65 63 68 32 00 80 00 00 00 B9 DF 00 00 00 00 00 00 00 00 00 00 00 00 00 00 00 00 00 00 00 00 00 00 00 00 00 00 00 00 00 00 00 00 00 00 00 00 00 00 00 00 00 00 00 00 00 00 00  

 --- Load DUKPT key

2023/10/26 10:51:05.589 [TX] - 56 69 56 4F 74 65 63 68 32 00 81 00 00 71 05 41 30 31 31 32 44 30 54 45 30 30 4E 30 31 30 30 4B 53 31 38 36 32 39 39 34 39 30 31 32 43 30 30 30 34 36 30 30 30 30 31 39 34 34 38 36 43 33 31 36 38 43 41 31 46 42 34 41 38 30 39 45 36 33 39 46 46 39 43 33 42 37 32 36 45 32 34 37 43 35 39 30 42 32 32 38 43 35 44 32 32 36 35 30 46 36 36 39 37 45 38 34 37 41 32 46 38 41 32 37 33 39 33 47 AE 
2023/10/26 10:51:05.612 [RX] - 56 69 56 4F 74 65 63 68 32 00 81 00 00 00 CF 6B 00 00 00 00 00 00 00 00 00 00 00 00 00 00 00 00 00 00 00 00 00 00 00 00 00 00 00 00 00 00 00 00 00 00 00 00 00 00 00 00 00 00 00 00 00 00 00  

 --- 02-40 AT >> CL

2023/10/26 10:51:09.393 [TX] - 56 69 56 4F 74 65 63 68 32 00 02 40 00 15 78 9F 02 06 00 00 00 00 10 00 9A 03 07 11 21 9F 21 03 10 15 20 93 17 
2023/10/26 10:51:10.324 [RX] - 56 69 56 4F 74 65 63 68 32 00 02 23 02 54 D1 FF EE 12 0A 62 99 49 01 2C 00 04 60 00 01 FF EE 13 A1 41 2A 36 35 31 30 2A 2A 2A 2A 2A 2A 2A 2A 30 31 32 35 5E 43 41 52 44 2F 49 4D 41 47 45 20 30 38 20 20 20 20 20 20 20 20 20 20 20 20 20 5E 31 37 31 32 32 30 31 2A 2A 2A 2A 2A 2A 2A 2A 2A 2A 2A 2A 2A FF EE 13 C1 48 15 2C 50 9E 7D B0 4E 45 C5 6D 90 C5 14 A1 8E 2A 9E EB 1A 17 54 7C D0 46 FF 64 23 8A 51 D9 7B F7 F7 88 19 80 F1 A4 4A 95 29 68 A8 24 E0 49 A5 F9 24 1A D2 4E 61 6E 08 3D 01 74 83 72 13 F8 D3 13 C4 8A 1D 12 D5 B8 66 4A FF EE 14 A1 25 36 35 31 30 2A 2A 2A 2A 2A 2A 2A 2A 30 31 32 35 3D 31 37 31 32 32 30 31 2A 2A 2A 2A 2A 2A 2A 2A 2A 2A 2A 2A 2A FF EE 14 C1 30 D5 1F 7D A8 B4 01 70 7C 48 13 55 60 1B 0C 65 3C 2C 66 E5 85 35 3D 2B AB 3E CE 24 32 E7 D6 6A E4 03 FA CC AB C6 B9 A1 27 FC 85 F8 A3 93 6B 88 A1 84 08 A0 00 00 03 24 10 10 01 9F 02 06 00 00 00 00 10 00 9F 06 07 A0 00 00 03 24 10 10 9F 35 01 22 9F 37 04 73 71 65 12 9F 39 01 91 9A 03 07 11 21 9F 21 03 10 15 20 56 A1 41 2A 36 35 31 30 2A 2A 2A 2A 2A 2A 2A 2A 30 31 32 35 5E 43 41 52 44 2F 49 4D 41 47 45 20 30 38 20 20 20 20 20 20 20 20 20 20 20 20 20 5E 31 37 31 32 32 30 31 2A 2A 2A 2A 2A 2A 2A 2A 2A 2A 2A 2A 2A 56 C1 48 57 42 D7 0F 7B 28 3C 3F 50 C6 4D 62 4C 6C 16 A8 C0 4A 50 F6 0D 8D 6A 4D A0 F3 A2 69 6D DE CB C6 D9 80 E9 64 A1 4E A9 FB C4 E5 AE 8E 09 1D 21 32 C5 F8 41 DC 76 6F D2 D9 4A 89 18 55 4B 1D F0 A9 62 DD 14 25 A0 41 B1 71 57 A1 13 65 10 CC CC CC CC 01 25 D1 71 22 01 CC CC CC CC CC CC CC 57 C1 18 2C 9A 40 64 99 26 88 92 89 62 07 79 30 79 FE 3C AB 1B 38 C7 C3 2A 87 F5 9C 01 00 9F 1E 08 32 33 34 35 36 37 38 39 9F 41 04 00 00 00 10 FF EE 01 08 DF 30 01 00 DF 52 01 00 DF EF 4C 06 00 27 00 00 00 00 DF EF 4D 28 52 27 BA 06 47 47 C8 7D 50 C3 66 DF AE E2 5A 22 18 5D D2 9B C2 C4 B9 F9 71 11 01 BC 22 9D A1 02 55 E7 3C 16 CE 7E 28 79 DF EE 26 01 D1 E6 70 00 00 00 00 00 00 00 00 00 00 00 00 00 00 00 00 00 00  

 --- 01-01-----Auto Poll

2023/10/26 10:51:10.893 [TX] - 56 69 56 4F 74 65 63 68 32 00 01 01 00 01 00 F6 24 
2023/10/26 10:51:10.900 [RX] - 56 69 56 4F 74 65 63 68 32 00 01 00 00 00 12 53 00 00 00 00 00 00 00 00 00 00 00 00 00 00 00 00 00 00 00 00 00 00 00 00 00 00 00 00 00 00 00 00 00 00 00 00 00 00 00 00 00 00 00 00 00 00 00  

 --- Erase All Key (83-00)

2023/10/26 10:51:10.924 [TX] - 56 69 56 4F 74 65 63 68 32 00 83 00 00 00 03 22 
2023/10/26 10:51:10.932 [RX] - 56 69 56 4F 74 65 63 68 32 00 83 00 00 00 22 03 00 00 00 00 00 00 00 00 00 00 00 00 00 00 00 00 00 00 00 00 00 00 00 00 00 00 00 00 00 00 00 00 00 00 00 00 00 00 00 00 00 00 00 00 00 00 00  

 --- C7-2F Set Data Encryption Key Variant Type (01 PIN Variant)

2023/10/26 10:51:10.960 [TX] - 56 69 56 4F 74 65 63 68 32 00 C7 2F 00 01 01 FE 5F 
2023/10/26 10:51:10.973 [RX] - 56 69 56 4F 74 65 63 68 32 00 C7 00 00 00 86 6E 00 00 00 00 00 00 00 00 00 00 00 00 00 00 00 00 00 00 00 00 00 00 00 00 00 00 00 00 00 00 00 00 00 00 00 00 00 00 00 00 00 00 00 00 00 00 00  

 --- Erase All Key (83-00)

2023/10/26 10:51:10.995 [TX] - 56 69 56 4F 74 65 63 68 32 00 83 00 00 00 03 22 
2023/10/26 10:51:11.004 [RX] - 56 69 56 4F 74 65 63 68 32 00 83 00 00 00 22 03 00 00 00 00 00 00 00 00 00 00 00 00 00 00 00 00 00 00 00 00 00 00 00 00 00 00 00 00 00 00 00 00 00 00 00 00 00 00 00 00 00 00 00 00 00 00 00  

 --- Load KPK

2023/10/26 10:51:11.343 [TX] - 56 69 56 4F 74 65 63 68 32 00 80 00 00 65 30 45 43 36 30 46 33 35 31 34 37 45 43 41 30 30 38 38 4B 30 54 44 30 30 4E 30 30 30 30 30 30 38 30 39 43 30 37 41 39 39 31 44 43 38 30 33 34 45 43 31 32 45 31 36 39 43 30 44 35 34 35 35 44 45 41 32 39 34 35 31 34 32 34 37 38 30 38 30 35 36 38 32 33 34 39 38 37 31 32 30 32 33 34 30 30 30 30 30 30 30 30 12 43 
2023/10/26 10:51:11.352 [RX] - 56 69 56 4F 74 65 63 68 32 00 80 00 00 00 B9 DF 00 00 00 00 00 00 00 00 00 00 00 00 00 00 00 00 00 00 00 00 00 00 00 00 00 00 00 00 00 00 00 00 00 00 00 00 00 00 00 00 00 00 00 00 00 00 00 
2023/10/26 10:51:11.673 [TX] - 56 69 56 4F 74 65 63 68 32 00 80 00 00 65 31 34 43 45 32 35 35 35 31 34 37 45 43 41 30 30 38 38 4B 30 54 44 30 30 4E 30 30 30 30 30 30 38 30 46 35 30 36 46 36 41 33 44 34 30 38 39 39 45 30 35 35 42 42 35 42 39 45 33 41 44 44 36 30 30 42 38 38 35 33 32 37 37 39 32 32 34 36 30 39 32 36 32 33 41 39 39 37 31 32 36 32 33 34 30 30 30 30 30 30 30 30 35 7F 
2023/10/26 10:51:11.687 [RX] - 56 69 56 4F 74 65 63 68 32 00 80 00 00 00 B9 DF 00 00 00 00 00 00 00 00 00 00 00 00 00 00 00 00 00 00 00 00 00 00 00 00 00 00 00 00 00 00 00 00 00 00 00 00 00 00 00 00 00 00 00 00 00 00 00 
2023/10/26 10:51:11.998 [TX] - 56 69 56 4F 74 65 63 68 32 00 80 01 00 58 41 30 30 38 38 4B 30 54 44 30 30 4E 30 30 30 30 43 44 32 46 43 43 36 44 37 39 32 44 33 42 32 34 46 30 38 33 37 42 30 33 32 44 30 38 36 38 46 45 43 39 46 44 44 43 39 43 32 36 33 31 31 35 46 30 44 43 43 34 42 44 42 35 37 43 36 30 33 43 34 32 46 34 41 35 30 34 34 39 97 D5 
2023/10/26 10:51:12.013 [RX] - 56 69 56 4F 74 65 63 68 32 00 80 00 00 00 B9 DF 00 00 00 00 00 00 00 00 00 00 00 00 00 00 00 00 00 00 00 00 00 00 00 00 00 00 00 00 00 00 00 00 00 00 00 00 00 00 00 00 00 00 00 00 00 00 00  

 --- Load DUKPT key

2023/10/26 10:51:12.342 [TX] - 56 69 56 4F 74 65 63 68 32 00 81 00 00 71 05 41 30 31 31 32 44 30 54 45 30 30 4E 30 31 30 30 4B 53 31 38 36 32 39 39 34 39 30 31 32 43 30 30 30 34 36 30 30 30 30 31 39 34 34 38 36 43 33 31 36 38 43 41 31 46 42 34 41 38 30 39 45 36 33 39 46 46 39 43 33 42 37 32 36 45 32 34 37 43 35 39 30 42 32 32 38 43 35 44 32 32 36 35 30 46 36 36 39 37 45 38 34 37 41 32 46 38 41 32 37 33 39 33 47 AE 
2023/10/26 10:51:12.364 [RX] - 56 69 56 4F 74 65 63 68 32 00 81 00 00 00 CF 6B 00 00 00 00 00 00 00 00 00 00 00 00 00 00 00 00 00 00 00 00 00 00 00 00 00 00 00 00 00 00 00 00 00 00 00 00 00 00 00 00 00 00 00 00 00 00 00  

 --- 03-40 GAT >> CL

2023/10/26 10:51:16.432 [TX] - 56 69 56 4F 74 65 63 68 32 00 03 40 00 00 96 E2 
2023/10/26 10:51:16.440 [RX] - 56 69 56 4F 74 65 63 68 32 00 03 23 02 54 D1 FF EE 12 0A 62 99 49 01 2C 00 04 60 00 01 FF EE 13 A1 41 2A 36 35 31 30 2A 2A 2A 2A 2A 2A 2A 2A 30 31 32 35 5E 43 41 52 44 2F 49 4D 41 47 45 20 30 38 20 20 20 20 20 20 20 20 20 20 20 20 20 5E 31 37 31 32 32 30 31 2A 2A 2A 2A 2A 2A 2A 2A 2A 2A 2A 2A 2A FF EE 13 C1 48 15 2C 50 9E 7D B0 4E 45 C5 6D 90 C5 14 A1 8E 2A 9E EB 1A 17 54 7C D0 46 FF 64 23 8A 51 D9 7B F7 F7 88 19 80 F1 A4 4A 95 29 68 A8 24 E0 49 A5 F9 24 1A D2 4E 61 6E 08 3D 01 74 83 72 13 F8 D3 13 C4 8A 1D 12 D5 B8 66 4A FF EE 14 A1 25 36 35 31 30 2A 2A 2A 2A 2A 2A 2A 2A 30 31 32 35 3D 31 37 31 32 32 30 31 2A 2A 2A 2A 2A 2A 2A 2A 2A 2A 2A 2A 2A FF EE 14 C1 30 D5 1F 7D A8 B4 01 70 7C 48 13 55 60 1B 0C 65 3C 2C 66 E5 85 35 3D 2B AB 3E CE 24 32 E7 D6 6A E4 03 FA CC AB C6 B9 A1 27 FC 85 F8 A3 93 6B 88 A1 84 08 A0 00 00 03 24 10 10 01 9F 02 06 00 00 00 00 00 01 9F 06 07 A0 00 00 03 24 10 10 9F 35 01 22 9F 37 04 33 64 67 62 9F 39 01 91 9A 03 14 08 10 9F 21 03 12 01 56 56 A1 41 2A 36 35 31 30 2A 2A 2A 2A 2A 2A 2A 2A 30 31 32 35 5E 43 41 52 44 2F 49 4D 41 47 45 20 30 38 20 20 20 20 20 20 20 20 20 20 20 20 20 5E 31 37 31 32 32 30 31 2A 2A 2A 2A 2A 2A 2A 2A 2A 2A 2A 2A 2A 56 C1 48 57 42 D7 0F 7B 28 3C 3F 50 C6 4D 62 4C 6C 16 A8 C0 4A 50 F6 0D 8D 6A 4D A0 F3 A2 69 6D DE CB C6 D9 80 E9 64 A1 4E A9 FB C4 E5 AE 8E 09 1D 21 32 C5 F8 41 DC 76 6F D2 D9 4A 89 18 55 4B 1D F0 A9 62 DD 14 25 A0 41 B1 71 57 A1 13 65 10 CC CC CC CC 01 25 D1 71 22 01 CC CC CC CC CC CC CC 57 C1 18 2C 9A 40 64 99 26 88 92 89 62 07 79 30 79 FE 3C AB 1B 38 C7 C3 2A 87 F5 9C 01 00 9F 1E 08 32 33 34 35 36 37 38 39 9F 41 04 00 00 00 12 FF EE 01 08 DF 30 01 00 DF 52 01 00 DF EF 4C 06 00 27 00 00 00 00 DF EF 4D 28 52 27 BA 06 47 47 C8 7D 50 C3 66 DF AE E2 5A 22 18 5D D2 9B C2 C4 B9 F9 71 11 01 BC 22 9D A1 02 55 E7 3C 16 CE 7E 28 79 DF EE 26 01 D1 DD 91 00 00 00 00 00 00 00 00 00 00 00 00 00 00 00 00 00 00  

 --- 1-use AES to encrypt (C7-32)

2023/10/26 10:51:17.013 [TX] - 56 69 56 4F 74 65 63 68 32 00 C7 32 00 01 01 DF 7D 
2023/10/26 10:51:17.020 [RX] - 56 69 56 4F 74 65 63 68 32 00 C7 00 00 00 86 6E 00 00 00 00 00 00 00 00 00 00 00 00 00 00 00 00 00 00 00 00 00 00 00 00 00 00 00 00 00 00 00 00 00 00 00 00 00 00 00 00 00 00 00 00 00 00 00  

 --- 01-01-----Poll on Demand

2023/10/26 10:51:17.051 [TX] - 56 69 56 4F 74 65 63 68 32 00 01 01 00 01 01 D7 34 
2023/10/26 10:51:17.062 [RX] - 56 69 56 4F 74 65 63 68 32 00 01 00 00 00 12 53 00 00 00 00 00 00 00 00 00 00 00 00 00 00 00 00 00 00 00 00 00 00 00 00 00 00 00 00 00 00 00 00 00 00 00 00 00 00 00 00 00 00 00 00 00 00 00  

 --- Erase All Key (83-00)

2023/10/26 10:51:17.085 [TX] - 56 69 56 4F 74 65 63 68 32 00 83 00 00 00 03 22 
2023/10/26 10:51:17.093 [RX] - 56 69 56 4F 74 65 63 68 32 00 83 00 00 00 22 03 00 00 00 00 00 00 00 00 00 00 00 00 00 00 00 00 00 00 00 00 00 00 00 00 00 00 00 00 00 00 00 00 00 00 00 00 00 00 00 00 00 00 00 00 00 00 00  

 --- C7-2F Set Data Encryption Key Variant Type (01 PIN Variant)

2023/10/26 10:51:17.129 [TX] - 56 69 56 4F 74 65 63 68 32 00 C7 2F 00 01 01 FE 5F 
2023/10/26 10:51:17.140 [RX] - 56 69 56 4F 74 65 63 68 32 00 C7 00 00 00 86 6E 00 00 00 00 00 00 00 00 00 00 00 00 00 00 00 00 00 00 00 00 00 00 00 00 00 00 00 00 00 00 00 00 00 00 00 00 00 00 00 00 00 00 00 00 00 00 00  

 --- Erase All Key (83-00)

2023/10/26 10:51:17.185 [TX] - 56 69 56 4F 74 65 63 68 32 00 83 00 00 00 03 22 
2023/10/26 10:51:17.192 [RX] - 56 69 56 4F 74 65 63 68 32 00 83 00 00 00 22 03 00 00 00 00 00 00 00 00 00 00 00 00 00 00 00 00 00 00 00 00 00 00 00 00 00 00 00 00 00 00 00 00 00 00 00 00 00 00 00 00 00 00 00 00 00 00 00  

 --- Load KPK

2023/10/26 10:51:17.525 [TX] - 56 69 56 4F 74 65 63 68 32 00 80 00 00 65 30 45 43 36 30 46 33 35 31 34 37 45 43 41 30 30 38 38 4B 30 54 44 30 30 4E 30 30 30 30 30 30 38 30 39 43 30 37 41 39 39 31 44 43 38 30 33 34 45 43 31 32 45 31 36 39 43 30 44 35 34 35 35 44 45 41 32 39 34 35 31 34 32 34 37 38 30 38 30 35 36 38 32 33 34 39 38 37 31 32 30 32 33 34 30 30 30 30 30 30 30 30 12 43 
2023/10/26 10:51:17.536 [RX] - 56 69 56 4F 74 65 63 68 32 00 80 00 00 00 B9 DF 00 00 00 00 00 00 00 00 00 00 00 00 00 00 00 00 00 00 00 00 00 00 00 00 00 00 00 00 00 00 00 00 00 00 00 00 00 00 00 00 00 00 00 00 00 00 00 
2023/10/26 10:51:17.855 [TX] - 56 69 56 4F 74 65 63 68 32 00 80 00 00 65 31 34 43 45 32 35 35 35 31 34 37 45 43 41 30 30 38 38 4B 30 54 44 30 30 4E 30 30 30 30 30 30 38 30 46 35 30 36 46 36 41 33 44 34 30 38 39 39 45 30 35 35 42 42 35 42 39 45 33 41 44 44 36 30 30 42 38 38 35 33 32 37 37 39 32 32 34 36 30 39 32 36 32 33 41 39 39 37 31 32 36 32 33 34 30 30 30 30 30 30 30 30 35 7F 
2023/10/26 10:51:17.870 [RX] - 56 69 56 4F 74 65 63 68 32 00 80 00 00 00 B9 DF 00 00 00 00 00 00 00 00 00 00 00 00 00 00 00 00 00 00 00 00 00 00 00 00 00 00 00 00 00 00 00 00 00 00 00 00 00 00 00 00 00 00 00 00 00 00 00 
2023/10/26 10:51:18.181 [TX] - 56 69 56 4F 74 65 63 68 32 00 80 01 00 58 41 30 30 38 38 4B 30 54 44 30 30 4E 30 30 30 30 43 44 32 46 43 43 36 44 37 39 32 44 33 42 32 34 46 30 38 33 37 42 30 33 32 44 30 38 36 38 46 45 43 39 46 44 44 43 39 43 32 36 33 31 31 35 46 30 44 43 43 34 42 44 42 35 37 43 36 30 33 43 34 32 46 34 41 35 30 34 34 39 97 D5 
2023/10/26 10:51:18.195 [RX] - 56 69 56 4F 74 65 63 68 32 00 80 00 00 00 B9 DF 00 00 00 00 00 00 00 00 00 00 00 00 00 00 00 00 00 00 00 00 00 00 00 00 00 00 00 00 00 00 00 00 00 00 00 00 00 00 00 00 00 00 00 00 00 00 00  

 --- Load DUKPT key

2023/10/26 10:51:18.520 [TX] - 56 69 56 4F 74 65 63 68 32 00 81 00 00 71 05 41 30 31 31 32 44 30 54 45 30 30 4E 30 31 30 30 4B 53 31 38 36 32 39 39 34 39 30 31 32 43 30 30 30 34 36 30 30 30 30 31 39 34 34 38 36 43 33 31 36 38 43 41 31 46 42 34 41 38 30 39 45 36 33 39 46 46 39 43 33 42 37 32 36 45 32 34 37 43 35 39 30 42 32 32 38 43 35 44 32 32 36 35 30 46 36 36 39 37 45 38 34 37 41 32 46 38 41 32 37 33 39 33 47 AE 
2023/10/26 10:51:18.544 [RX] - 56 69 56 4F 74 65 63 68 32 00 81 00 00 00 CF 6B 00 00 00 00 00 00 00 00 00 00 00 00 00 00 00 00 00 00 00 00 00 00 00 00 00 00 00 00 00 00 00 00 00 00 00 00 00 00 00 00 00 00 00 00 00 00 00  

 --- 02-40 AT >> CL

2023/10/26 10:51:19.796 [TX] - 56 69 56 4F 74 65 63 68 32 00 02 40 00 15 78 9F 02 06 00 00 00 00 10 00 9A 03 07 11 21 9F 21 03 10 15 20 93 17 
2023/10/26 10:51:20.656 [RX] - 56 69 56 4F 74 65 63 68 32 00 02 23 02 74 D3 FF EE 12 0A 62 99 49 01 2C 00 04 60 00 01 FF EE 13 A1 41 2A 36 35 31 30 2A 2A 2A 2A 2A 2A 2A 2A 30 31 32 35 5E 43 41 52 44 2F 49 4D 41 47 45 20 30 38 20 20 20 20 20 20 20 20 20 20 20 20 20 5E 31 37 31 32 32 30 31 2A 2A 2A 2A 2A 2A 2A 2A 2A 2A 2A 2A 2A FF EE 13 C1 50 45 B6 96 F8 2B 51 6D 8A FC 7B A8 55 29 52 0C 8F B0 D5 7B 45 CE B1 4B 32 B8 A1 EF A4 7C E4 DD AC F7 B8 DB EA 13 DA 85 3E CB 4D 63 29 86 C4 8C E9 FA EC 38 A3 24 06 2E D2 7D 38 AB 98 BE 2A C9 0F EE 16 51 0C 8E 50 14 98 46 10 54 F1 33 71 3F E9 FF EE 14 A1 25 36 35 31 30 2A 2A 2A 2A 2A 2A 2A 2A 30 31 32 35 3D 31 37 31 32 32 30 31 2A 2A 2A 2A 2A 2A 2A 2A 2A 2A 2A 2A 2A FF EE 14 C1 30 BE AD A3 02 45 0D 5B 2D DA CE 27 C4 C7 D9 4B 4C 7F FA F2 05 47 4A 93 72 42 82 E4 AA E7 32 AB AF 51 63 D8 D5 CD 54 05 B1 4A 05 D4 D6 30 FA 64 A7 84 08 A0 00 00 03 24 10 10 01 9F 02 06 00 00 00 00 10 00 9F 06 07 A0 00 00 03 24 10 10 9F 35 01 22 9F 37 04 31 53 35 93 9F 39 01 91 9A 03 07 11 21 9F 21 03 10 15 20 56 A1 41 2A 36 35 31 30 2A 2A 2A 2A 2A 2A 2A 2A 30 31 32 35 5E 43 41 52 44 2F 49 4D 41 47 45 20 30 38 20 20 20 20 20 20 20 20 20 20 20 20 20 5E 31 37 31 32 32 30 31 2A 2A 2A 2A 2A 2A 2A 2A 2A 2A 2A 2A 2A 56 C1 50 62 7A 61 F7 49 00 96 8B 8B F2 6A A7 13 46 65 B2 24 1E 3A 1A 2B 4F 85 BA 6F E6 11 EF D2 1F DE 6D AC 66 CD 59 24 D4 DC 05 A6 64 07 24 CC D3 D9 76 56 DF 65 3F E9 33 FF CA F8 4C DE 22 C7 6F 5A 45 64 17 0E AE 02 38 07 87 1B 01 67 61 0D CC 08 20 57 A1 13 65 10 CC CC CC CC 01 25 D1 71 22 01 CC CC CC CC CC CC CC 57 C1 20 B0 7A 0B 39 EA CD A2 76 95 6C FD B6 CE FA B4 6C C9 E1 28 21 91 75 21 C6 4D DA 05 28 84 17 49 1C 9C 01 00 9F 1E 08 32 33 34 35 36 37 38 39 9F 41 04 00 00 00 14 FF EE 01 08 DF 30 01 00 DF 52 01 00 DF EF 4C 06 00 27 00 00 00 00 DF EF 4D 30 EE 05 52 F7 EE 0D 6C BA DE 18 CF 4F 3D E4 35 55 4B C1 B2 60 5F C1 BD 6A 5F A5 4B BB 95 2F BA 16 BA A8 E9 90 4E 7C D1 77 1E C2 42 73 9C 18 AB A9 DF EE 26 01 D3 9C 5E 00 00 00 00 00 00 00 00 00 00 00 00 00 00 00 00 00 00 00 00 00 00 00 00 00 00 00 00 00 00 00 00 00 00 00 00 00 00 00 00 00 00 00 00 00 00 00 00 00  

 --- 01-01-----Auto Poll

2023/10/26 10:51:21.233 [TX] - 56 69 56 4F 74 65 63 68 32 00 01 01 00 01 00 F6 24 
2023/10/26 10:51:21.248 [RX] - 56 69 56 4F 74 65 63 68 32 00 01 00 00 00 12 53 00 00 00 00 00 00 00 00 00 00 00 00 00 00 00 00 00 00 00 00 00 00 00 00 00 00 00 00 00 00 00 00 00 00 00 00 00 00 00 00 00 00 00 00 00 00 00  

 --- Erase All Key (83-00)

2023/10/26 10:51:21.275 [TX] - 56 69 56 4F 74 65 63 68 32 00 83 00 00 00 03 22 
2023/10/26 10:51:21.280 [RX] - 56 69 56 4F 74 65 63 68 32 00 83 00 00 00 22 03 00 00 00 00 00 00 00 00 00 00 00 00 00 00 00 00 00 00 00 00 00 00 00 00 00 00 00 00 00 00 00 00 00 00 00 00 00 00 00 00 00 00 00 00 00 00 00  

 --- C7-2F Set Data Encryption Key Variant Type (01 PIN Variant)

2023/10/26 10:51:21.318 [TX] - 56 69 56 4F 74 65 63 68 32 00 C7 2F 00 01 01 FE 5F 
2023/10/26 10:51:21.325 [RX] - 56 69 56 4F 74 65 63 68 32 00 C7 00 00 00 86 6E 00 00 00 00 00 00 00 00 00 00 00 00 00 00 00 00 00 00 00 00 00 00 00 00 00 00 00 00 00 00 00 00 00 00 00 00 00 00 00 00 00 00 00 00 00 00 00  

 --- Erase All Key (83-00)

2023/10/26 10:51:21.356 [TX] - 56 69 56 4F 74 65 63 68 32 00 83 00 00 00 03 22 
2023/10/26 10:51:21.373 [RX] - 56 69 56 4F 74 65 63 68 32 00 83 00 00 00 22 03 00 00 00 00 00 00 00 00 00 00 00 00 00 00 00 00 00 00 00 00 00 00 00 00 00 00 00 00 00 00 00 00 00 00 00 00 00 00 00 00 00 00 00 00 00 00 00  

 --- Load KPK

2023/10/26 10:51:21.698 [TX] - 56 69 56 4F 74 65 63 68 32 00 80 00 00 65 30 45 43 36 30 46 33 35 31 34 37 45 43 41 30 30 38 38 4B 30 54 44 30 30 4E 30 30 30 30 30 30 38 30 39 43 30 37 41 39 39 31 44 43 38 30 33 34 45 43 31 32 45 31 36 39 43 30 44 35 34 35 35 44 45 41 32 39 34 35 31 34 32 34 37 38 30 38 30 35 36 38 32 33 34 39 38 37 31 32 30 32 33 34 30 30 30 30 30 30 30 30 12 43 
2023/10/26 10:51:21.714 [RX] - 56 69 56 4F 74 65 63 68 32 00 80 00 00 00 B9 DF 00 00 00 00 00 00 00 00 00 00 00 00 00 00 00 00 00 00 00 00 00 00 00 00 00 00 00 00 00 00 00 00 00 00 00 00 00 00 00 00 00 00 00 00 00 00 00 
2023/10/26 10:51:22.025 [TX] - 56 69 56 4F 74 65 63 68 32 00 80 00 00 65 31 34 43 45 32 35 35 35 31 34 37 45 43 41 30 30 38 38 4B 30 54 44 30 30 4E 30 30 30 30 30 30 38 30 46 35 30 36 46 36 41 33 44 34 30 38 39 39 45 30 35 35 42 42 35 42 39 45 33 41 44 44 36 30 30 42 38 38 35 33 32 37 37 39 32 32 34 36 30 39 32 36 32 33 41 39 39 37 31 32 36 32 33 34 30 30 30 30 30 30 30 30 35 7F 
2023/10/26 10:51:22.039 [RX] - 56 69 56 4F 74 65 63 68 32 00 80 00 00 00 B9 DF 00 00 00 00 00 00 00 00 00 00 00 00 00 00 00 00 00 00 00 00 00 00 00 00 00 00 00 00 00 00 00 00 00 00 00 00 00 00 00 00 00 00 00 00 00 00 00 
2023/10/26 10:51:22.353 [TX] - 56 69 56 4F 74 65 63 68 32 00 80 01 00 58 41 30 30 38 38 4B 30 54 44 30 30 4E 30 30 30 30 43 44 32 46 43 43 36 44 37 39 32 44 33 42 32 34 46 30 38 33 37 42 30 33 32 44 30 38 36 38 46 45 43 39 46 44 44 43 39 43 32 36 33 31 31 35 46 30 44 43 43 34 42 44 42 35 37 43 36 30 33 43 34 32 46 34 41 35 30 34 34 39 97 D5 
2023/10/26 10:51:22.368 [RX] - 56 69 56 4F 74 65 63 68 32 00 80 00 00 00 B9 DF 00 00 00 00 00 00 00 00 00 00 00 00 00 00 00 00 00 00 00 00 00 00 00 00 00 00 00 00 00 00 00 00 00 00 00 00 00 00 00 00 00 00 00 00 00 00 00  

 --- Load DUKPT key

2023/10/26 10:51:22.695 [TX] - 56 69 56 4F 74 65 63 68 32 00 81 00 00 71 05 41 30 31 31 32 44 30 54 45 30 30 4E 30 31 30 30 4B 53 31 38 36 32 39 39 34 39 30 31 32 43 30 30 30 34 36 30 30 30 30 31 39 34 34 38 36 43 33 31 36 38 43 41 31 46 42 34 41 38 30 39 45 36 33 39 46 46 39 43 33 42 37 32 36 45 32 34 37 43 35 39 30 42 32 32 38 43 35 44 32 32 36 35 30 46 36 36 39 37 45 38 34 37 41 32 46 38 41 32 37 33 39 33 47 AE 
2023/10/26 10:51:22.716 [RX] - 56 69 56 4F 74 65 63 68 32 00 81 00 00 00 CF 6B 00 00 00 00 00 00 00 00 00 00 00 00 00 00 00 00 00 00 00 00 00 00 00 00 00 00 00 00 00 00 00 00 00 00 00 00 00 00 00 00 00 00 00 00 00 00 00  

 --- 03-40 GAT >> CL

2023/10/26 10:51:26.404 [TX] - 56 69 56 4F 74 65 63 68 32 00 03 40 00 00 96 E2 
2023/10/26 10:51:26.417 [RX] - 56 69 56 4F 74 65 63 68 32 00 03 23 02 74 D3 FF EE 12 0A 62 99 49 01 2C 00 04 60 00 01 FF EE 13 A1 41 2A 36 35 31 30 2A 2A 2A 2A 2A 2A 2A 2A 30 31 32 35 5E 43 41 52 44 2F 49 4D 41 47 45 20 30 38 20 20 20 20 20 20 20 20 20 20 20 20 20 5E 31 37 31 32 32 30 31 2A 2A 2A 2A 2A 2A 2A 2A 2A 2A 2A 2A 2A FF EE 13 C1 50 45 B6 96 F8 2B 51 6D 8A FC 7B A8 55 29 52 0C 8F B0 D5 7B 45 CE B1 4B 32 B8 A1 EF A4 7C E4 DD AC F7 B8 DB EA 13 DA 85 3E CB 4D 63 29 86 C4 8C E9 FA EC 38 A3 24 06 2E D2 7D 38 AB 98 BE 2A C9 0F EE 16 51 0C 8E 50 14 98 46 10 54 F1 33 71 3F E9 FF EE 14 A1 25 36 35 31 30 2A 2A 2A 2A 2A 2A 2A 2A 30 31 32 35 3D 31 37 31 32 32 30 31 2A 2A 2A 2A 2A 2A 2A 2A 2A 2A 2A 2A 2A FF EE 14 C1 30 BE AD A3 02 45 0D 5B 2D DA CE 27 C4 C7 D9 4B 4C 7F FA F2 05 47 4A 93 72 42 82 E4 AA E7 32 AB AF 51 63 D8 D5 CD 54 05 B1 4A 05 D4 D6 30 FA 64 A7 84 08 A0 00 00 03 24 10 10 01 9F 02 06 00 00 00 00 00 01 9F 06 07 A0 00 00 03 24 10 10 9F 35 01 22 9F 37 04 48 37 93 37 9F 39 01 91 9A 03 14 08 10 9F 21 03 12 02 07 56 A1 41 2A 36 35 31 30 2A 2A 2A 2A 2A 2A 2A 2A 30 31 32 35 5E 43 41 52 44 2F 49 4D 41 47 45 20 30 38 20 20 20 20 20 20 20 20 20 20 20 20 20 5E 31 37 31 32 32 30 31 2A 2A 2A 2A 2A 2A 2A 2A 2A 2A 2A 2A 2A 56 C1 50 62 7A 61 F7 49 00 96 8B 8B F2 6A A7 13 46 65 B2 24 1E 3A 1A 2B 4F 85 BA 6F E6 11 EF D2 1F DE 6D AC 66 CD 59 24 D4 DC 05 A6 64 07 24 CC D3 D9 76 56 DF 65 3F E9 33 FF CA F8 4C DE 22 C7 6F 5A 45 64 17 0E AE 02 38 07 87 1B 01 67 61 0D CC 08 20 57 A1 13 65 10 CC CC CC CC 01 25 D1 71 22 01 CC CC CC CC CC CC CC 57 C1 20 B0 7A 0B 39 EA CD A2 76 95 6C FD B6 CE FA B4 6C C9 E1 28 21 91 75 21 C6 4D DA 05 28 84 17 49 1C 9C 01 00 9F 1E 08 32 33 34 35 36 37 38 39 9F 41 04 00 00 00 16 FF EE 01 08 DF 30 01 00 DF 52 01 00 DF EF 4C 06 00 27 00 00 00 00 DF EF 4D 30 EE 05 52 F7 EE 0D 6C BA DE 18 CF 4F 3D E4 35 55 4B C1 B2 60 5F C1 BD 6A 5F A5 4B BB 95 2F BA 16 BA A8 E9 90 4E 7C D1 77 1E C2 42 73 9C 18 AB A9 DF EE 26 01 D3 B5 7C 00 00 00 00 00 00 00 00 00 00 00 00 00 00 00 00 00 00 00 00 00 00 00 00 00 00 00 00 00 00 00 00 00 00 00 00 00 00 00 00 00 00 00 00 00 00 00 00 00  

 --- 0-use TDES to encrypt (C7-32)

2023/10/26 10:51:26.993 [TX] - 56 69 56 4F 74 65 63 68 32 00 C7 32 00 01 00 FE 6D 
2023/10/26 10:51:27.007 [RX] - 56 69 56 4F 74 65 63 68 32 00 C7 00 00 00 86 6E 00 00 00 00 00 00 00 00 00 00 00 00 00 00 00 00 00 00 00 00 00 00 00 00 00 00 00 00 00 00 00 00 00 00 00 00 00 00 00 00 00 00 00 00 00 00 00  

 --- 01-01-----Poll on Demand

2023/10/26 10:51:27.036 [TX] - 56 69 56 4F 74 65 63 68 32 00 01 01 00 01 01 D7 34 
2023/10/26 10:51:27.044 [RX] - 56 69 56 4F 74 65 63 68 32 00 01 00 00 00 12 53 00 00 00 00 00 00 00 00 00 00 00 00 00 00 00 00 00 00 00 00 00 00 00 00 00 00 00 00 00 00 00 00 00 00 00 00 00 00 00 00 00 00 00 00 00 00 00  

 --- Erase All Key (83-00)

2023/10/26 10:51:27.075 [TX] - 56 69 56 4F 74 65 63 68 32 00 83 00 00 00 03 22 
2023/10/26 10:51:27.086 [RX] - 56 69 56 4F 74 65 63 68 32 00 83 00 00 00 22 03 00 00 00 00 00 00 00 00 00 00 00 00 00 00 00 00 00 00 00 00 00 00 00 00 00 00 00 00 00 00 00 00 00 00 00 00 00 00 00 00 00 00 00 00 00 00 00  

 --- C7-2F Set Data Encryption Key Variant Type (01 PIN Variant)

2023/10/26 10:51:27.113 [TX] - 56 69 56 4F 74 65 63 68 32 00 C7 2F 00 01 01 FE 5F 
2023/10/26 10:51:27.120 [RX] - 56 69 56 4F 74 65 63 68 32 00 C7 00 00 00 86 6E 00 00 00 00 00 00 00 00 00 00 00 00 00 00 00 00 00 00 00 00 00 00 00 00 00 00 00 00 00 00 00 00 00 00 00 00 00 00 00 00 00 00 00 00 00 00 00  

 --- Erase All Key (83-00)

2023/10/26 10:51:27.152 [TX] - 56 69 56 4F 74 65 63 68 32 00 83 00 00 00 03 22 
2023/10/26 10:51:27.165 [RX] - 56 69 56 4F 74 65 63 68 32 00 83 00 00 00 22 03 00 00 00 00 00 00 00 00 00 00 00 00 00 00 00 00 00 00 00 00 00 00 00 00 00 00 00 00 00 00 00 00 00 00 00 00 00 00 00 00 00 00 00 00 00 00 00  

 --- Load KPK

2023/10/26 10:51:27.492 [TX] - 56 69 56 4F 74 65 63 68 32 00 80 00 00 65 30 45 43 36 30 46 33 35 31 34 37 45 43 41 30 30 38 38 4B 30 54 44 30 30 4E 30 30 30 30 30 30 38 30 39 43 30 37 41 39 39 31 44 43 38 30 33 34 45 43 31 32 45 31 36 39 43 30 44 35 34 35 35 44 45 41 32 39 34 35 31 34 32 34 37 38 30 38 30 35 36 38 32 33 34 39 38 37 31 32 30 32 33 34 30 30 30 30 30 30 30 30 12 43 
2023/10/26 10:51:27.506 [RX] - 56 69 56 4F 74 65 63 68 32 00 80 00 00 00 B9 DF 00 00 00 00 00 00 00 00 00 00 00 00 00 00 00 00 00 00 00 00 00 00 00 00 00 00 00 00 00 00 00 00 00 00 00 00 00 00 00 00 00 00 00 00 00 00 00 
2023/10/26 10:51:27.820 [TX] - 56 69 56 4F 74 65 63 68 32 00 80 00 00 65 31 34 43 45 32 35 35 35 31 34 37 45 43 41 30 30 38 38 4B 30 54 44 30 30 4E 30 30 30 30 30 30 38 30 46 35 30 36 46 36 41 33 44 34 30 38 39 39 45 30 35 35 42 42 35 42 39 45 33 41 44 44 36 30 30 42 38 38 35 33 32 37 37 39 32 32 34 36 30 39 32 36 32 33 41 39 39 37 31 32 36 32 33 34 30 30 30 30 30 30 30 30 35 7F 
2023/10/26 10:51:27.834 [RX] - 56 69 56 4F 74 65 63 68 32 00 80 00 00 00 B9 DF 00 00 00 00 00 00 00 00 00 00 00 00 00 00 00 00 00 00 00 00 00 00 00 00 00 00 00 00 00 00 00 00 00 00 00 00 00 00 00 00 00 00 00 00 00 00 00 
2023/10/26 10:51:28.146 [TX] - 56 69 56 4F 74 65 63 68 32 00 80 01 00 58 41 30 30 38 38 4B 30 54 44 30 30 4E 30 30 30 30 43 44 32 46 43 43 36 44 37 39 32 44 33 42 32 34 46 30 38 33 37 42 30 33 32 44 30 38 36 38 46 45 43 39 46 44 44 43 39 43 32 36 33 31 31 35 46 30 44 43 43 34 42 44 42 35 37 43 36 30 33 43 34 32 46 34 41 35 30 34 34 39 97 D5 
2023/10/26 10:51:28.160 [RX] - 56 69 56 4F 74 65 63 68 32 00 80 00 00 00 B9 DF 00 00 00 00 00 00 00 00 00 00 00 00 00 00 00 00 00 00 00 00 00 00 00 00 00 00 00 00 00 00 00 00 00 00 00 00 00 00 00 00 00 00 00 00 00 00 00  

 --- Load DUKPT key

2023/10/26 10:51:28.487 [TX] - 56 69 56 4F 74 65 63 68 32 00 81 00 00 71 05 41 30 31 31 32 44 30 54 45 30 30 4E 30 31 30 30 4B 53 31 38 36 32 39 39 34 39 30 31 32 43 30 30 30 34 36 30 30 30 30 31 39 34 34 38 36 43 33 31 36 38 43 41 31 46 42 34 41 38 30 39 45 36 33 39 46 46 39 43 33 42 37 32 36 45 32 34 37 43 35 39 30 42 32 32 38 43 35 44 32 32 36 35 30 46 36 36 39 37 45 38 34 37 41 32 46 38 41 32 37 33 39 33 47 AE 
2023/10/26 10:51:28.508 [RX] - 56 69 56 4F 74 65 63 68 32 00 81 00 00 00 CF 6B 00 00 00 00 00 00 00 00 00 00 00 00 00 00 00 00 00 00 00 00 00 00 00 00 00 00 00 00 00 00 00 00 00 00 00 00 00 00 00 00 00 00 00 00 00 00 00  

 --- 60-10 AT >> CT

2023/10/26 10:51:32.181 [TX] - 56 69 56 4F 74 65 63 68 32 00 60 10 00 23 01 00 78 00 78 9C 01 00 5F 57 01 00 9F 02 06 00 00 00 00 02 00 9F 03 06 00 00 00 00 00 00 5F 2A 02 08 40 F0 8F 
2023/10/26 10:51:32.192 [RX] - 56 69 56 4F 74 65 63 68 32 00 60 63 00 00 FF 0E 00 00 00 00 00 00 00 00 00 00 00 00 00 00 00 00 00 00 00 00 00 00 00 00 00 00 00 00 00 00 00 00 00 00 00 00 00 00 00 00 00 00 00 00 00 00 00 56 69 56 4F 74 65 63 68 32 00 61 01 00 10 03 00 00 02 00 45 4E 03 00 81 0B 1C 02 00 00 00 34 C9 00 00 00 00 00 00 00 00 00 00 00 00 00 00 00 00 00 00 00 00 00 00 00 00 00 00 00 00 00 00 00 56 69 56 4F 74 65 63 68 32 00 61 01 00 10 03 00 00 02 00 45 4E 03 00 81 11 1C 02 00 00 00 A8 4F 00 00 00 00 00 00 00 00 00 00 00 00 00 00 00 00 00 00 00 00 00 00 00 00 00 00 00 00 00 00 00 56 69 56 4F 74 65 63 68 32 00 61 01 00 10 03 00 00 02 00 45 4E 03 00 81 1A 1C 02 00 00 00 6B ED 00 00 00 00 00 00 00 00 00 00 00 00 00 00 00 00 00 00 00 00 00 00 00 00 00 00 00 00 00 00 00 56 69 56 4F 74 65 63 68 32 00 61 01 00 10 03 00 00 02 00 45 53 03 00 81 1A 1C 02 00 00 00 77 40 00 00 00 00 00 00 00 00 00 00 00 00 00 00 00 00 00 00 00 00 00 00 00 00 00 00 00 00 00 00 00 56 69 56 4F 74 65 63 68 32 00 60 00 01 06 C0 FF EE 12 0A 62 99 49 01 2C 00 04 60 00 01 DF EE 25 02 00 10 57 A1 11 47 61 CC CC CC CC 00 10 D2 01 22 01 CC CC CC CC CC 57 C1 18 9C A9 EC D3 DC 1D F4 F3 98 65 AE E6 8C 02 64 B0 5F 72 4B 1B 6E FE 0B 64 5A A1 08 47 61 CC CC CC CC 00 10 5A C1 10 1C 2E 45 2E F2 DF 3B 5E BD B1 45 BB 5E F5 5B D0 5F 34 01 01 5F 20 0F 46 55 4C 4C 20 46 55 4E 43 54 49 4F 4E 41 4C 5F 24 03 20 12 31 9F 20 00 5F 25 03 95 07 01 5F 2D 08 65 73 65 6E 66 72 64 65 50 0A 56 49 53 41 43 52 45 44 49 54 4F 07 A0 00 00 00 03 10 10 84 07 A0 00 00 00 03 10 10 DF EE 23 00 9F 39 01 07 9F 1E 08 32 33 34 35 36 37 38 39 FF EE 01 04 DF 30 01 01 DF EF 4C 06 00 24 00 00 00 00 DF EF 4D 28 48 27 86 0C 83 A5 92 F2 40 60 46 80 C4 37 CD 32 BE 0A E3 72 E0 96 71 BA F7 94 F7 46 C4 23 57 03 A3 25 72 B9 A6 37 0C 53 DF EE 26 01 C0 1A A4 00 00 00 00 00 00 00 00 00 00 00 00 00 00 00 00 00 00 00 00 00 00 00 00 00 00 00 00 00 00 00 00 00 00 00 00 00  

 --- 1-use AES to encrypt (C7-32)

2023/10/26 10:51:37.314 [TX] - 56 69 56 4F 74 65 63 68 32 00 C7 32 00 01 01 DF 7D 
2023/10/26 10:51:37.327 [RX] - 56 69 56 4F 74 65 63 68 32 00 C7 00 00 00 86 6E 00 00 00 00 00 00 00 00 00 00 00 00 00 00 00 00 00 00 00 00 00 00 00 00 00 00 00 00 00 00 00 00 00 00 00 00 00 00 00 00 00 00 00 00 00 00 00  

 --- 01-01-----Poll on Demand

2023/10/26 10:51:37.356 [TX] - 56 69 56 4F 74 65 63 68 32 00 01 01 00 01 01 D7 34 
2023/10/26 10:51:37.364 [RX] - 56 69 56 4F 74 65 63 68 32 00 01 00 00 00 12 53 00 00 00 00 00 00 00 00 00 00 00 00 00 00 00 00 00 00 00 00 00 00 00 00 00 00 00 00 00 00 00 00 00 00 00 00 00 00 00 00 00 00 00 00 00 00 00  

 --- Erase All Key (83-00)

2023/10/26 10:51:37.398 [TX] - 56 69 56 4F 74 65 63 68 32 00 83 00 00 00 03 22 
2023/10/26 10:51:37.406 [RX] - 56 69 56 4F 74 65 63 68 32 00 83 00 00 00 22 03 00 00 00 00 00 00 00 00 00 00 00 00 00 00 00 00 00 00 00 00 00 00 00 00 00 00 00 00 00 00 00 00 00 00 00 00 00 00 00 00 00 00 00 00 00 00 00  

 --- C7-2F Set Data Encryption Key Variant Type (01 PIN Variant)

2023/10/26 10:51:37.440 [TX] - 56 69 56 4F 74 65 63 68 32 00 C7 2F 00 01 01 FE 5F 
2023/10/26 10:51:37.454 [RX] - 56 69 56 4F 74 65 63 68 32 00 C7 00 00 00 86 6E 00 00 00 00 00 00 00 00 00 00 00 00 00 00 00 00 00 00 00 00 00 00 00 00 00 00 00 00 00 00 00 00 00 00 00 00 00 00 00 00 00 00 00 00 00 00 00  

 --- Erase All Key (83-00)

2023/10/26 10:51:37.481 [TX] - 56 69 56 4F 74 65 63 68 32 00 83 00 00 00 03 22 
2023/10/26 10:51:37.488 [RX] - 56 69 56 4F 74 65 63 68 32 00 83 00 00 00 22 03 00 00 00 00 00 00 00 00 00 00 00 00 00 00 00 00 00 00 00 00 00 00 00 00 00 00 00 00 00 00 00 00 00 00 00 00 00 00 00 00 00 00 00 00 00 00 00  

 --- Load KPK

2023/10/26 10:51:37.828 [TX] - 56 69 56 4F 74 65 63 68 32 00 80 00 00 65 30 45 43 36 30 46 33 35 31 34 37 45 43 41 30 30 38 38 4B 30 54 44 30 30 4E 30 30 30 30 30 30 38 30 39 43 30 37 41 39 39 31 44 43 38 30 33 34 45 43 31 32 45 31 36 39 43 30 44 35 34 35 35 44 45 41 32 39 34 35 31 34 32 34 37 38 30 38 30 35 36 38 32 33 34 39 38 37 31 32 30 32 33 34 30 30 30 30 30 30 30 30 12 43 
2023/10/26 10:51:37.843 [RX] - 56 69 56 4F 74 65 63 68 32 00 80 00 00 00 B9 DF 00 00 00 00 00 00 00 00 00 00 00 00 00 00 00 00 00 00 00 00 00 00 00 00 00 00 00 00 00 00 00 00 00 00 00 00 00 00 00 00 00 00 00 00 00 00 00 
2023/10/26 10:51:38.156 [TX] - 56 69 56 4F 74 65 63 68 32 00 80 00 00 65 31 34 43 45 32 35 35 35 31 34 37 45 43 41 30 30 38 38 4B 30 54 44 30 30 4E 30 30 30 30 30 30 38 30 46 35 30 36 46 36 41 33 44 34 30 38 39 39 45 30 35 35 42 42 35 42 39 45 33 41 44 44 36 30 30 42 38 38 35 33 32 37 37 39 32 32 34 36 30 39 32 36 32 33 41 39 39 37 31 32 36 32 33 34 30 30 30 30 30 30 30 30 35 7F 
2023/10/26 10:51:38.169 [RX] - 56 69 56 4F 74 65 63 68 32 00 80 00 00 00 B9 DF 00 00 00 00 00 00 00 00 00 00 00 00 00 00 00 00 00 00 00 00 00 00 00 00 00 00 00 00 00 00 00 00 00 00 00 00 00 00 00 00 00 00 00 00 00 00 00 
2023/10/26 10:51:38.510 [TX] - 56 69 56 4F 74 65 63 68 32 00 80 01 00 58 41 30 30 38 38 4B 30 54 44 30 30 4E 30 30 30 30 43 44 32 46 43 43 36 44 37 39 32 44 33 42 32 34 46 30 38 33 37 42 30 33 32 44 30 38 36 38 46 45 43 39 46 44 44 43 39 43 32 36 33 31 31 35 46 30 44 43 43 34 42 44 42 35 37 43 36 30 33 43 34 32 46 34 41 35 30 34 34 39 97 D5 
2023/10/26 10:51:38.524 [RX] - 56 69 56 4F 74 65 63 68 32 00 80 00 00 00 B9 DF 00 00 00 00 00 00 00 00 00 00 00 00 00 00 00 00 00 00 00 00 00 00 00 00 00 00 00 00 00 00 00 00 00 00 00 00 00 00 00 00 00 00 00 00 00 00 00  

 --- Load DUKPT key

2023/10/26 10:51:38.853 [TX] - 56 69 56 4F 74 65 63 68 32 00 81 00 00 71 05 41 30 31 31 32 44 30 54 45 30 30 4E 30 31 30 30 4B 53 31 38 36 32 39 39 34 39 30 31 32 43 30 30 30 34 36 30 30 30 30 31 39 34 34 38 36 43 33 31 36 38 43 41 31 46 42 34 41 38 30 39 45 36 33 39 46 46 39 43 33 42 37 32 36 45 32 34 37 43 35 39 30 42 32 32 38 43 35 44 32 32 36 35 30 46 36 36 39 37 45 38 34 37 41 32 46 38 41 32 37 33 39 33 47 AE 
2023/10/26 10:51:38.876 [RX] - 56 69 56 4F 74 65 63 68 32 00 81 00 00 00 CF 6B 00 00 00 00 00 00 00 00 00 00 00 00 00 00 00 00 00 00 00 00 00 00 00 00 00 00 00 00 00 00 00 00 00 00 00 00 00 00 00 00 00 00 00 00 00 00 00  

 --- 60-10 AT >> CT

2023/10/26 10:51:41.817 [TX] - 56 69 56 4F 74 65 63 68 32 00 60 10 00 23 01 00 78 00 78 9C 01 00 5F 57 01 00 9F 02 06 00 00 00 00 02 00 9F 03 06 00 00 00 00 00 00 5F 2A 02 08 40 F0 8F 
2023/10/26 10:51:41.832 [RX] - 56 69 56 4F 74 65 63 68 32 00 60 63 00 00 FF 0E 00 00 00 00 00 00 00 00 00 00 00 00 00 00 00 00 00 00 00 00 00 00 00 00 00 00 00 00 00 00 00 00 00 00 00 00 00 00 00 00 00 00 00 00 00 00 00 56 69 56 4F 74 65 63 68 32 00 61 01 00 10 03 00 00 02 00 45 4E 03 00 81 0B 1C 02 00 00 00 34 C9 00 00 00 00 00 00 00 00 00 00 00 00 00 00 00 00 00 00 00 00 00 00 00 00 00 00 00 00 00 00 00 56 69 56 4F 74 65 63 68 32 00 61 01 00 10 03 00 00 02 00 45 4E 03 00 81 11 1C 02 00 00 00 A8 4F 00 00 00 00 00 00 00 00 00 00 00 00 00 00 00 00 00 00 00 00 00 00 00 00 00 00 00 00 00 00 00 56 69 56 4F 74 65 63 68 32 00 61 01 00 10 03 00 00 02 00 45 4E 03 00 81 1A 1C 02 00 00 00 6B ED 00 00 00 00 00 00 00 00 00 00 00 00 00 00 00 00 00 00 00 00 00 00 00 00 00 00 00 00 00 00 00 56 69 56 4F 74 65 63 68 32 00 61 01 00 10 03 00 00 02 00 45 53 03 00 81 1A 1C 02 00 00 00 77 40 00 00 00 00 00 00 00 00 00 00 00 00 00 00 00 00 00 00 00 00 00 00 00 00 00 00 00 00 00 00 00 56 69 56 4F 74 65 63 68 32 00 60 00 01 16 C2 FF EE 12 0A 62 99 49 01 2C 00 04 60 00 01 DF EE 25 02 00 10 57 A1 11 47 61 CC CC CC CC 00 10 D2 01 22 01 CC CC CC CC CC 57 C1 20 6A 7F BD 0E 33 58 4D D1 93 D6 A1 E7 9F B5 77 FC 23 EA 0D 1C 8B 48 70 2A 85 3C 0E 70 0F E7 99 86 5A A1 08 47 61 CC CC CC CC 00 10 5A C1 10 B2 02 88 15 50 D0 41 10 F4 18 7A 2E 3B D0 9B 92 5F 34 01 01 5F 20 0F 46 55 4C 4C 20 46 55 4E 43 54 49 4F 4E 41 4C 5F 24 03 20 12 31 9F 20 00 5F 25 03 95 07 01 5F 2D 08 65 73 65 6E 66 72 64 65 50 0A 56 49 53 41 43 52 45 44 49 54 4F 07 A0 00 00 00 03 10 10 84 07 A0 00 00 00 03 10 10 DF EE 23 00 9F 39 01 07 9F 1E 08 32 33 34 35 36 37 38 39 FF EE 01 04 DF 30 01 01 DF EF 4C 06 00 24 00 00 00 00 DF EF 4D 30 08 5D 01 DC E4 A9 64 D9 69 2F 2A 4D 5B 81 E8 E4 C2 0E 54 EE 2C A5 91 4B B8 9C E4 5F 74 CA D2 D2 66 5F BE F5 66 2B DB AB 4F 02 A0 E8 01 FF 64 25 DF EE 26 01 C2 73 14 00 00 00 00 00 00 00 00 00 00 00 00 00 00 00 00 00 00 00 00 00  
---------- END OF TEST ----------

 Result = PASSED


Docklight Log File (HEX) - Stopped 2023/10/26 10:51:46.548 

