Docklight Log File (HEX) - Started 2026/3/20 10:52:57.361 
 TEST CASE: Mag020

 --- Set POS COM PORT Settings
 Set POS COM PORT...
 POS operating on COM90 @ 9600 baud...
 Set POS COM PORT - COMPLETE

 

 --- Burst mode Off *** GR

2026/3/20 10:53:17.629 [TX] - 56 69 56 4F 74 65 63 68 32 00 04 00 00 04 FF F7 01 00 B9 2E 
2026/3/20 10:53:17.638 [RX] - 56 69 56 4F 74 65 63 68 32 00 04 00 00 00 AE 16 00 00 00 00 00 00 00 00 00 00 00 00 00 00 00 00 00 00 00 00 00 00 00 00 00 00 00 00 00 00 00 00 00 00 00 00 00 00 00 00 00 00 00 00 00 00 00  

 --- 04-00 to set DF7D = 00----------------------------------------------------------

2026/3/20 10:53:18.164 [TX] - 56 69 56 4F 74 65 63 68 32 00 04 00 00 04 DF 7D 01 00 6C E5 
2026/3/20 10:53:18.173 [RX] - 56 69 56 4F 74 65 63 68 32 00 04 00 00 00 AE 16 00 00 00 00 00 00 00 00 00 00 00 00 00 00 00 00 00 00 00 00 00 00 00 00 00 00 00 00 00 00 00 00 00 00 00 00 00 00 00 00 00 00 00 00 00 00 00  

 --- Poll On Demand

2026/3/20 10:53:18.701 [TX] - 56 69 56 4F 74 65 63 68 32 00 01 01 00 01 01 D7 34 
2026/3/20 10:53:18.710 [RX] - 56 69 56 4F 74 65 63 68 32 00 01 00 00 00 12 53 00 00 00 00 00 00 00 00 00 00 00 00 00 00 00 00 00 00 00 00 00 00 00 00 00 00 00 00 00 00 00 00 00 00 00 00 00 00 00 00 00 00 00 00 00 00 00  

 --- 02-01

2026/3/20 10:53:20.092 [TX] - 56 69 56 4F 74 65 63 68 32 00 02 01 00 15 0A 9F 02 06 00 00 00 00 10 00 9A 03 07 11 21 9F 21 03 10 15 20 30 12 
2026/3/20 10:53:21.334 [RX] - 56 69 56 4F 74 65 63 68 32 00 02 00 00 E9 4A 42 34 35 34 37 35 37 30 30 30 31 30 37 30 30 30 30 5E 4C 4C 49 42 52 45 20 52 4F 42 45 52 54 2D 47 55 49 4C 4C 45 52 4D 4F 20 5E 31 31 30 32 31 30 31 30 30 30 30 30 30 30 34 30 30 30 30 30 30 30 33 30 36 30 30 30 30 30 30 24 34 35 34 37 35 37 30 30 30 31 30 37 30 30 30 30 3D 31 31 30 32 31 30 31 30 30 30 30 30 33 30 36 30 30 30 30 66 30 31 34 35 34 37 35 37 30 30 30 31 30 37 30 30 30 30 3D 37 39 37 38 30 30 30 30 30 30 30 30 30 30 30 30 30 30 30 33 30 31 39 30 31 38 30 34 30 32 30 30 30 31 31 30 32 34 3D 33 30 32 35 30 30 30 31 31 34 31 34 30 31 30 35 38 35 39 38 3D 3D 31 3D 30 30 30 30 30 30 32 36 30 30 30 30 30 30 30 30 30 30 30 30 00 9F 39 01 90 FF EE 01 04 DF 30 01 0C DF EE 26 01 08 98 92 00 00 00  

 --- 02-40

2026/3/20 10:53:26.812 [TX] - 56 69 56 4F 74 65 63 68 32 00 02 40 00 15 0A 9F 02 06 00 00 00 00 10 00 9A 03 07 11 21 9F 21 03 10 15 20 5E 34 
2026/3/20 10:53:28.270 [RX] - 56 69 56 4F 74 65 63 68 32 00 02 00 01 54 08 DF EE 25 02 00 11 DF EE 23 81 EB 02 E5 00 80 3F 4A 24 66 87 00 42 34 35 34 37 35 37 30 30 30 31 30 37 30 30 30 30 5E 4C 4C 49 42 52 45 20 52 4F 42 45 52 54 2D 47 55 49 4C 4C 45 52 4D 4F 20 5E 31 31 30 32 31 30 31 30 30 30 30 30 30 30 34 30 30 30 30 30 30 30 33 30 36 30 30 30 30 30 30 34 35 34 37 35 37 30 30 30 31 30 37 30 30 30 30 3D 31 31 30 32 31 30 31 30 30 30 30 30 33 30 36 30 30 30 30 30 31 34 35 34 37 35 37 30 30 30 31 30 37 30 30 30 30 3D 37 39 37 38 30 30 30 30 30 30 30 30 30 30 30 30 30 30 30 33 30 31 39 30 31 38 30 34 30 32 30 30 30 31 31 30 32 34 3D 33 30 32 35 30 30 30 31 31 34 31 34 30 31 30 35 38 35 39 38 3D 3D 31 3D 30 30 30 30 30 30 32 36 30 30 30 30 30 30 30 30 30 30 30 30 54 31 32 33 34 35 36 37 38 39 4C 0C 03 9F 39 01 90 FF EE 01 04 DF 30 01 0C DF EE 26 01 08 9F 02 06 00 00 00 00 10 00 DF 5B 01 08 9A 03 07 11 21 9F 21 03 10 15 20 DF EF 4C 06 00 26 00 00 00 00 DF EF 4D 26 3B 34 35 34 37 35 37 30 30 30 31 30 37 30 30 30 30 3D 31 31 30 32 31 30 31 30 30 30 30 30 33 30 36 30 30 30 30 3F B4 1C 00 00 00 00 00 00 00 00 00 00 00 00 00 00 00 00 00 00 00 00 00 00  

 --- Auto Poll

2026/3/20 10:53:32.363 [TX] - 56 69 56 4F 74 65 63 68 32 00 01 01 00 01 00 F6 24 
2026/3/20 10:53:32.370 [RX] - 56 69 56 4F 74 65 63 68 32 00 01 00 00 00 12 53 00 00 00 00 00 00 00 00 00 00 00 00 00 00 00 00 00 00 00 00 00 00 00 00 00 00 00 00 00 00 00 00 00 00 00 00 00 00 00 00 00 00 00 00 00 00 00  

 --- 03-00

2026/3/20 10:53:39.984 [TX] - 56 69 56 4F 74 65 63 68 32 00 03 00 00 00 3B FF 
2026/3/20 10:53:39.996 [RX] - 56 69 56 4F 74 65 63 68 32 00 03 00 00 E9 4A 42 34 35 34 37 35 37 30 30 30 31 30 37 30 30 30 30 5E 4C 4C 49 42 52 45 20 52 4F 42 45 52 54 2D 47 55 49 4C 4C 45 52 4D 4F 20 5E 31 31 30 32 31 30 31 30 30 30 30 30 30 30 34 30 30 30 30 30 30 30 33 30 36 30 30 30 30 30 30 24 34 35 34 37 35 37 30 30 30 31 30 37 30 30 30 30 3D 31 31 30 32 31 30 31 30 30 30 30 30 33 30 36 30 30 30 30 66 30 31 34 35 34 37 35 37 30 30 30 31 30 37 30 30 30 30 3D 37 39 37 38 30 30 30 30 30 30 30 30 30 30 30 30 30 30 30 33 30 31 39 30 31 38 30 34 30 32 30 30 30 31 31 30 32 34 3D 33 30 32 35 30 30 30 31 31 34 31 34 30 31 30 35 38 35 39 38 3D 3D 31 3D 30 30 30 30 30 30 32 36 30 30 30 30 30 30 30 30 30 30 30 30 00 9F 39 01 90 FF EE 01 04 DF 30 01 0C DF EE 26 01 08 96 68 00 00 00  

 --- 03-40

2026/3/20 10:53:48.047 [TX] - 56 69 56 4F 74 65 63 68 32 00 03 40 00 00 96 E2 
2026/3/20 10:53:48.055 [RX] - 56 69 56 4F 74 65 63 68 32 00 03 00 01 54 08 DF EE 25 02 00 11 DF EE 23 81 EB 02 E5 00 80 3F 4A 24 66 87 00 42 34 35 34 37 35 37 30 30 30 31 30 37 30 30 30 30 5E 4C 4C 49 42 52 45 20 52 4F 42 45 52 54 2D 47 55 49 4C 4C 45 52 4D 4F 20 5E 31 31 30 32 31 30 31 30 30 30 30 30 30 30 34 30 30 30 30 30 30 30 33 30 36 30 30 30 30 30 30 34 35 34 37 35 37 30 30 30 31 30 37 30 30 30 30 3D 31 31 30 32 31 30 31 30 30 30 30 30 33 30 36 30 30 30 30 30 31 34 35 34 37 35 37 30 30 30 31 30 37 30 30 30 30 3D 37 39 37 38 30 30 30 30 30 30 30 30 30 30 30 30 30 30 30 33 30 31 39 30 31 38 30 34 30 32 30 30 30 31 31 30 32 34 3D 33 30 32 35 30 30 30 31 31 34 31 34 30 31 30 35 38 35 39 38 3D 3D 31 3D 30 30 30 30 30 30 32 36 30 30 30 30 30 30 30 30 30 30 30 30 54 31 32 33 34 35 36 37 38 39 4C 0C 03 9F 39 01 90 FF EE 01 04 DF 30 01 0C DF EE 26 01 08 9F 02 06 00 00 00 00 10 00 DF 5B 01 08 9A 03 14 08 10 9F 21 03 12 35 54 DF EF 4C 06 00 26 00 00 00 00 DF EF 4D 26 3B 34 35 34 37 35 37 30 30 30 31 30 37 30 30 30 30 3D 31 31 30 32 31 30 31 30 30 30 30 30 33 30 36 30 30 30 30 3F 51 7D 00 00 00 00 00 00 00 00 00 00 00 00 00 00 00 00 00 00 00 00 00 00  

 --- 04-00 to set DF7D = 01----------------------------------------------------------

2026/3/20 10:53:51.570 [TX] - 56 69 56 4F 74 65 63 68 32 00 04 00 00 04 DF 7D 01 01 4D F5 
2026/3/20 10:53:51.578 [RX] - 56 69 56 4F 74 65 63 68 32 00 04 00 00 00 AE 16 00 00 00 00 00 00 00 00 00 00 00 00 00 00 00 00 00 00 00 00 00 00 00 00 00 00 00 00 00 00 00 00 00 00 00 00 00 00 00 00 00 00 00 00 00 00 00  

 --- Poll On Demand

2026/3/20 10:53:52.103 [TX] - 56 69 56 4F 74 65 63 68 32 00 01 01 00 01 01 D7 34 
2026/3/20 10:53:52.110 [RX] - 56 69 56 4F 74 65 63 68 32 00 01 00 00 00 12 53 00 00 00 00 00 00 00 00 00 00 00 00 00 00 00 00 00 00 00 00 00 00 00 00 00 00 00 00 00 00 00 00 00 00 00 00 00 00 00 00 00 00 00 00 00 00 00  

 --- 02-01

2026/3/20 10:53:53.664 [TX] - 56 69 56 4F 74 65 63 68 32 00 02 01 00 15 0A 9F 02 06 00 00 00 00 10 00 9A 03 07 11 21 9F 21 03 10 15 20 30 12 
2026/3/20 10:53:55.182 [RX] - 56 69 56 4F 74 65 63 68 32 00 02 00 00 F2 4D 25 42 34 35 34 37 35 37 30 30 30 31 30 37 30 30 30 30 5E 4C 4C 49 42 52 45 20 52 4F 42 45 52 54 2D 47 55 49 4C 4C 45 52 4D 4F 20 5E 31 31 30 32 31 30 31 30 30 30 30 30 30 30 34 30 30 30 30 30 30 30 33 30 36 30 30 30 30 30 30 3F 2E 27 3B 34 35 34 37 35 37 30 30 30 31 30 37 30 30 30 30 3D 31 31 30 32 31 30 31 30 30 30 30 30 33 30 36 30 30 30 30 3F 38 69 3B 30 31 34 35 34 37 35 37 30 30 30 31 30 37 30 30 30 30 3D 37 39 37 38 30 30 30 30 30 30 30 30 30 30 30 30 30 30 30 33 30 31 39 30 31 38 30 34 30 32 30 30 30 31 31 30 32 34 3D 33 30 32 35 30 30 30 31 31 34 31 34 30 31 30 35 38 35 39 38 3D 3D 31 3D 30 30 30 30 30 30 32 36 30 30 30 30 30 30 30 30 30 30 30 30 3F 35 00 9F 39 01 90 FF EE 01 04 DF 30 01 0C DF EE 26 01 08 D6 71 00 00 00 00 00 00 00 00 00 00 00 00 00 00 00 00 00 00 00 00 00 00 00 00 00 00 00 00 00 00 00 00 00 00 00 00 00 00 00 00 00 00 00 00 00 00 00 00 00 00 00 00 00 00 00 00 00  

 --- 02-40

2026/3/20 10:53:58.496 [TX] - 56 69 56 4F 74 65 63 68 32 00 02 40 00 15 0A 9F 02 06 00 00 00 00 10 00 9A 03 07 11 21 9F 21 03 10 15 20 5E 34 
2026/3/20 10:53:59.870 [RX] - 56 69 56 4F 74 65 63 68 32 00 02 00 01 5D 08 DF EE 25 02 00 11 DF EE 23 81 F4 02 EE 00 80 3F 4D 27 69 87 00 25 42 34 35 34 37 35 37 30 30 30 31 30 37 30 30 30 30 5E 4C 4C 49 42 52 45 20 52 4F 42 45 52 54 2D 47 55 49 4C 4C 45 52 4D 4F 20 5E 31 31 30 32 31 30 31 30 30 30 30 30 30 30 34 30 30 30 30 30 30 30 33 30 36 30 30 30 30 30 30 3F 2E 3B 34 35 34 37 35 37 30 30 30 31 30 37 30 30 30 30 3D 31 31 30 32 31 30 31 30 30 30 30 30 33 30 36 30 30 30 30 3F 38 3B 30 31 34 35 34 37 35 37 30 30 30 31 30 37 30 30 30 30 3D 37 39 37 38 30 30 30 30 30 30 30 30 30 30 30 30 30 30 30 33 30 31 39 30 31 38 30 34 30 32 30 30 30 31 31 30 32 34 3D 33 30 32 35 30 30 30 31 31 34 31 34 30 31 30 35 38 35 39 38 3D 3D 31 3D 30 30 30 30 30 30 32 36 30 30 30 30 30 30 30 30 30 30 30 30 3F 35 54 31 32 33 34 35 36 37 38 39 7E 08 03 9F 39 01 90 FF EE 01 04 DF 30 01 0C DF EE 26 01 08 9F 02 06 00 00 00 00 10 00 DF 5B 01 08 9A 03 07 11 21 9F 21 03 10 15 20 DF EF 4C 06 00 26 00 00 00 00 DF EF 4D 26 3B 34 35 34 37 35 37 30 30 30 31 30 37 30 30 30 30 3D 31 31 30 32 31 30 31 30 30 30 30 30 33 30 36 30 30 30 30 3F 57 C7 00 00 00 00 00 00 00 00 00 00 00 00 00  

 --- Auto Poll

2026/3/20 10:54:02.018 [TX] - 56 69 56 4F 74 65 63 68 32 00 01 01 00 01 00 F6 24 
2026/3/20 10:54:02.026 [RX] - 56 69 56 4F 74 65 63 68 32 00 01 00 00 00 12 53 00 00 00 00 00 00 00 00 00 00 00 00 00 00 00 00 00 00 00 00 00 00 00 00 00 00 00 00 00 00 00 00 00 00 00 00 00 00 00 00 00 00 00 00 00 00 00  

 --- 03-00

2026/3/20 10:54:05.310 [TX] - 56 69 56 4F 74 65 63 68 32 00 03 00 00 00 3B FF 
2026/3/20 10:54:05.325 [RX] - 56 69 56 4F 74 65 63 68 32 00 03 00 00 F2 4D 25 42 34 35 34 37 35 37 30 30 30 31 30 37 30 30 30 30 5E 4C 4C 49 42 52 45 20 52 4F 42 45 52 54 2D 47 55 49 4C 4C 45 52 4D 4F 20 5E 31 31 30 32 31 30 31 30 30 30 30 30 30 30 34 30 30 30 30 30 30 30 33 30 36 30 30 30 30 30 30 3F 2E 27 3B 34 35 34 37 35 37 30 30 30 31 30 37 30 30 30 30 3D 31 31 30 32 31 30 31 30 30 30 30 30 33 30 36 30 30 30 30 3F 38 69 3B 30 31 34 35 34 37 35 37 30 30 30 31 30 37 30 30 30 30 3D 37 39 37 38 30 30 30 30 30 30 30 30 30 30 30 30 30 30 30 33 30 31 39 30 31 38 30 34 30 32 30 30 30 31 31 30 32 34 3D 33 30 32 35 30 30 30 31 31 34 31 34 30 31 30 35 38 35 39 38 3D 3D 31 3D 30 30 30 30 30 30 32 36 30 30 30 30 30 30 30 30 30 30 30 30 3F 35 00 9F 39 01 90 FF EE 01 04 DF 30 01 0C DF EE 26 01 08 79 F7 00 00 00 00 00 00 00 00 00 00 00 00 00 00 00 00 00 00 00 00 00 00 00 00 00 00 00 00 00 00 00 00 00 00 00 00 00 00 00 00 00 00 00 00 00 00 00 00 00 00 00 00 00 00 00 00 00  

 --- 03-40

2026/3/20 10:54:09.808 [TX] - 56 69 56 4F 74 65 63 68 32 00 03 40 00 00 96 E2 
2026/3/20 10:54:09.821 [RX] - 56 69 56 4F 74 65 63 68 32 00 03 00 01 5D 08 DF EE 25 02 00 11 DF EE 23 81 F4 02 EE 00 80 3F 4D 27 69 87 00 25 42 34 35 34 37 35 37 30 30 30 31 30 37 30 30 30 30 5E 4C 4C 49 42 52 45 20 52 4F 42 45 52 54 2D 47 55 49 4C 4C 45 52 4D 4F 20 5E 31 31 30 32 31 30 31 30 30 30 30 30 30 30 34 30 30 30 30 30 30 30 33 30 36 30 30 30 30 30 30 3F 2E 3B 34 35 34 37 35 37 30 30 30 31 30 37 30 30 30 30 3D 31 31 30 32 31 30 31 30 30 30 30 30 33 30 36 30 30 30 30 3F 38 3B 30 31 34 35 34 37 35 37 30 30 30 31 30 37 30 30 30 30 3D 37 39 37 38 30 30 30 30 30 30 30 30 30 30 30 30 30 30 30 33 30 31 39 30 31 38 30 34 30 32 30 30 30 31 31 30 32 34 3D 33 30 32 35 30 30 30 31 31 34 31 34 30 31 30 35 38 35 39 38 3D 3D 31 3D 30 30 30 30 30 30 32 36 30 30 30 30 30 30 30 30 30 30 30 30 3F 35 54 31 32 33 34 35 36 37 38 39 7E 08 03 9F 39 01 90 FF EE 01 04 DF 30 01 0C DF EE 26 01 08 9F 02 06 00 00 00 00 10 00 DF 5B 01 08 9A 03 14 08 10 9F 21 03 12 36 17 DF EF 4C 06 00 26 00 00 00 00 DF EF 4D 26 3B 34 35 34 37 35 37 30 30 30 31 30 37 30 30 30 30 3D 31 31 30 32 31 30 31 30 30 30 30 30 33 30 36 30 30 30 30 3F 1D 5E 00 00 00 00 00 00 00 00 00 00 00 00 00  
---------- END OF TEST ----------

 Result = PASSED


Docklight Log File (HEX) - Stopped 2026/3/20 10:54:11.437 

