Docklight Log File (HEX) - Started 2025/12/5 14:14:55.806 
 TEST CASE: SL004

 --- Set POS COM PORT Settings
 Set POS COM PORT...
 POS operating on COM90 @ 9600 baud...
 Set POS COM PORT - COMPLETE

 --- Poll On Demand

2025/12/5 14:14:57.147 [TX] - 56 69 56 4F 74 65 63 68 32 00 01 01 00 01 01 D7 34 
2025/12/5 14:14:57.154 [RX] - 56 69 56 4F 74 65 63 68 32 00 01 00 00 00 12 53 00 00 00 00 00 00 00 00 00 00 00 00 00 00 00 00 00 00 00 00 00 00 00 00 00 00 00 00 00 00 00 00 00 00 00 00 00 00 00 00 00 00 00 00 00 00 00  

 --- English 

2025/12/5 14:14:58.183 [TX] - 56 69 56 4F 74 65 63 68 32 00 04 00 00 04 FF FB 01 00 D8 5B 
2025/12/5 14:14:58.190 [RX] - 56 69 56 4F 74 65 63 68 32 00 04 00 00 00 AE 16 00 00 00 00 00 00 00 00 00 00 00 00 00 00 00 00 00 00 00 00 00 00 00 00 00 00 00 00 00 00 00 00 00 00 00 00 00 00 00 00 00 00 00 00 00 00 00  

 --- Visa Wave

2025/12/5 14:15:11.969 [TX] - 56 69 56 4F 74 65 63 68 32 00 04 00 00 04 FF F8 01 02 CA 22 
2025/12/5 14:15:11.978 [RX] - 56 69 56 4F 74 65 63 68 32 00 04 00 00 00 AE 16 00 00 00 00 00 00 00 00 00 00 00 00 00 00 00 00 00 00 00 00 00 00 00 00 00 00 00 00 00 00 00 00 00 00 00 00 00 00 00 00 00 00 00 00 00 00 00  

 --- Index 00

2025/12/5 14:15:13.009 [TX] - 56 69 56 4F 74 65 63 68 32 00 01 02 00 04 00 01 00 01 A5 3F 
2025/12/5 14:15:13.310 [RX] - 56 69 56 4F 74 65 63 68 32 00 01 00 00 00 12 53 00 00 00 00 00 00 00 00 00 00 00 00 00 00 00 00 00 00 00 00 00 00 00 00 00 00 00 00 00 00 00 00 00 00 00 00 00 00 00 00 00 00 00 00 00 00 00  

 --- Index 01

2025/12/5 14:15:19.465 [TX] - 56 69 56 4F 74 65 63 68 32 00 01 02 00 04 01 01 00 01 11 49 
2025/12/5 14:15:19.670 [RX] - 56 69 56 4F 74 65 63 68 32 00 01 00 00 00 12 53 00 00 00 00 00 00 00 00 00 00 00 00 00 00 00 00 00 00 00 00 00 00 00 00 00 00 00 00 00 00 00 00 00 00 00 00 00 00 00 00 00 00 00 00 00 00 00  

 --- Index 02

2025/12/5 14:15:23.431 [TX] - 56 69 56 4F 74 65 63 68 32 00 01 02 00 04 02 01 00 01 CD D2 
2025/12/5 14:15:23.630 [RX] - 56 69 56 4F 74 65 63 68 32 00 01 00 00 00 12 53 00 00 00 00 00 00 00 00 00 00 00 00 00 00 00 00 00 00 00 00 00 00 00 00 00 00 00 00 00 00 00 00 00 00 00 00 00 00 00 00 00 00 00 00 00 00 00  

 --- Index 03

2025/12/5 14:15:28.112 [TX] - 56 69 56 4F 74 65 63 68 32 00 01 02 00 04 03 01 00 01 79 A4 
2025/12/5 14:15:28.318 [RX] - 56 69 56 4F 74 65 63 68 32 00 01 00 00 00 12 53 00 00 00 00 00 00 00 00 00 00 00 00 00 00 00 00 00 00 00 00 00 00 00 00 00 00 00 00 00 00 00 00 00 00 00 00 00 00 00 00 00 00 00 00 00 00 00  

 --- Index 04

2025/12/5 14:15:33.792 [TX] - 56 69 56 4F 74 65 63 68 32 00 01 02 00 04 04 01 00 01 54 F5 
2025/12/5 14:15:34.002 [RX] - 56 69 56 4F 74 65 63 68 32 00 01 00 00 00 12 53 00 00 00 00 00 00 00 00 00 00 00 00 00 00 00 00 00 00 00 00 00 00 00 00 00 00 00 00 00 00 00 00 00 00 00 00 00 00 00 00 00 00 00 00 00 00 00  

 --- Index 05

2025/12/5 14:15:36.684 [TX] - 56 69 56 4F 74 65 63 68 32 00 01 02 00 04 05 01 00 01 E0 83 
2025/12/5 14:15:36.890 [RX] - 56 69 56 4F 74 65 63 68 32 00 01 00 00 00 12 53 00 00 00 00 00 00 00 00 00 00 00 00 00 00 00 00 00 00 00 00 00 00 00 00 00 00 00 00 00 00 00 00 00 00 00 00 00 00 00 00 00 00 00 00 00 00 00  

 --- Index 06

2025/12/5 14:15:41.329 [TX] - 56 69 56 4F 74 65 63 68 32 00 01 02 00 04 06 01 00 01 3C 18 
2025/12/5 14:15:41.530 [RX] - 56 69 56 4F 74 65 63 68 32 00 01 00 00 00 12 53 00 00 00 00 00 00 00 00 00 00 00 00 00 00 00 00 00 00 00 00 00 00 00 00 00 00 00 00 00 00 00 00 00 00 00 00 00 00 00 00 00 00 00 00 00 00 00  

 --- Index 07

2025/12/5 14:15:43.148 [TX] - 56 69 56 4F 74 65 63 68 32 00 01 02 00 04 07 01 00 01 88 6E 
2025/12/5 14:15:43.350 [RX] - 56 69 56 4F 74 65 63 68 32 00 01 00 00 00 12 53 00 00 00 00 00 00 00 00 00 00 00 00 00 00 00 00 00 00 00 00 00 00 00 00 00 00 00 00 00 00 00 00 00 00 00 00 00 00 00 00 00 00 00 00 00 00 00  

 --- Index 08

2025/12/5 14:15:50.446 [TX] - 56 69 56 4F 74 65 63 68 32 00 01 02 00 04 08 01 00 01 66 BA 
2025/12/5 14:15:50.650 [RX] - 56 69 56 4F 74 65 63 68 32 00 01 00 00 00 12 53 00 00 00 00 00 00 00 00 00 00 00 00 00 00 00 00 00 00 00 00 00 00 00 00 00 00 00 00 00 00 00 00 00 00 00 00 00 00 00 00 00 00 00 00 00 00 00  

 --- Index 09

2025/12/5 14:15:53.805 [TX] - 56 69 56 4F 74 65 63 68 32 00 01 02 00 04 09 01 00 01 D2 CC 
2025/12/5 14:15:54.010 [RX] - 56 69 56 4F 74 65 63 68 32 00 01 00 00 00 12 53 00 00 00 00 00 00 00 00 00 00 00 00 00 00 00 00 00 00 00 00 00 00 00 00 00 00 00 00 00 00 00 00 00 00 00 00 00 00 00 00 00 00 00 00 00 00 00  

 --- Index 0a

2025/12/5 14:15:55.499 [TX] - 56 69 56 4F 74 65 63 68 32 00 01 02 00 04 0A 01 00 01 0E 57 
2025/12/5 14:15:55.702 [RX] - 56 69 56 4F 74 65 63 68 32 00 01 00 00 00 12 53 00 00 00 00 00 00 00 00 00 00 00 00 00 00 00 00 00 00 00 00 00 00 00 00 00 00 00 00 00 00 00 00 00 00 00 00 00 00 00 00 00 00 00 00 00 00 00  

 --- Index 0b

2025/12/5 14:15:59.096 [TX] - 56 69 56 4F 74 65 63 68 32 00 01 02 00 04 0B 01 00 01 BA 21 
2025/12/5 14:15:59.290 [RX] - 56 69 56 4F 74 65 63 68 32 00 01 00 00 00 12 53 00 00 00 00 00 00 00 00 00 00 00 00 00 00 00 00 00 00 00 00 00 00 00 00 00 00 00 00 00 00 00 00 00 00 00 00 00 00 00 00 00 00 00 00 00 00 00  

 --- Index 0c

2025/12/5 14:16:01.374 [TX] - 56 69 56 4F 74 65 63 68 32 00 01 02 00 04 0C 01 00 01 97 70 
2025/12/5 14:16:01.582 [RX] - 56 69 56 4F 74 65 63 68 32 00 01 00 00 00 12 53 00 00 00 00 00 00 00 00 00 00 00 00 00 00 00 00 00 00 00 00 00 00 00 00 00 00 00 00 00 00 00 00 00 00 00 00 00 00 00 00 00 00 00 00 00 00 00  

 --- Index 0d

2025/12/5 14:16:03.934 [TX] - 56 69 56 4F 74 65 63 68 32 00 01 02 00 04 0D 01 00 01 23 06 
2025/12/5 14:16:04.142 [RX] - 56 69 56 4F 74 65 63 68 32 00 01 00 00 00 12 53 00 00 00 00 00 00 00 00 00 00 00 00 00 00 00 00 00 00 00 00 00 00 00 00 00 00 00 00 00 00 00 00 00 00 00 00 00 00 00 00 00 00 00 00 00 00 00  

 --- Index 0e

2025/12/5 14:16:07.052 [TX] - 56 69 56 4F 74 65 63 68 32 00 01 02 00 04 0E 01 00 01 FF 9D 
2025/12/5 14:16:07.250 [RX] - 56 69 56 4F 74 65 63 68 32 00 01 00 00 00 12 53 00 00 00 00 00 00 00 00 00 00 00 00 00 00 00 00 00 00 00 00 00 00 00 00 00 00 00 00 00 00 00 00 00 00 00 00 00 00 00 00 00 00 00 00 00 00 00  

 --- Index 0f

2025/12/5 14:16:10.293 [TX] - 56 69 56 4F 74 65 63 68 32 00 01 02 00 04 0F 01 00 01 4B EB 
2025/12/5 14:16:10.490 [RX] - 56 69 56 4F 74 65 63 68 32 00 01 00 00 00 12 53 00 00 00 00 00 00 00 00 00 00 00 00 00 00 00 00 00 00 00 00 00 00 00 00 00 00 00 00 00 00 00 00 00 00 00 00 00 00 00 00 00 00 00 00 00 00 00  

 --- Index 10

2025/12/5 14:16:14.425 [TX] - 56 69 56 4F 74 65 63 68 32 00 01 02 00 04 10 01 00 01 02 24 
2025/12/5 14:16:14.622 [RX] - 56 69 56 4F 74 65 63 68 32 00 01 00 00 00 12 53 00 00 00 00 00 00 00 00 00 00 00 00 00 00 00 00 00 00 00 00 00 00 00 00 00 00 00 00 00 00 00 00 00 00 00 00 00 00 00 00 00 00 00 00 00 00 00  

 --- Index 11

2025/12/5 14:16:15.589 [TX] - 56 69 56 4F 74 65 63 68 32 00 01 02 00 04 11 01 00 01 B6 52 
2025/12/5 14:16:15.790 [RX] - 56 69 56 4F 74 65 63 68 32 00 01 00 00 00 12 53 00 00 00 00 00 00 00 00 00 00 00 00 00 00 00 00 00 00 00 00 00 00 00 00 00 00 00 00 00 00 00 00 00 00 00 00 00 00 00 00 00 00 00 00 00 00 00  

 --- Index 12

2025/12/5 14:16:19.935 [TX] - 56 69 56 4F 74 65 63 68 32 00 01 02 00 04 12 01 00 01 6A C9 
2025/12/5 14:16:20.142 [RX] - 56 69 56 4F 74 65 63 68 32 00 01 00 00 00 12 53 00 00 00 00 00 00 00 00 00 00 00 00 00 00 00 00 00 00 00 00 00 00 00 00 00 00 00 00 00 00 00 00 00 00 00 00 00 00 00 00 00 00 00 00 00 00 00  

 --- Index 13

2025/12/5 14:16:21.965 [TX] - 56 69 56 4F 74 65 63 68 32 00 01 02 00 04 13 01 00 01 DE BF 
2025/12/5 14:16:22.170 [RX] - 56 69 56 4F 74 65 63 68 32 00 01 00 00 00 12 53 00 00 00 00 00 00 00 00 00 00 00 00 00 00 00 00 00 00 00 00 00 00 00 00 00 00 00 00 00 00 00 00 00 00 00 00 00 00 00 00 00 00 00 00 00 00 00  

 --- Index 14

2025/12/5 14:16:23.492 [TX] - 56 69 56 4F 74 65 63 68 32 00 01 02 00 04 14 01 00 01 F3 EE 
2025/12/5 14:16:23.690 [RX] - 56 69 56 4F 74 65 63 68 32 00 01 00 00 00 12 53 00 00 00 00 00 00 00 00 00 00 00 00 00 00 00 00 00 00 00 00 00 00 00 00 00 00 00 00 00 00 00 00 00 00 00 00 00 00 00 00 00 00 00 00 00 00 00  

 --- Index 15

2025/12/5 14:16:29.040 [TX] - 56 69 56 4F 74 65 63 68 32 00 01 02 00 04 15 01 00 01 47 98 
2025/12/5 14:16:29.242 [RX] - 56 69 56 4F 74 65 63 68 32 00 01 00 00 00 12 53 00 00 00 00 00 00 00 00 00 00 00 00 00 00 00 00 00 00 00 00 00 00 00 00 00 00 00 00 00 00 00 00 00 00 00 00 00 00 00 00 00 00 00 00 00 00 00  

 --- Index 16

2025/12/5 14:16:30.042 [TX] - 56 69 56 4F 74 65 63 68 32 00 01 02 00 04 16 01 00 01 9B 03 
2025/12/5 14:16:30.250 [RX] - 56 69 56 4F 74 65 63 68 32 00 01 00 00 00 12 53 00 00 00 00 00 00 00 00 00 00 00 00 00 00 00 00 00 00 00 00 00 00 00 00 00 00 00 00 00 00 00 00 00 00 00 00 00 00 00 00 00 00 00 00 00 00 00  

 --- Index 17

2025/12/5 14:16:31.783 [TX] - 56 69 56 4F 74 65 63 68 32 00 01 02 00 04 17 01 00 01 2F 75 
2025/12/5 14:16:31.990 [RX] - 56 69 56 4F 74 65 63 68 32 00 01 00 00 00 12 53 00 00 00 00 00 00 00 00 00 00 00 00 00 00 00 00 00 00 00 00 00 00 00 00 00 00 00 00 00 00 00 00 00 00 00 00 00 00 00 00 00 00 00 00 00 00 00  

 --- Index 18

2025/12/5 14:16:32.845 [TX] - 56 69 56 4F 74 65 63 68 32 00 01 02 00 04 18 01 00 01 C1 A1 
2025/12/5 14:16:33.050 [RX] - 56 69 56 4F 74 65 63 68 32 00 01 00 00 00 12 53 00 00 00 00 00 00 00 00 00 00 00 00 00 00 00 00 00 00 00 00 00 00 00 00 00 00 00 00 00 00 00 00 00 00 00 00 00 00 00 00 00 00 00 00 00 00 00  

 --- Index 19

2025/12/5 14:16:36.982 [TX] - 56 69 56 4F 74 65 63 68 32 00 01 02 00 04 19 01 00 01 75 D7 
2025/12/5 14:16:37.190 [RX] - 56 69 56 4F 74 65 63 68 32 00 01 00 00 00 12 53 00 00 00 00 00 00 00 00 00 00 00 00 00 00 00 00 00 00 00 00 00 00 00 00 00 00 00 00 00 00 00 00 00 00 00 00 00 00 00 00 00 00 00 00 00 00 00  

 --- Index 1A

2025/12/5 14:16:39.498 [TX] - 56 69 56 4F 74 65 63 68 32 00 01 02 00 04 1A 01 00 01 A9 4C 
2025/12/5 14:16:39.702 [RX] - 56 69 56 4F 74 65 63 68 32 00 01 00 00 00 12 53 00 00 00 00 00 00 00 00 00 00 00 00 00 00 00 00 00 00 00 00 00 00 00 00 00 00 00 00 00 00 00 00 00 00 00 00 00 00 00 00 00 00 00 00 00 00 00  

 --- Index 1B

2025/12/5 14:16:41.558 [TX] - 56 69 56 4F 74 65 63 68 32 00 01 02 00 04 1B 01 00 01 1D 3A 
2025/12/5 14:16:41.762 [RX] - 56 69 56 4F 74 65 63 68 32 00 01 00 00 00 12 53 00 00 00 00 00 00 00 00 00 00 00 00 00 00 00 00 00 00 00 00 00 00 00 00 00 00 00 00 00 00 00 00 00 00 00 00 00 00 00 00 00 00 00 00 00 00 00  

 ** FAIL **
 

 --- Index 1C

2025/12/5 14:17:03.019 [TX] - 56 69 56 4F 74 65 63 68 32 00 01 02 00 04 1C 01 00 01 30 6B 
2025/12/5 14:17:03.222 [RX] - 56 69 56 4F 74 65 63 68 32 00 01 00 00 00 12 53 00 00 00 00 00 00 00 00 00 00 00 00 00 00 00 00 00 00 00 00 00 00 00 00 00 00 00 00 00 00 00 00 00 00 00 00 00 00 00 00 00 00 00 00 00 00 00  

 --- Index 1D

2025/12/5 14:17:05.078 [TX] - 56 69 56 4F 74 65 63 68 32 00 01 02 00 04 1D 01 00 01 84 1D 
2025/12/5 14:17:05.282 [RX] - 56 69 56 4F 74 65 63 68 32 00 01 00 00 00 12 53 00 00 00 00 00 00 00 00 00 00 00 00 00 00 00 00 00 00 00 00 00 00 00 00 00 00 00 00 00 00 00 00 00 00 00 00 00 00 00 00 00 00 00 00 00 00 00  

 --- Index 1E

2025/12/5 14:17:10.739 [TX] - 56 69 56 4F 74 65 63 68 32 00 01 02 00 04 1E 01 00 01 58 86 
2025/12/5 14:17:10.942 [RX] - 56 69 56 4F 74 65 63 68 32 00 01 00 00 00 12 53 00 00 00 00 00 00 00 00 00 00 00 00 00 00 00 00 00 00 00 00 00 00 00 00 00 00 00 00 00 00 00 00 00 00 00 00 00 00 00 00 00 00 00 00 00 00 00  

 --- Index 1F

2025/12/5 14:17:29.003 [TX] - 56 69 56 4F 74 65 63 68 32 00 01 02 00 04 1F 01 00 01 EC F0 
2025/12/5 14:17:29.202 [RX] - 56 69 56 4F 74 65 63 68 32 00 01 00 00 00 12 53 00 00 00 00 00 00 00 00 00 00 00 00 00 00 00 00 00 00 00 00 00 00 00 00 00 00 00 00 00 00 00 00 00 00 00 00 00 00 00 00 00 00 00 00 00 00 00  

 --- Index 20

2025/12/5 14:17:34.858 [TX] - 56 69 56 4F 74 65 63 68 32 00 01 02 00 04 20 01 00 01 EB 08 
2025/12/5 14:17:35.062 [RX] - 56 69 56 4F 74 65 63 68 32 00 01 00 00 00 12 53 00 00 00 00 00 00 00 00 00 00 00 00 00 00 00 00 00 00 00 00 00 00 00 00 00 00 00 00 00 00 00 00 00 00 00 00 00 00 00 00 00 00 00 00 00 00 00  

 --- Index 21

2025/12/5 14:17:39.121 [TX] - 56 69 56 4F 74 65 63 68 32 00 01 02 00 04 21 01 00 01 5F 7E 
2025/12/5 14:17:39.322 [RX] - 56 69 56 4F 74 65 63 68 32 00 01 00 00 00 12 53 00 00 00 00 00 00 00 00 00 00 00 00 00 00 00 00 00 00 00 00 00 00 00 00 00 00 00 00 00 00 00 00 00 00 00 00 00 00 00 00 00 00 00 00 00 00 00  

 --- Index 22

2025/12/5 14:17:40.740 [TX] - 56 69 56 4F 74 65 63 68 32 00 01 02 00 04 22 01 00 01 83 E5 
2025/12/5 14:17:40.942 [RX] - 56 69 56 4F 74 65 63 68 32 00 01 00 00 00 12 53 00 00 00 00 00 00 00 00 00 00 00 00 00 00 00 00 00 00 00 00 00 00 00 00 00 00 00 00 00 00 00 00 00 00 00 00 00 00 00 00 00 00 00 00 00 00 00  

 --- Index 23

2025/12/5 14:17:43.043 [TX] - 56 69 56 4F 74 65 63 68 32 00 01 02 00 04 23 01 00 01 37 93 
2025/12/5 14:17:43.242 [RX] - 56 69 56 4F 74 65 63 68 32 00 01 00 00 00 12 53 00 00 00 00 00 00 00 00 00 00 00 00 00 00 00 00 00 00 00 00 00 00 00 00 00 00 00 00 00 00 00 00 00 00 00 00 00 00 00 00 00 00 00 00 00 00 00  

 --- Index 24

2025/12/5 14:17:46.078 [TX] - 56 69 56 4F 74 65 63 68 32 00 01 02 00 04 24 01 00 01 1A C2 
2025/12/5 14:17:46.282 [RX] - 56 69 56 4F 74 65 63 68 32 00 01 00 00 00 12 53 00 00 00 00 00 00 00 00 00 00 00 00 00 00 00 00 00 00 00 00 00 00 00 00 00 00 00 00 00 00 00 00 00 00 00 00 00 00 00 00 00 00 00 00 00 00 00  

 --- Index 25

2025/12/5 14:17:51.078 [TX] - 56 69 56 4F 74 65 63 68 32 00 01 02 00 04 25 01 00 01 AE B4 
2025/12/5 14:17:51.282 [RX] - 56 69 56 4F 74 65 63 68 32 00 01 00 00 00 12 53 00 00 00 00 00 00 00 00 00 00 00 00 00 00 00 00 00 00 00 00 00 00 00 00 00 00 00 00 00 00 00 00 00 00 00 00 00 00 00 00 00 00 00 00 00 00 00  

 --- Index 26

2025/12/5 14:17:52.419 [TX] - 56 69 56 4F 74 65 63 68 32 00 01 02 00 04 26 01 00 01 72 2F 
2025/12/5 14:17:52.622 [RX] - 56 69 56 4F 74 65 63 68 32 00 01 00 00 00 12 53 00 00 00 00 00 00 00 00 00 00 00 00 00 00 00 00 00 00 00 00 00 00 00 00 00 00 00 00 00 00 00 00 00 00 00 00 00 00 00 00 00 00 00 00 00 00 00  

 --- Index 27

2025/12/5 14:17:55.284 [TX] - 56 69 56 4F 74 65 63 68 32 00 01 02 00 04 27 01 00 01 C6 59 
2025/12/5 14:17:55.482 [RX] - 56 69 56 4F 74 65 63 68 32 00 01 00 00 00 12 53 00 00 00 00 00 00 00 00 00 00 00 00 00 00 00 00 00 00 00 00 00 00 00 00 00 00 00 00 00 00 00 00 00 00 00 00 00 00 00 00 00 00 00 00 00 00 00  

 --- Index 28

2025/12/5 14:17:56.169 [TX] - 56 69 56 4F 74 65 63 68 32 00 01 02 00 04 28 01 00 01 28 8D 
2025/12/5 14:17:56.374 [RX] - 56 69 56 4F 74 65 63 68 32 00 01 00 00 00 12 53 00 00 00 00 00 00 00 00 00 00 00 00 00 00 00 00 00 00 00 00 00 00 00 00 00 00 00 00 00 00 00 00 00 00 00 00 00 00 00 00 00 00 00 00 00 00 00  

 --- Index 29

2025/12/5 14:18:00.693 [TX] - 56 69 56 4F 74 65 63 68 32 00 01 02 00 04 29 01 00 01 9C FB 
2025/12/5 14:18:00.894 [RX] - 56 69 56 4F 74 65 63 68 32 00 01 00 00 00 12 53 00 00 00 00 00 00 00 00 00 00 00 00 00 00 00 00 00 00 00 00 00 00 00 00 00 00 00 00 00 00 00 00 00 00 00 00 00 00 00 00 00 00 00 00 00 00 00  

 --- Index 2A

2025/12/5 14:18:01.632 [TX] - 56 69 56 4F 74 65 63 68 32 00 01 02 00 04 2A 01 00 01 40 60 
2025/12/5 14:18:01.834 [RX] - 56 69 56 4F 74 65 63 68 32 00 01 00 00 00 12 53 00 00 00 00 00 00 00 00 00 00 00 00 00 00 00 00 00 00 00 00 00 00 00 00 00 00 00 00 00 00 00 00 00 00 00 00 00 00 00 00 00 00 00 00 00 00 00  

 --- Index 2B

2025/12/5 14:18:03.385 [TX] - 56 69 56 4F 74 65 63 68 32 00 01 02 00 04 2B 01 00 01 F4 16 
2025/12/5 14:18:03.582 [RX] - 56 69 56 4F 74 65 63 68 32 00 01 00 00 00 12 53 00 00 00 00 00 00 00 00 00 00 00 00 00 00 00 00 00 00 00 00 00 00 00 00 00 00 00 00 00 00 00 00 00 00 00 00 00 00 00 00 00 00 00 00 00 00 00  

 --- Index 2C

2025/12/5 14:18:09.241 [TX] - 56 69 56 4F 74 65 63 68 32 00 01 02 00 04 2C 01 00 01 D9 47 
2025/12/5 14:18:09.446 [RX] - 56 69 56 4F 74 65 63 68 32 00 01 00 00 00 12 53 00 00 00 00 00 00 00 00 00 00 00 00 00 00 00 00 00 00 00 00 00 00 00 00 00 00 00 00 00 00 00 00 00 00 00 00 00 00 00 00 00 00 00 00 00 00 00  

 --- Index 2D

2025/12/5 14:18:11.004 [TX] - 56 69 56 4F 74 65 63 68 32 00 01 02 00 04 2D 01 00 01 6D 31 
2025/12/5 14:18:11.206 [RX] - 56 69 56 4F 74 65 63 68 32 00 01 00 00 00 12 53 00 00 00 00 00 00 00 00 00 00 00 00 00 00 00 00 00 00 00 00 00 00 00 00 00 00 00 00 00 00 00 00 00 00 00 00 00 00 00 00 00 00 00 00 00 00 00  

 --- Index 2E

2025/12/5 14:18:14.893 [TX] - 56 69 56 4F 74 65 63 68 32 00 01 02 00 04 2E 01 00 01 B1 AA 
2025/12/5 14:18:15.094 [RX] - 56 69 56 4F 74 65 63 68 32 00 01 00 00 00 12 53 00 00 00 00 00 00 00 00 00 00 00 00 00 00 00 00 00 00 00 00 00 00 00 00 00 00 00 00 00 00 00 00 00 00 00 00 00 00 00 00 00 00 00 00 00 00 00  

 --- Index 2F

2025/12/5 14:18:16.689 [TX] - 56 69 56 4F 74 65 63 68 32 00 01 02 00 04 2F 01 00 01 05 DC 
2025/12/5 14:18:16.894 [RX] - 56 69 56 4F 74 65 63 68 32 00 01 00 00 00 12 53 00 00 00 00 00 00 00 00 00 00 00 00 00 00 00 00 00 00 00 00 00 00 00 00 00 00 00 00 00 00 00 00 00 00 00 00 00 00 00 00 00 00 00 00 00 00 00  

 --- Index 30

2025/12/5 14:18:18.132 [TX] - 56 69 56 4F 74 65 63 68 32 00 01 02 00 04 30 01 00 01 4C 13 
2025/12/5 14:18:18.334 [RX] - 56 69 56 4F 74 65 63 68 32 00 01 00 00 00 12 53 00 00 00 00 00 00 00 00 00 00 00 00 00 00 00 00 00 00 00 00 00 00 00 00 00 00 00 00 00 00 00 00 00 00 00 00 00 00 00 00 00 00 00 00 00 00 00  

 --- Index 31

2025/12/5 14:18:19.524 [TX] - 56 69 56 4F 74 65 63 68 32 00 01 02 00 04 31 01 00 01 F8 65 
2025/12/5 14:18:19.726 [RX] - 56 69 56 4F 74 65 63 68 32 00 01 00 00 00 12 53 00 00 00 00 00 00 00 00 00 00 00 00 00 00 00 00 00 00 00 00 00 00 00 00 00 00 00 00 00 00 00 00 00 00 00 00 00 00 00 00 00 00 00 00 00 00 00  

 --- Index 32

2025/12/5 14:18:22.860 [TX] - 56 69 56 4F 74 65 63 68 32 00 01 02 00 04 32 01 00 01 24 FE 
2025/12/5 14:18:23.066 [RX] - 56 69 56 4F 74 65 63 68 32 00 01 00 00 00 12 53 00 00 00 00 00 00 00 00 00 00 00 00 00 00 00 00 00 00 00 00 00 00 00 00 00 00 00 00 00 00 00 00 00 00 00 00 00 00 00 00 00 00 00 00 00 00 00  

 --- Index 33

2025/12/5 14:18:26.314 [TX] - 56 69 56 4F 74 65 63 68 32 00 01 02 00 04 33 01 00 01 90 88 
2025/12/5 14:18:26.514 [RX] - 56 69 56 4F 74 65 63 68 32 00 01 00 00 00 12 53 00 00 00 00 00 00 00 00 00 00 00 00 00 00 00 00 00 00 00 00 00 00 00 00 00 00 00 00 00 00 00 00 00 00 00 00 00 00 00 00 00 00 00 00 00 00 00  

 --- Index 34

2025/12/5 14:18:28.367 [TX] - 56 69 56 4F 74 65 63 68 32 00 01 02 00 04 34 01 00 01 BD D9 
2025/12/5 14:18:28.574 [RX] - 56 69 56 4F 74 65 63 68 32 00 01 00 00 00 12 53 00 00 00 00 00 00 00 00 00 00 00 00 00 00 00 00 00 00 00 00 00 00 00 00 00 00 00 00 00 00 00 00 00 00 00 00 00 00 00 00 00 00 00 00 00 00 00  

 --- Index 35

2025/12/5 14:18:34.840 [TX] - 56 69 56 4F 74 65 63 68 32 00 01 02 00 04 35 01 00 01 09 AF 
2025/12/5 14:18:35.034 [RX] - 56 69 56 4F 74 65 63 68 32 00 01 00 00 00 12 53 00 00 00 00 00 00 00 00 00 00 00 00 00 00 00 00 00 00 00 00 00 00 00 00 00 00 00 00 00 00 00 00 00 00 00 00 00 00 00 00 00 00 00 00 00 00 00  

 ** FAIL **
 

 --- Index 36

2025/12/5 14:18:38.269 [TX] - 56 69 56 4F 74 65 63 68 32 00 01 02 00 04 36 01 00 01 D5 34 
2025/12/5 14:18:38.466 [RX] - 56 69 56 4F 74 65 63 68 32 00 01 00 00 00 12 53 00 00 00 00 00 00 00 00 00 00 00 00 00 00 00 00 00 00 00 00 00 00 00 00 00 00 00 00 00 00 00 00 00 00 00 00 00 00 00 00 00 00 00 00 00 00 00  

 --- Index 37

2025/12/5 14:18:39.877 [TX] - 56 69 56 4F 74 65 63 68 32 00 01 02 00 04 37 01 00 01 61 42 
2025/12/5 14:18:40.074 [RX] - 56 69 56 4F 74 65 63 68 32 00 01 00 00 00 12 53 00 00 00 00 00 00 00 00 00 00 00 00 00 00 00 00 00 00 00 00 00 00 00 00 00 00 00 00 00 00 00 00 00 00 00 00 00 00 00 00 00 00 00 00 00 00 00  

 --- Index 38

2025/12/5 14:18:42.423 [TX] - 56 69 56 4F 74 65 63 68 32 00 01 02 00 04 38 01 00 01 8F 96 
2025/12/5 14:18:42.626 [RX] - 56 69 56 4F 74 65 63 68 32 00 01 00 00 00 12 53 00 00 00 00 00 00 00 00 00 00 00 00 00 00 00 00 00 00 00 00 00 00 00 00 00 00 00 00 00 00 00 00 00 00 00 00 00 00 00 00 00 00 00 00 00 00 00  

 ** FAIL **
 

 --- Index 39

2025/12/5 14:18:44.799 [TX] - 56 69 56 4F 74 65 63 68 32 00 01 02 00 04 39 01 00 01 3B E0 
2025/12/5 14:18:44.994 [RX] - 56 69 56 4F 74 65 63 68 32 00 01 00 00 00 12 53 00 00 00 00 00 00 00 00 00 00 00 00 00 00 00 00 00 00 00 00 00 00 00 00 00 00 00 00 00 00 00 00 00 00 00 00 00 00 00 00 00 00 00 00 00 00 00  

 --- Index 3A

2025/12/5 14:18:46.460 [TX] - 56 69 56 4F 74 65 63 68 32 00 01 02 00 04 3A 01 00 01 E7 7B 
2025/12/5 14:18:46.654 [RX] - 56 69 56 4F 74 65 63 68 32 00 01 00 00 00 12 53 00 00 00 00 00 00 00 00 00 00 00 00 00 00 00 00 00 00 00 00 00 00 00 00 00 00 00 00 00 00 00 00 00 00 00 00 00 00 00 00 00 00 00 00 00 00 00  

 ** FAIL **
 

 --- Index 3B

2025/12/5 14:18:47.519 [TX] - 56 69 56 4F 74 65 63 68 32 00 01 02 00 04 3B 01 00 01 53 0D 
2025/12/5 14:18:47.714 [RX] - 56 69 56 4F 74 65 63 68 32 00 01 00 00 00 12 53 00 00 00 00 00 00 00 00 00 00 00 00 00 00 00 00 00 00 00 00 00 00 00 00 00 00 00 00 00 00 00 00 00 00 00 00 00 00 00 00 00 00 00 00 00 00 00  

 ** FAIL **
 

 --- Index 3C

2025/12/5 14:18:49.646 [TX] - 56 69 56 4F 74 65 63 68 32 00 01 02 00 04 3C 01 00 01 7E 5C 
2025/12/5 14:18:49.846 [RX] - 56 69 56 4F 74 65 63 68 32 00 01 00 00 00 12 53 00 00 00 00 00 00 00 00 00 00 00 00 00 00 00 00 00 00 00 00 00 00 00 00 00 00 00 00 00 00 00 00 00 00 00 00 00 00 00 00 00 00 00 00 00 00 00  

 --- Index 3D

2025/12/5 14:18:51.035 [TX] - 56 69 56 4F 74 65 63 68 32 00 01 02 00 04 3D 01 00 01 CA 2A 
2025/12/5 14:18:51.234 [RX] - 56 69 56 4F 74 65 63 68 32 00 01 00 00 00 12 53 00 00 00 00 00 00 00 00 00 00 00 00 00 00 00 00 00 00 00 00 00 00 00 00 00 00 00 00 00 00 00 00 00 00 00 00 00 00 00 00 00 00 00 00 00 00 00  

 ** FAIL **
 

 --- Index 3E

2025/12/5 14:18:53.608 [TX] - 56 69 56 4F 74 65 63 68 32 00 01 02 00 04 3E 01 00 01 16 B1 
2025/12/5 14:18:53.806 [RX] - 56 69 56 4F 74 65 63 68 32 00 01 00 00 00 12 53 00 00 00 00 00 00 00 00 00 00 00 00 00 00 00 00 00 00 00 00 00 00 00 00 00 00 00 00 00 00 00 00 00 00 00 00 00 00 00 00 00 00 00 00 00 00 00  

 ** FAIL **
 

 --- Index 3F

2025/12/5 14:18:55.039 [TX] - 56 69 56 4F 74 65 63 68 32 00 01 02 00 04 3F 01 00 01 A2 C7 
2025/12/5 14:18:55.234 [RX] - 56 69 56 4F 74 65 63 68 32 00 01 00 00 00 12 53 00 00 00 00 00 00 00 00 00 00 00 00 00 00 00 00 00 00 00 00 00 00 00 00 00 00 00 00 00 00 00 00 00 00 00 00 00 00 00 00 00 00 00 00 00 00 00  

 ** FAIL **
 

 --- Index 40

2025/12/5 14:18:57.258 [TX] - 56 69 56 4F 74 65 63 68 32 00 01 02 00 04 40 01 00 01 39 51 
2025/12/5 14:18:57.454 [RX] - 56 69 56 4F 74 65 63 68 32 00 01 00 00 00 12 53 00 00 00 00 00 00 00 00 00 00 00 00 00 00 00 00 00 00 00 00 00 00 00 00 00 00 00 00 00 00 00 00 00 00 00 00 00 00 00 00 00 00 00 00 00 00 00  

 ** FAIL **
 

 --- Index 41

2025/12/5 14:18:58.246 [TX] - 56 69 56 4F 74 65 63 68 32 00 01 02 00 04 41 01 00 01 8D 27 
2025/12/5 14:18:58.446 [RX] - 56 69 56 4F 74 65 63 68 32 00 01 00 00 00 12 53 00 00 00 00 00 00 00 00 00 00 00 00 00 00 00 00 00 00 00 00 00 00 00 00 00 00 00 00 00 00 00 00 00 00 00 00 00 00 00 00 00 00 00 00 00 00 00  

 --- Index 42

2025/12/5 14:19:01.218 [TX] - 56 69 56 4F 74 65 63 68 32 00 01 02 00 04 42 01 00 01 51 BC 
2025/12/5 14:19:01.414 [RX] - 56 69 56 4F 74 65 63 68 32 00 01 00 00 00 12 53 00 00 00 00 00 00 00 00 00 00 00 00 00 00 00 00 00 00 00 00 00 00 00 00 00 00 00 00 00 00 00 00 00 00 00 00 00 00 00 00 00 00 00 00 00 00 00  

 ** FAIL **
 

 --- Index 43

2025/12/5 14:19:02.683 [TX] - 56 69 56 4F 74 65 63 68 32 00 01 02 00 04 43 01 00 01 E5 CA 
2025/12/5 14:19:02.886 [RX] - 56 69 56 4F 74 65 63 68 32 00 01 00 00 00 12 53 00 00 00 00 00 00 00 00 00 00 00 00 00 00 00 00 00 00 00 00 00 00 00 00 00 00 00 00 00 00 00 00 00 00 00 00 00 00 00 00 00 00 00 00 00 00 00  

 ** FAIL **
 

 --- Index 44

2025/12/5 14:19:03.836 [TX] - 56 69 56 4F 74 65 63 68 32 00 01 02 00 04 44 01 00 01 C8 9B 
2025/12/5 14:19:04.034 [RX] - 56 69 56 4F 74 65 63 68 32 00 01 00 00 00 12 53 00 00 00 00 00 00 00 00 00 00 00 00 00 00 00 00 00 00 00 00 00 00 00 00 00 00 00 00 00 00 00 00 00 00 00 00 00 00 00 00 00 00 00 00 00 00 00  

 ** FAIL **
 

 --- Index 45

2025/12/5 14:19:04.614 [TX] - 56 69 56 4F 74 65 63 68 32 00 01 02 00 04 45 01 00 01 7C ED 
2025/12/5 14:19:04.814 [RX] - 56 69 56 4F 74 65 63 68 32 00 01 00 00 00 12 53 00 00 00 00 00 00 00 00 00 00 00 00 00 00 00 00 00 00 00 00 00 00 00 00 00 00 00 00 00 00 00 00 00 00 00 00 00 00 00 00 00 00 00 00 00 00 00  

 ** FAIL **
 

 --- Index 46

2025/12/5 14:19:05.411 [TX] - 56 69 56 4F 74 65 63 68 32 00 01 02 00 04 46 01 00 01 A0 76 
2025/12/5 14:19:05.614 [RX] - 56 69 56 4F 74 65 63 68 32 00 01 00 00 00 12 53 00 00 00 00 00 00 00 00 00 00 00 00 00 00 00 00 00 00 00 00 00 00 00 00 00 00 00 00 00 00 00 00 00 00 00 00 00 00 00 00 00 00 00 00 00 00 00  

 ** FAIL **
 

 --- Index 47

2025/12/5 14:19:10.382 [TX] - 56 69 56 4F 74 65 63 68 32 00 01 02 00 04 47 01 00 01 14 00 
2025/12/5 14:19:10.586 [RX] - 56 69 56 4F 74 65 63 68 32 00 01 00 00 00 12 53 00 00 00 00 00 00 00 00 00 00 00 00 00 00 00 00 00 00 00 00 00 00 00 00 00 00 00 00 00 00 00 00 00 00 00 00 00 00 00 00 00 00 00 00 00 00 00  

 ** FAIL **
 

 --- Index 48

2025/12/5 14:19:11.504 [TX] - 56 69 56 4F 74 65 63 68 32 00 01 02 00 04 48 01 00 01 FA D4 
2025/12/5 14:19:11.706 [RX] - 56 69 56 4F 74 65 63 68 32 00 01 00 00 00 12 53 00 00 00 00 00 00 00 00 00 00 00 00 00 00 00 00 00 00 00 00 00 00 00 00 00 00 00 00 00 00 00 00 00 00 00 00 00 00 00 00 00 00 00 00 00 00 00  

 ** FAIL **
 

 --- Index 49

2025/12/5 14:19:14.602 [TX] - 56 69 56 4F 74 65 63 68 32 00 01 02 00 04 49 01 00 01 4E A2 
2025/12/5 14:19:14.806 [RX] - 56 69 56 4F 74 65 63 68 32 00 01 00 00 00 12 53 00 00 00 00 00 00 00 00 00 00 00 00 00 00 00 00 00 00 00 00 00 00 00 00 00 00 00 00 00 00 00 00 00 00 00 00 00 00 00 00 00 00 00 00 00 00 00  

 ** FAIL **
 

 --- Index 4A

2025/12/5 14:19:15.373 [TX] - 56 69 56 4F 74 65 63 68 32 00 01 02 00 04 4A 01 00 01 92 39 
2025/12/5 14:19:15.574 [RX] - 56 69 56 4F 74 65 63 68 32 00 01 00 00 00 12 53 00 00 00 00 00 00 00 00 00 00 00 00 00 00 00 00 00 00 00 00 00 00 00 00 00 00 00 00 00 00 00 00 00 00 00 00 00 00 00 00 00 00 00 00 00 00 00  

 ** FAIL **
 

 --- Index 4B

2025/12/5 14:19:16.237 [TX] - 56 69 56 4F 74 65 63 68 32 00 01 02 00 04 4B 01 00 01 26 4F 
2025/12/5 14:19:16.434 [RX] - 56 69 56 4F 74 65 63 68 32 00 01 00 00 00 12 53 00 00 00 00 00 00 00 00 00 00 00 00 00 00 00 00 00 00 00 00 00 00 00 00 00 00 00 00 00 00 00 00 00 00 00 00 00 00 00 00 00 00 00 00 00 00 00  

 ** FAIL **
 

 Result = FAILED
 ---------- END OF TEST ----------

 Result = FAILED
 

 MASTER RESULT = FAILED


Docklight Log File (HEX) - Stopped 2025/12/5 14:19:18.700 

