Docklight Log File (HEX) - Started 2026/5/28 15:59:06.541 
 TEST CASE: PG001

 --- Set POS COM PORT Settings
 Set POS COM PORT...
 POS operating on COM90 @ 9600 baud...
 Set POS COM PORT - COMPLETE

 --- Reader Info
 Reader Type: NEO2
 Reader Model: NA
 FW Version: NA
 FW Build: NA
 General Flag: NA

 --- Test objective
  This test is to verify basic ping cmd

 --- PING

2026/5/28 15:59:07.736 [TX] - 56 69 56 4F 74 65 63 68 32 00 18 01 00 00 B3 CD 
2026/5/28 15:59:07.741 [RX] - 56 69 56 4F 74 65 63 68 32 00 18 00 00 00 FA 83 00 00 00 00 00 00 00 00 00 00 00 00 00 00 00 00 00 00 00 00 00 00 00 00 00 00 00 00 00 00 00 00 00 00 00 00 00 00 00 00 00 00 00 00 00 00 00  --- PING

2026/5/28 15:59:07.749 [TX] - 56 69 56 4F 74 65 63 68 32 00 18 01 00 00 B3 CD 
2026/5/28 15:59:07.756 [RX] - 56 69 56 4F 74 65 63 68 32 00 18 00 00 00 FA 83 00 00 00 00 00 00 00 00 00 00 00 00 00 00 00 00 00 00 00 00 00 00 00 00 00 00 00 00 00 00 00 00 00 00 00 00 00 00 00 00 00 00 00 00 00 00 00  --- PING

2026/5/28 15:59:07.767 [TX] - 56 69 56 4F 74 65 63 68 32 00 18 01 00 00 B3 CD 
2026/5/28 15:59:07.772 [RX] - 56 69 56 4F 74 65 63 68 32 00 18 00 00 00 FA 83 00 00 00 00 00 00 00 00 00 00 00 00 00 00 00 00 00 00 00 00 00 00 00 00 00 00 00 00 00 00 00 00 00 00 00 00 00 00 00 00 00 00 00 00 00 00 00  --- PING

2026/5/28 15:59:07.784 [TX] - 56 69 56 4F 74 65 63 68 32 00 18 01 00 00 B3 CD 
2026/5/28 15:59:07.788 [RX] - 56 69 56 4F 74 65 63 68 32 00 18 00 00 00 FA 83 00 00 00 00 00 00 00 00 00 00 00 00 00 00 00 00 00 00 00 00 00 00 00 00 00 00 00 00 00 00 00 00 00 00 00 00 00 00 00 00 00 00 00 00 00 00 00  --- PING

2026/5/28 15:59:07.800 [TX] - 56 69 56 4F 74 65 63 68 32 00 18 01 00 00 B3 CD 
2026/5/28 15:59:07.804 [RX] - 56 69 56 4F 74 65 63 68 32 00 18 00 00 00 FA 83 00 00 00 00 00 00 00 00 00 00 00 00 00 00 00 00 00 00 00 00 00 00 00 00 00 00 00 00 00 00 00 00 00 00 00 00 00 00 00 00 00 00 00 00 00 00 00  --- PING

2026/5/28 15:59:07.832 [TX] - 56 69 56 4F 74 65 63 68 32 00 18 01 00 00 B3 CD 
2026/5/28 15:59:07.848 [RX] - 56 69 56 4F 74 65 63 68 32 00 18 00 00 00 FA 83 00 00 00 00 00 00 00 00 00 00 00 00 00 00 00 00 00 00 00 00 00 00 00 00 00 00 00 00 00 00 00 00 00 00 00 00 00 00 00 00 00 00 00 00 00 00 00  --- PING

2026/5/28 15:59:07.874 [TX] - 56 69 56 4F 74 65 63 68 32 00 18 01 00 00 B3 CD 
2026/5/28 15:59:07.879 [RX] - 56 69 56 4F 74 65 63 68 32 00 18 00 00 00 FA 83 00 00 00 00 00 00 00 00 00 00 00 00 00 00 00 00 00 00 00 00 00 00 00 00 00 00 00 00 00 00 00 00 00 00 00 00 00 00 00 00 00 00 00 00 00 00 00  --- PING

2026/5/28 15:59:07.899 [TX] - 56 69 56 4F 74 65 63 68 32 00 18 01 00 00 B3 CD 
2026/5/28 15:59:07.910 [RX] - 56 69 56 4F 74 65 63 68 32 00 18 00 00 00 FA 83 00 00 00 00 00 00 00 00 00 00 00 00 00 00 00 00 00 00 00 00 00 00 00 00 00 00 00 00 00 00 00 00 00 00 00 00 00 00 00 00 00 00 00 00 00 00 00  --- PING

2026/5/28 15:59:07.933 [TX] - 56 69 56 4F 74 65 63 68 32 00 18 01 00 00 B3 CD 
2026/5/28 15:59:07.941 [RX] - 56 69 56 4F 74 65 63 68 32 00 18 00 00 00 FA 83 00 00 00 00 00 00 00 00 00 00 00 00 00 00 00 00 00 00 00 00 00 00 00 00 00 00 00 00 00 00 00 00 00 00 00 00 00 00 00 00 00 00 00 00 00 00 00  --- PING

2026/5/28 15:59:07.964 [TX] - 56 69 56 4F 74 65 63 68 32 00 18 01 00 00 B3 CD 
2026/5/28 15:59:07.972 [RX] - 56 69 56 4F 74 65 63 68 32 00 18 00 00 00 FA 83 00 00 00 00 00 00 00 00 00 00 00 00 00 00 00 00 00 00 00 00 00 00 00 00 00 00 00 00 00 00 00 00 00 00 00 00 00 00 00 00 00 00 00 00 00 00 00  --- PING

2026/5/28 15:59:08.003 [TX] - 56 69 56 4F 74 65 63 68 32 00 18 01 00 00 B3 CD 
2026/5/28 15:59:08.008 [RX] - 56 69 56 4F 74 65 63 68 32 00 18 00 00 00 FA 83 00 00 00 00 00 00 00 00 00 00 00 00 00 00 00 00 00 00 00 00 00 00 00 00 00 00 00 00 00 00 00 00 00 00 00 00 00 00 00 00 00 00 00 00 00 00 00  --- PING

2026/5/28 15:59:08.042 [TX] - 56 69 56 4F 74 65 63 68 32 00 18 01 00 00 B3 CD 
2026/5/28 15:59:08.049 [RX] - 56 69 56 4F 74 65 63 68 32 00 18 00 00 00 FA 83 00 00 00 00 00 00 00 00 00 00 00 00 00 00 00 00 00 00 00 00 00 00 00 00 00 00 00 00 00 00 00 00 00 00 00 00 00 00 00 00 00 00 00 00 00 00 00  --- PING

2026/5/28 15:59:08.071 [TX] - 56 69 56 4F 74 65 63 68 32 00 18 01 00 00 B3 CD 
2026/5/28 15:59:08.080 [RX] - 56 69 56 4F 74 65 63 68 32 00 18 00 00 00 FA 83 00 00 00 00 00 00 00 00 00 00 00 00 00 00 00 00 00 00 00 00 00 00 00 00 00 00 00 00 00 00 00 00 00 00 00 00 00 00 00 00 00 00 00 00 00 00 00  --- PING

2026/5/28 15:59:08.104 [TX] - 56 69 56 4F 74 65 63 68 32 00 18 01 00 00 B3 CD 
2026/5/28 15:59:08.111 [RX] - 56 69 56 4F 74 65 63 68 32 00 18 00 00 00 FA 83 00 00 00 00 00 00 00 00 00 00 00 00 00 00 00 00 00 00 00 00 00 00 00 00 00 00 00 00 00 00 00 00 00 00 00 00 00 00 00 00 00 00 00 00 00 00 00  --- PING

2026/5/28 15:59:08.132 [TX] - 56 69 56 4F 74 65 63 68 32 00 18 01 00 00 B3 CD 
2026/5/28 15:59:08.142 [RX] - 56 69 56 4F 74 65 63 68 32 00 18 00 00 00 FA 83 00 00 00 00 00 00 00 00 00 00 00 00 00 00 00 00 00 00 00 00 00 00 00 00 00 00 00 00 00 00 00 00 00 00 00 00 00 00 00 00 00 00 00 00 00 00 00  --- PING

2026/5/28 15:59:08.165 [TX] - 56 69 56 4F 74 65 63 68 32 00 18 01 00 00 B3 CD 
2026/5/28 15:59:08.173 [RX] - 56 69 56 4F 74 65 63 68 32 00 18 00 00 00 FA 83 00 00 00 00 00 00 00 00 00 00 00 00 00 00 00 00 00 00 00 00 00 00 00 00 00 00 00 00 00 00 00 00 00 00 00 00 00 00 00 00 00 00 00 00 00 00 00  --- PING

2026/5/28 15:59:08.193 [TX] - 56 69 56 4F 74 65 63 68 32 00 18 01 00 00 B3 CD 
2026/5/28 15:59:08.203 [RX] - 56 69 56 4F 74 65 63 68 32 00 18 00 00 00 FA 83 00 00 00 00 00 00 00 00 00 00 00 00 00 00 00 00 00 00 00 00 00 00 00 00 00 00 00 00 00 00 00 00 00 00 00 00 00 00 00 00 00 00 00 00 00 00 00  --- PING

2026/5/28 15:59:08.225 [TX] - 56 69 56 4F 74 65 63 68 32 00 18 01 00 00 B3 CD 
2026/5/28 15:59:08.235 [RX] - 56 69 56 4F 74 65 63 68 32 00 18 00 00 00 FA 83 00 00 00 00 00 00 00 00 00 00 00 00 00 00 00 00 00 00 00 00 00 00 00 00 00 00 00 00 00 00 00 00 00 00 00 00 00 00 00 00 00 00 00 00 00 00 00  --- PING

2026/5/28 15:59:08.259 [TX] - 56 69 56 4F 74 65 63 68 32 00 18 01 00 00 B3 CD 
2026/5/28 15:59:08.266 [RX] - 56 69 56 4F 74 65 63 68 32 00 18 00 00 00 FA 83 00 00 00 00 00 00 00 00 00 00 00 00 00 00 00 00 00 00 00 00 00 00 00 00 00 00 00 00 00 00 00 00 00 00 00 00 00 00 00 00 00 00 00 00 00 00 00  --- PING

2026/5/28 15:59:08.287 [TX] - 56 69 56 4F 74 65 63 68 32 00 18 01 00 00 B3 CD 
2026/5/28 15:59:08.299 [RX] - 56 69 56 4F 74 65 63 68 32 00 18 00 00 00 FA 83 00 00 00 00 00 00 00 00 00 00 00 00 00 00 00 00 00 00 00 00 00 00 00 00 00 00 00 00 00 00 00 00 00 00 00 00 00 00 00 00 00 00 00 00 00 00 00  --- PING

2026/5/28 15:59:08.319 [TX] - 56 69 56 4F 74 65 63 68 32 00 18 01 00 00 B3 CD 
2026/5/28 15:59:08.330 [RX] - 56 69 56 4F 74 65 63 68 32 00 18 00 00 00 FA 83 00 00 00 00 00 00 00 00 00 00 00 00 00 00 00 00 00 00 00 00 00 00 00 00 00 00 00 00 00 00 00 00 00 00 00 00 00 00 00 00 00 00 00 00 00 00 00  --- PING

2026/5/28 15:59:08.354 [TX] - 56 69 56 4F 74 65 63 68 32 00 18 01 00 00 B3 CD 
2026/5/28 15:59:08.362 [RX] - 56 69 56 4F 74 65 63 68 32 00 18 00 00 00 FA 83 00 00 00 00 00 00 00 00 00 00 00 00 00 00 00 00 00 00 00 00 00 00 00 00 00 00 00 00 00 00 00 00 00 00 00 00 00 00 00 00 00 00 00 00 00 00 00  --- PING

2026/5/28 15:59:08.387 [TX] - 56 69 56 4F 74 65 63 68 32 00 18 01 00 00 B3 CD 
2026/5/28 15:59:08.393 [RX] - 56 69 56 4F 74 65 63 68 32 00 18 00 00 00 FA 83 00 00 00 00 00 00 00 00 00 00 00 00 00 00 00 00 00 00 00 00 00 00 00 00 00 00 00 00 00 00 00 00 00 00 00 00 00 00 00 00 00 00 00 00 00 00 00  --- PING

2026/5/28 15:59:08.414 [TX] - 56 69 56 4F 74 65 63 68 32 00 18 01 00 00 B3 CD 
2026/5/28 15:59:08.424 [RX] - 56 69 56 4F 74 65 63 68 32 00 18 00 00 00 FA 83 00 00 00 00 00 00 00 00 00 00 00 00 00 00 00 00 00 00 00 00 00 00 00 00 00 00 00 00 00 00 00 00 00 00 00 00 00 00 00 00 00 00 00 00 00 00 00  --- PING

2026/5/28 15:59:08.445 [TX] - 56 69 56 4F 74 65 63 68 32 00 18 01 00 00 B3 CD 
2026/5/28 15:59:08.456 [RX] - 56 69 56 4F 74 65 63 68 32 00 18 00 00 00 FA 83 00 00 00 00 00 00 00 00 00 00 00 00 00 00 00 00 00 00 00 00 00 00 00 00 00 00 00 00 00 00 00 00 00 00 00 00 00 00 00 00 00 00 00 00 00 00 00  --- PING

2026/5/28 15:59:08.478 [TX] - 56 69 56 4F 74 65 63 68 32 00 18 01 00 00 B3 CD 
2026/5/28 15:59:08.487 [RX] - 56 69 56 4F 74 65 63 68 32 00 18 00 00 00 FA 83 00 00 00 00 00 00 00 00 00 00 00 00 00 00 00 00 00 00 00 00 00 00 00 00 00 00 00 00 00 00 00 00 00 00 00 00 00 00 00 00 00 00 00 00 00 00 00  --- PING

2026/5/28 15:59:08.508 [TX] - 56 69 56 4F 74 65 63 68 32 00 18 01 00 00 B3 CD 
2026/5/28 15:59:08.518 [RX] - 56 69 56 4F 74 65 63 68 32 00 18 00 00 00 FA 83 00 00 00 00 00 00 00 00 00 00 00 00 00 00 00 00 00 00 00 00 00 00 00 00 00 00 00 00 00 00 00 00 00 00 00 00 00 00 00 00 00 00 00 00 00 00 00  --- PING

2026/5/28 15:59:08.543 [TX] - 56 69 56 4F 74 65 63 68 32 00 18 01 00 00 B3 CD 
2026/5/28 15:59:08.550 [RX] - 56 69 56 4F 74 65 63 68 32 00 18 00 00 00 FA 83 00 00 00 00 00 00 00 00 00 00 00 00 00 00 00 00 00 00 00 00 00 00 00 00 00 00 00 00 00 00 00 00 00 00 00 00 00 00 00 00 00 00 00 00 00 00 00  --- PING

2026/5/28 15:59:08.570 [TX] - 56 69 56 4F 74 65 63 68 32 00 18 01 00 00 B3 CD 
2026/5/28 15:59:08.581 [RX] - 56 69 56 4F 74 65 63 68 32 00 18 00 00 00 FA 83 00 00 00 00 00 00 00 00 00 00 00 00 00 00 00 00 00 00 00 00 00 00 00 00 00 00 00 00 00 00 00 00 00 00 00 00 00 00 00 00 00 00 00 00 00 00 00  --- PING

2026/5/28 15:59:08.610 [TX] - 56 69 56 4F 74 65 63 68 32 00 18 01 00 00 B3 CD 
2026/5/28 15:59:08.614 [RX] - 56 69 56 4F 74 65 63 68 32 00 18 00 00 00 FA 83 00 00 00 00 00 00 00 00 00 00 00 00 00 00 00 00 00 00 00 00 00 00 00 00 00 00 00 00 00 00 00 00 00 00 00 00 00 00 00 00 00 00 00 00 00 00 00  --- PING

2026/5/28 15:59:08.649 [TX] - 56 69 56 4F 74 65 63 68 32 00 18 01 00 00 B3 CD 
2026/5/28 15:59:08.659 [RX] - 56 69 56 4F 74 65 63 68 32 00 18 00 00 00 FA 83 00 00 00 00 00 00 00 00 00 00 00 00 00 00 00 00 00 00 00 00 00 00 00 00 00 00 00 00 00 00 00 00 00 00 00 00 00 00 00 00 00 00 00 00 00 00 00  --- PING

2026/5/28 15:59:08.682 [TX] - 56 69 56 4F 74 65 63 68 32 00 18 01 00 00 B3 CD 
2026/5/28 15:59:08.690 [RX] - 56 69 56 4F 74 65 63 68 32 00 18 00 00 00 FA 83 00 00 00 00 00 00 00 00 00 00 00 00 00 00 00 00 00 00 00 00 00 00 00 00 00 00 00 00 00 00 00 00 00 00 00 00 00 00 00 00 00 00 00 00 00 00 00  --- PING

2026/5/28 15:59:08.711 [TX] - 56 69 56 4F 74 65 63 68 32 00 18 01 00 00 B3 CD 
2026/5/28 15:59:08.722 [RX] - 56 69 56 4F 74 65 63 68 32 00 18 00 00 00 FA 83 00 00 00 00 00 00 00 00 00 00 00 00 00 00 00 00 00 00 00 00 00 00 00 00 00 00 00 00 00 00 00 00 00 00 00 00 00 00 00 00 00 00 00 00 00 00 00  --- PING

2026/5/28 15:59:08.743 [TX] - 56 69 56 4F 74 65 63 68 32 00 18 01 00 00 B3 CD 
2026/5/28 15:59:08.753 [RX] - 56 69 56 4F 74 65 63 68 32 00 18 00 00 00 FA 83 00 00 00 00 00 00 00 00 00 00 00 00 00 00 00 00 00 00 00 00 00 00 00 00 00 00 00 00 00 00 00 00 00 00 00 00 00 00 00 00 00 00 00 00 00 00 00  --- PING

2026/5/28 15:59:08.776 [TX] - 56 69 56 4F 74 65 63 68 32 00 18 01 00 00 B3 CD 
2026/5/28 15:59:08.784 [RX] - 56 69 56 4F 74 65 63 68 32 00 18 00 00 00 FA 83 00 00 00 00 00 00 00 00 00 00 00 00 00 00 00 00 00 00 00 00 00 00 00 00 00 00 00 00 00 00 00 00 00 00 00 00 00 00 00 00 00 00 00 00 00 00 00  --- PING

2026/5/28 15:59:08.805 [TX] - 56 69 56 4F 74 65 63 68 32 00 18 01 00 00 B3 CD 
2026/5/28 15:59:08.815 [RX] - 56 69 56 4F 74 65 63 68 32 00 18 00 00 00 FA 83 00 00 00 00 00 00 00 00 00 00 00 00 00 00 00 00 00 00 00 00 00 00 00 00 00 00 00 00 00 00 00 00 00 00 00 00 00 00 00 00 00 00 00 00 00 00 00  --- PING

2026/5/28 15:59:08.837 [TX] - 56 69 56 4F 74 65 63 68 32 00 18 01 00 00 B3 CD 
2026/5/28 15:59:08.847 [RX] - 56 69 56 4F 74 65 63 68 32 00 18 00 00 00 FA 83 00 00 00 00 00 00 00 00 00 00 00 00 00 00 00 00 00 00 00 00 00 00 00 00 00 00 00 00 00 00 00 00 00 00 00 00 00 00 00 00 00 00 00 00 00 00 00  --- PING

2026/5/28 15:59:08.871 [TX] - 56 69 56 4F 74 65 63 68 32 00 18 01 00 00 B3 CD 
2026/5/28 15:59:08.878 [RX] - 56 69 56 4F 74 65 63 68 32 00 18 00 00 00 FA 83 00 00 00 00 00 00 00 00 00 00 00 00 00 00 00 00 00 00 00 00 00 00 00 00 00 00 00 00 00 00 00 00 00 00 00 00 00 00 00 00 00 00 00 00 00 00 00  --- PING

2026/5/28 15:59:08.900 [TX] - 56 69 56 4F 74 65 63 68 32 00 18 01 00 00 B3 CD 
2026/5/28 15:59:08.909 [RX] - 56 69 56 4F 74 65 63 68 32 00 18 00 00 00 FA 83 00 00 00 00 00 00 00 00 00 00 00 00 00 00 00 00 00 00 00 00 00 00 00 00 00 00 00 00 00 00 00 00 00 00 00 00 00 00 00 00 00 00 00 00 00 00 00  --- PING

2026/5/28 15:59:08.933 [TX] - 56 69 56 4F 74 65 63 68 32 00 18 01 00 00 B3 CD 
2026/5/28 15:59:08.940 [RX] - 56 69 56 4F 74 65 63 68 32 00 18 00 00 00 FA 83 00 00 00 00 00 00 00 00 00 00 00 00 00 00 00 00 00 00 00 00 00 00 00 00 00 00 00 00 00 00 00 00 00 00 00 00 00 00 00 00 00 00 00 00 00 00 00  --- PING

2026/5/28 15:59:08.961 [TX] - 56 69 56 4F 74 65 63 68 32 00 18 01 00 00 B3 CD 
2026/5/28 15:59:08.972 [RX] - 56 69 56 4F 74 65 63 68 32 00 18 00 00 00 FA 83 00 00 00 00 00 00 00 00 00 00 00 00 00 00 00 00 00 00 00 00 00 00 00 00 00 00 00 00 00 00 00 00 00 00 00 00 00 00 00 00 00 00 00 00 00 00 00  --- PING

2026/5/28 15:59:08.993 [TX] - 56 69 56 4F 74 65 63 68 32 00 18 01 00 00 B3 CD 
2026/5/28 15:59:09.003 [RX] - 56 69 56 4F 74 65 63 68 32 00 18 00 00 00 FA 83 00 00 00 00 00 00 00 00 00 00 00 00 00 00 00 00 00 00 00 00 00 00 00 00 00 00 00 00 00 00 00 00 00 00 00 00 00 00 00 00 00 00 00 00 00 00 00  --- PING

2026/5/28 15:59:09.027 [TX] - 56 69 56 4F 74 65 63 68 32 00 18 01 00 00 B3 CD 
2026/5/28 15:59:09.034 [RX] - 56 69 56 4F 74 65 63 68 32 00 18 00 00 00 FA 83 00 00 00 00 00 00 00 00 00 00 00 00 00 00 00 00 00 00 00 00 00 00 00 00 00 00 00 00 00 00 00 00 00 00 00 00 00 00 00 00 00 00 00 00 00 00 00  --- PING

2026/5/28 15:59:09.056 [TX] - 56 69 56 4F 74 65 63 68 32 00 18 01 00 00 B3 CD 
2026/5/28 15:59:09.066 [RX] - 56 69 56 4F 74 65 63 68 32 00 18 00 00 00 FA 83 00 00 00 00 00 00 00 00 00 00 00 00 00 00 00 00 00 00 00 00 00 00 00 00 00 00 00 00 00 00 00 00 00 00 00 00 00 00 00 00 00 00 00 00 00 00 00  --- PING

2026/5/28 15:59:09.087 [TX] - 56 69 56 4F 74 65 63 68 32 00 18 01 00 00 B3 CD 
2026/5/28 15:59:09.097 [RX] - 56 69 56 4F 74 65 63 68 32 00 18 00 00 00 FA 83 00 00 00 00 00 00 00 00 00 00 00 00 00 00 00 00 00 00 00 00 00 00 00 00 00 00 00 00 00 00 00 00 00 00 00 00 00 00 00 00 00 00 00 00 00 00 00  --- PING

2026/5/28 15:59:09.121 [TX] - 56 69 56 4F 74 65 63 68 32 00 18 01 00 00 B3 CD 
2026/5/28 15:59:09.128 [RX] - 56 69 56 4F 74 65 63 68 32 00 18 00 00 00 FA 83 00 00 00 00 00 00 00 00 00 00 00 00 00 00 00 00 00 00 00 00 00 00 00 00 00 00 00 00 00 00 00 00 00 00 00 00 00 00 00 00 00 00 00 00 00 00 00  --- PING

2026/5/28 15:59:09.150 [TX] - 56 69 56 4F 74 65 63 68 32 00 18 01 00 00 B3 CD 
2026/5/28 15:59:09.160 [RX] - 56 69 56 4F 74 65 63 68 32 00 18 00 00 00 FA 83 00 00 00 00 00 00 00 00 00 00 00 00 00 00 00 00 00 00 00 00 00 00 00 00 00 00 00 00 00 00 00 00 00 00 00 00 00 00 00 00 00 00 00 00 00 00 00  --- PING

2026/5/28 15:59:09.182 [TX] - 56 69 56 4F 74 65 63 68 32 00 18 01 00 00 B3 CD 
2026/5/28 15:59:09.191 [RX] - 56 69 56 4F 74 65 63 68 32 00 18 00 00 00 FA 83 00 00 00 00 00 00 00 00 00 00 00 00 00 00 00 00 00 00 00 00 00 00 00 00 00 00 00 00 00 00 00 00 00 00 00 00 00 00 00 00 00 00 00 00 00 00 00  --- PING

2026/5/28 15:59:09.220 [TX] - 56 69 56 4F 74 65 63 68 32 00 18 01 00 00 B3 CD 
2026/5/28 15:59:09.224 [RX] - 56 69 56 4F 74 65 63 68 32 00 18 00 00 00 FA 83 00 00 00 00 00 00 00 00 00 00 00 00 00 00 00 00 00 00 00 00 00 00 00 00 00 00 00 00 00 00 00 00 00 00 00 00 00 00 00 00 00 00 00 00 00 00 00  --- PING

2026/5/28 15:59:09.260 [TX] - 56 69 56 4F 74 65 63 68 32 00 18 01 00 00 B3 CD 
2026/5/28 15:59:09.270 [RX] - 56 69 56 4F 74 65 63 68 32 00 18 00 00 00 FA 83 00 00 00 00 00 00 00 00 00 00 00 00 00 00 00 00 00 00 00 00 00 00 00 00 00 00 00 00 00 00 00 00 00 00 00 00 00 00 00 00 00 00 00 00 00 00 00  --- PING

2026/5/28 15:59:09.293 [TX] - 56 69 56 4F 74 65 63 68 32 00 18 01 00 00 B3 CD 
2026/5/28 15:59:09.301 [RX] - 56 69 56 4F 74 65 63 68 32 00 18 00 00 00 FA 83 00 00 00 00 00 00 00 00 00 00 00 00 00 00 00 00 00 00 00 00 00 00 00 00 00 00 00 00 00 00 00 00 00 00 00 00 00 00 00 00 00 00 00 00 00 00 00  --- PING

2026/5/28 15:59:09.323 [TX] - 56 69 56 4F 74 65 63 68 32 00 18 01 00 00 B3 CD 
2026/5/28 15:59:09.332 [RX] - 56 69 56 4F 74 65 63 68 32 00 18 00 00 00 FA 83 00 00 00 00 00 00 00 00 00 00 00 00 00 00 00 00 00 00 00 00 00 00 00 00 00 00 00 00 00 00 00 00 00 00 00 00 00 00 00 00 00 00 00 00 00 00 00  --- PING

2026/5/28 15:59:09.354 [TX] - 56 69 56 4F 74 65 63 68 32 00 18 01 00 00 B3 CD 
2026/5/28 15:59:09.364 [RX] - 56 69 56 4F 74 65 63 68 32 00 18 00 00 00 FA 83 00 00 00 00 00 00 00 00 00 00 00 00 00 00 00 00 00 00 00 00 00 00 00 00 00 00 00 00 00 00 00 00 00 00 00 00 00 00 00 00 00 00 00 00 00 00 00  --- PING

2026/5/28 15:59:09.388 [TX] - 56 69 56 4F 74 65 63 68 32 00 18 01 00 00 B3 CD 
2026/5/28 15:59:09.395 [RX] - 56 69 56 4F 74 65 63 68 32 00 18 00 00 00 FA 83 00 00 00 00 00 00 00 00 00 00 00 00 00 00 00 00 00 00 00 00 00 00 00 00 00 00 00 00 00 00 00 00 00 00 00 00 00 00 00 00 00 00 00 00 00 00 00  --- PING

2026/5/28 15:59:09.421 [TX] - 56 69 56 4F 74 65 63 68 32 00 18 01 00 00 B3 CD 
2026/5/28 15:59:09.426 [RX] - 56 69 56 4F 74 65 63 68 32 00 18 00 00 00 FA 83 00 00 00 00 00 00 00 00 00 00 00 00 00 00 00 00 00 00 00 00 00 00 00 00 00 00 00 00 00 00 00 00 00 00 00 00 00 00 00 00 00 00 00 00 00 00 00  --- PING

2026/5/28 15:59:09.455 [TX] - 56 69 56 4F 74 65 63 68 32 00 18 01 00 00 B3 CD 
2026/5/28 15:59:09.459 [RX] - 56 69 56 4F 74 65 63 68 32 00 18 00 00 00 FA 83 00 00 00 00 00 00 00 00 00 00 00 00 00 00 00 00 00 00 00 00 00 00 00 00 00 00 00 00 00 00 00 00 00 00 00 00 00 00 00 00 00 00 00 00 00 00 00  --- PING

2026/5/28 15:59:09.498 [TX] - 56 69 56 4F 74 65 63 68 32 00 18 01 00 00 B3 CD 
2026/5/28 15:59:09.504 [RX] - 56 69 56 4F 74 65 63 68 32 00 18 00 00 00 FA 83 00 00 00 00 00 00 00 00 00 00 00 00 00 00 00 00 00 00 00 00 00 00 00 00 00 00 00 00 00 00 00 00 00 00 00 00 00 00 00 00 00 00 00 00 00 00 00  --- PING

2026/5/28 15:59:09.527 [TX] - 56 69 56 4F 74 65 63 68 32 00 18 01 00 00 B3 CD 
2026/5/28 15:59:09.535 [RX] - 56 69 56 4F 74 65 63 68 32 00 18 00 00 00 FA 83 00 00 00 00 00 00 00 00 00 00 00 00 00 00 00 00 00 00 00 00 00 00 00 00 00 00 00 00 00 00 00 00 00 00 00 00 00 00 00 00 00 00 00 00 00 00 00  --- PING

2026/5/28 15:59:09.561 [TX] - 56 69 56 4F 74 65 63 68 32 00 18 01 00 00 B3 CD 
2026/5/28 15:59:09.566 [RX] - 56 69 56 4F 74 65 63 68 32 00 18 00 00 00 FA 83 00 00 00 00 00 00 00 00 00 00 00 00 00 00 00 00 00 00 00 00 00 00 00 00 00 00 00 00 00 00 00 00 00 00 00 00 00 00 00 00 00 00 00 00 00 00 00  --- PING

2026/5/28 15:59:09.588 [TX] - 56 69 56 4F 74 65 63 68 32 00 18 01 00 00 B3 CD 
2026/5/28 15:59:09.598 [RX] - 56 69 56 4F 74 65 63 68 32 00 18 00 00 00 FA 83 00 00 00 00 00 00 00 00 00 00 00 00 00 00 00 00 00 00 00 00 00 00 00 00 00 00 00 00 00 00 00 00 00 00 00 00 00 00 00 00 00 00 00 00 00 00 00  --- PING

2026/5/28 15:59:09.621 [TX] - 56 69 56 4F 74 65 63 68 32 00 18 01 00 00 B3 CD 
2026/5/28 15:59:09.630 [RX] - 56 69 56 4F 74 65 63 68 32 00 18 00 00 00 FA 83 00 00 00 00 00 00 00 00 00 00 00 00 00 00 00 00 00 00 00 00 00 00 00 00 00 00 00 00 00 00 00 00 00 00 00 00 00 00 00 00 00 00 00 00 00 00 00  --- PING

2026/5/28 15:59:09.654 [TX] - 56 69 56 4F 74 65 63 68 32 00 18 01 00 00 B3 CD 
2026/5/28 15:59:09.661 [RX] - 56 69 56 4F 74 65 63 68 32 00 18 00 00 00 FA 83 00 00 00 00 00 00 00 00 00 00 00 00 00 00 00 00 00 00 00 00 00 00 00 00 00 00 00 00 00 00 00 00 00 00 00 00 00 00 00 00 00 00 00 00 00 00 00  --- PING

2026/5/28 15:59:09.689 [TX] - 56 69 56 4F 74 65 63 68 32 00 18 01 00 00 B3 CD 
2026/5/28 15:59:09.693 [RX] - 56 69 56 4F 74 65 63 68 32 00 18 00 00 00 FA 83 00 00 00 00 00 00 00 00 00 00 00 00 00 00 00 00 00 00 00 00 00 00 00 00 00 00 00 00 00 00 00 00 00 00 00 00 00 00 00 00 00 00 00 00 00 00 00  --- PING

2026/5/28 15:59:09.717 [TX] - 56 69 56 4F 74 65 63 68 32 00 18 01 00 00 B3 CD 
2026/5/28 15:59:09.724 [RX] - 56 69 56 4F 74 65 63 68 32 00 18 00 00 00 FA 83 00 00 00 00 00 00 00 00 00 00 00 00 00 00 00 00 00 00 00 00 00 00 00 00 00 00 00 00 00 00 00 00 00 00 00 00 00 00 00 00 00 00 00 00 00 00 00  --- PING

2026/5/28 15:59:09.745 [TX] - 56 69 56 4F 74 65 63 68 32 00 18 01 00 00 B3 CD 
2026/5/28 15:59:09.756 [RX] - 56 69 56 4F 74 65 63 68 32 00 18 00 00 00 FA 83 00 00 00 00 00 00 00 00 00 00 00 00 00 00 00 00 00 00 00 00 00 00 00 00 00 00 00 00 00 00 00 00 00 00 00 00 00 00 00 00 00 00 00 00 00 00 00  --- PING

2026/5/28 15:59:09.778 [TX] - 56 69 56 4F 74 65 63 68 32 00 18 01 00 00 B3 CD 
2026/5/28 15:59:09.787 [RX] - 56 69 56 4F 74 65 63 68 32 00 18 00 00 00 FA 83 00 00 00 00 00 00 00 00 00 00 00 00 00 00 00 00 00 00 00 00 00 00 00 00 00 00 00 00 00 00 00 00 00 00 00 00 00 00 00 00 00 00 00 00 00 00 00  --- PING

2026/5/28 15:59:09.942 [TX] - 56 69 56 4F 74 65 63 68 32 00 18 01 00 00 B3 CD 
2026/5/28 15:59:09.958 [RX] - 56 69 56 4F 74 65 63 68 32 00 18 00 00 00 FA 83 00 00 00 00 00 00 00 00 00 00 00 00 00 00 00 00 00 00 00 00 00 00 00 00 00 00 00 00 00 00 00 00 00 00 00 00 00 00 00 00 00 00 00 00 00 00 00  --- PING

2026/5/28 15:59:09.988 [TX] - 56 69 56 4F 74 65 63 68 32 00 18 01 00 00 B3 CD 
2026/5/28 15:59:09.992 [RX] - 56 69 56 4F 74 65 63 68 32 00 18 00 00 00 FA 83 00 00 00 00 00 00 00 00 00 00 00 00 00 00 00 00 00 00 00 00 00 00 00 00 00 00 00 00 00 00 00 00 00 00 00 00 00 00 00 00 00 00 00 00 00 00 00  --- PING

2026/5/28 15:59:10.029 [TX] - 56 69 56 4F 74 65 63 68 32 00 18 01 00 00 B3 CD 
2026/5/28 15:59:10.037 [RX] - 56 69 56 4F 74 65 63 68 32 00 18 00 00 00 FA 83 00 00 00 00 00 00 00 00 00 00 00 00 00 00 00 00 00 00 00 00 00 00 00 00 00 00 00 00 00 00 00 00 00 00 00 00 00 00 00 00 00 00 00 00 00 00 00  --- PING

2026/5/28 15:59:10.061 [TX] - 56 69 56 4F 74 65 63 68 32 00 18 01 00 00 B3 CD 
2026/5/28 15:59:10.068 [RX] - 56 69 56 4F 74 65 63 68 32 00 18 00 00 00 FA 83 00 00 00 00 00 00 00 00 00 00 00 00 00 00 00 00 00 00 00 00 00 00 00 00 00 00 00 00 00 00 00 00 00 00 00 00 00 00 00 00 00 00 00 00 00 00 00  --- PING

2026/5/28 15:59:10.090 [TX] - 56 69 56 4F 74 65 63 68 32 00 18 01 00 00 B3 CD 
2026/5/28 15:59:10.099 [RX] - 56 69 56 4F 74 65 63 68 32 00 18 00 00 00 FA 83 00 00 00 00 00 00 00 00 00 00 00 00 00 00 00 00 00 00 00 00 00 00 00 00 00 00 00 00 00 00 00 00 00 00 00 00 00 00 00 00 00 00 00 00 00 00 00  --- PING

2026/5/28 15:59:10.122 [TX] - 56 69 56 4F 74 65 63 68 32 00 18 01 00 00 B3 CD 
2026/5/28 15:59:10.130 [RX] - 56 69 56 4F 74 65 63 68 32 00 18 00 00 00 FA 83 00 00 00 00 00 00 00 00 00 00 00 00 00 00 00 00 00 00 00 00 00 00 00 00 00 00 00 00 00 00 00 00 00 00 00 00 00 00 00 00 00 00 00 00 00 00 00  --- PING

2026/5/28 15:59:10.156 [TX] - 56 69 56 4F 74 65 63 68 32 00 18 01 00 00 B3 CD 
2026/5/28 15:59:10.161 [RX] - 56 69 56 4F 74 65 63 68 32 00 18 00 00 00 FA 83 00 00 00 00 00 00 00 00 00 00 00 00 00 00 00 00 00 00 00 00 00 00 00 00 00 00 00 00 00 00 00 00 00 00 00 00 00 00 00 00 00 00 00 00 00 00 00  --- PING

2026/5/28 15:59:10.184 [TX] - 56 69 56 4F 74 65 63 68 32 00 18 01 00 00 B3 CD 
2026/5/28 15:59:10.192 [RX] - 56 69 56 4F 74 65 63 68 32 00 18 00 00 00 FA 83 00 00 00 00 00 00 00 00 00 00 00 00 00 00 00 00 00 00 00 00 00 00 00 00 00 00 00 00 00 00 00 00 00 00 00 00 00 00 00 00 00 00 00 00 00 00 00  --- PING

2026/5/28 15:59:10.221 [TX] - 56 69 56 4F 74 65 63 68 32 00 18 01 00 00 B3 CD 
2026/5/28 15:59:10.226 [RX] - 56 69 56 4F 74 65 63 68 32 00 18 00 00 00 FA 83 00 00 00 00 00 00 00 00 00 00 00 00 00 00 00 00 00 00 00 00 00 00 00 00 00 00 00 00 00 00 00 00 00 00 00 00 00 00 00 00 00 00 00 00 00 00 00  --- PING

2026/5/28 15:59:10.260 [TX] - 56 69 56 4F 74 65 63 68 32 00 18 01 00 00 B3 CD 
2026/5/28 15:59:10.269 [RX] - 56 69 56 4F 74 65 63 68 32 00 18 00 00 00 FA 83 00 00 00 00 00 00 00 00 00 00 00 00 00 00 00 00 00 00 00 00 00 00 00 00 00 00 00 00 00 00 00 00 00 00 00 00 00 00 00 00 00 00 00 00 00 00 00  --- PING

2026/5/28 15:59:10.295 [TX] - 56 69 56 4F 74 65 63 68 32 00 18 01 00 00 B3 CD 
2026/5/28 15:59:10.300 [RX] - 56 69 56 4F 74 65 63 68 32 00 18 00 00 00 FA 83 00 00 00 00 00 00 00 00 00 00 00 00 00 00 00 00 00 00 00 00 00 00 00 00 00 00 00 00 00 00 00 00 00 00 00 00 00 00 00 00 00 00 00 00 00 00 00  --- PING

2026/5/28 15:59:10.322 [TX] - 56 69 56 4F 74 65 63 68 32 00 18 01 00 00 B3 CD 
2026/5/28 15:59:10.331 [RX] - 56 69 56 4F 74 65 63 68 32 00 18 00 00 00 FA 83 00 00 00 00 00 00 00 00 00 00 00 00 00 00 00 00 00 00 00 00 00 00 00 00 00 00 00 00 00 00 00 00 00 00 00 00 00 00 00 00 00 00 00 00 00 00 00  --- PING

2026/5/28 15:59:10.355 [TX] - 56 69 56 4F 74 65 63 68 32 00 18 01 00 00 B3 CD 
2026/5/28 15:59:10.362 [RX] - 56 69 56 4F 74 65 63 68 32 00 18 00 00 00 FA 83 00 00 00 00 00 00 00 00 00 00 00 00 00 00 00 00 00 00 00 00 00 00 00 00 00 00 00 00 00 00 00 00 00 00 00 00 00 00 00 00 00 00 00 00 00 00 00  --- PING

2026/5/28 15:59:10.388 [TX] - 56 69 56 4F 74 65 63 68 32 00 18 01 00 00 B3 CD 
2026/5/28 15:59:10.393 [RX] - 56 69 56 4F 74 65 63 68 32 00 18 00 00 00 FA 83 00 00 00 00 00 00 00 00 00 00 00 00 00 00 00 00 00 00 00 00 00 00 00 00 00 00 00 00 00 00 00 00 00 00 00 00 00 00 00 00 00 00 00 00 00 00 00  --- PING

2026/5/28 15:59:10.419 [TX] - 56 69 56 4F 74 65 63 68 32 00 18 01 00 00 B3 CD 
2026/5/28 15:59:10.424 [RX] - 56 69 56 4F 74 65 63 68 32 00 18 00 00 00 FA 83 00 00 00 00 00 00 00 00 00 00 00 00 00 00 00 00 00 00 00 00 00 00 00 00 00 00 00 00 00 00 00 00 00 00 00 00 00 00 00 00 00 00 00 00 00 00 00  --- PING

2026/5/28 15:59:10.445 [TX] - 56 69 56 4F 74 65 63 68 32 00 18 01 00 00 B3 CD 
2026/5/28 15:59:10.455 [RX] - 56 69 56 4F 74 65 63 68 32 00 18 00 00 00 FA 83 00 00 00 00 00 00 00 00 00 00 00 00 00 00 00 00 00 00 00 00 00 00 00 00 00 00 00 00 00 00 00 00 00 00 00 00 00 00 00 00 00 00 00 00 00 00 00  --- PING

2026/5/28 15:59:10.478 [TX] - 56 69 56 4F 74 65 63 68 32 00 18 01 00 00 B3 CD 
2026/5/28 15:59:10.486 [RX] - 56 69 56 4F 74 65 63 68 32 00 18 00 00 00 FA 83 00 00 00 00 00 00 00 00 00 00 00 00 00 00 00 00 00 00 00 00 00 00 00 00 00 00 00 00 00 00 00 00 00 00 00 00 00 00 00 00 00 00 00 00 00 00 00  --- PING

2026/5/28 15:59:10.511 [TX] - 56 69 56 4F 74 65 63 68 32 00 18 01 00 00 B3 CD 
2026/5/28 15:59:10.518 [RX] - 56 69 56 4F 74 65 63 68 32 00 18 00 00 00 FA 83 00 00 00 00 00 00 00 00 00 00 00 00 00 00 00 00 00 00 00 00 00 00 00 00 00 00 00 00 00 00 00 00 00 00 00 00 00 00 00 00 00 00 00 00 00 00 00  --- PING

2026/5/28 15:59:10.546 [TX] - 56 69 56 4F 74 65 63 68 32 00 18 01 00 00 B3 CD 
2026/5/28 15:59:10.550 [RX] - 56 69 56 4F 74 65 63 68 32 00 18 00 00 00 FA 83 00 00 00 00 00 00 00 00 00 00 00 00 00 00 00 00 00 00 00 00 00 00 00 00 00 00 00 00 00 00 00 00 00 00 00 00 00 00 00 00 00 00 00 00 00 00 00  --- PING

2026/5/28 15:59:10.572 [TX] - 56 69 56 4F 74 65 63 68 32 00 18 01 00 00 B3 CD 
2026/5/28 15:59:10.580 [RX] - 56 69 56 4F 74 65 63 68 32 00 18 00 00 00 FA 83 00 00 00 00 00 00 00 00 00 00 00 00 00 00 00 00 00 00 00 00 00 00 00 00 00 00 00 00 00 00 00 00 00 00 00 00 00 00 00 00 00 00 00 00 00 00 00  --- PING

2026/5/28 15:59:10.605 [TX] - 56 69 56 4F 74 65 63 68 32 00 18 01 00 00 B3 CD 
2026/5/28 15:59:10.610 [RX] - 56 69 56 4F 74 65 63 68 32 00 18 00 00 00 FA 83 00 00 00 00 00 00 00 00 00 00 00 00 00 00 00 00 00 00 00 00 00 00 00 00 00 00 00 00 00 00 00 00 00 00 00 00 00 00 00 00 00 00 00 00 00 00 00  --- PING

2026/5/28 15:59:10.634 [TX] - 56 69 56 4F 74 65 63 68 32 00 18 01 00 00 B3 CD 
2026/5/28 15:59:10.641 [RX] - 56 69 56 4F 74 65 63 68 32 00 18 00 00 00 FA 83 00 00 00 00 00 00 00 00 00 00 00 00 00 00 00 00 00 00 00 00 00 00 00 00 00 00 00 00 00 00 00 00 00 00 00 00 00 00 00 00 00 00 00 00 00 00 00  --- PING

2026/5/28 15:59:10.662 [TX] - 56 69 56 4F 74 65 63 68 32 00 18 01 00 00 B3 CD 
2026/5/28 15:59:10.672 [RX] - 56 69 56 4F 74 65 63 68 32 00 18 00 00 00 FA 83 00 00 00 00 00 00 00 00 00 00 00 00 00 00 00 00 00 00 00 00 00 00 00 00 00 00 00 00 00 00 00 00 00 00 00 00 00 00 00 00 00 00 00 00 00 00 00  --- PING

2026/5/28 15:59:10.695 [TX] - 56 69 56 4F 74 65 63 68 32 00 18 01 00 00 B3 CD 
2026/5/28 15:59:10.704 [RX] - 56 69 56 4F 74 65 63 68 32 00 18 00 00 00 FA 83 00 00 00 00 00 00 00 00 00 00 00 00 00 00 00 00 00 00 00 00 00 00 00 00 00 00 00 00 00 00 00 00 00 00 00 00 00 00 00 00 00 00 00 00 00 00 00  --- PING

2026/5/28 15:59:10.728 [TX] - 56 69 56 4F 74 65 63 68 32 00 18 01 00 00 B3 CD 
2026/5/28 15:59:10.735 [RX] - 56 69 56 4F 74 65 63 68 32 00 18 00 00 00 FA 83 00 00 00 00 00 00 00 00 00 00 00 00 00 00 00 00 00 00 00 00 00 00 00 00 00 00 00 00 00 00 00 00 00 00 00 00 00 00 00 00 00 00 00 00 00 00 00  --- PING

2026/5/28 15:59:10.758 [TX] - 56 69 56 4F 74 65 63 68 32 00 18 01 00 00 B3 CD 
2026/5/28 15:59:10.766 [RX] - 56 69 56 4F 74 65 63 68 32 00 18 00 00 00 FA 83 00 00 00 00 00 00 00 00 00 00 00 00 00 00 00 00 00 00 00 00 00 00 00 00 00 00 00 00 00 00 00 00 00 00 00 00 00 00 00 00 00 00 00 00 00 00 00  --- PING

2026/5/28 15:59:10.789 [TX] - 56 69 56 4F 74 65 63 68 32 00 18 01 00 00 B3 CD 
2026/5/28 15:59:10.799 [RX] - 56 69 56 4F 74 65 63 68 32 00 18 00 00 00 FA 83 00 00 00 00 00 00 00 00 00 00 00 00 00 00 00 00 00 00 00 00 00 00 00 00 00 00 00 00 00 00 00 00 00 00 00 00 00 00 00 00 00 00 00 00 00 00 00  --- PING

2026/5/28 15:59:10.822 [TX] - 56 69 56 4F 74 65 63 68 32 00 18 01 00 00 B3 CD 
2026/5/28 15:59:10.829 [RX] - 56 69 56 4F 74 65 63 68 32 00 18 00 00 00 FA 83 00 00 00 00 00 00 00 00 00 00 00 00 00 00 00 00 00 00 00 00 00 00 00 00 00 00 00 00 00 00 00 00 00 00 00 00 00 00 00 00 00 00 00 00 00 00 00  --- PING

2026/5/28 15:59:10.855 [TX] - 56 69 56 4F 74 65 63 68 32 00 18 01 00 00 B3 CD 
2026/5/28 15:59:10.861 [RX] - 56 69 56 4F 74 65 63 68 32 00 18 00 00 00 FA 83 00 00 00 00 00 00 00 00 00 00 00 00 00 00 00 00 00 00 00 00 00 00 00 00 00 00 00 00 00 00 00 00 00 00 00 00 00 00 00 00 00 00 00 00 00 00 00  --- PING

2026/5/28 15:59:10.885 [TX] - 56 69 56 4F 74 65 63 68 32 00 18 01 00 00 B3 CD 
2026/5/28 15:59:10.893 [RX] - 56 69 56 4F 74 65 63 68 32 00 18 00 00 00 FA 83 00 00 00 00 00 00 00 00 00 00 00 00 00 00 00 00 00 00 00 00 00 00 00 00 00 00 00 00 00 00 00 00 00 00 00 00 00 00 00 00 00 00 00 00 00 00 00  --- PING

2026/5/28 15:59:10.918 [TX] - 56 69 56 4F 74 65 63 68 32 00 18 01 00 00 B3 CD 
2026/5/28 15:59:10.924 [RX] - 56 69 56 4F 74 65 63 68 32 00 18 00 00 00 FA 83 00 00 00 00 00 00 00 00 00 00 00 00 00 00 00 00 00 00 00 00 00 00 00 00 00 00 00 00 00 00 00 00 00 00 00 00 00 00 00 00 00 00 00 00 00 00 00  --- PING

2026/5/28 15:59:10.947 [TX] - 56 69 56 4F 74 65 63 68 32 00 18 01 00 00 B3 CD 
2026/5/28 15:59:10.956 [RX] - 56 69 56 4F 74 65 63 68 32 00 18 00 00 00 FA 83 00 00 00 00 00 00 00 00 00 00 00 00 00 00 00 00 00 00 00 00 00 00 00 00 00 00 00 00 00 00 00 00 00 00 00 00 00 00 00 00 00 00 00 00 00 00 00  --- PING

2026/5/28 15:59:10.978 [TX] - 56 69 56 4F 74 65 63 68 32 00 18 01 00 00 B3 CD 
2026/5/28 15:59:10.988 [RX] - 56 69 56 4F 74 65 63 68 32 00 18 00 00 00 FA 83 00 00 00 00 00 00 00 00 00 00 00 00 00 00 00 00 00 00 00 00 00 00 00 00 00 00 00 00 00 00 00 00 00 00 00 00 00 00 00 00 00 00 00 00 00 00 00  --- PING

2026/5/28 15:59:11.012 [TX] - 56 69 56 4F 74 65 63 68 32 00 18 01 00 00 B3 CD 
2026/5/28 15:59:11.019 [RX] - 56 69 56 4F 74 65 63 68 32 00 18 00 00 00 FA 83 00 00 00 00 00 00 00 00 00 00 00 00 00 00 00 00 00 00 00 00 00 00 00 00 00 00 00 00 00 00 00 00 00 00 00 00 00 00 00 00 00 00 00 00 00 00 00  

 Result = PASSED
 ---------- END OF TEST ----------

 Result = PASSED
 

 MASTER RESULT = PASSED


Docklight Log File (HEX) - Stopped 2026/5/28 15:59:12.182 

