Docklight Log File (HEX) - Started 2025/6/20 14:22:27.091 
 TEST CASE: SGP206

 --- Set POS COM PORT Settings
 Set POS COM PORT...
 POS operating on COM90 @ 115200 baud...
 Set POS COM PORT - COMPLETE

 --- Enable the charging UI (VP3350)

2025/6/20 14:22:28.234 [TX] - 56 69 56 4F 74 65 63 68 32 00 04 00 00 0C DF ED 5A 08 00 00 C0 00 00 00 00 00 FC 84 
2025/6/20 14:22:28.346 [RX] - 56 69 56 4F 74 65 63 68 32 00 04 00 00 00 AE 16 00 00 00 00 00 00 00 00 00 00 00 00 00 00 00 00 00 00 00 00 00 00 00 00 00 00 00 00 00 00 00 00 00 00 00 00 00 00 00 00 00 00 00 00 00 00 00  

 --- F0-02

2025/6/20 14:22:28.357 [TX] - 56 69 56 4F 74 65 63 68 32 00 F0 02 00 00 CA 95 
2025/6/20 14:22:28.365 [RX] - 56 69 56 4F 74 65 63 68 32 00 F0 00 00 01 5F  << Batter level (%) 6C 5F 00 00 00 00 00 00 00 00 00 00 00 00 00 00 00 00 00 00 00 00 00 00 00 00 00 00 00 00 00 00 00 00 00 00 00 00 00 00 00 00 00 00 00 00 00 00 56 69 56 4F 74 65 63 68 32 00 61 01 00 10 03 00 00 02 00 45 4E 03 00 82 23 1C 02 00 00 20 F0 63 00 00 00 00 00 00 00 00 00 00 00 00 00 00 00 00 00 00 00 00 00 00 00 00 00 00 00 00 00 00 00  

 --- Disable the charging UI (VP3350)

2025/6/20 14:22:44.905 [TX] - 56 69 56 4F 74 65 63 68 32 00 04 00 00 0C DF ED 5A 08 00 00 80 00 00 00 00 00 EC EE 
2025/6/20 14:22:44.961 [RX] - 56 69 56 4F 74 65 63 68 32 00 04 00 00 00 AE 16 00 00 00 00 00 00 00 00 00 00 00 00 00 00 00 00 00 00 00 00 00 00 00 00 00 00 00 00 00 00 00 00 00 00 00 00 00 00 00 00 00 00 00 00 00 00 00  

 --- F0-02

2025/6/20 14:22:44.989 [TX] - 56 69 56 4F 74 65 63 68 32 00 F0 02 00 00 CA 95 
2025/6/20 14:22:45.004 [RX] - 56 69 56 4F 74 65 63 68 32 00 F0 00 00 01 5F  << Batter level (%) 6C 5F 00 00 00 00 00 00 00 00 00 00 00 00 00 00 00 00 00 00 00 00 00 00 00 00 00 00 00 00 00 00 00 00 00 00 00 00 00 00 00 00 00 00 00 00 00 00  

 ---------- END OF TEST ----------

 Result = PASSED


Docklight Log File (HEX) - Stopped 2025/6/20 14:22:52.603 

