Docklight Log File (HEX) - Started 11/3/2016 10:36:01.330 
 TEST CASE: BRB001

 --- Set POS COM PORT Settings
 Set POS COM PORT...
 POS operating on COM1 @ 115200 baud...
 Set POS COM PORT - COMPLETE

 --- Clear display

11/3/2016 10:36:04.938 [TX] - 56 69 56 4F 74 65 63 68 32 00 83 0D 00 00 52 60 
11/3/2016 10:36:04.950 [RX] - 56 69 56 4F 74 65 63 68 32 00 83 00 00 00 22 03  Pass  --- Event queue clear

11/3/2016 10:36:04.971 [TX] - 56 69 56 4F 74 65 63 68 32 00 83 0C 00 00 62 57 
11/3/2016 10:36:04.978 [RX] - 56 69 56 4F 74 65 63 68 32 00 83 00 00 00 22 03  Pass  --- 1,1 Done Button

11/3/2016 10:36:04.999 [TX] - 56 69 56 4F 74 65 63 68 32 00 83 05 00 15 30 00 30 00 39 36 00 35 34 00 31 00 32 00 32 00 44 4F 4E 45 00 B7 AE 
11/3/2016 10:36:05.042 [RX] - 56 69 56 4F 74 65 63 68 32 00 83 00 00 04 01 FE D5 38 D9 1E  --- 1,2 Credit Button

11/3/2016 10:36:05.053 [TX] - 56 69 56 4F 74 65 63 68 32 00 83 05 00 18 30 00 35 35 00 39 36 00 35 34 00 31 00 31 00 32 00 43 52 45 44 49 54 00 64 A5 
11/3/2016 10:36:05.080 [RX] - 56 69 56 4F 74 65 63 68 32 00 83 00 00 04 01 FE D5 B8 48 96  --- 1,3 Debit Button

11/3/2016 10:36:05.091 [TX] - 56 69 56 4F 74 65 63 68 32 00 83 05 00 18 30 00 31 31 30 00 39 36 00 35 34 00 31 00 33 00 32 00 44 45 42 49 54 00 3C 93 
11/3/2016 10:36:05.117 [RX] - 56 69 56 4F 74 65 63 68 32 00 83 00 00 04 01 FE D6 38 8C 4D  --- 1,4 Cancel Button

11/3/2016 10:36:05.129 [TX] - 56 69 56 4F 74 65 63 68 32 00 83 05 00 19 30 00 31 36 35 00 39 36 00 35 34 00 31 00 31 00 32 00 43 61 6E 63 65 6C 00 29 6A 
11/3/2016 10:36:05.156 [RX] - 56 69 56 4F 74 65 63 68 32 00 83 00 00 04 01 FE D6 B8 1D C5  --- 1,5 Clear Button

11/3/2016 10:36:05.169 [TX] - 56 69 56 4F 74 65 63 68 32 00 83 05 00 18 30 00 32 32 30 00 39 36 00 35 31 00 31 00 34 00 32 00 43 4C 45 41 52 00 46 E3 
11/3/2016 10:36:05.196 [RX] - 56 69 56 4F 74 65 63 68 32 00 83 00 00 04 01 FE D7 38 BF 7C  --- 2,1 Ok Button

11/3/2016 10:36:05.212 [TX] - 56 69 56 4F 74 65 63 68 32 00 83 05 00 15 39 37 00 30 00 39 36 00 35 34 00 31 00 31 38 00 32 00 4F 4B 00 03 88 
11/3/2016 10:36:05.239 [RX] - 56 69 56 4F 74 65 63 68 32 00 83 00 00 04 01 FE D7 B8 2E F4  --- 2,2 Yes Button

11/3/2016 10:36:05.251 [TX] - 56 69 56 4F 74 65 63 68 32 00 83 05 00 17 39 37 00 35 35 00 39 36 00 35 34 00 31 00 31 37 00 32 00 59 45 53 00 69 52 
11/3/2016 10:36:05.293 [RX] - 56 69 56 4F 74 65 63 68 32 00 83 00 00 04 01 FE D8 38 AF 42  --- 2,3 NO Button

11/3/2016 10:36:05.306 [TX] - 56 69 56 4F 74 65 63 68 32 00 83 05 00 17 39 37 00 31 31 30 00 39 36 00 35 34 00 31 00 31 36 00 32 00 4E 4F 00 AF 90 
11/3/2016 10:36:05.333 [RX] - 56 69 56 4F 74 65 63 68 32 00 83 00 00 04 01 FE D8 B8 3E CA  --- 2,4 Loyalty Button

11/3/2016 10:36:05.350 [TX] - 56 69 56 4F 74 65 63 68 32 00 83 05 00 1B 39 37 00 31 36 35 00 39 36 00 35 34 00 31 00 31 00 32 00 4C 6F 79 61 6C 74 79 00 54 DF 
11/3/2016 10:36:05.371 [RX] - 56 69 56 4F 74 65 63 68 32 00 83 00 00 04 01 FE D9 38 9C 73  --- 2,5 EBT Button

11/3/2016 10:36:05.390 [TX] - 56 69 56 4F 74 65 63 68 32 00 83 05 00 18 39 37 00 32 32 30 00 39 36 00 35 31 00 31 00 31 35 00 32 00 45 42 54 00 16 CF 
11/3/2016 10:36:05.417 [RX] - 56 69 56 4F 74 65 63 68 32 00 83 00 00 04 01 FE D9 B8 0D FB  --- 3,1 Gift Card Button

11/3/2016 10:36:05.429 [TX] - 56 69 56 4F 74 65 63 68 32 00 83 05 00 1C 31 39 34 00 30 00 39 36 00 35 34 00 31 00 31 00 32 00 47 69 66 74 20 43 61 72 64 00 26 6A 
11/3/2016 10:36:05.456 [RX] - 56 69 56 4F 74 65 63 68 32 00 83 00 00 04 01 FE DA 38 C9 20  --- 3,2 Cash Button

11/3/2016 10:36:05.468 [TX] - 56 69 56 4F 74 65 63 68 32 00 83 05 00 19 31 39 34 00 35 35 00 39 36 00 35 34 00 31 00 31 34 00 32 00 43 41 53 48 00 6B 8D 
11/3/2016 10:36:05.495 [RX] - 56 69 56 4F 74 65 63 68 32 00 83 00 00 04 01 FE DA B8 58 A8  --- 3,3 Touch Button

11/3/2016 10:36:05.507 [TX] - 56 69 56 4F 74 65 63 68 32 00 83 05 00 1B 31 39 34 00 31 31 30 00 39 36 00 35 34 00 31 00 31 33 00 32 00 54 6F 75 63 68 00 BF B4 
11/3/2016 10:36:05.534 [RX] - 56 69 56 4F 74 65 63 68 32 00 83 00 00 04 01 FE DB 38 FA 11  --- 3,4 Accept Button

11/3/2016 10:36:05.549 [TX] - 56 69 56 4F 74 65 63 68 32 00 83 05 00 1C 31 39 34 00 31 36 35 00 39 36 00 35 34 00 31 00 31 32 00 32 00 41 63 63 65 70 74 00 49 16 
11/3/2016 10:36:05.576 [RX] - 56 69 56 4F 74 65 63 68 32 00 83 00 00 04 01 FE DB B8 6B 99  --- 3,5 Enter Button

11/3/2016 10:36:05.590 [TX] - 56 69 56 4F 74 65 63 68 32 00 83 05 00 1A 31 39 34 00 32 32 30 00 39 36 00 35 31 00 31 00 34 00 32 00 45 6E 74 65 72 00 FA 02 
11/3/2016 10:36:05.617 [RX] - 56 69 56 4F 74 65 63 68 32 00 83 00 00 04 01 FE DC 38 63 86  --- Get event

11/3/2016 10:36:07.499 [TX] - 56 69 56 4F 74 65 63 68 32 00 83 06 00 01 14 3D 41 
11/3/2016 10:36:18.084 [RX] - 56 69 56 4F 74 65 63 68 32 00 83 00 00 29 00 03 00 00 01 FE D8 38 01 59 45 53 00 00 00 00 00 00 00 00 00 00 00 00 00 00 00 00 00 00 00 00 00 00 00 00 00 00 00 00 00 F0 FA  

 Result = PASSED
 ---------- END OF TEST ----------

 Result = PASSED
 

 MASTER RESULT = PASSED


Docklight Log File (HEX) - Stopped 11/3/2016 10:36:19.475 

