Docklight Log File (HEX) - Started 2026/5/13 16:35:47.031 
 TEST CASE: SGP014

 --- Set POS COM PORT Settings
 Set POS COM PORT...
 POS operating on COM90 @ 9600 baud...
 Set POS COM PORT - COMPLETE

 
ReaderType: NEO2

 

 --- FFF5_wrong value length

2026/5/13 16:35:48.351 [TX] - 56 69 56 4F 74 65 63 68 32 00 04 00 00 0A FF F5 06 00 00 00 01 22 22 23 7B 8B 
2026/5/13 16:35:48.389 [RX] - 56 69 56 4F 74 65 63 68 32 00 04 05 00 00 45 E6  05 status 00 00 00 00 00 00 00 00 00 00 00 00 00 00 00 00 00 00 00 00 00 00 00 00 00 00 00 00 00 00 00 00 00 00 00 00 00 00 00 00 00 00 00 00 00 00 00  

 --- FFF7_wrong value

2026/5/13 16:35:48.925 [TX] - 56 69 56 4F 74 65 63 68 32 00 04 00 00 04 FF F7 01 06 7F 4E 
2026/5/13 16:35:48.963 [RX] - 56 69 56 4F 74 65 63 68 32 00 04 05 00 00 45 E6  05 status 00 00 00 00 00 00 00 00 00 00 00 00 00 00 00 00 00 00 00 00 00 00 00 00 00 00 00 00 00 00 00 00 00 00 00 00 00 00 00 00 00 00 00 00 00 00 00  

 --- FFF8_wrong value

2026/5/13 16:35:49.603 [TX] - 56 69 56 4F 74 65 63 68 32 00 04 00 00 04 FF F8 01 04 0C 42 
2026/5/13 16:35:49.641 [RX] - 56 69 56 4F 74 65 63 68 32 00 04 05 00 00 45 E6  05 status 00 00 00 00 00 00 00 00 00 00 00 00 00 00 00 00 00 00 00 00 00 00 00 00 00 00 00 00 00 00 00 00 00 00 00 00 00 00 00 00 00 00 00 00 00 00 00  

 --- FFFB_wrong value

2026/5/13 16:35:50.163 [TX] - 56 69 56 4F 74 65 63 68 32 00 04 00 00 04 FF FB 01 0D 75 8A 
2026/5/13 16:35:50.200 [RX] - 56 69 56 4F 74 65 63 68 32 00 04 05 00 00 45 E6  05 status 00 00 00 00 00 00 00 00 00 00 00 00 00 00 00 00 00 00 00 00 00 00 00 00 00 00 00 00 00 00 00 00 00 00 00 00 00 00 00 00 00 00 00 00 00 00 00  

 --- FFFC_wrong value length

2026/5/13 16:35:50.733 [TX] - 56 69 56 4F 74 65 63 68 32 00 04 00 00 05 FF FC 01 01 FF D2 0A 
2026/5/13 16:35:50.771 [RX] - 56 69 56 4F 74 65 63 68 32 00 04 05 00 00 45 E6  05 status 00 00 00 00 00 00 00 00 00 00 00 00 00 00 00 00 00 00 00 00 00 00 00 00 00 00 00 00 00 00 00 00 00 00 00 00 00 00 00 00 00 00 00 00 00 00 00  

 --- FFFD_wrong value length

2026/5/13 16:35:51.302 [TX] - 56 69 56 4F 74 65 63 68 32 00 04 00 00 09 FF FD 05 01 FF 09 08 07 FF 85 DF 
2026/5/13 16:35:51.340 [RX] - 56 69 56 4F 74 65 63 68 32 00 04 05 00 00 45 E6  05 status 00 00 00 00 00 00 00 00 00 00 00 00 00 00 00 00 00 00 00 00 00 00 00 00 00 00 00 00 00 00 00 00 00 00 00 00 00 00 00 00 00 00 00 00 00 00 00  

 --- FFFE_wrong value length

2026/5/13 16:35:51.877 [TX] - 56 69 56 4F 74 65 63 68 32 00 04 00 00 09 FF FE 05 01 FF 09 08 07 FF F0 17 
2026/5/13 16:35:51.915 [RX] - 56 69 56 4F 74 65 63 68 32 00 04 05 00 00 45 E6  05 status 00 00 00 00 00 00 00 00 00 00 00 00 00 00 00 00 00 00 00 00 00 00 00 00 00 00 00 00 00 00 00 00 00 00 00 00 00 00 00 00 00 00 00 00 00 00 00  

 --- FFFF_wrong value length

2026/5/13 16:35:52.459 [TX] - 56 69 56 4F 74 65 63 68 32 00 04 00 00 09 FF FF 05 01 FF 09 08 07 FF 23 50 
2026/5/13 16:35:52.496 [RX] - 56 69 56 4F 74 65 63 68 32 00 04 05 00 00 45 E6  05 status 00 00 00 00 00 00 00 00 00 00 00 00 00 00 00 00 00 00 00 00 00 00 00 00 00 00 00 00 00 00 00 00 00 00 00 00 00 00 00 00 00 00 00 00 00 00 00  


2026/5/13 16:35:53.015 [TX] - 56 69 56 4F 74 65 63 68 32 00 04 00 00 04 FF FB 01 00 D8 5B  

 FAIL items: 0
 

 Result = PASSED
 ---------- END OF TEST ----------


2026/5/13 16:35:53.199 [RX] - 56 69 56 4F 74 65 63 68 32 00 04 00 00 00 AE 16  00 status 00 00 00 00 00 00 00 00 00 00 00 00 00 00 00 00 00 00 00 00 00 00 00 00 00 00 00 00 00 00 00 00 00 00 00 00 00 00 00 00 00 00 00 00 00 00 00  

 MASTER RESULT = PASSED


Docklight Log File (HEX) - Stopped 2026/5/13 16:35:54.246 

