Docklight Log File (HEX) - Started 2023/6/12 11:50:56.725 
 TEST CASE: CR002-TDES

 --- Set POS COM PORT Settings
 Set POS COM PORT...
 POS operating on COM90 @ 9600 baud...
 Set POS COM PORT - COMPLETE

 

 --- Get Data Encryption (C7-37)

2023/6/12 11:50:59.867 [TX] - 56 69 56 4F 74 65 63 68 32 00 C7 37 00 00 5B C6 
2023/6/12 11:50:59.873 [RX] - 56 69 56 4F 74 65 63 68 32 00 C7 00 00 01 03 9C 1C 00 00 00 00 00 00 00 00 00 00 00 00 00 00 00 00 00 00 00 00 00 00 00 00 00 00 00 00 00 00 00 00 00 00 00 00 00 00 00 00 00 00 00 00 00 00  

 --- 60-10 Contact Start Transaction

2023/6/12 11:50:59.890 [TX] - 56 69 56 4F 74 65 63 68 32 00 60 10 00 23 01 00 78 00 78 9C 01 00 5F 57 01 00 9F 02 06 00 00 00 00 02 00 9F 03 06 00 00 00 00 00 00 5F 2A 02 08 40 F0 8F 
2023/6/12 11:50:59.972 [RX] - 56 69 56 4F 74 65 63 68 32 00 60 63 00 00 FF 0E 00 00 00 00 00 00 00 00 00 00 00 00 00 00 00 00 00 00 00 00 00 00 00 00 00 00 00 00 00 00 00 00 00 00 00 00 00 00 00 00 00 00 00 00 00 00 00 56 69 56 4F 74 65 63 68 32 00 61 01 00 10 03 00 00 02 00 45 4E 03 00 82 0B 1C 02 00 FF FF F1 44 00 00 00 00 00 00 00 00 00 00 00 00 00 00 00 00 00 00 00 00 00 00 00 00 00 00 00 00 00 00 00 56 69 56 4F 74 65 63 68 32 00 61 01 00 19 04 00 00 02 00 45 4E 0C 00 84 01 1C 04 24 1C 04 32 2E 30 30 1C 02 00 FF FF 17 51 00 00 00 00 00 00 00 00 00 00 00 00 00 00 00 00 00 00 00 00 00 00  

 --- 05-01 Cancel transaction

2023/6/12 11:51:07.145 [TX] - 56 69 56 4F 74 65 63 68 32 00 05 01 00 00 92 EF 
2023/6/12 11:51:07.157 [RX] - 56 69 56 4F 74 65 63 68 32 00 61 01 00 01 10 2F 1B 00 00 00 00 00 00 00 00 00 00 00 00 00 00 00 00 00 00 00 00 00 00 00 00 00 00 00 00 00 00 00 00 00 00 00 00 00 00 00 00 00 00 00 00 00 00  

 --- 05-01 Cancel transaction

2023/6/12 11:51:09.155 [TX] - 56 69 56 4F 74 65 63 68 32 00 05 01 00 00 92 EF  

 Result = FAILED
 ---------- END OF TEST ----------

 Result = FAILED
 

 MASTER RESULT = FAILED


Docklight Log File (HEX) - Stopped 2023/6/12 11:51:11.796 

