Docklight Log File (HEX) - Started 2024/1/30 16:44:53.700 
 TEST CASE: LCD003-1

 --- Set POS COM PORT Settings
 Set POS COM PORT...
 POS operating on COM90 @ 115200 baud...
 Set POS COM PORT - COMPLETE


2024/1/30 16:44:54.835 [TX] - 56 69 56 4F 74 65 63 68 32 00 61 17 00 00 72 8D 
2024/1/30 16:44:54.845 [RX] - 56 69 56 4F 74 65 63 68 32 00 61 00 00 00  PASS 4B 81 00 00 00 00 00 00 00 00 00 00 00 00 00 00 00 00 00 00 00 00 00 00 00 00 00 00 00 00 00 00 00 00 00 00 00 00 00 00 00 00 00 00 00 00 00 00 00 
2024/1/30 16:44:55.143 [TX] - 56 69 56 4F 74 65 63 68 32 00 61 0B 00 08 53 63 72 65 65 6E 31 00 EB 0F 
2024/1/30 16:44:55.158 [RX] - 56 69 56 4F 74 65 63 68 32 00 61 00 00 00  PASS 4B 81 00 00 00 00 00 00 00 00 00 00 00 00 00 00 00 00 00 00 00 00 00 00 00 00 00 00 00 00 00 00 00 00 00 00 00 00 00 00 00 00 00 00 00 00 00 00 00 
2024/1/30 16:44:55.457 [TX] - 56 69 56 4F 74 65 63 68 32 00 61 0B 00 08 53 63 72 65 65 6E 32 00 B8 5A 
2024/1/30 16:44:55.472 [RX] - 56 69 56 4F 74 65 63 68 32 00 61 0A 00 00 8C 40 00 00 00 00 00 00 00 00 00 00 00 00 00 00 00 00 00 00 00 00 00 00 00 00 00 00 00 00 00 00 00 00 00 00 00 00 00 00 00 00 00 00 00 00 00 00 00  

 --- 61-0A Create Screen1

2024/1/30 16:44:55.779 [TX] - 56 69 56 4F 74 65 63 68 32 00 61 0A 00 08 53 63 72 65 65 6E 31 00 A2 D7 
2024/1/30 16:44:55.790 [RX] - 56 69 56 4F 74 65 63 68 32 00 61 00 00 02 00 00  PASS 3E FF 00 00 00 00 00 00 00 00 00 00 00 00 00 00 00 00 00 00 00 00 00 00 00 00 00 00 00 00 00 00 00 00 00 00 00 00 00 00 00 00 00 00 00 00 00  

 --- 61-05 Show Screen1

2024/1/30 16:44:55.816 [TX] - 56 69 56 4F 74 65 63 68 32 00 61 05 00 08 53 63 72 65 65 6E 31 00 91 5C 
2024/1/30 16:44:55.841 [RX] - 56 69 56 4F 74 65 63 68 32 00 61 00 00 00  PASS 4B 81 00 00 00 00 00 00 00 00 00 00 00 00 00 00 00 00 00 00 00 00 00 00 00 00 00 00 00 00 00 00 00 00 00 00 00 00 00 00 00 00 00 00 00 00 00 00 00  

 --- 61-07 Add Object (LButton) to Screen1

2024/1/30 16:44:55.865 [TX] - 56 69 56 4F 74 65 63 68 32 00 61 07 00 20 53 63 72 65 65 6E 31 00 4C 42 75 74 74 6F 6E 00 01 01 05 00 05 00 4C 20 42 75 74 74 6F 6E 31 00 D6 15 
2024/1/30 16:44:55.893 [RX] - 56 69 56 4F 74 65 63 68 32 00 61 00 00 0C 00 00 01 00 05 00 05 00 FE 00 40 00 C8 42 00 00 00 00 00 00 00 00 00 00 00 00 00 00 00 00 00 00 00 00 00 00 00 00 00 00 00 00 00 00 00 00 00 00 00  

 --- 61-07 Add Object (MButton) to Screen1

2024/1/30 16:44:57.693 [TX] - 56 69 56 4F 74 65 63 68 32 00 61 07 00 20 53 63 72 65 65 6E 31 00 4D 42 75 74 74 6F 6E 00 02 01 05 00 46 00 4D 20 42 75 74 74 6F 6E 31 00 02 7D 
2024/1/30 16:44:57.726 [RX] - 56 69 56 4F 74 65 63 68 32 00 61 00 00 0C 00 00 02 00 05 00 46 00 7C 00 81 00 C8 48 00 00 00 00 00 00 00 00 00 00 00 00 00 00 00 00 00 00 00 00 00 00 00 00 00 00 00 00 00 00 00 00 00 00 00  

 --- 61-07 Add Object (InvisibleButton) to Screen1

2024/1/30 16:44:59.886 [TX] - 56 69 56 4F 74 65 63 68 32 00 61 07 00 20 53 63 72 65 65 6E 31 00 49 6E 76 69 73 69 62 6C 65 42 75 74 74 6F 6E 00 03 01 05 00 91 00 3F 00 7E 61 
2024/1/30 16:44:59.907 [RX] - 56 69 56 4F 74 65 63 68 32 00 61 00 00 0C 00 00 03 00 05 00 91 00 4A 00 CC 00 BB 18 00 00 00 00 00 00 00 00 00 00 00 00 00 00 00 00 00 00 00 00 00 00 00 00 00 00 00 00 00 00 00 00 00 00 00 56 69 56 4F 74 65 63 68 32 00 61 FF 00 1D 00 00 03 00 53 63 72 65 65 6E 31 00 49 6E 76 69 73 69 62 6C 65 42 75 74 74 6F 6E 00 00 35 AE  61-FF = InvisibleButton 00 00 00 00 00 00 00 00 00 00 00 00 00 00 00 00 00 00 56 69 56 4F 74 65 63 68 32 00 61 FF 00 1D 00 00 03 00 53 63 72 65 65 6E 31 00 49 6E 76 69 73 69 62 6C 65 42 75 74 74 6F 6E 00 00 35 AE  61-FF = InvisibleButton 00 00 00 00 00 00 00 00 00 00 00 00 00 00 00 00 00 00  

 --- 61-12 Get List of All Objects on Screen1

2024/1/30 16:45:07.252 [TX] - 56 69 56 4F 74 65 63 68 32 00 61 12 00 08 53 63 72 65 65 6E 31 00 11 20 
2024/1/30 16:45:07.266 [RX] - 56 69 56 4F 74 65 63 68 32 00 61 00 00 27 03 01 00 4C 42 75 74 74 6F 6E 00 02 00 4D 42 75 74 74 6F 6E 00 03 00 49 6E 76 69 73 69 62 6C 65 42 75 74 74 6F 6E 00 05 C5 00 00 00 00 00 00 00 00  


2024/1/30 16:45:07.283 [TX] - 56 69 56 4F 74 65 63 68 32 00 61 17 00 00 72 8D 
2024/1/30 16:45:07.315 [RX] - 56 69 56 4F 74 65 63 68 32 00 61 00 00 00  PASS 4B 81 00 00 00 00 00 00 00 00 00 00 00 00 00 00 00 00 00 00 00 00 00 00 00 00 00 00 00 00 00 00 00 00 00 00 00 00 00 00 00 00 00 00 00 00 00 00 00 
2024/1/30 16:45:07.598 [TX] - 56 69 56 4F 74 65 63 68 32 00 61 0B 00 08 53 63 72 65 65 6E 31 00 EB 0F 
2024/1/30 16:45:07.615 [RX] - 56 69 56 4F 74 65 63 68 32 00 61 00 00 00  PASS 4B 81 00 00 00 00 00 00 00 00 00 00 00 00 00 00 00 00 00 00 00 00 00 00 00 00 00 00 00 00 00 00 00 00 00 00 00 00 00 00 00 00 00 00 00 00 00 00 00  

 ---------- END OF TEST ----------

 Result = PASSED


Docklight Log File (HEX) - Stopped 2024/1/30 16:45:08.010 

