Docklight Log File (HEX) - Started 2022/3/1 15:44:16.677 
 TEST CASE: ADPT101

 --- Set POS COM PORT Settings
 Set POS COM PORT...
 POS operating on COM90 @ 9600 baud...
 Set POS COM PORT - COMPLETE

 

 --- PassThrough Stop

2022/3/1 15:44:17.865 [TX] - 56 69 56 4F 74 65 63 68 32 00 2C 01 00 01 00 0D 38 
2022/3/1 15:44:17.871 [RX] - 56 69 56 4F 74 65 63 68 32 00 2C 0C 00 00 69 FA 00 00 00 00 00 00 00 00 00 00 00 00 00 00 00 00 00 00 00 00 00 00 00 00 00 00 00 00 00 00 00 00 00 00 00 00 00 00 00 00 00 00 00 00 00 00 00  

 --- 02-01 w/ tag DFEC20

2022/3/1 15:44:19.543 [TX] - 56 69 56 4F 74 65 63 68 32 00 02 01 00 27 05 9C 01 00 9F 02 06 00 00 00 00 10 00 DF EC 20 16 00 A4 04 00 10 A0 00 00 03 96 56 43 41 03 00 30 00 00 00 00 00 00 F1 5B 
2022/3/1 15:44:20.629 [RX] - 56 69 56 4F 74 65 63 68 32 00 02 0A 00 3D 27 90 00 00 DF EC 0F 17 03  Tag DFEC0F = 03 6F 12 85 10 14 02 0C 11 22 33 44 55 66 77 00 00 61 41 A9 5D 90 00 9F 1E 08 39 31 30 54 35 34 38 35 9F 41 04 00 00 00 01 DF EE 4C 01 00 9F 2A 00 DF EC 1C 00 2B D7 00 00 00 00 00 00 00 00 00 00 00 00 00 00 00 00 00 00 00 00 00 00 00 00 00 00 00 00 00 00 00 00 00 00 00 00 00 00 00 00 00 00 00 00 00 00 00 00 00  

 --- GetVersion 1

2022/3/1 15:44:21.138 [TX] - 56 69 56 4F 74 65 63 68 32 00 2C 03 00 05 90 60 00 00 00 A3 DD 
2022/3/1 15:44:21.151 [RX] - 56 69 56 4F 74 65 63 68 32 00 2C 00 00 09 04 A1 00 F2 00 1A 05 91 AF 65 70 00 00 00 00 00 00 00 00 00 00 00 00 00 00 00 00 00 00 00 00 00 00 00 00 00 00 00 00 00 00 00 00 00 00 00 00 00 00  

 --- 2c-03  AID (virtual card)

2022/3/1 15:44:21.960 [TX] - 56 69 56 4F 74 65 63 68 32 00 2C 03 00 16 00 A4 04 00 10 A0 00 00 03 96 56 43 41 03 00 30 00 00 00 00 00 00 E7 4C 
2022/3/1 15:44:22.029 [RX] - 56 69 56 4F 74 65 63 68 32 00 2C 00 00 16 6F 12 85 10 14 02 0C 11 22 33 44 55 66 77 00 00 61 41 A9 5D 90 00 44 96 00 00 00 00 00 00 00 00 00 00 00 00 00 00 00 00 00 00 00 00 00 00 00 00 00  

 --- PassThrough Stop

2022/3/1 15:44:22.839 [TX] - 56 69 56 4F 74 65 63 68 32 00 2C 01 00 01 00 0D 38 
2022/3/1 15:44:22.843 [RX] - 56 69 56 4F 74 65 63 68 32 00 2C 00 00 00 1C 9B 00 00 00 00 00 00 00 00 00 00 00 00 00 00 00 00 00 00 00 00 00 00 00 00 00 00 00 00 00 00 00 00 00 00 00 00 00 00 00 00 00 00 00 00 00 00 00  

 --- 02-40 w/ tag DFEC20

2022/3/1 15:44:26.298 [TX] - 56 69 56 4F 74 65 63 68 32 00 02 40 00 27 05 9C 01 00 9F 02 06 00 00 00 00 10 00 DF EC 20 16 00 A4 04 00 10 A0 00 00 03 96 56 43 41 03 00 30 00 00 00 00 00 00 90 0F 
2022/3/1 15:44:27.307 [RX] - 56 69 56 4F 74 65 63 68 32 00 02 0A 00 47 41 FF EE 1F 04 27 90 00 00 DF EC 0F 17 03  Tag DFEC0F = 03 6F 12 85 10 14 02 0C 11 22 33 44 55 66 77 00 00 61 41 A9 5D 90 00 9F 1E 08 39 31 30 54 35 34 38 35 9F 41 04 00 00 00 01 DF EE 4C 01 00 9F 2A 00 DF EC 1C 00 DF EE 26 01 41 26 51 00 00 00 00 00 00 00 00 00 00 00 00 00 00 00 00 00 00 00 00 00 00 00 00 00 00 00 00 00 00 00 00 00 00 00 00 00 00 00  

 --- GetVersion 1

2022/3/1 15:44:27.821 [TX] - 56 69 56 4F 74 65 63 68 32 00 2C 03 00 05 90 60 00 00 00 A3 DD 
2022/3/1 15:44:27.831 [RX] - 56 69 56 4F 74 65 63 68 32 00 2C 00 00 09 04 A1 00 F2 00 1A 05 91 AF 65 70 00 00 00 00 00 00 00 00 00 00 00 00 00 00 00 00 00 00 00 00 00 00 00 00 00 00 00 00 00 00 00 00 00 00 00 00 00 00  

 --- 2c-03  AID (virtual card)

2022/3/1 15:44:28.642 [TX] - 56 69 56 4F 74 65 63 68 32 00 2C 03 00 16 00 A4 04 00 10 A0 00 00 03 96 56 43 41 03 00 30 00 00 00 00 00 00 E7 4C 
2022/3/1 15:44:28.715 [RX] - 56 69 56 4F 74 65 63 68 32 00 2C 00 00 16 6F 12 85 10 14 02 0C 11 22 33 44 55 66 77 00 00 61 41 A9 5D 90 00 44 96 00 00 00 00 00 00 00 00 00 00 00 00 00 00 00 00 00 00 00 00 00 00 00 00 00  

 --- PassThrough Stop

2022/3/1 15:44:29.580 [TX] - 56 69 56 4F 74 65 63 68 32 00 2C 01 00 01 00 0D 38 
2022/3/1 15:44:29.587 [RX] - 56 69 56 4F 74 65 63 68 32 00 2C 00 00 00 1C 9B 00 00 00 00 00 00 00 00 00 00 00 00 00 00 00 00 00 00 00 00 00 00 00 00 00 00 00 00 00 00 00 00 00 00 00 00 00 00 00 00 00 00 00 00 00 00 00  

 Result = PASSED
 ---------- END OF TEST ----------

 

 MASTER RESULT = PASSED


Docklight Log File (HEX) - Stopped 2022/3/1 15:44:32.097 

