Docklight Log File (HEX) - Started 2022/3/1 15:42:58.514 
 TEST CASE: ADPT101

 --- Set POS COM PORT Settings
 Set POS COM PORT...
 POS operating on COM90 @ 9600 baud...
 Set POS COM PORT - COMPLETE

 

 --- PassThrough Stop

2022/3/1 15:42:59.815 [TX] - 56 69 56 4F 74 65 63 68 32 00 2C 01 00 01 00 0D 38 
2022/3/1 15:42:59.829 [RX] - 56 69 56 4F 74 65 63 68 32 00 2C 00 00 00 1C 9B 00 00 00 00 00 00 00 00 00 00 00 00 00 00 00 00 00 00 00 00 00 00 00 00 00 00 00 00 00 00 00 00 00 00 00 00 00 00 00 00 00 00 00 00 00 00 00  

 --- 02-01 w/ tag DFEC20

2022/3/1 15:43:01.799 [TX] - 56 69 56 4F 74 65 63 68 32 00 02 01 00 27 05 9C 01 00 9F 02 06 00 00 00 00 10 00 DF EC 20 16 00 A4 04 00 10 A0 00 00 03 96 56 43 41 03 00 30 00 00 00 00 00 00 F1 5B 
2022/3/1 15:43:02.407 [RX] - 56 69 56 4F 74 65 63 68 32 00 61 01 00 10 03 00 00 02 00 45 4E 03 00 81 54 1C 02 00 00 00 81 5E 00 00 00 00 00 00 00 00 00 00 00 00 00 00 00 00 00 00 00 00 00 00 00 00 00 00 00 00 00 00 00 56 69 56 4F 74 65 63 68 32 00 61 01 00 10 03 00 00 02 00 45 4E 03 00 81 57 1C 02 00 00 00 4F BE 00 00 00 00 00 00 00 00 00 00 00 00 00 00 00 00 00 00 00 00 00 00 00 00 00 00 00 00 00 00 00 56 69 56 4F 74 65 63 68 32 00 02 0A 00 1F 27 90 00 00 DF EC 0F 17 03  Tag DFEC0F = 03 6F 12 85 10 14 02 0C 11 22 33 44 55 66 77 00 00 61 41 A9 5D 90 00 AE AE 00 00 00 00 00 00 00 00 00 00 00 00 00 00 00 00  

 --- GetVersion 1

2022/3/1 15:43:03.339 [TX] - 56 69 56 4F 74 65 63 68 32 00 2C 03 00 05 90 60 00 00 00 A3 DD 
2022/3/1 15:43:03.355 [RX] - 56 69 56 4F 74 65 63 68 32 00 2C 00 00 09 04 A1 00 F2 00 1A 05 91 AF 65 70 00 00 00 00 00 00 00 00 00 00 00 00 00 00 00 00 00 00 00 00 00 00 00 00 00 00 00 00 00 00 00 00 00 00 00 00 00 00  

 --- 2c-03  AID (virtual card)

2022/3/1 15:43:04.164 [TX] - 56 69 56 4F 74 65 63 68 32 00 2C 03 00 16 00 A4 04 00 10 A0 00 00 03 96 56 43 41 03 00 30 00 00 00 00 00 00 E7 4C 
2022/3/1 15:43:04.296 [RX] - 56 69 56 4F 74 65 63 68 32 00 2C 00 00 16 6F 12 85 10 14 02 0C 11 22 33 44 55 66 77 00 00 61 41 A9 5D 90 00 44 96 00 00 00 00 00 00 00 00 00 00 00 00 00 00 00 00 00 00 00 00 00 00 00 00 00  

 --- PassThrough Stop

2022/3/1 15:43:05.107 [TX] - 56 69 56 4F 74 65 63 68 32 00 2C 01 00 01 00 0D 38 
2022/3/1 15:43:05.121 [RX] - 56 69 56 4F 74 65 63 68 32 00 2C 00 00 00 1C 9B 00 00 00 00 00 00 00 00 00 00 00 00 00 00 00 00 00 00 00 00 00 00 00 00 00 00 00 00 00 00 00 00 00 00 00 00 00 00 00 00 00 00 00 00 00 00 00  

 --- 02-40 w/ tag DFEC20

2022/3/1 15:43:07.658 [TX] - 56 69 56 4F 74 65 63 68 32 00 02 40 00 27 05 9C 01 00 9F 02 06 00 00 00 00 10 00 DF EC 20 16 00 A4 04 00 10 A0 00 00 03 96 56 43 41 03 00 30 00 00 00 00 00 00 90 0F 
2022/3/1 15:43:08.275 [RX] - 56 69 56 4F 74 65 63 68 32 00 61 01 00 10 03 00 00 02 00 45 4E 03 00 81 54 1C 02 00 00 00 81 5E 00 00 00 00 00 00 00 00 00 00 00 00 00 00 00 00 00 00 00 00 00 00 00 00 00 00 00 00 00 00 00 56 69 56 4F 74 65 63 68 32 00 61 01 00 10 03 00 00 02 00 45 4E 03 00 81 57 1C 02 00 00 00 4F BE 00 00 00 00 00 00 00 00 00 00 00 00 00 00 00 00 00 00 00 00 00 00 00 00 00 00 00 00 00 00 00 56 69 56 4F 74 65 63 68 32 00 02 0A 00 24 41 DF EE 02 04 27 90 00 00 DF EC 0F 17 03  Tag DFEC0F = 03 6F 12 85 10 14 02 0C 11 22 33 44 55 66 77 00 00 61 41 A9 5D 90 00 AC EB 00 00 00 00 00 00 00 00 00 00 00  

 --- GetVersion 1

2022/3/1 15:43:09.786 [TX] - 56 69 56 4F 74 65 63 68 32 00 2C 03 00 05 90 60 00 00 00 A3 DD 
2022/3/1 15:43:09.801 [RX] - 56 69 56 4F 74 65 63 68 32 00 2C 00 00 09 04 A1 00 F2 00 1A 05 91 AF 65 70 00 00 00 00 00 00 00 00 00 00 00 00 00 00 00 00 00 00 00 00 00 00 00 00 00 00 00 00 00 00 00 00 00 00 00 00 00 00  

 --- 2c-03  AID (virtual card)

2022/3/1 15:43:10.612 [TX] - 56 69 56 4F 74 65 63 68 32 00 2C 03 00 16 00 A4 04 00 10 A0 00 00 03 96 56 43 41 03 00 30 00 00 00 00 00 00 E7 4C 
2022/3/1 15:43:10.658 [RX] - 56 69 56 4F 74 65 63 68 32 00 2C 00 00 16 6F 12 85 10 14 02 0C 11 22 33 44 55 66 77 00 00 61 41 A9 5D 90 00 44 96 00 00 00 00 00 00 00 00 00 00 00 00 00 00 00 00 00 00 00 00 00 00 00 00 00  

 --- PassThrough Stop

2022/3/1 15:43:11.472 [TX] - 56 69 56 4F 74 65 63 68 32 00 2C 01 00 01 00 0D 38 
2022/3/1 15:43:11.486 [RX] - 56 69 56 4F 74 65 63 68 32 00 2C 00 00 00 1C 9B 00 00 00 00 00 00 00 00 00 00 00 00 00 00 00 00 00 00 00 00 00 00 00 00 00 00 00 00 00 00 00 00 00 00 00 00 00 00 00 00 00 00 00 00 00 00 00  

 Result = PASSED
 ---------- END OF TEST ----------

 

 MASTER RESULT = PASSED


Docklight Log File (HEX) - Stopped 2022/3/1 15:43:13.635 

