Docklight Log File (HEX) - Started 2015/4/20 09:22:10.546 
 TEST CASE: AC018-1

 --- Set POS COM PORT Settings
 Set POS COM PORT...
 POS operating on COM1 @ 9600 baud...
 Set POS COM PORT - COMPLETE

 --- TTQ A0 00 40 00

2015/4/20 09:22:12.081 [TX] - 56 69 56 4F 74 65 63 68 32 00 04 00 00 07 9F 66 04 A0 00 40 00 D4 0D 
2015/4/20 09:22:12.113 [RX] - 56 69 56 4F 74 65 63 68 32 00 04 00 00 00 AE 16  

 --- Poll on Demand

2015/4/20 09:22:12.145 [TX] - 56 69 56 4F 74 65 63 68 32 00 01 01 00 01 01 D7 34 
2015/4/20 09:22:12.172 [RX] - 56 69 56 4F 74 65 63 68 32 00 01 00 00 00 12 53  

 --- Activate Transaction

2015/4/20 09:22:14.586 [TX] - 56 69 56 4F 74 65 63 68 32 00 02 01 00 15 0A 9F 02 06 00 00 00 00 10 00 9A 03 07 11 21 9F 21 03 10 15 20 30 12 
2015/4/20 09:22:17.284 [RX] - 56 69 56 4F 74 65 63 68 32 00 02 23 00 D7 00 00 01 E1 7C 9F 66 04 A0 80 40 00 82 02 20 00 95 05 00 00 00 00 00 5F 2A 02 08 40 50 0C 56 49 53 41 20 54 45 53 54 20 30 31 9F 26 08 AA BB CC DD EE FF 11 22 9F 27 01 40 9F 02 06 00 00 00 00 10 00 9F 03 06 00 00 00 00 00 00 9F 10 07 06 01 11 03 90 00 00 9F 1A 02 08 40 9F 36 02 00 03 9F 37 04 98 9B 64 F2 5A 08 47 61 73 90 01 01 00 10 84 07 A0 00 00 00 03 10 10 9A 03 07 11 21 9C 01 00 57 13 47 61 73 90 01 01 00 10 D2 01 21 20 00 12 33 99 00 03 1F 5F 24 03 20 12 31 5F 34 01 01 9F 06 07 A0 00 00 00 03 10 10 9F 09 02 00 02 9F 21 03 10 15 20 9F 5D 06 00 00 00 01 00 00 9F 39 01 07 9F 6C 02 20 00 9F 35 01 24 FF EE 01 08 DF 52 01 00 DF 5B 01 08 26 12  

 --- Auto Poll

2015/4/20 09:22:19.342 [TX] - 56 69 56 4F 74 65 63 68 32 00 01 01 00 01 00 F6 24 
2015/4/20 09:22:19.369 [RX] - 56 69 56 4F 74 65 63 68 32 00 01 00 00 00 12 53  

 --- Activate Transaction

2015/4/20 09:22:21.703 [TX] - 56 69 56 4F 74 65 63 68 32 00 02 01 00 15 0A 9F 02 06 00 00 00 00 10 00 9A 03 07 11 21 9F 21 03 10 15 20 30 12 
2015/4/20 09:22:24.604 [RX] - 56 69 56 4F 74 65 63 68 32 00 02 23 01 29 2D 42 34 37 36 31 37 33 39 30 30 31 30 31 30 30 31 30 5E 20 2F 5E 32 30 31 32 31 32 30 30 30 31 32 33 31 30 30 33 39 39 30 33 30 30 30 30 25 34 37 36 31 37 33 39 30 30 31 30 31 30 30 31 30 3D 32 30 31 32 31 32 30 30 30 31 32 33 33 39 39 30 30 30 33 31 01 E1 7C 9F 66 04 A0 80 40 00 82 02 20 00 95 05 00 00 00 00 00 5F 2A 02 08 40 50 0C 56 49 53 41 20 54 45 53 54 20 30 31 9F 26 08 AA BB CC DD EE FF 11 22 9F 27 01 40 9F 02 06 00 00 00 00 10 00 9F 03 06 00 00 00 00 00 00 9F 10 07 06 01 11 03 90 00 00 9F 1A 02 08 40 9F 36 02 00 03 9F 37 04 BD 76 86 1D 5A 08 47 61 73 90 01 01 00 10 84 07 A0 00 00 00 03 10 10 9A 03 07 11 21 9C 01 00 57 13 47 61 73 90 01 01 00 10 D2 01 21 20 00 12 33 99 00 03 1F 5F 24 03 20 12 31 5F 34 01 01 9F 06 07 A0 00 00 00 03 10 10 9F 09 02 00 02 9F 21 03 10 15 20 9F 5D 06 00 00 00 01 00 00 9F 39 01 07 9F 6C 02 20 00 9F 35 01 24 FF EE 01 08 DF 52 01 00 DF 5B 01 08 83 CA  
RX has magstripe data => Incorrect!
 

 Result = FAILED
 ---------- END OF TEST ----------
 

 MASTER RESULT = FAILED


Docklight Log File (HEX) - Stopped 2015/4/20 09:22:28.950 

