Docklight Log File (HEX) - Started 2015/8/25 14:58:28.174 
 TEST CASE: SAT003-2

 --- Set POS COM PORT Settings
 Set POS COM PORT...
 POS operating on COM1 @ 9600 baud...
 Set POS COM PORT - COMPLETE

 Loading DUKPT key...

2015/8/25 14:58:29.722 [TX] - 56 69 56 4F 74 65 63 68 32 00 83 00 00 00 03 22 
2015/8/25 14:58:29.770 [RX] - 56 69 56 4F 74 65 63 68 32 00 83 00 00 00 22 03 
2015/8/25 14:58:30.320 [TX] - 56 69 56 4F 74 65 63 68 32 00 80 00 00 65 30 43 46 35 35 34 43 32 46 30 45 45 41 41 30 30 38 38 4B 30 54 44 30 30 4E 30 30 30 30 30 30 38 30 32 41 38 34 46 44 44 36 33 39 31 35 44 43 41 45 42 46 38 37 37 35 34 33 32 32 44 32 36 37 42 41 33 34 34 31 38 33 41 42 39 41 32 35 36 37 39 30 32 33 34 39 38 37 31 32 30 32 33 34 30 30 30 30 30 30 30 30 C2 98 
2015/8/25 14:58:30.479 [RX] - 56 69 56 4F 74 65 63 68 32 00 80 00 00 00 B9 DF 
2015/8/25 14:58:31.005 [TX] - 56 69 56 4F 74 65 63 68 32 00 80 00 00 65 31 35 43 44 42 38 31 32 46 30 45 45 41 41 30 30 38 38 4B 30 54 44 30 30 4E 30 30 30 30 30 30 38 30 39 32 36 39 41 34 33 36 39 42 36 43 37 45 33 42 35 36 37 32 39 38 33 41 36 36 32 46 36 31 30 33 32 35 37 32 39 32 33 36 33 37 38 33 30 33 33 36 32 33 41 39 39 37 31 32 36 32 33 34 30 30 30 30 30 30 30 30 AA E9 
2015/8/25 14:58:31.159 [RX] - 56 69 56 4F 74 65 63 68 32 00 80 00 00 00 B9 DF 
2015/8/25 14:58:31.695 [TX] - 56 69 56 4F 74 65 63 68 32 00 80 01 00 58 41 30 30 38 38 4B 30 54 44 30 30 4E 30 30 30 30 42 39 34 38 46 37 42 33 34 43 41 44 37 32 36 42 41 37 37 43 39 43 34 41 38 30 37 37 39 42 42 38 36 42 42 43 33 37 34 30 31 31 42 42 45 33 39 45 30 36 46 34 46 36 41 37 44 44 36 46 37 32 30 45 37 31 33 44 45 39 34 41 A0 6B 
2015/8/25 14:58:31.818 [RX] - 56 69 56 4F 74 65 63 68 32 00 80 00 00 00 B9 DF 
2015/8/25 14:58:32.355 [TX] - 56 69 56 4F 74 65 63 68 32 00 81 00 00 71 05 41 30 31 31 32 44 30 54 45 30 30 4E 30 31 30 30 4B 53 31 38 46 46 46 46 39 38 37 36 35 34 33 32 31 30 45 30 30 30 30 30 37 43 45 37 34 45 39 30 30 35 33 43 41 38 45 45 42 43 33 37 42 35 37 30 36 38 31 45 35 42 32 37 36 31 34 38 43 33 45 37 34 34 41 42 43 44 36 44 34 43 35 33 36 43 37 46 34 46 36 37 44 37 46 32 32 44 33 39 34 45 44 42 A8 31 
2015/8/25 14:58:32.530 [RX] - 56 69 56 4F 74 65 63 68 32 00 81 00 00 00 CF 6B 
2015/8/25 14:58:33.065 [TX] - 56 69 56 4F 74 65 63 68 32 00 81 09 00 01 05 40 D3 
2015/8/25 14:58:33.106 [RX] - 56 69 56 4F 74 65 63 68 32 00 81 00 00 00 CF 6B  
OK!
 

 Loading Master key...

2015/8/25 14:58:33.657 [TX] - 56 69 56 4F 74 65 63 68 32 00 80 03 00 59 05 41 30 30 38 38 4B 30 54 44 30 30 4E 30 30 30 30 38 45 33 43 43 38 36 45 38 39 33 35 37 34 43 30 44 31 38 36 30 44 34 36 43 39 39 35 35 45 43 33 31 37 43 30 33 32 30 46 35 32 42 38 30 46 37 35 38 35 46 32 37 45 37 31 46 36 41 36 33 44 42 39 43 45 44 46 31 37 30 32 A3 22 
2015/8/25 14:58:33.799 [RX] - 56 69 56 4F 74 65 63 68 32 00 80 00 00 00 B9 DF 
2015/8/25 14:58:34.325 [TX] - 56 69 56 4F 74 65 63 68 32 00 80 09 00 01 05 11 79 
2015/8/25 14:58:34.366 [RX] - 56 69 56 4F 74 65 63 68 32 00 80 00 00 00 B9 DF  
OK!
 

 --- Specific Feature Switch: 02 00 00

2015/8/25 14:58:34.922 [TX] - 56 69 56 4F 74 65 63 68 32 00 04 00 00 06 FF F0 03 02 00 00 24 97 
2015/8/25 14:58:35.208 [RX] - 56 69 56 4F 74 65 63 68 32 00 04 00 00 00 AE 16  

 --- TTQ: 80 00 40 00

2015/8/25 14:58:35.765 [TX] - 56 69 56 4F 74 65 63 68 32 00 04 00 00 07 9F 66 04 80 00 40 00 9A 3A 
2015/8/25 14:58:36.249 [RX] - 56 69 56 4F 74 65 63 68 32 00 04 00 00 00 AE 16  

 --- Clear Event Queue

2015/8/25 14:58:40.690 [TX] - 56 69 56 4F 74 65 63 68 32 00 83 0C 00 00 62 57 
2015/8/25 14:58:40.729 [RX] - 56 69 56 4F 74 65 63 68 32 00 83 00 00 00 22 03  

 --- 02-0A DUKPT/ contactless/ Non-Event

2015/8/25 14:58:40.764 [TX] - 56 69 56 4F 74 65 63 68 32 00 02 0A 00 27 00 0A 41 00 00 00 9F 02 06 00 00 00 00 00 01 5F 2A 02 08 40 9A 03 12 01 02 9F 1A 02 08 40 9C 01 00 9F 21 03 11 22 33 6D C5 
2015/8/25 14:58:45.017 [RX] - 56 69 56 4F 74 65 63 68 32 00 02 23 01 9C 00 5A A1 08 47 61 CC CC CC CC 00 10 5A C1 10 78 6B 95 AD 92 98 78 89 66 AE 83 18 18 44 FF 41 57 C1 18 AD AD 82 E7 11 D2 C0 42 34 1E E0 2B 2F 4C 1A FC B0 00 EF F3 E9 64 C6 DA FF EE 13 C1 38 04 B8 64 A5 0B F7 6E 09 DD 52 F1 6A CC 43 D0 76 E6 3B E5 BC 86 A0 95 BD 63 ED 17 40 FD 13 E3 E3 C7 5A 94 DC 5F F1 93 C9 B1 F2 BF 28 2F 33 6D 95 95 04 25 4C A4 EE 00 15 FF EE 14 C1 30 7A FF C3 23 89 C1 B3 E8 F6 57 55 3F E9 3D CF DE 54 9C F6 21 1A 71 D3 DB F1 D8 61 40 B2 0A 4C C0 80 74 B8 B6 58 5B A5 56 7B 8F 1E 0A 0B AE 85 DE 50 0C 56 49 53 41 20 54 45 53 54 20 30 31 82 02 20 00 84 07 A0 00 00 00 03 10 10 95 05 00 00 00 00 00 9A 03 12 01 02 9B 02 00 00 9C 01 00 5F 24 03 20 12 31 5F 2A 02 08 40 5F 2D 04 65 73 65 6E 5F 34 01 01 9F 02 06 00 00 00 00 00 01 9F 03 06 00 00 00 00 00 00 9F 06 07 A0 00 00 00 03 10 10 9F 10 07 06 01 11 03 90 00 00 9F 11 01 01 9F 12 0C 50 72 65 66 20 4E 61 6D 65 20 30 31 9F 1A 02 08 40 9F 21 03 11 22 33 9F 26 08 AA BB CC DD EE FF 11 22 9F 27 01 40 9F 33 03 00 08 E8 9F 36 02 00 03 9F 37 04 A4 97 1B 3C 9F 39 01 91 9F 45 02 00 00 9F 4C 08 00 00 00 00 00 00 00 00 9F 53 01 00 9F 5D 06 00 00 00 01 00 00 9F 66 04 80 00 40 00 9F 6C 02 30 00 FF EE 01 08 DF 30 01 00 DF 5B 01 08 DF EE 12 0A FF FF 98 76 54 32 10 E0 00 02 F6 C5  

 --- Clear Event Queue

2015/8/25 14:58:59.181 [TX] - 56 69 56 4F 74 65 63 68 32 00 83 0C 00 00 62 57 
2015/8/25 14:58:59.219 [RX] - 56 69 56 4F 74 65 63 68 32 00 83 00 00 00 22 03  

 Loading Session key...

2015/8/25 14:58:59.269 [TX] - 56 69 56 4F 74 65 63 68 32 00 80 0C 00 58 41 30 30 38 38 44 30 54 45 30 30 4E 30 30 30 30 33 31 31 32 43 46 38 45 39 45 44 45 45 32 41 38 32 34 38 32 34 34 38 38 38 30 37 34 41 39 46 39 35 34 33 36 39 45 46 34 44 33 45 37 33 46 37 37 36 34 41 35 32 30 33 30 45 45 44 44 41 37 31 31 35 41 41 46 46 42 46 34 56 91 
2015/8/25 14:58:59.398 [RX] - 56 69 56 4F 74 65 63 68 32 00 80 00 00 00 B9 DF  
OK!
 

 --- 02-0A MS key/ contactless/ Non-Event

2015/8/25 14:58:59.476 [TX] - 56 69 56 4F 74 65 63 68 32 00 02 0A 00 27 00 0A 01 00 00 00 9F 02 06 00 00 00 00 00 01 5F 2A 02 08 40 9A 03 12 01 02 9F 1A 02 08 40 9C 01 00 9F 21 03 11 22 33 53 30 
2015/8/25 14:59:03.467 [RX] - 56 69 56 4F 74 65 63 68 32 00 02 23 01 8E 00 5A A1 08 47 61 CC CC CC CC 00 10 5A C1 10 A2 D4 8B DD DD CC 41 BA 54 B9 66 97 B3 E0 EF 8F 57 C1 18 05 61 D7 E8 0E DD 57 27 54 70 1B 4B D3 B1 0F 79 71 E0 B3 07 1B 61 08 65 FF EE 13 C1 38 D4 C5 88 2F E6 43 84 25 6D 49 34 DB B0 E8 FD ED 69 E6 BA 1A 46 27 79 BB 7E 1E EB 35 33 B1 B1 C8 C8 E6 56 87 08 8B 7D 71 87 34 4A CC 15 E2 F1 4C FE F1 D6 CA AE 28 3F 11 FF EE 14 C1 30 D1 10 D0 41 3C 88 88 4B 52 C5 64 33 B8 CC 0D 54 E7 A2 E6 F6 3C E9 1A 40 D5 90 7E 73 18 6D B4 56 CA D9 38 D9 48 0F B0 65 01 B1 98 8A 35 90 68 39 50 0C 56 49 53 41 20 54 45 53 54 20 30 31 82 02 20 00 84 07 A0 00 00 00 03 10 10 95 05 00 00 00 00 00 9A 03 12 01 02 9B 02 00 00 9C 01 00 5F 24 03 20 12 31 5F 2A 02 08 40 5F 2D 04 65 73 65 6E 5F 34 01 01 9F 02 06 00 00 00 00 00 01 9F 03 06 00 00 00 00 00 00 9F 06 07 A0 00 00 00 03 10 10 9F 10 07 06 01 11 03 90 00 00 9F 11 01 01 9F 12 0C 50 72 65 66 20 4E 61 6D 65 20 30 31 9F 1A 02 08 40 9F 21 03 11 22 34 9F 26 08 AA BB CC DD EE FF 11 22 9F 27 01 40 9F 33 03 00 08 E8 9F 36 02 00 03 9F 37 04 8C 63 DC 81 9F 39 01 91 9F 45 02 00 00 9F 4C 08 00 00 00 00 00 00 00 00 9F 53 01 00 9F 5D 06 00 00 00 01 00 00 9F 66 04 80 00 40 00 9F 6C 02 30 00 FF EE 01 08 DF 30 01 00 DF 5B 01 08 04 08  
---------- END OF TEST ----------

 Result = PASSED
 

 MASTER RESULT = PASSED


Docklight Log File (HEX) - Stopped 2015/8/25 14:59:17.169 

