Docklight Log File (HEX) - Started 2015/9/10 10:13:46.519 
 TEST CASE: SAT008

 --- Set POS COM PORT Settings
 Set POS COM PORT...
 POS operating on COM1 @ 9600 baud...
 Set POS COM PORT - COMPLETE

 Loading DUKPT key...

2015/9/10 10:13:47.833 [TX] - 56 69 56 4F 74 65 63 68 32 00 83 00 00 00 03 22 
2015/9/10 10:13:47.877 [RX] - 56 69 56 4F 74 65 63 68 32 00 83 00 00 00 22 03 
2015/9/10 10:13:48.400 [TX] - 56 69 56 4F 74 65 63 68 32 00 80 00 00 65 30 43 46 35 35 34 43 32 46 30 45 45 41 41 30 30 38 38 4B 30 54 44 30 30 4E 30 30 30 30 30 30 38 30 32 41 38 34 46 44 44 36 33 39 31 35 44 43 41 45 42 46 38 37 37 35 34 33 32 32 44 32 36 37 42 41 33 34 34 31 38 33 41 42 39 41 32 35 36 37 39 30 32 33 34 39 38 37 31 32 30 32 33 34 30 30 30 30 30 30 30 30 C2 98 
2015/9/10 10:13:48.560 [RX] - 56 69 56 4F 74 65 63 68 32 00 80 00 00 00 B9 DF 
2015/9/10 10:13:49.090 [TX] - 56 69 56 4F 74 65 63 68 32 00 80 00 00 65 31 35 43 44 42 38 31 32 46 30 45 45 41 41 30 30 38 38 4B 30 54 44 30 30 4E 30 30 30 30 30 30 38 30 39 32 36 39 41 34 33 36 39 42 36 43 37 45 33 42 35 36 37 32 39 38 33 41 36 36 32 46 36 31 30 33 32 35 37 32 39 32 33 36 33 37 38 33 30 33 33 36 32 33 41 39 39 37 31 32 36 32 33 34 30 30 30 30 30 30 30 30 AA E9 
2015/9/10 10:13:49.253 [RX] - 56 69 56 4F 74 65 63 68 32 00 80 00 00 00 B9 DF 
2015/9/10 10:13:49.779 [TX] - 56 69 56 4F 74 65 63 68 32 00 80 01 00 58 41 30 30 38 38 4B 30 54 44 30 30 4E 30 30 30 30 42 39 34 38 46 37 42 33 34 43 41 44 37 32 36 42 41 37 37 43 39 43 34 41 38 30 37 37 39 42 42 38 36 42 42 43 33 37 34 30 31 31 42 42 45 33 39 45 30 36 46 34 46 36 41 37 44 44 36 46 37 32 30 45 37 31 33 44 45 39 34 41 A0 6B 
2015/9/10 10:13:49.903 [RX] - 56 69 56 4F 74 65 63 68 32 00 80 00 00 00 B9 DF 
2015/9/10 10:13:50.430 [TX] - 56 69 56 4F 74 65 63 68 32 00 81 00 00 71 05 41 30 31 31 32 44 30 54 45 30 30 4E 30 31 30 30 4B 53 31 38 46 46 46 46 39 38 37 36 35 34 33 32 31 30 45 30 30 30 30 30 37 43 45 37 34 45 39 30 30 35 33 43 41 38 45 45 42 43 33 37 42 35 37 30 36 38 31 45 35 42 32 37 36 31 34 38 43 33 45 37 34 34 41 42 43 44 36 44 34 43 35 33 36 43 37 46 34 46 36 37 44 37 46 32 32 44 33 39 34 45 44 42 A8 31 
2015/9/10 10:13:50.605 [RX] - 56 69 56 4F 74 65 63 68 32 00 81 00 00 00 CF 6B  
OK!
 

 Loading Master key...

2015/9/10 10:13:51.162 [TX] - 56 69 56 4F 74 65 63 68 32 00 80 03 00 59 05 41 30 30 38 38 4B 30 54 44 30 30 4E 30 30 30 30 38 45 33 43 43 38 36 45 38 39 33 35 37 34 43 30 44 31 38 36 30 44 34 36 43 39 39 35 35 45 43 33 31 37 43 30 33 32 30 46 35 32 42 38 30 46 37 35 38 35 46 32 37 45 37 31 46 36 41 36 33 44 42 39 43 45 44 46 31 37 30 32 A3 22 
2015/9/10 10:13:51.304 [RX] - 56 69 56 4F 74 65 63 68 32 00 80 00 00 00 B9 DF  
OK!
 

 --- UI EVENT CLEAR

2015/9/10 10:14:32.354 [TX] - 56 69 56 4F 74 65 63 68 32 00 83 0C 00 00 62 57 
2015/9/10 10:14:32.395 [RX] - 56 69 56 4F 74 65 63 68 32 00 83 00 00 00 22 03  

 --- 02-0A DUKPT/ mag+cl/ disable LCD/ non-event

2015/9/10 10:14:37.876 [TX] - 56 69 56 4F 74 65 63 68 32 00 02 0A 00 21 00 0A 45 00 01 00 9F 02 06 00 00 00 00 00 01 5F 2A 02 08 40 9A 03 12 01 02 9F 1A 02 08 40 9C 01 00 2D EA 
2015/9/10 10:14:40.450 [RX] - 56 69 56 4F 74 65 63 68 32 00 02 00 00 91 00 FF EE 13 C1 40 BE 16 62 95 27 97 47 80 30 A9 AE 62 16 B4 4D D7 7D B0 61 19 F1 A6 18 4D E1 4E 78 50 44 46 DD 1A F2 1A 6C E1 4D 48 27 48 38 6A ED 43 27 18 50 66 24 BA B1 C1 75 9D 12 AA DF 9A 45 5D 6A D9 8E AF FF EE 14 C1 30 1E F0 67 7D 17 6C 6F D7 08 F0 A1 E7 EC 37 BD 97 89 B4 2C D4 AB 1E 66 D4 A5 AF 61 4C 29 52 CA E3 14 6A 5F E2 38 85 52 B2 68 F9 90 96 12 71 E7 24 FF EE 01 04 DF 30 01 00 DF EE 12 0A FF FF 98 76 54 32 10 E0 00 02 AC 6A  

 Loading Session key...

2015/9/10 10:14:41.148 [TX] - 56 69 56 4F 74 65 63 68 32 00 80 0C 00 58 41 30 30 38 38 44 30 54 45 30 30 4E 30 30 30 30 33 31 31 32 43 46 38 45 39 45 44 45 45 32 41 38 32 34 38 32 34 34 38 38 38 30 37 34 41 39 46 39 35 34 33 36 39 45 46 34 44 33 45 37 33 46 37 37 36 34 41 35 32 30 33 30 45 45 44 44 41 37 31 31 35 41 41 46 46 42 46 34 56 91 
2015/9/10 10:14:41.274 [RX] - 56 69 56 4F 74 65 63 68 32 00 80 00 00 00 B9 DF  
OK!
 

 --- 02-0A MS/ mag+cl/ disable LCD/ non-event

2015/9/10 10:14:44.856 [TX] - 56 69 56 4F 74 65 63 68 32 00 02 0A 00 21 00 0A 05 00 01 00 9F 02 06 00 00 00 00 00 01 5F 2A 02 08 40 9A 03 12 01 02 9F 1A 02 08 40 9C 01 00 6C 74 
2015/9/10 10:14:47.483 [RX] - 56 69 56 4F 74 65 63 68 32 00 02 00 00 83 00 FF EE 13 C1 40 1F 31 A6 24 B5 37 B0 2B 43 BB C7 12 BE D4 FA 04 78 D4 24 CD C5 8B 76 07 95 B3 2B 38 51 7F F8 BE 8A 02 EF E8 BD 79 7F 82 03 E2 BC 1C 57 43 8A 9C 08 E7 A3 6B BA B2 3C C9 1D 77 7E B7 D3 EA 45 E5 FF EE 14 C1 30 1B FF 16 F4 EF 66 4E C7 C9 DA 0C 3A 51 B4 42 9E 9B C1 A9 E6 9D 26 1B 54 8A 99 F8 0C 60 3B 49 19 DE 41 D0 8F 0E AA 88 97 32 F5 74 63 90 51 53 63 FF EE 01 04 DF 30 01 00 AC F9  

 Result = PASSED
 ---------- END OF TEST ----------

 Result = PASSED
 

 MASTER RESULT = PASSED


Docklight Log File (HEX) - Stopped 2015/9/10 10:14:53.714 

