Docklight Log File (HEX) - Started 2023/2/15 12:00:13.870 
 TEST CASE: PT01500

 --- Set POS COM PORT Settings
 Set POS COM PORT...
 POS operating on COM90 @ 9600 baud...
 Set POS COM PORT - COMPLETE


2023/2/15 12:00:15.100 [TX] - 56 69 56 4F 74 65 63 68 32 00 2C 01 00 01 00 0D 38 
2023/2/15 12:00:15.107 [RX] - 56 69 56 4F 74 65 63 68 32 00 2C 0C 00 00 69 FA 00 00 00 00 00 00 00 00 00 00 00 00 00 00 00 00 00 00 00 00 00 00 00 00 00 00 00 00 00 00 00 00 00 00 00 00 00 00 00 00 00 00 00 00 00 00 00  --- Pass-Through - START

2023/2/15 12:00:18.103 [TX] - 56 69 56 4F 74 65 63 68 32 00 2C 01 00 01 01 1D 19 
2023/2/15 12:00:18.120 [RX] - 56 69 56 4F 74 65 63 68 32 00 2C 00 00 00 1C 9B  Pass-Through - START or STOP (SUCCESS)

2023/2/15 12:00:18.120 [RX] - 00 00 00 00 00 00 00 00 00 00 00 00 00 00 00 00 00 00 00 00 00 00 00 00 00 00 00 00 00 00 00 00 00 00 00 00 00 00 00 00 00 00 00 00 00 00 00  --- Enable RF Antenna

2023/2/15 12:00:20.606 [TX] - 56 69 56 4F 74 65 63 68 32 00 28 01 00 01 01 94 1F 
2023/2/15 12:00:20.614 [RX] - 56 69 56 4F 74 65 63 68 32 00 28 00 00 00 D6 6A  Antenna Control - Enable or Disable RF Antenna (SUCCESS)

2023/2/15 12:00:20.614 [RX] - 00 00 00 00 00 00 00 00 00 00 00 00 00 00 00 00 00 00 00 00 00 00 00 00 00 00 00 00 00 00 00 00 00 00 00 00 00 00 00 00 00 00 00 00 00 00 00  --- Disable RF Antenna

2023/2/15 12:00:26.933 [TX] - 56 69 56 4F 74 65 63 68 32 00 28 01 00 01 00 84 3E 
2023/2/15 12:00:26.945 [RX] - 56 69 56 4F 74 65 63 68 32 00 28 00 00 00 D6 6A  Antenna Control - Enable or Disable RF Antenna (SUCCESS)

2023/2/15 12:00:26.945 [RX] - 00 00 00 00 00 00 00 00 00 00 00 00 00 00 00 00 00 00 00 00 00 00 00 00 00 00 00 00 00 00 00 00 00 00 00 00 00 00 00 00 00 00 00 00 00 00 00 
2023/2/15 12:00:27.948 [TX] - 56 69 56 4F 74 65 63 68 32 00 2C 01 00 01 00 0D 38 
2023/2/15 12:00:27.980 [RX] - 56 69 56 4F 74 65 63 68 32 00 2C 00 00 00 1C 9B  Pass-Through - START or STOP (SUCCESS)

2023/2/15 12:00:27.980 [RX] - 00 00 00 00 00 00 00 00 00 00 00 00 00 00 00 00 00 00 00 00 00 00 00 00 00 00 00 00 00 00 00 00 00 00 00 00 00 00 00 00 00 00 00 00 00 00 00 
2023/2/15 12:00:32.703 [TX] - 56 69 56 4F 74 65 63 68 32 00 2C 01 00 01 00 0D 38 
2023/2/15 12:00:32.710 [RX] - 56 69 56 4F 74 65 63 68 32 00 2C 0C 00 00 69 FA 00 00 00 00 00 00 00 00 00 00 00 00 00 00 00 00 00 00 00 00 00 00 00 00 00 00 00 00 00 00 00 00 00 00 00 00 00 00 00 00 00 00 00 00 00 00 00  Result = PASSED


Docklight Log File (HEX) - Stopped 2023/2/15 12:00:36.709 

