Docklight Log File (HEX) - Started 2020/4/23 16:05:22.259 
 TEST CASE: EDCA03-3

 --- Set POS COM PORT Settings
 Set POS COM PORT...
 POS operating on COM90 @ 115200 baud...
 Set POS COM PORT - COMPLETE

 

 --- Data Encryption: Enable

2020/4/23 16:05:23.386 [TX] - 56 69 56 4F 74 65 63 68 32 00 C7 36 00 01 03 6C 97 
2020/4/23 16:05:23.394 [RX] - 56 69 56 4F 74 65 63 68 32 00 C7 00 00 00 86 6E 00 00 00 00 00 00 00 00 00 00 00 00 00 00 00 00 00 00 00 00 00 00 00 00 00 00 00 00 00 00 00 00 00 00 00 00 00 00 00 00 00 00 00 00 00 00 00  

 --- Poll on Demand

2020/4/23 16:05:23.402 [TX] - 56 69 56 4F 74 65 63 68 32 00 01 01 00 01 01 D7 34 
2020/4/23 16:05:23.410 [RX] - 56 69 56 4F 74 65 63 68 32 00 01 00 00 00 12 53 00 00 00 00 00 00 00 00 00 00 00 00 00 00 00 00 00 00 00 00 00 00 00 00 00 00 00 00 00 00 00 00 00 00 00 00 00 00 00 00 00 00 00 00 00 00 00  

 --- Burst mode Off

2020/4/23 16:05:23.920 [TX] - 56 69 56 4F 74 65 63 68 32 00 04 00 00 04 FF F7 01 00 B9 2E 
2020/4/23 16:05:23.926 [RX] - 56 69 56 4F 74 65 63 68 32 00 04 00 00 00 AE 16 00 00 00 00 00 00 00 00 00 00 00 00 00 00 00 00 00 00 00 00 00 00 00 00 00 00 00 00 00 00 00 00 00 00 00 00 00 00 00 00 00 00 00 00 00 00 00  

 Erase All Keys...

2020/4/23 16:05:24.435 [TX] - 56 69 56 4F 74 65 63 68 32 00 83 00 00 00 03 22 
2020/4/23 16:05:24.442 [RX] - 56 69 56 4F 74 65 63 68 32 00 83 00 00 00 22 03 00 00 00 00 00 00 00 00 00 00 00 00 00 00 00 00 00 00 00 00 00 00 00 00 00 00 00 00 00 00 00 00 00 00 00 00 00 00 00 00 00 00 00 00 00 00 00  

 Set DUKPT Key Encryption Type...

2020/4/23 16:05:24.948 [TX] - 56 69 56 4F 74 65 63 68 32 00 C7 32 00 01 01 DF 7D 
2020/4/23 16:05:24.954 [RX] - 56 69 56 4F 74 65 63 68 32 00 C7 00 00 00 86 6E 00 00 00 00 00 00 00 00 00 00 00 00 00 00 00 00 00 00 00 00 00 00 00 00 00 00 00 00 00 00 00 00 00 00 00 00 00 00 00 00 00 00 00 00 00 00 00  

 Get DUKPT Key Encryption Type...

2020/4/23 16:05:25.461 [TX] - 56 69 56 4F 74 65 63 68 32 00 C7 33 00 00 9B 1A 
2020/4/23 16:05:25.466 [RX] - 56 69 56 4F 74 65 63 68 32 00 C7 00 00 01 01 BC 5E 00 00 00 00 00 00 00 00 00 00 00 00 00 00 00 00 00 00 00 00 00 00 00 00 00 00 00 00 00 00 00 00 00 00 00 00 00 00 00 00 00 00 00 00 00 00  
OK!
 

 Loading DUKPT key...

2020/4/23 16:05:25.977 [TX] - 56 69 56 4F 74 65 63 68 32 00 80 00 00 65 30 39 36 46 31 35 35 37 37 45 39 41 44 41 30 30 38 38 4B 30 54 44 30 30 4E 30 30 30 30 30 30 38 30 45 30 39 46 43 39 35 35 45 36 33 43 32 45 43 43 30 42 34 39 44 42 46 35 31 37 36 36 42 32 41 39 34 34 33 37 32 37 35 39 30 32 33 30 32 32 30 32 32 33 34 39 38 37 31 32 30 32 33 34 30 30 30 30 30 30 30 30 9C 1B 
2020/4/23 16:05:25.986 [RX] - 56 69 56 4F 74 65 63 68 32 00 80 00 00 00 B9 DF 00 00 00 00 00 00 00 00 00 00 00 00 00 00 00 00 00 00 00 00 00 00 00 00 00 00 00 00 00 00 00 00 00 00 00 00 00 00 00 00 00 00 00 00 00 00 00 
2020/4/23 16:05:26.491 [TX] - 56 69 56 4F 74 65 63 68 32 00 80 00 00 65 31 32 45 43 36 30 30 37 37 45 39 41 44 41 30 30 38 38 4B 30 54 44 30 30 4E 30 30 30 30 30 30 38 30 31 44 31 45 36 30 44 36 45 32 46 38 44 31 44 36 32 34 42 44 34 34 36 42 43 39 33 31 34 33 33 41 30 33 33 36 33 31 30 34 35 36 37 38 32 37 37 30 32 33 41 39 39 37 31 32 36 32 33 34 30 30 30 30 30 30 30 30 30 E6 
2020/4/23 16:05:26.502 [RX] - 56 69 56 4F 74 65 63 68 32 00 80 00 00 00 B9 DF 00 00 00 00 00 00 00 00 00 00 00 00 00 00 00 00 00 00 00 00 00 00 00 00 00 00 00 00 00 00 00 00 00 00 00 00 00 00 00 00 00 00 00 00 00 00 00 
2020/4/23 16:05:27.008 [TX] - 56 69 56 4F 74 65 63 68 32 00 80 01 00 58 41 30 30 38 38 4B 30 54 44 30 30 4E 30 30 30 30 46 41 42 44 39 44 34 32 37 34 31 30 42 36 46 41 35 45 44 33 42 37 36 41 44 37 46 41 45 38 45 33 31 36 30 32 31 33 42 46 44 38 31 31 38 32 32 33 38 31 38 41 45 43 46 30 43 44 41 44 42 31 39 41 42 45 39 37 41 41 32 43 B8 FE 
2020/4/23 16:05:27.018 [RX] - 56 69 56 4F 74 65 63 68 32 00 80 00 00 00 B9 DF 00 00 00 00 00 00 00 00 00 00 00 00 00 00 00 00 00 00 00 00 00 00 00 00 00 00 00 00 00 00 00 00 00 00 00 00 00 00 00 00 00 00 00 00 00 00 00 
2020/4/23 16:05:27.525 [TX] - 56 69 56 4F 74 65 63 68 32 00 81 00 00 71 05 41 30 31 31 32 44 30 54 45 30 30 4E 30 31 30 30 4B 53 31 38 36 32 39 39 34 39 30 31 32 43 30 30 30 34 36 30 30 30 30 31 37 39 46 43 30 31 36 44 31 34 46 34 35 42 39 41 33 37 46 37 32 42 44 35 41 35 37 37 41 43 35 33 34 37 36 42 31 35 35 34 32 45 39 42 39 30 46 35 36 32 46 36 37 36 35 30 45 46 35 33 43 34 44 39 45 42 41 36 39 35 39 46 76 88 
2020/4/23 16:05:27.550 [RX] - 56 69 56 4F 74 65 63 68 32 00 81 00 00 00 CF 6B 00 00 00 00 00 00 00 00 00 00 00 00 00 00 00 00 00 00 00 00 00 00 00 00 00 00 00 00 00 00 00 00 00 00 00 00 00 00 00 00 00 00 00 00 00 00 00  
OK!
 

 --- 04-00-----DFEF4B = 60 T1+PAN

2020/4/23 16:05:28.063 [TX] - 56 69 56 4F 74 65 63 68 32 00 04 00 00 07 DF EF 4B 03 60 00 00 66 DF 
2020/4/23 16:05:28.070 [RX] - 56 69 56 4F 74 65 63 68 32 00 04 00 00 00 AE 16 00 00 00 00 00 00 00 00 00 00 00 00 00 00 00 00 00 00 00 00 00 00 00 00 00 00 00 00 00 00 00 00 00 00 00 00 00 00 00 00 00 00 00 00 00 00 00  

 --- 02-40 Activate Transaction

2020/4/23 16:05:28.990 [TX] - 56 69 56 4F 74 65 63 68 32 00 02 40 00 15 0A 9F 02 06 00 00 00 00 10 00 9A 03 07 11 21 9F 21 03 10 15 20 5E 34 
2020/4/23 16:05:30.702 [RX] - 56 69 56 4F 74 65 63 68 32 00 02 23 01 D0 C3 FF EE 12 0A 62 99 49 01 2C 00 04 60 00 01 9A 03 07 11 21 9F 21 03 10 15 20 9F 37 04 7D AB 24 FC 9F 6A 04 00 00 00 59 9C 01 00 9F 39 01 91 DF 81 16 16 1E 04 00 00 00 65 6E 00 00 00 00 00 00 00 00 00 00 00 00 00 00 00 DF 81 29 08 30 F0 F0 00 30 F0 FF 00 FF 81 06 4E DF 81 15 06 00 00 00 00 00 FF 9F 6E 07 08 40 00 00 30 30 00 DF 81 2A C1 20 DC 21 E6 8D 9A 89 C1 3C 86 5C C9 2D A3 25 30 D9 0B 2C 6A 94 6C 3C D1 0F 0B 63 38 A9 15 D7 5F BE DF 81 2B C1 10 7F 4C 6A 42 60 54 3E 39 21 1F 37 06 A2 9B B5 ED FF 81 05 81 D1 9F 6D 02 00 01 50 10 44 65 62 69 74 20 4D 61 73 74 65 72 43 61 72 64 9F 12 10 44 65 62 69 74 20 4D 61 73 74 65 72 43 61 72 64 84 07 A0 00 00 00 04 10 10 9F 11 01 01 56 A1 29 2A 35 31 32 38 2A 2A 2A 2A 2A 2A 2A 2A 38 31 37 31 5E 20 2F 5E 31 38 30 33 36 32 32 2A 2A 2A 2A 2A 2A 2A 2A 2A 2A 2A 2A 2A 56 C1 30 82 59 2D 74 C3 4B 95 86 90 EF 46 F4 85 EB B5 33 30 77 3B DD 04 82 0F 38 69 68 37 49 78 29 73 84 76 54 42 3A 49 1B 12 E5 6B 20 85 7E 45 10 29 8A  Tag 56 9F 6B A1 13 51 28 CC CC CC CC 81 71 D1 80 36 22 CC CC CC CC CC CC CC 9F 6B C1 20 B8 E5 90 8D A0 60 42 61 F4 5B 46 52 40 93 26 DF 26 7A 28 15 9A 0C 6B C2 2A 39 AB B5 50 21 1D 6A  Tag 9F6B DF EF 4C 06 29 00 00 10 00 00 DF EF 4D 40 FB 9A 8A 0A DB AB 3B 91 D3 95 28 88 04 45 23 FD 1C A3 E2 34 92 35 83 44 E3 4C F1 3A 3A 32 28 9D 7F 7E 4C 9E A9 7D 72 9E B4 37 B7 AC 75 6C A0 05 7E 3B 28 EF B1 7B C3 18 CE 15 16 4D 6E 26 D3 BF DF EE 26 01 C3 A8 E1 00 00 00 00 00 00 00 00 00 00 00 00 00 00 00 00 00 00 00 00 00 00 00 00  

 Erase All Keys...

2020/4/23 16:05:31.239 [TX] - 56 69 56 4F 74 65 63 68 32 00 83 00 00 00 03 22 
2020/4/23 16:05:31.246 [RX] - 56 69 56 4F 74 65 63 68 32 00 83 00 00 00 22 03 00 00 00 00 00 00 00 00 00 00 00 00 00 00 00 00 00 00 00 00 00 00 00 00 00 00 00 00 00 00 00 00 00 00 00 00 00 00 00 00 00 00 00 00 00 00 00  

 Set DUKPT Key Encryption Type...

2020/4/23 16:05:31.753 [TX] - 56 69 56 4F 74 65 63 68 32 00 C7 32 00 01 01 DF 7D 
2020/4/23 16:05:31.758 [RX] - 56 69 56 4F 74 65 63 68 32 00 C7 00 00 00 86 6E 00 00 00 00 00 00 00 00 00 00 00 00 00 00 00 00 00 00 00 00 00 00 00 00 00 00 00 00 00 00 00 00 00 00 00 00 00 00 00 00 00 00 00 00 00 00 00  

 Get DUKPT Key Encryption Type...

2020/4/23 16:05:32.265 [TX] - 56 69 56 4F 74 65 63 68 32 00 C7 33 00 00 9B 1A 
2020/4/23 16:05:32.269 [RX] - 56 69 56 4F 74 65 63 68 32 00 C7 00 00 01 01 BC 5E 00 00 00 00 00 00 00 00 00 00 00 00 00 00 00 00 00 00 00 00 00 00 00 00 00 00 00 00 00 00 00 00 00 00 00 00 00 00 00 00 00 00 00 00 00 00  
OK!
 

 Loading DUKPT key...

2020/4/23 16:05:32.781 [TX] - 56 69 56 4F 74 65 63 68 32 00 80 00 00 65 30 39 36 46 31 35 35 37 37 45 39 41 44 41 30 30 38 38 4B 30 54 44 30 30 4E 30 30 30 30 30 30 38 30 45 30 39 46 43 39 35 35 45 36 33 43 32 45 43 43 30 42 34 39 44 42 46 35 31 37 36 36 42 32 41 39 34 34 33 37 32 37 35 39 30 32 33 30 32 32 30 32 32 33 34 39 38 37 31 32 30 32 33 34 30 30 30 30 30 30 30 30 9C 1B 
2020/4/23 16:05:32.793 [RX] - 56 69 56 4F 74 65 63 68 32 00 80 00 00 00 B9 DF 00 00 00 00 00 00 00 00 00 00 00 00 00 00 00 00 00 00 00 00 00 00 00 00 00 00 00 00 00 00 00 00 00 00 00 00 00 00 00 00 00 00 00 00 00 00 00 
2020/4/23 16:05:33.300 [TX] - 56 69 56 4F 74 65 63 68 32 00 80 00 00 65 31 32 45 43 36 30 30 37 37 45 39 41 44 41 30 30 38 38 4B 30 54 44 30 30 4E 30 30 30 30 30 30 38 30 31 44 31 45 36 30 44 36 45 32 46 38 44 31 44 36 32 34 42 44 34 34 36 42 43 39 33 31 34 33 33 41 30 33 33 36 33 31 30 34 35 36 37 38 32 37 37 30 32 33 41 39 39 37 31 32 36 32 33 34 30 30 30 30 30 30 30 30 30 E6 
2020/4/23 16:05:33.309 [RX] - 56 69 56 4F 74 65 63 68 32 00 80 00 00 00 B9 DF 00 00 00 00 00 00 00 00 00 00 00 00 00 00 00 00 00 00 00 00 00 00 00 00 00 00 00 00 00 00 00 00 00 00 00 00 00 00 00 00 00 00 00 00 00 00 00 
2020/4/23 16:05:33.819 [TX] - 56 69 56 4F 74 65 63 68 32 00 80 01 00 58 41 30 30 38 38 4B 30 54 44 30 30 4E 30 30 30 30 46 41 42 44 39 44 34 32 37 34 31 30 42 36 46 41 35 45 44 33 42 37 36 41 44 37 46 41 45 38 45 33 31 36 30 32 31 33 42 46 44 38 31 31 38 32 32 33 38 31 38 41 45 43 46 30 43 44 41 44 42 31 39 41 42 45 39 37 41 41 32 43 B8 FE 
2020/4/23 16:05:33.829 [RX] - 56 69 56 4F 74 65 63 68 32 00 80 00 00 00 B9 DF 00 00 00 00 00 00 00 00 00 00 00 00 00 00 00 00 00 00 00 00 00 00 00 00 00 00 00 00 00 00 00 00 00 00 00 00 00 00 00 00 00 00 00 00 00 00 00 
2020/4/23 16:05:34.338 [TX] - 56 69 56 4F 74 65 63 68 32 00 81 00 00 71 05 41 30 31 31 32 44 30 54 45 30 30 4E 30 31 30 30 4B 53 31 38 36 32 39 39 34 39 30 31 32 43 30 30 30 34 36 30 30 30 30 31 37 39 46 43 30 31 36 44 31 34 46 34 35 42 39 41 33 37 46 37 32 42 44 35 41 35 37 37 41 43 35 33 34 37 36 42 31 35 35 34 32 45 39 42 39 30 46 35 36 32 46 36 37 36 35 30 45 46 35 33 43 34 44 39 45 42 41 36 39 35 39 46 76 88 
2020/4/23 16:05:34.361 [RX] - 56 69 56 4F 74 65 63 68 32 00 81 00 00 00 CF 6B 00 00 00 00 00 00 00 00 00 00 00 00 00 00 00 00 00 00 00 00 00 00 00 00 00 00 00 00 00 00 00 00 00 00 00 00 00 00 00 00 00 00 00 00 00 00 00  
OK!
 

 --- 04-00-----DFEF4B = 50 T2+PAN

2020/4/23 16:05:34.876 [TX] - 56 69 56 4F 74 65 63 68 32 00 04 00 00 07 DF EF 4B 03 50 00 00 C3 1A 
2020/4/23 16:05:34.881 [RX] - 56 69 56 4F 74 65 63 68 32 00 04 00 00 00 AE 16 00 00 00 00 00 00 00 00 00 00 00 00 00 00 00 00 00 00 00 00 00 00 00 00 00 00 00 00 00 00 00 00 00 00 00 00 00 00 00 00 00 00 00 00 00 00 00  

 --- 02-40 Activate Transaction

2020/4/23 16:05:35.326 [TX] - 56 69 56 4F 74 65 63 68 32 00 02 40 00 15 0A 9F 02 06 00 00 00 00 10 00 9A 03 07 11 21 9F 21 03 10 15 20 5E 34 
2020/4/23 16:05:36.565 [RX] - 56 69 56 4F 74 65 63 68 32 00 02 23 01 D0 C3 FF EE 12 0A 62 99 49 01 2C 00 04 60 00 01 9A 03 07 11 21 9F 21 03 10 15 20 9F 37 04 1F 86 9E E3 9F 6A 04 00 00 00 14 9C 01 00 9F 39 01 91 DF 81 16 16 1E 04 00 00 00 65 6E 00 00 00 00 00 00 00 00 00 00 00 00 00 00 00 DF 81 29 08 30 F0 F0 00 30 F0 FF 00 FF 81 06 4E DF 81 15 06 00 00 00 00 00 FF 9F 6E 07 08 40 00 00 30 30 00 DF 81 2A C1 20 DC 21 E6 8D 9A 89 C1 3C 86 5C C9 2D A3 25 30 D9 0B 2C 6A 94 6C 3C D1 0F 0B 63 38 A9 15 D7 5F BE DF 81 2B C1 10 7F 4C 6A 42 60 54 3E 39 21 1F 37 06 A2 9B B5 ED FF 81 05 81 D1 9F 6D 02 00 01 50 10 44 65 62 69 74 20 4D 61 73 74 65 72 43 61 72 64 9F 12 10 44 65 62 69 74 20 4D 61 73 74 65 72 43 61 72 64 84 07 A0 00 00 00 04 10 10 9F 11 01 01 56 A1 29 2A 35 31 32 38 2A 2A 2A 2A 2A 2A 2A 2A 38 31 37 31 5E 20 2F 5E 31 38 30 33 36 32 32 2A 2A 2A 2A 2A 2A 2A 2A 2A 2A 2A 2A 2A 56 C1 30 82 59 2D 74 C3 4B 95 86 90 EF 46 F4 85 EB B5 33 30 77 3B DD 04 82 0F 38 69 68 37 49 78 29 73 84 35 F5 70 62 6C 01 6E 6A 95 20 F3 2E C6 0F 35 56  Tag 56 9F 6B A1 13 51 28 CC CC CC CC 81 71 D1 80 36 22 CC CC CC CC CC CC CC 9F 6B C1 20 B8 E5 90 8D A0 60 42 61 F4 5B 46 52 40 93 26 DF 2C B9 F1 82 AE AC 83 78 50 05 C6 BD 76 1D FF B7  Tag 9F6B DF EF 4C 06 00 25 00 10 00 00 DF EF 4D 40 68 C3 1A B4 2A D2 65 85 5C 40 B4 C0 34 84 87 50 32 44 21 9C BB 43 F6 C9 AB 3A 60 AC A4 04 FE D6 8C 10 7D B3 B0 49 A6 F2 DF F4 3B 38 1C E3 E0 7D FC 33 BC 13 7F 53 97 AB FB 5B 4C BA D4 84 14 A8 DF EE 26 01 C3 C9 B8 00 00 00 00 00 00 00 00 00 00 00 00 00 00 00 00 00 00 00 00 00 00 00 00  

 Erase All Keys...

2020/4/23 16:05:37.104 [TX] - 56 69 56 4F 74 65 63 68 32 00 83 00 00 00 03 22 
2020/4/23 16:05:37.109 [RX] - 56 69 56 4F 74 65 63 68 32 00 83 00 00 00 22 03 00 00 00 00 00 00 00 00 00 00 00 00 00 00 00 00 00 00 00 00 00 00 00 00 00 00 00 00 00 00 00 00 00 00 00 00 00 00 00 00 00 00 00 00 00 00 00  

 Set DUKPT Key Encryption Type...

2020/4/23 16:05:37.617 [TX] - 56 69 56 4F 74 65 63 68 32 00 C7 32 00 01 01 DF 7D 
2020/4/23 16:05:37.625 [RX] - 56 69 56 4F 74 65 63 68 32 00 C7 00 00 00 86 6E 00 00 00 00 00 00 00 00 00 00 00 00 00 00 00 00 00 00 00 00 00 00 00 00 00 00 00 00 00 00 00 00 00 00 00 00 00 00 00 00 00 00 00 00 00 00 00  

 Get DUKPT Key Encryption Type...

2020/4/23 16:05:38.135 [TX] - 56 69 56 4F 74 65 63 68 32 00 C7 33 00 00 9B 1A 
2020/4/23 16:05:38.141 [RX] - 56 69 56 4F 74 65 63 68 32 00 C7 00 00 01 01 BC 5E 00 00 00 00 00 00 00 00 00 00 00 00 00 00 00 00 00 00 00 00 00 00 00 00 00 00 00 00 00 00 00 00 00 00 00 00 00 00 00 00 00 00 00 00 00 00  
OK!
 

 Loading DUKPT key...

2020/4/23 16:05:38.654 [TX] - 56 69 56 4F 74 65 63 68 32 00 80 00 00 65 30 39 36 46 31 35 35 37 37 45 39 41 44 41 30 30 38 38 4B 30 54 44 30 30 4E 30 30 30 30 30 30 38 30 45 30 39 46 43 39 35 35 45 36 33 43 32 45 43 43 30 42 34 39 44 42 46 35 31 37 36 36 42 32 41 39 34 34 33 37 32 37 35 39 30 32 33 30 32 32 30 32 32 33 34 39 38 37 31 32 30 32 33 34 30 30 30 30 30 30 30 30 9C 1B 
2020/4/23 16:05:38.665 [RX] - 56 69 56 4F 74 65 63 68 32 00 80 00 00 00 B9 DF 00 00 00 00 00 00 00 00 00 00 00 00 00 00 00 00 00 00 00 00 00 00 00 00 00 00 00 00 00 00 00 00 00 00 00 00 00 00 00 00 00 00 00 00 00 00 00 
2020/4/23 16:05:39.172 [TX] - 56 69 56 4F 74 65 63 68 32 00 80 00 00 65 31 32 45 43 36 30 30 37 37 45 39 41 44 41 30 30 38 38 4B 30 54 44 30 30 4E 30 30 30 30 30 30 38 30 31 44 31 45 36 30 44 36 45 32 46 38 44 31 44 36 32 34 42 44 34 34 36 42 43 39 33 31 34 33 33 41 30 33 33 36 33 31 30 34 35 36 37 38 32 37 37 30 32 33 41 39 39 37 31 32 36 32 33 34 30 30 30 30 30 30 30 30 30 E6 
2020/4/23 16:05:39.181 [RX] - 56 69 56 4F 74 65 63 68 32 00 80 00 00 00 B9 DF 00 00 00 00 00 00 00 00 00 00 00 00 00 00 00 00 00 00 00 00 00 00 00 00 00 00 00 00 00 00 00 00 00 00 00 00 00 00 00 00 00 00 00 00 00 00 00 
2020/4/23 16:05:39.688 [TX] - 56 69 56 4F 74 65 63 68 32 00 80 01 00 58 41 30 30 38 38 4B 30 54 44 30 30 4E 30 30 30 30 46 41 42 44 39 44 34 32 37 34 31 30 42 36 46 41 35 45 44 33 42 37 36 41 44 37 46 41 45 38 45 33 31 36 30 32 31 33 42 46 44 38 31 31 38 32 32 33 38 31 38 41 45 43 46 30 43 44 41 44 42 31 39 41 42 45 39 37 41 41 32 43 B8 FE 
2020/4/23 16:05:39.697 [RX] - 56 69 56 4F 74 65 63 68 32 00 80 00 00 00 B9 DF 00 00 00 00 00 00 00 00 00 00 00 00 00 00 00 00 00 00 00 00 00 00 00 00 00 00 00 00 00 00 00 00 00 00 00 00 00 00 00 00 00 00 00 00 00 00 00 
2020/4/23 16:05:40.205 [TX] - 56 69 56 4F 74 65 63 68 32 00 81 00 00 71 05 41 30 31 31 32 44 30 54 45 30 30 4E 30 31 30 30 4B 53 31 38 36 32 39 39 34 39 30 31 32 43 30 30 30 34 36 30 30 30 30 31 37 39 46 43 30 31 36 44 31 34 46 34 35 42 39 41 33 37 46 37 32 42 44 35 41 35 37 37 41 43 35 33 34 37 36 42 31 35 35 34 32 45 39 42 39 30 46 35 36 32 46 36 37 36 35 30 45 46 35 33 43 34 44 39 45 42 41 36 39 35 39 46 76 88 
2020/4/23 16:05:40.229 [RX] - 56 69 56 4F 74 65 63 68 32 00 81 00 00 00 CF 6B 00 00 00 00 00 00 00 00 00 00 00 00 00 00 00 00 00 00 00 00 00 00 00 00 00 00 00 00 00 00 00 00 00 00 00 00 00 00 00 00 00 00 00 00 00 00 00  
OK!
 

 --- 04-00-----DFEF4B = 48 T3+PAN

2020/4/23 16:05:40.744 [TX] - 56 69 56 4F 74 65 63 68 32 00 04 00 00 07 DF EF 4B 03 48 00 00 01 F0 
2020/4/23 16:05:40.749 [RX] - 56 69 56 4F 74 65 63 68 32 00 04 00 00 00 AE 16 00 00 00 00 00 00 00 00 00 00 00 00 00 00 00 00 00 00 00 00 00 00 00 00 00 00 00 00 00 00 00 00 00 00 00 00 00 00 00 00 00 00 00 00 00 00 00  

 --- 02-40 Activate Transaction

2020/4/23 16:05:41.247 [TX] - 56 69 56 4F 74 65 63 68 32 00 02 40 00 15 0A 9F 02 06 00 00 00 00 10 00 9A 03 07 11 21 9F 21 03 10 15 20 5E 34 
2020/4/23 16:05:42.429 [RX] - 56 69 56 4F 74 65 63 68 32 00 02 23 01 A0 C3 FF EE 12 0A 62 99 49 01 2C 00 04 60 00 01 9A 03 07 11 21 9F 21 03 10 15 20 9F 37 04 17 FD 22 2A 9F 6A 04 00 00 00 45 9C 01 00 9F 39 01 91 DF 81 16 16 1E 04 00 00 00 65 6E 00 00 00 00 00 00 00 00 00 00 00 00 00 00 00 DF 81 29 08 30 F0 F0 00 30 F0 FF 00 FF 81 06 4E DF 81 15 06 00 00 00 00 00 FF 9F 6E 07 08 40 00 00 30 30 00 DF 81 2A C1 20 DC 21 E6 8D 9A 89 C1 3C 86 5C C9 2D A3 25 30 D9 0B 2C 6A 94 6C 3C D1 0F 0B 63 38 A9 15 D7 5F BE DF 81 2B C1 10 7F 4C 6A 42 60 54 3E 39 21 1F 37 06 A2 9B B5 ED FF 81 05 81 D1 9F 6D 02 00 01 50 10 44 65 62 69 74 20 4D 61 73 74 65 72 43 61 72 64 9F 12 10 44 65 62 69 74 20 4D 61 73 74 65 72 43 61 72 64 84 07 A0 00 00 00 04 10 10 9F 11 01 01 56 A1 29 2A 35 31 32 38 2A 2A 2A 2A 2A 2A 2A 2A 38 31 37 31 5E 20 2F 5E 31 38 30 33 36 32 32 2A 2A 2A 2A 2A 2A 2A 2A 2A 2A 2A 2A 2A 56 C1 30 82 59 2D 74 C3 4B 95 86 90 EF 46 F4 85 EB B5 33 30 77 3B DD 04 82 0F 38 69 68 37 49 78 29 73 84 74 49 AB E5 72 6C 03 C3 C2 E0 B1 56 D9 1F 3C 51  Tag 56 9F 6B A1 13 51 28 CC CC CC CC 81 71 D1 80 36 22 CC CC CC CC CC CC CC 9F 6B C1 20 B8 E5 90 8D A0 60 42 61 F4 5B 46 52 40 93 26 DF A5 3D A0 F9 9C 21 21 00 3D DE F5 7A 4E 85 14 B0  Tag 9F6B DF EF 4C 06 00 00 00 10 00 00 DF EF 4D 10 68 C3 1A B4 2A D2 65 85 5C 40 B4 C0 34 84 87 50 DF EE 26 01 C3 41 A4 00 00 00 00 00 00 00 00 00  

 Erase All Keys...

2020/4/23 16:05:42.963 [TX] - 56 69 56 4F 74 65 63 68 32 00 83 00 00 00 03 22 
2020/4/23 16:05:42.969 [RX] - 56 69 56 4F 74 65 63 68 32 00 83 00 00 00 22 03 00 00 00 00 00 00 00 00 00 00 00 00 00 00 00 00 00 00 00 00 00 00 00 00 00 00 00 00 00 00 00 00 00 00 00 00 00 00 00 00 00 00 00 00 00 00 00  

 Set DUKPT Key Encryption Type...

2020/4/23 16:05:43.477 [TX] - 56 69 56 4F 74 65 63 68 32 00 C7 32 00 01 01 DF 7D 
2020/4/23 16:05:43.485 [RX] - 56 69 56 4F 74 65 63 68 32 00 C7 00 00 00 86 6E 00 00 00 00 00 00 00 00 00 00 00 00 00 00 00 00 00 00 00 00 00 00 00 00 00 00 00 00 00 00 00 00 00 00 00 00 00 00 00 00 00 00 00 00 00 00 00  

 Get DUKPT Key Encryption Type...

2020/4/23 16:05:43.994 [TX] - 56 69 56 4F 74 65 63 68 32 00 C7 33 00 00 9B 1A 
2020/4/23 16:05:44.001 [RX] - 56 69 56 4F 74 65 63 68 32 00 C7 00 00 01 01 BC 5E 00 00 00 00 00 00 00 00 00 00 00 00 00 00 00 00 00 00 00 00 00 00 00 00 00 00 00 00 00 00 00 00 00 00 00 00 00 00 00 00 00 00 00 00 00 00  
OK!
 

 Loading DUKPT key...

2020/4/23 16:05:44.513 [TX] - 56 69 56 4F 74 65 63 68 32 00 80 00 00 65 30 39 36 46 31 35 35 37 37 45 39 41 44 41 30 30 38 38 4B 30 54 44 30 30 4E 30 30 30 30 30 30 38 30 45 30 39 46 43 39 35 35 45 36 33 43 32 45 43 43 30 42 34 39 44 42 46 35 31 37 36 36 42 32 41 39 34 34 33 37 32 37 35 39 30 32 33 30 32 32 30 32 32 33 34 39 38 37 31 32 30 32 33 34 30 30 30 30 30 30 30 30 9C 1B 
2020/4/23 16:05:44.525 [RX] - 56 69 56 4F 74 65 63 68 32 00 80 00 00 00 B9 DF 00 00 00 00 00 00 00 00 00 00 00 00 00 00 00 00 00 00 00 00 00 00 00 00 00 00 00 00 00 00 00 00 00 00 00 00 00 00 00 00 00 00 00 00 00 00 00 
2020/4/23 16:05:45.032 [TX] - 56 69 56 4F 74 65 63 68 32 00 80 00 00 65 31 32 45 43 36 30 30 37 37 45 39 41 44 41 30 30 38 38 4B 30 54 44 30 30 4E 30 30 30 30 30 30 38 30 31 44 31 45 36 30 44 36 45 32 46 38 44 31 44 36 32 34 42 44 34 34 36 42 43 39 33 31 34 33 33 41 30 33 33 36 33 31 30 34 35 36 37 38 32 37 37 30 32 33 41 39 39 37 31 32 36 32 33 34 30 30 30 30 30 30 30 30 30 E6 
2020/4/23 16:05:45.041 [RX] - 56 69 56 4F 74 65 63 68 32 00 80 00 00 00 B9 DF 00 00 00 00 00 00 00 00 00 00 00 00 00 00 00 00 00 00 00 00 00 00 00 00 00 00 00 00 00 00 00 00 00 00 00 00 00 00 00 00 00 00 00 00 00 00 00 
2020/4/23 16:05:45.548 [TX] - 56 69 56 4F 74 65 63 68 32 00 80 01 00 58 41 30 30 38 38 4B 30 54 44 30 30 4E 30 30 30 30 46 41 42 44 39 44 34 32 37 34 31 30 42 36 46 41 35 45 44 33 42 37 36 41 44 37 46 41 45 38 45 33 31 36 30 32 31 33 42 46 44 38 31 31 38 32 32 33 38 31 38 41 45 43 46 30 43 44 41 44 42 31 39 41 42 45 39 37 41 41 32 43 B8 FE 
2020/4/23 16:05:45.557 [RX] - 56 69 56 4F 74 65 63 68 32 00 80 00 00 00 B9 DF 00 00 00 00 00 00 00 00 00 00 00 00 00 00 00 00 00 00 00 00 00 00 00 00 00 00 00 00 00 00 00 00 00 00 00 00 00 00 00 00 00 00 00 00 00 00 00 
2020/4/23 16:05:46.069 [TX] - 56 69 56 4F 74 65 63 68 32 00 81 00 00 71 05 41 30 31 31 32 44 30 54 45 30 30 4E 30 31 30 30 4B 53 31 38 36 32 39 39 34 39 30 31 32 43 30 30 30 34 36 30 30 30 30 31 37 39 46 43 30 31 36 44 31 34 46 34 35 42 39 41 33 37 46 37 32 42 44 35 41 35 37 37 41 43 35 33 34 37 36 42 31 35 35 34 32 45 39 42 39 30 46 35 36 32 46 36 37 36 35 30 45 46 35 33 43 34 44 39 45 42 41 36 39 35 39 46 76 88 
2020/4/23 16:05:46.093 [RX] - 56 69 56 4F 74 65 63 68 32 00 81 00 00 00 CF 6B 00 00 00 00 00 00 00 00 00 00 00 00 00 00 00 00 00 00 00 00 00 00 00 00 00 00 00 00 00 00 00 00 00 00 00 00 00 00 00 00 00 00 00 00 00 00 00  
OK!
 

 --- 04-00-----DFEF4B = 70 T1+T2+PAN

2020/4/23 16:05:46.608 [TX] - 56 69 56 4F 74 65 63 68 32 00 04 00 00 07 DF EF 4B 03 70 00 00 05 9C 
2020/4/23 16:05:46.613 [RX] - 56 69 56 4F 74 65 63 68 32 00 04 00 00 00 AE 16 00 00 00 00 00 00 00 00 00 00 00 00 00 00 00 00 00 00 00 00 00 00 00 00 00 00 00 00 00 00 00 00 00 00 00 00 00 00 00 00 00 00 00 00 00 00 00  

 --- 02-40 Activate Transaction

2020/4/23 16:05:47.038 [TX] - 56 69 56 4F 74 65 63 68 32 00 02 40 00 15 0A 9F 02 06 00 00 00 00 10 00 9A 03 07 11 21 9F 21 03 10 15 20 5E 34 
2020/4/23 16:05:48.317 [RX] - 56 69 56 4F 74 65 63 68 32 00 02 23 01 F0 C3 FF EE 12 0A 62 99 49 01 2C 00 04 60 00 01 9A 03 07 11 21 9F 21 03 10 15 20 9F 37 04 45 14 B0 BA 9F 6A 04 00 00 00 59 9C 01 00 9F 39 01 91 DF 81 16 16 1E 04 00 00 00 65 6E 00 00 00 00 00 00 00 00 00 00 00 00 00 00 00 DF 81 29 08 30 F0 F0 00 30 F0 FF 00 FF 81 06 4E DF 81 15 06 00 00 00 00 00 FF 9F 6E 07 08 40 00 00 30 30 00 DF 81 2A C1 20 DC 21 E6 8D 9A 89 C1 3C 86 5C C9 2D A3 25 30 D9 0B 2C 6A 94 6C 3C D1 0F 0B 63 38 A9 15 D7 5F BE DF 81 2B C1 10 7F 4C 6A 42 60 54 3E 39 21 1F 37 06 A2 9B B5 ED FF 81 05 81 D1 9F 6D 02 00 01 50 10 44 65 62 69 74 20 4D 61 73 74 65 72 43 61 72 64 9F 12 10 44 65 62 69 74 20 4D 61 73 74 65 72 43 61 72 64 84 07 A0 00 00 00 04 10 10 9F 11 01 01 56 A1 29 2A 35 31 32 38 2A 2A 2A 2A 2A 2A 2A 2A 38 31 37 31 5E 20 2F 5E 31 38 30 33 36 32 32 2A 2A 2A 2A 2A 2A 2A 2A 2A 2A 2A 2A 2A 56 C1 30 82 59 2D 74 C3 4B 95 86 90 EF 46 F4 85 EB B5 33 30 77 3B DD 04 82 0F 38 69 68 37 49 78 29 73 84 0D B3 C7 A9 2F 78 74 F5 EA 93 E1 F9 8C 92 76 2E  Tag 56 9F 6B A1 13 51 28 CC CC CC CC 81 71 D1 80 36 22 CC CC CC CC CC CC CC 9F 6B C1 20 B8 E5 90 8D A0 60 42 61 F4 5B 46 52 40 93 26 DF F6 FA 79 3F F0 78 9C 73 E1 91 8B EB D6 78 39 A8  Tag 9F6B DF EF 4C 06 29 25 00 10 00 00 DF EF 4D 60 FB 9A 8A 0A DB AB 3B 91 D3 95 28 88 04 45 23 FD 1C A3 E2 34 92 35 83 44 E3 4C F1 3A 3A 32 28 9D 15 09 F4 1D 0B 52 B0 FD DC B8 E2 0B C3 64 A6 09 2E A9 56 C9 B8 D2 12 0F E4 6C F8 FD EB 12 F4 8A A0 C9 32 2B 1C 12 4A 60 09 EA 0B 5B C7 81 61 A6 58 7B A9 72 E1 64 19 C1 59 7A 93 05 5E F1 44 18 DF EE 26 01 C3 96 8A 00 00 00 00 00 00 00 00 00 00 00 00 00 00 00 00 00 00 00 00 00 00 00 00 00 00 00 00 00 00 00 00 00 00 00 00 00 00 00 00 00 00 00 00 00 00 00 00 00 00 00 00 00 00 00  

 Erase All Keys...

2020/4/23 16:05:48.858 [TX] - 56 69 56 4F 74 65 63 68 32 00 83 00 00 00 03 22 
2020/4/23 16:05:48.865 [RX] - 56 69 56 4F 74 65 63 68 32 00 83 00 00 00 22 03 00 00 00 00 00 00 00 00 00 00 00 00 00 00 00 00 00 00 00 00 00 00 00 00 00 00 00 00 00 00 00 00 00 00 00 00 00 00 00 00 00 00 00 00 00 00 00  

 Set DUKPT Key Encryption Type...

2020/4/23 16:05:49.372 [TX] - 56 69 56 4F 74 65 63 68 32 00 C7 32 00 01 01 DF 7D 
2020/4/23 16:05:49.377 [RX] - 56 69 56 4F 74 65 63 68 32 00 C7 00 00 00 86 6E 00 00 00 00 00 00 00 00 00 00 00 00 00 00 00 00 00 00 00 00 00 00 00 00 00 00 00 00 00 00 00 00 00 00 00 00 00 00 00 00 00 00 00 00 00 00 00  

 Get DUKPT Key Encryption Type...

2020/4/23 16:05:49.885 [TX] - 56 69 56 4F 74 65 63 68 32 00 C7 33 00 00 9B 1A 
2020/4/23 16:05:49.893 [RX] - 56 69 56 4F 74 65 63 68 32 00 C7 00 00 01 01 BC 5E 00 00 00 00 00 00 00 00 00 00 00 00 00 00 00 00 00 00 00 00 00 00 00 00 00 00 00 00 00 00 00 00 00 00 00 00 00 00 00 00 00 00 00 00 00 00  
OK!
 

 Loading DUKPT key...

2020/4/23 16:05:50.405 [TX] - 56 69 56 4F 74 65 63 68 32 00 80 00 00 65 30 39 36 46 31 35 35 37 37 45 39 41 44 41 30 30 38 38 4B 30 54 44 30 30 4E 30 30 30 30 30 30 38 30 45 30 39 46 43 39 35 35 45 36 33 43 32 45 43 43 30 42 34 39 44 42 46 35 31 37 36 36 42 32 41 39 34 34 33 37 32 37 35 39 30 32 33 30 32 32 30 32 32 33 34 39 38 37 31 32 30 32 33 34 30 30 30 30 30 30 30 30 9C 1B 
2020/4/23 16:05:50.417 [RX] - 56 69 56 4F 74 65 63 68 32 00 80 00 00 00 B9 DF 00 00 00 00 00 00 00 00 00 00 00 00 00 00 00 00 00 00 00 00 00 00 00 00 00 00 00 00 00 00 00 00 00 00 00 00 00 00 00 00 00 00 00 00 00 00 00 
2020/4/23 16:05:50.923 [TX] - 56 69 56 4F 74 65 63 68 32 00 80 00 00 65 31 32 45 43 36 30 30 37 37 45 39 41 44 41 30 30 38 38 4B 30 54 44 30 30 4E 30 30 30 30 30 30 38 30 31 44 31 45 36 30 44 36 45 32 46 38 44 31 44 36 32 34 42 44 34 34 36 42 43 39 33 31 34 33 33 41 30 33 33 36 33 31 30 34 35 36 37 38 32 37 37 30 32 33 41 39 39 37 31 32 36 32 33 34 30 30 30 30 30 30 30 30 30 E6 
2020/4/23 16:05:50.933 [RX] - 56 69 56 4F 74 65 63 68 32 00 80 00 00 00 B9 DF 00 00 00 00 00 00 00 00 00 00 00 00 00 00 00 00 00 00 00 00 00 00 00 00 00 00 00 00 00 00 00 00 00 00 00 00 00 00 00 00 00 00 00 00 00 00 00 
2020/4/23 16:05:51.439 [TX] - 56 69 56 4F 74 65 63 68 32 00 80 01 00 58 41 30 30 38 38 4B 30 54 44 30 30 4E 30 30 30 30 46 41 42 44 39 44 34 32 37 34 31 30 42 36 46 41 35 45 44 33 42 37 36 41 44 37 46 41 45 38 45 33 31 36 30 32 31 33 42 46 44 38 31 31 38 32 32 33 38 31 38 41 45 43 46 30 43 44 41 44 42 31 39 41 42 45 39 37 41 41 32 43 B8 FE 
2020/4/23 16:05:51.449 [RX] - 56 69 56 4F 74 65 63 68 32 00 80 00 00 00 B9 DF 00 00 00 00 00 00 00 00 00 00 00 00 00 00 00 00 00 00 00 00 00 00 00 00 00 00 00 00 00 00 00 00 00 00 00 00 00 00 00 00 00 00 00 00 00 00 00 
2020/4/23 16:05:51.961 [TX] - 56 69 56 4F 74 65 63 68 32 00 81 00 00 71 05 41 30 31 31 32 44 30 54 45 30 30 4E 30 31 30 30 4B 53 31 38 36 32 39 39 34 39 30 31 32 43 30 30 30 34 36 30 30 30 30 31 37 39 46 43 30 31 36 44 31 34 46 34 35 42 39 41 33 37 46 37 32 42 44 35 41 35 37 37 41 43 35 33 34 37 36 42 31 35 35 34 32 45 39 42 39 30 46 35 36 32 46 36 37 36 35 30 45 46 35 33 43 34 44 39 45 42 41 36 39 35 39 46 76 88 
2020/4/23 16:05:51.985 [RX] - 56 69 56 4F 74 65 63 68 32 00 81 00 00 00 CF 6B 00 00 00 00 00 00 00 00 00 00 00 00 00 00 00 00 00 00 00 00 00 00 00 00 00 00 00 00 00 00 00 00 00 00 00 00 00 00 00 00 00 00 00 00 00 00 00  
OK!
 

 --- 04-00-----DFEF4B = 68 T1+T3+PAN

2020/4/23 16:05:52.499 [TX] - 56 69 56 4F 74 65 63 68 32 00 04 00 00 07 DF EF 4B 03 68 00 00 C7 76 
2020/4/23 16:05:52.505 [RX] - 56 69 56 4F 74 65 63 68 32 00 04 00 00 00 AE 16 00 00 00 00 00 00 00 00 00 00 00 00 00 00 00 00 00 00 00 00 00 00 00 00 00 00 00 00 00 00 00 00 00 00 00 00 00 00 00 00 00 00 00 00 00 00 00  

 --- 02-40 Activate Transaction

2020/4/23 16:05:53.166 [TX] - 56 69 56 4F 74 65 63 68 32 00 02 40 00 15 0A 9F 02 06 00 00 00 00 10 00 9A 03 07 11 21 9F 21 03 10 15 20 5E 34 
2020/4/23 16:05:54.337 [RX] - 56 69 56 4F 74 65 63 68 32 00 02 23 01 D0 C3 FF EE 12 0A 62 99 49 01 2C 00 04 60 00 01 9A 03 07 11 21 9F 21 03 10 15 20 9F 37 04 A3 70 29 44 9F 6A 04 00 00 00 18 9C 01 00 9F 39 01 91 DF 81 16 16 1E 04 00 00 00 65 6E 00 00 00 00 00 00 00 00 00 00 00 00 00 00 00 DF 81 29 08 30 F0 F0 00 30 F0 FF 00 FF 81 06 4E DF 81 15 06 00 00 00 00 00 FF 9F 6E 07 08 40 00 00 30 30 00 DF 81 2A C1 20 DC 21 E6 8D 9A 89 C1 3C 86 5C C9 2D A3 25 30 D9 0B 2C 6A 94 6C 3C D1 0F 0B 63 38 A9 15 D7 5F BE DF 81 2B C1 10 7F 4C 6A 42 60 54 3E 39 21 1F 37 06 A2 9B B5 ED FF 81 05 81 D1 9F 6D 02 00 01 50 10 44 65 62 69 74 20 4D 61 73 74 65 72 43 61 72 64 9F 12 10 44 65 62 69 74 20 4D 61 73 74 65 72 43 61 72 64 84 07 A0 00 00 00 04 10 10 9F 11 01 01 56 A1 29 2A 35 31 32 38 2A 2A 2A 2A 2A 2A 2A 2A 38 31 37 31 5E 20 2F 5E 31 38 30 33 36 32 32 2A 2A 2A 2A 2A 2A 2A 2A 2A 2A 2A 2A 2A 56 C1 30 82 59 2D 74 C3 4B 95 86 90 EF 46 F4 85 EB B5 33 30 77 3B DD 04 82 0F 38 69 68 37 49 78 29 73 84 32 80 88 CE 80 15 5B 12 DC 19 66 EB 51 FB 09 5E  Tag 56 9F 6B A1 13 51 28 CC CC CC CC 81 71 D1 80 36 22 CC CC CC CC CC CC CC 9F 6B C1 20 B8 E5 90 8D A0 60 42 61 F4 5B 46 52 40 93 26 DF 7D 8A E9 F6 6C 39 9D 4C DD F1 B4 38 86 1A 89 46  Tag 9F6B DF EF 4C 06 29 00 00 10 00 00 DF EF 4D 40 FB 9A 8A 0A DB AB 3B 91 D3 95 28 88 04 45 23 FD 1C A3 E2 34 92 35 83 44 E3 4C F1 3A 3A 32 28 9D 35 1C 3D 57 27 5C D5 FC 83 42 67 82 23 7B 6E 6C 4B BA 33 BA 3A 09 8C A4 83 07 CB A2 3D 2D 32 A4 DF EE 26 01 C3 C0 59 00 00 00 00 00 00 00 00 00 00 00 00 00 00 00 00 00 00 00 00 00 00 00 00  

 Erase All Keys...

2020/4/23 16:05:54.873 [TX] - 56 69 56 4F 74 65 63 68 32 00 83 00 00 00 03 22 
2020/4/23 16:05:54.881 [RX] - 56 69 56 4F 74 65 63 68 32 00 83 00 00 00 22 03 00 00 00 00 00 00 00 00 00 00 00 00 00 00 00 00 00 00 00 00 00 00 00 00 00 00 00 00 00 00 00 00 00 00 00 00 00 00 00 00 00 00 00 00 00 00 00  

 Set DUKPT Key Encryption Type...

2020/4/23 16:05:55.389 [TX] - 56 69 56 4F 74 65 63 68 32 00 C7 32 00 01 01 DF 7D 
2020/4/23 16:05:55.397 [RX] - 56 69 56 4F 74 65 63 68 32 00 C7 00 00 00 86 6E 00 00 00 00 00 00 00 00 00 00 00 00 00 00 00 00 00 00 00 00 00 00 00 00 00 00 00 00 00 00 00 00 00 00 00 00 00 00 00 00 00 00 00 00 00 00 00  

 Get DUKPT Key Encryption Type...

2020/4/23 16:05:55.905 [TX] - 56 69 56 4F 74 65 63 68 32 00 C7 33 00 00 9B 1A 
2020/4/23 16:05:55.913 [RX] - 56 69 56 4F 74 65 63 68 32 00 C7 00 00 01 01 BC 5E 00 00 00 00 00 00 00 00 00 00 00 00 00 00 00 00 00 00 00 00 00 00 00 00 00 00 00 00 00 00 00 00 00 00 00 00 00 00 00 00 00 00 00 00 00 00  
OK!
 

 Loading DUKPT key...

2020/4/23 16:05:56.424 [TX] - 56 69 56 4F 74 65 63 68 32 00 80 00 00 65 30 39 36 46 31 35 35 37 37 45 39 41 44 41 30 30 38 38 4B 30 54 44 30 30 4E 30 30 30 30 30 30 38 30 45 30 39 46 43 39 35 35 45 36 33 43 32 45 43 43 30 42 34 39 44 42 46 35 31 37 36 36 42 32 41 39 34 34 33 37 32 37 35 39 30 32 33 30 32 32 30 32 32 33 34 39 38 37 31 32 30 32 33 34 30 30 30 30 30 30 30 30 9C 1B 
2020/4/23 16:05:56.433 [RX] - 56 69 56 4F 74 65 63 68 32 00 80 00 00 00 B9 DF 00 00 00 00 00 00 00 00 00 00 00 00 00 00 00 00 00 00 00 00 00 00 00 00 00 00 00 00 00 00 00 00 00 00 00 00 00 00 00 00 00 00 00 00 00 00 00 
2020/4/23 16:05:56.938 [TX] - 56 69 56 4F 74 65 63 68 32 00 80 00 00 65 31 32 45 43 36 30 30 37 37 45 39 41 44 41 30 30 38 38 4B 30 54 44 30 30 4E 30 30 30 30 30 30 38 30 31 44 31 45 36 30 44 36 45 32 46 38 44 31 44 36 32 34 42 44 34 34 36 42 43 39 33 31 34 33 33 41 30 33 33 36 33 31 30 34 35 36 37 38 32 37 37 30 32 33 41 39 39 37 31 32 36 32 33 34 30 30 30 30 30 30 30 30 30 E6 
2020/4/23 16:05:56.949 [RX] - 56 69 56 4F 74 65 63 68 32 00 80 00 00 00 B9 DF 00 00 00 00 00 00 00 00 00 00 00 00 00 00 00 00 00 00 00 00 00 00 00 00 00 00 00 00 00 00 00 00 00 00 00 00 00 00 00 00 00 00 00 00 00 00 00 
2020/4/23 16:05:57.462 [TX] - 56 69 56 4F 74 65 63 68 32 00 80 01 00 58 41 30 30 38 38 4B 30 54 44 30 30 4E 30 30 30 30 46 41 42 44 39 44 34 32 37 34 31 30 42 36 46 41 35 45 44 33 42 37 36 41 44 37 46 41 45 38 45 33 31 36 30 32 31 33 42 46 44 38 31 31 38 32 32 33 38 31 38 41 45 43 46 30 43 44 41 44 42 31 39 41 42 45 39 37 41 41 32 43 B8 FE 
2020/4/23 16:05:57.473 [RX] - 56 69 56 4F 74 65 63 68 32 00 80 00 00 00 B9 DF 00 00 00 00 00 00 00 00 00 00 00 00 00 00 00 00 00 00 00 00 00 00 00 00 00 00 00 00 00 00 00 00 00 00 00 00 00 00 00 00 00 00 00 00 00 00 00 
2020/4/23 16:05:57.982 [TX] - 56 69 56 4F 74 65 63 68 32 00 81 00 00 71 05 41 30 31 31 32 44 30 54 45 30 30 4E 30 31 30 30 4B 53 31 38 36 32 39 39 34 39 30 31 32 43 30 30 30 34 36 30 30 30 30 31 37 39 46 43 30 31 36 44 31 34 46 34 35 42 39 41 33 37 46 37 32 42 44 35 41 35 37 37 41 43 35 33 34 37 36 42 31 35 35 34 32 45 39 42 39 30 46 35 36 32 46 36 37 36 35 30 45 46 35 33 43 34 44 39 45 42 41 36 39 35 39 46 76 88 
2020/4/23 16:05:58.009 [RX] - 56 69 56 4F 74 65 63 68 32 00 81 00 00 00 CF 6B 00 00 00 00 00 00 00 00 00 00 00 00 00 00 00 00 00 00 00 00 00 00 00 00 00 00 00 00 00 00 00 00 00 00 00 00 00 00 00 00 00 00 00 00 00 00 00  
OK!
 

 --- 04-00-----DFEF4B = 58 T2+T3+PAN

2020/4/23 16:05:58.524 [TX] - 56 69 56 4F 74 65 63 68 32 00 04 00 00 07 DF EF 4B 03 58 00 00 62 B3 
2020/4/23 16:05:58.529 [RX] - 56 69 56 4F 74 65 63 68 32 00 04 00 00 00 AE 16 00 00 00 00 00 00 00 00 00 00 00 00 00 00 00 00 00 00 00 00 00 00 00 00 00 00 00 00 00 00 00 00 00 00 00 00 00 00 00 00 00 00 00 00 00 00 00  

 --- 02-40 Activate Transaction

2020/4/23 16:05:59.214 [TX] - 56 69 56 4F 74 65 63 68 32 00 02 40 00 15 0A 9F 02 06 00 00 00 00 10 00 9A 03 07 11 21 9F 21 03 10 15 20 5E 34 
2020/4/23 16:06:00.561 [RX] - 56 69 56 4F 74 65 63 68 32 00 02 23 01 D0 C3 FF EE 12 0A 62 99 49 01 2C 00 04 60 00 01 9A 03 07 11 21 9F 21 03 10 15 20 9F 37 04 ED 3D 22 43 9F 6A 04 00 00 00 81 9C 01 00 9F 39 01 91 DF 81 16 16 1E 04 00 00 00 65 6E 00 00 00 00 00 00 00 00 00 00 00 00 00 00 00 DF 81 29 08 30 F0 F0 00 30 F0 FF 00 FF 81 06 4E DF 81 15 06 00 00 00 00 00 FF 9F 6E 07 08 40 00 00 30 30 00 DF 81 2A C1 20 DC 21 E6 8D 9A 89 C1 3C 86 5C C9 2D A3 25 30 D9 0B 2C 6A 94 6C 3C D1 0F 0B 63 38 A9 15 D7 5F BE DF 81 2B C1 10 7F 4C 6A 42 60 54 3E 39 21 1F 37 06 A2 9B B5 ED FF 81 05 81 D1 9F 6D 02 00 01 50 10 44 65 62 69 74 20 4D 61 73 74 65 72 43 61 72 64 9F 12 10 44 65 62 69 74 20 4D 61 73 74 65 72 43 61 72 64 84 07 A0 00 00 00 04 10 10 9F 11 01 01 56 A1 29 2A 35 31 32 38 2A 2A 2A 2A 2A 2A 2A 2A 38 31 37 31 5E 20 2F 5E 31 38 30 33 36 32 32 2A 2A 2A 2A 2A 2A 2A 2A 2A 2A 2A 2A 2A 56 C1 30 82 59 2D 74 C3 4B 95 86 90 EF 46 F4 85 EB B5 33 30 77 3B DD 04 82 0F 38 69 68 37 49 78 29 73 84 E7 48 C1 E3 95 D2 7B 8C 6D 00 68 53 62 EB E2 AF  Tag 56 9F 6B A1 13 51 28 CC CC CC CC 81 71 D1 80 36 22 CC CC CC CC CC CC CC 9F 6B C1 20 B8 E5 90 8D A0 60 42 61 F4 5B 46 52 40 93 26 DF 82 93 8A 83 F5 95 22 F4 8D 1A 66 6B FA 2A BC 62  Tag 9F6B DF EF 4C 06 00 25 00 10 00 00 DF EF 4D 40 68 C3 1A B4 2A D2 65 85 5C 40 B4 C0 34 84 87 50 B7 83 54 88 D7 F3 DC 6E 36 AB 3C DB 7F DA 58 9D EB 1D 93 3A BE 0D 4C 57 A3 B7 23 96 A9 A5 58 CA 5C F8 CF 13 C2 48 8C 9E D7 28 D7 D9 5F 9C 45 95 DF EE 26 01 C3 D2 99 00 00 00 00 00 00 00 00 00 00 00 00 00 00 00 00 00 00 00 00 00 00 00 00  

 Erase All Keys...

2020/4/23 16:06:01.099 [TX] - 56 69 56 4F 74 65 63 68 32 00 83 00 00 00 03 22 
2020/4/23 16:06:01.105 [RX] - 56 69 56 4F 74 65 63 68 32 00 83 00 00 00 22 03 00 00 00 00 00 00 00 00 00 00 00 00 00 00 00 00 00 00 00 00 00 00 00 00 00 00 00 00 00 00 00 00 00 00 00 00 00 00 00 00 00 00 00 00 00 00 00  

 Set DUKPT Key Encryption Type...

2020/4/23 16:06:01.612 [TX] - 56 69 56 4F 74 65 63 68 32 00 C7 32 00 01 01 DF 7D 
2020/4/23 16:06:01.617 [RX] - 56 69 56 4F 74 65 63 68 32 00 C7 00 00 00 86 6E 00 00 00 00 00 00 00 00 00 00 00 00 00 00 00 00 00 00 00 00 00 00 00 00 00 00 00 00 00 00 00 00 00 00 00 00 00 00 00 00 00 00 00 00 00 00 00  

 Get DUKPT Key Encryption Type...

2020/4/23 16:06:02.125 [TX] - 56 69 56 4F 74 65 63 68 32 00 C7 33 00 00 9B 1A 
2020/4/23 16:06:02.133 [RX] - 56 69 56 4F 74 65 63 68 32 00 C7 00 00 01 01 BC 5E 00 00 00 00 00 00 00 00 00 00 00 00 00 00 00 00 00 00 00 00 00 00 00 00 00 00 00 00 00 00 00 00 00 00 00 00 00 00 00 00 00 00 00 00 00 00  
OK!
 

 Loading DUKPT key...

2020/4/23 16:06:02.645 [TX] - 56 69 56 4F 74 65 63 68 32 00 80 00 00 65 30 39 36 46 31 35 35 37 37 45 39 41 44 41 30 30 38 38 4B 30 54 44 30 30 4E 30 30 30 30 30 30 38 30 45 30 39 46 43 39 35 35 45 36 33 43 32 45 43 43 30 42 34 39 44 42 46 35 31 37 36 36 42 32 41 39 34 34 33 37 32 37 35 39 30 32 33 30 32 32 30 32 32 33 34 39 38 37 31 32 30 32 33 34 30 30 30 30 30 30 30 30 9C 1B 
2020/4/23 16:06:02.657 [RX] - 56 69 56 4F 74 65 63 68 32 00 80 00 00 00 B9 DF 00 00 00 00 00 00 00 00 00 00 00 00 00 00 00 00 00 00 00 00 00 00 00 00 00 00 00 00 00 00 00 00 00 00 00 00 00 00 00 00 00 00 00 00 00 00 00 
2020/4/23 16:06:03.164 [TX] - 56 69 56 4F 74 65 63 68 32 00 80 00 00 65 31 32 45 43 36 30 30 37 37 45 39 41 44 41 30 30 38 38 4B 30 54 44 30 30 4E 30 30 30 30 30 30 38 30 31 44 31 45 36 30 44 36 45 32 46 38 44 31 44 36 32 34 42 44 34 34 36 42 43 39 33 31 34 33 33 41 30 33 33 36 33 31 30 34 35 36 37 38 32 37 37 30 32 33 41 39 39 37 31 32 36 32 33 34 30 30 30 30 30 30 30 30 30 E6 
2020/4/23 16:06:03.173 [RX] - 56 69 56 4F 74 65 63 68 32 00 80 00 00 00 B9 DF 00 00 00 00 00 00 00 00 00 00 00 00 00 00 00 00 00 00 00 00 00 00 00 00 00 00 00 00 00 00 00 00 00 00 00 00 00 00 00 00 00 00 00 00 00 00 00 
2020/4/23 16:06:03.680 [TX] - 56 69 56 4F 74 65 63 68 32 00 80 01 00 58 41 30 30 38 38 4B 30 54 44 30 30 4E 30 30 30 30 46 41 42 44 39 44 34 32 37 34 31 30 42 36 46 41 35 45 44 33 42 37 36 41 44 37 46 41 45 38 45 33 31 36 30 32 31 33 42 46 44 38 31 31 38 32 32 33 38 31 38 41 45 43 46 30 43 44 41 44 42 31 39 41 42 45 39 37 41 41 32 43 B8 FE 
2020/4/23 16:06:03.689 [RX] - 56 69 56 4F 74 65 63 68 32 00 80 00 00 00 B9 DF 00 00 00 00 00 00 00 00 00 00 00 00 00 00 00 00 00 00 00 00 00 00 00 00 00 00 00 00 00 00 00 00 00 00 00 00 00 00 00 00 00 00 00 00 00 00 00 
2020/4/23 16:06:04.198 [TX] - 56 69 56 4F 74 65 63 68 32 00 81 00 00 71 05 41 30 31 31 32 44 30 54 45 30 30 4E 30 31 30 30 4B 53 31 38 36 32 39 39 34 39 30 31 32 43 30 30 30 34 36 30 30 30 30 31 37 39 46 43 30 31 36 44 31 34 46 34 35 42 39 41 33 37 46 37 32 42 44 35 41 35 37 37 41 43 35 33 34 37 36 42 31 35 35 34 32 45 39 42 39 30 46 35 36 32 46 36 37 36 35 30 45 46 35 33 43 34 44 39 45 42 41 36 39 35 39 46 76 88 
2020/4/23 16:06:04.221 [RX] - 56 69 56 4F 74 65 63 68 32 00 81 00 00 00 CF 6B 00 00 00 00 00 00 00 00 00 00 00 00 00 00 00 00 00 00 00 00 00 00 00 00 00 00 00 00 00 00 00 00 00 00 00 00 00 00 00 00 00 00 00 00 00 00 00  
OK!
 

 --- 04-00-----DFEF4B = 78 T1+T2+T3+PAN

2020/4/23 16:06:04.735 [TX] - 56 69 56 4F 74 65 63 68 32 00 04 00 00 07 DF EF 4B 03 78 00 00 A4 35 
2020/4/23 16:06:04.741 [RX] - 56 69 56 4F 74 65 63 68 32 00 04 00 00 00 AE 16 00 00 00 00 00 00 00 00 00 00 00 00 00 00 00 00 00 00 00 00 00 00 00 00 00 00 00 00 00 00 00 00 00 00 00 00 00 00 00 00 00 00 00 00 00 00 00  

 --- 02-40 Activate Transaction

2020/4/23 16:06:05.262 [TX] - 56 69 56 4F 74 65 63 68 32 00 02 40 00 15 0A 9F 02 06 00 00 00 00 10 00 9A 03 07 11 21 9F 21 03 10 15 20 5E 34 
2020/4/23 16:06:06.649 [RX] - 56 69 56 4F 74 65 63 68 32 00 02 23 01 F0 C3 FF EE 12 0A 62 99 49 01 2C 00 04 60 00 01 9A 03 07 11 21 9F 21 03 10 15 20 9F 37 04 93 F2 76 93 9F 6A 04 00 00 00 42 9C 01 00 9F 39 01 91 DF 81 16 16 1E 04 00 00 00 65 6E 00 00 00 00 00 00 00 00 00 00 00 00 00 00 00 DF 81 29 08 30 F0 F0 00 30 F0 FF 00 FF 81 06 4E DF 81 15 06 00 00 00 00 00 FF 9F 6E 07 08 40 00 00 30 30 00 DF 81 2A C1 20 DC 21 E6 8D 9A 89 C1 3C 86 5C C9 2D A3 25 30 D9 0B 2C 6A 94 6C 3C D1 0F 0B 63 38 A9 15 D7 5F BE DF 81 2B C1 10 7F 4C 6A 42 60 54 3E 39 21 1F 37 06 A2 9B B5 ED FF 81 05 81 D1 9F 6D 02 00 01 50 10 44 65 62 69 74 20 4D 61 73 74 65 72 43 61 72 64 9F 12 10 44 65 62 69 74 20 4D 61 73 74 65 72 43 61 72 64 84 07 A0 00 00 00 04 10 10 9F 11 01 01 56 A1 29 2A 35 31 32 38 2A 2A 2A 2A 2A 2A 2A 2A 38 31 37 31 5E 20 2F 5E 31 38 30 33 36 32 32 2A 2A 2A 2A 2A 2A 2A 2A 2A 2A 2A 2A 2A 56 C1 30 82 59 2D 74 C3 4B 95 86 90 EF 46 F4 85 EB B5 33 30 77 3B DD 04 82 0F 38 69 68 37 49 78 29 73 84 7B FC 16 72 C9 D0 B2 3C 2D 92 0F 48 9D D3 98 3C  Tag 56 9F 6B A1 13 51 28 CC CC CC CC 81 71 D1 80 36 22 CC CC CC CC CC CC CC 9F 6B C1 20 B8 E5 90 8D A0 60 42 61 F4 5B 46 52 40 93 26 DF DE 9C 46 C1 47 9D 43 B3 B4 B4 F7 74 37 E6 87 9A  Tag 9F6B DF EF 4C 06 29 25 00 10 00 00 DF EF 4D 60 FB 9A 8A 0A DB AB 3B 91 D3 95 28 88 04 45 23 FD 1C A3 E2 34 92 35 83 44 E3 4C F1 3A 3A 32 28 9D C9 DB B4 F2 AD 67 F2 BB BC 9D 9C 43 FE B2 79 EC 55 B5 66 D5 3D 79 60 78 6D AC 74 3B E4 21 D5 CF 4D E4 D0 A1 E3 18 C8 7B A3 1A 7C B8 84 81 6B F3 E5 AC 3B 73 8C 6E EF 70 3C 68 4A D9 E3 A3 46 E8 DF EE 26 01 C3 CC F8 00 00 00 00 00 00 00 00 00 00 00 00 00 00 00 00 00 00 00 00 00 00 00 00 00 00 00 00 00 00 00 00 00 00 00 00 00 00 00 00 00 00 00 00 00 00 00 00 00 00 00 00 00 00 00  
---------- END OF TEST ----------

 Result = PASSED
 

 MASTER RESULT = PASSED


Docklight Log File (HEX) - Stopped 2020/4/23 16:06:07.278 

