Docklight Log File (HEX) - Started 2017/6/15 09:02:24.150 
 TEST CASE: EMT0210

 --- Set POS COM PORT Settings
 Set POS COM PORT...
 POS operating on COM1 @ 9600 baud...
 Set POS COM PORT - COMPLETE

 

Set MSR Secure Parameters (C7-38)- 0A

2017/6/15 09:02:25.298 [TX] - 56 69 56 4F 74 65 63 68 32 00 C7 38 00 05 DF DE 04 01 0A 23 19 
2017/6/15 09:02:25.329 [RX] - 56 69 56 4F 74 65 63 68 32 00 C7 00 00 00 86 6E  pass pass pass  

Get MSR Secure Parameters (C7-39)

2017/6/15 09:02:25.345 [TX] - 56 69 56 4F 74 65 63 68 32 00 C7 39 00 03 DF DE 04 64 62 
2017/6/15 09:02:25.374 [RX] - 56 69 56 4F 74 65 63 68 32 00 C7 00 00 05 DF DE 04 01 0A 41 25  pass  

 Erase All Keys...

2017/6/15 09:02:25.404 [TX] - 56 69 56 4F 74 65 63 68 32 00 83 00 00 00 03 22 
2017/6/15 09:02:25.430 [RX] - 56 69 56 4F 74 65 63 68 32 00 83 00 00 00 22 03  pass  

 Set DUKPT Key Encryption Type...

2017/6/15 09:02:25.650 [TX] - 56 69 56 4F 74 65 63 68 32 00 C7 32 00 01 00 6D FE 
2017/6/15 09:02:25.677 [RX] - 56 69 56 4F 74 65 63 68 32 00 C7 00 00 00 86 6E  pass pass pass  

 Get DUKPT Key Encryption Type...

2017/6/15 09:02:25.899 [TX] - 56 69 56 4F 74 65 63 68 32 00 C7 33 00 00 1A 9B 
2017/6/15 09:02:25.925 [RX] - 56 69 56 4F 74 65 63 68 32 00 C7 00 00 01 00 AC 7F  pass pass  

 Loading DUKPT key...

2017/6/15 09:02:26.153 [TX] - 56 69 56 4F 74 65 63 68 32 00 80 00 00 65 30 45 43 36 30 46 33 35 31 34 37 45 43 41 30 30 38 38 4B 30 54 44 30 30 4E 30 30 30 30 30 30 38 30 39 43 30 37 41 39 39 31 44 43 38 30 33 34 45 43 31 32 45 31 36 39 43 30 44 35 34 35 35 44 45 41 32 39 34 35 31 34 32 34 37 38 30 38 30 35 36 38 32 33 34 39 38 37 31 32 30 32 33 34 30 30 30 30 30 30 30 30 12 43 
2017/6/15 09:02:26.284 [RX] - 56 69 56 4F 74 65 63 68 32 00 80 00 00 00 B9 DF  pass 
2017/6/15 09:02:26.499 [TX] - 56 69 56 4F 74 65 63 68 32 00 80 00 00 65 31 34 43 45 32 35 35 35 31 34 37 45 43 41 30 30 38 38 4B 30 54 44 30 30 4E 30 30 30 30 30 30 38 30 46 35 30 36 46 36 41 33 44 34 30 38 39 39 45 30 35 35 42 42 35 42 39 45 33 41 44 44 36 30 30 42 38 38 35 33 32 37 37 39 32 32 34 36 30 39 32 36 32 33 41 39 39 37 31 32 36 32 33 34 30 30 30 30 30 30 30 30 35 7F 
2017/6/15 09:02:26.630 [RX] - 56 69 56 4F 74 65 63 68 32 00 80 00 00 00 B9 DF  pass 
2017/6/15 09:02:26.850 [TX] - 56 69 56 4F 74 65 63 68 32 00 80 01 00 58 41 30 30 38 38 4B 30 54 44 30 30 4E 30 30 30 30 43 44 32 46 43 43 36 44 37 39 32 44 33 42 32 34 46 30 38 33 37 42 30 33 32 44 30 38 36 38 46 45 43 39 46 44 44 43 39 43 32 36 33 31 31 35 46 30 44 43 43 34 42 44 42 35 37 43 36 30 33 43 34 32 46 34 41 35 30 34 34 39 97 D5 
2017/6/15 09:02:26.970 [RX] - 56 69 56 4F 74 65 63 68 32 00 80 00 00 00 B9 DF  pass 
2017/6/15 09:02:27.185 [TX] - 56 69 56 4F 74 65 63 68 32 00 81 00 00 71 05 41 30 31 31 32 44 30 54 45 30 30 4E 30 31 30 30 4B 53 31 38 36 32 39 39 34 39 30 31 32 43 30 30 30 34 36 30 30 30 30 31 39 34 34 38 36 43 33 31 36 38 43 41 31 46 42 34 41 38 30 39 45 36 33 39 46 46 39 43 33 42 37 32 36 45 32 34 37 43 35 39 30 42 32 32 38 43 35 44 32 32 36 35 30 46 36 36 39 37 45 38 34 37 41 32 46 38 41 32 37 33 39 33 47 AE 
2017/6/15 09:02:27.342 [RX] - 56 69 56 4F 74 65 63 68 32 00 81 00 00 00 CF 6B  pass 
2017/6/15 09:02:27.557 [TX] - 56 69 56 4F 74 65 63 68 32 00 C7 36 00 01 00 A7 0F 
2017/6/15 09:02:27.583 [RX] - 56 69 56 4F 74 65 63 68 32 00 C7 00 00 00 86 6E  pass pass pass  

Burst mode Off

2017/6/15 09:02:27.801 [TX] - 56 69 56 4F 74 65 63 68 32 00 04 00 00 04 FF F7 01 00 B9 2E 
2017/6/15 09:02:27.831 [RX] - 56 69 56 4F 74 65 63 68 32 00 04 00 00 00 AE 16  pass pass  

Poll on Demand

2017/6/15 09:02:27.849 [TX] - 56 69 56 4F 74 65 63 68 32 00 01 01 00 01 01 D7 34 
2017/6/15 09:02:27.876 [RX] - 56 69 56 4F 74 65 63 68 32 00 01 00 00 00 12 53  pass  

--- IDT

2017/6/15 09:02:27.893 [TX] - 56 69 56 4F 74 65 63 68 32 00 02 01 00 0A 0A 9F 02 06 00 00 00 00 10 00 AB 6C 
2017/6/15 09:02:28.845 [RX] - 56 69 56 4F 74 65 63 68 32 00 02 00 00 85 4C 54 52 41 43 4B 31 37 36 37 36 37 36 30 37 30 37 30 37 37 36 37 36 37 36 30 37 30 37 30 37 37 36 37 36 37 36 30 37 30 37 30 37 37 36 37 36 37 36 30 37 30 37 30 37 37 36 37 36 37 36 30 37 30 37 30 37 37 36 37 36 37 36 30 37 30 37 25 32 31 32 31 32 31 32 31 32 31 37 36 37 36 37 36 30 37 30 37 30 37 37 36 37 36 37 36 37 36 32 31 32 31 32 31 32 00 9F 39 01 90 FF EE 01 04 DF 30 01 0C DF EE 26 01 08 5C 1B  

--- Discover

2017/6/15 09:02:29.003 [TX] - 56 69 56 4F 74 65 63 68 32 00 02 01 00 0A 0A 9F 02 06 00 00 00 00 10 00 AB 6C 
2017/6/15 09:02:31.100 [RX] - 56 69 56 4F 74 65 63 68 32 00 02 00 00 7A 41 42 36 35 31 30 30 30 30 30 30 30 30 30 30 30 32 36 5E 43 41 52 44 2F 49 4D 41 47 45 20 30 33 20 20 20 20 20 20 20 20 20 20 20 20 20 5E 31 37 31 32 32 30 31 31 30 30 30 30 32 31 30 30 30 30 30 30 25 36 35 31 30 30 30 30 30 30 30 30 30 30 30 32 36 3D 31 37 31 32 32 30 31 31 30 30 30 30 32 31 30 30 30 30 30 30 00 9F 39 01 90 FF EE 01 04 DF 30 01 0C DF EE 26 01 08 91 A6  Discover MagStripe card - pass  

--- JIS1

2017/6/15 09:02:31.248 [TX] - 56 69 56 4F 74 65 63 68 32 00 02 01 00 0A 0A 9F 02 06 00 00 00 00 10 00 AB 6C 
2017/6/15 09:02:33.386 [RX] - 56 69 56 4F 74 65 63 68 32 00 02 00 00 7E 45 61 39 30 30 30 30 30 30 30 32 31 31 31 31 31 32 33 34 35 36 37 38 39 30 31 32 32 32 32 32 33 33 33 33 33 34 34 34 34 34 35 35 35 35 35 36 36 36 36 36 37 37 37 37 37 38 38 38 38 38 39 39 39 39 39 30 30 30 30 25 34 33 32 32 30 36 31 30 30 30 38 37 32 38 33 33 3D 31 31 30 38 32 30 31 38 38 36 34 30 38 32 35 31 30 30 30 30 00 9F 39 01 90 FF EE 01 04 DF 30 01 0C DF EE 26 01 08 F0 73  

--- JIS2

2017/6/15 09:02:33.538 [TX] - 56 69 56 4F 74 65 63 68 32 00 02 01 00 0A 0A 9F 02 06 00 00 00 00 10 00 AB 6C 
2017/6/15 09:02:35.230 [RX] - 56 69 56 4F 74 65 63 68 32 00 02 00 00 59 00 45 61 39 30 30 30 30 30 30 30 32 31 31 31 31 31 32 33 34 35 36 37 38 39 30 31 32 32 32 32 32 33 33 33 33 33 34 34 34 34 34 35 35 35 35 35 36 36 36 36 36 37 37 37 37 37 38 38 38 38 38 39 39 39 39 39 30 30 30 30 00 9F 39 01 90 FF EE 01 04 DF 30 01 0C DF EE 26 01 08 39 9A  

--- AAMVA

2017/6/15 09:02:35.342 [TX] - 56 69 56 4F 74 65 63 68 32 00 02 01 00 0A 0A 9F 02 06 00 00 00 00 10 00 AB 6C 
2017/6/15 09:02:37.289 [RX] - 56 69 56 4F 74 65 63 68 32 00 02 00 00 61 2D 4E 59 4E 45 57 20 59 4F 52 4B 5E 4C 45 45 24 42 52 55 43 45 24 4A 52 5E 36 35 35 20 4E 2E 20 42 45 52 52 59 20 53 54 2E 2C 20 23 4B 5E 20 33 35 35 35 35 35 31 31 31 31 31 31 31 31 31 31 31 31 31 3D 30 30 30 39 31 39 37 37 30 33 30 33 00 9F 39 01 90 FF EE 01 04 DF 30 01 0C DF EE 26 01 08 DA A4  

--- Gift card

2017/6/15 09:02:37.409 [TX] - 56 69 56 4F 74 65 63 68 32 00 02 01 00 0A 0A 9F 02 06 00 00 00 00 10 00 AB 6C 
2017/6/15 09:02:39.188 [RX] - 56 69 56 4F 74 65 63 68 32 00 02 00 00 71 3A 42 36 30 30 36 34 39 31 37 39 37 35 37 35 35 31 37 31 34 37 5E 30 37 36 37 35 30 30 39 39 30 32 24 30 30 30 30 30 24 20 20 20 20 20 20 20 20 5E 38 30 31 32 31 31 30 54 4C 36 23 36 30 30 36 34 39 31 37 39 37 35 37 35 35 31 37 31 34 37 3D 38 30 31 32 31 31 30 31 35 32 30 38 35 36 36 00 9F 39 01 90 FF EE 01 04 DF 30 01 0C DF EE 26 01 08 B0 D8  

--- Real card (PAN=11)

2017/6/15 09:02:39.325 [TX] - 56 69 56 4F 74 65 63 68 32 00 02 01 00 0A 0A 9F 02 06 00 00 00 00 10 00 AB 6C 
2017/6/15 09:02:41.266 [RX] - 56 69 56 4F 74 65 63 68 32 00 02 00 00 4C 38 42 34 30 37 31 36 36 32 31 30 34 36 5E 44 4F 57 2F 4A 4F 48 4E 20 5E 31 37 31 31 32 30 31 31 32 37 38 37 31 31 30 30 30 30 30 30 30 30 38 34 39 30 30 30 30 30 30 3F 20 00 00 9F 39 01 90 FF EE 01 04 DF 30 01 0C DF EE 26 01 08 E4 9B  

--- Real card (PAN=12)

2017/6/15 09:02:41.367 [TX] - 56 69 56 4F 74 65 63 68 32 00 02 01 00 0A 0A 9F 02 06 00 00 00 00 10 00 AB 6C 
2017/6/15 09:02:43.109 [RX] - 56 69 56 4F 74 65 63 68 32 00 02 00 00 4B 37 42 34 30 37 31 36 36 32 31 30 34 36 39 5E 44 4F 57 2F 4A 4F 48 4E 20 5E 31 37 31 31 32 30 31 31 32 37 38 37 31 31 30 30 30 30 30 30 30 30 38 34 39 30 30 30 30 30 30 00 00 9F 39 01 90 FF EE 01 04 DF 30 01 0C DF EE 26 01 08 17 F8  

--- Real card (PAN=20)

2017/6/15 09:02:43.207 [TX] - 56 69 56 4F 74 65 63 68 32 00 02 01 00 0A 0A 9F 02 06 00 00 00 00 10 00 AB 6C 
2017/6/15 09:02:44.950 [RX] - 56 69 56 4F 74 65 63 68 32 00 02 00 00 53 3F 42 34 30 37 31 36 36 32 31 30 34 36 39 31 32 33 34 35 36 37 38 5E 44 4F 57 2F 4A 4F 48 4E 20 5E 31 37 31 31 32 30 31 31 32 37 38 37 31 31 30 30 30 30 30 30 30 30 38 34 39 30 30 30 30 30 30 00 00 9F 39 01 90 FF EE 01 04 DF 30 01 0C DF EE 26 01 08 35 5E  

--- ISO4909

2017/6/15 09:02:45.057 [TX] - 56 69 56 4F 74 65 63 68 32 00 02 01 00 0A 0A 9F 02 06 00 00 00 00 10 00 AB 6C 
2017/6/15 09:02:46.818 [RX] - 56 69 56 4F 74 65 63 68 32 00 02 00 00 82 4A 42 34 35 34 37 35 37 30 30 30 31 30 37 30 30 30 30 5E 4C 4C 49 42 52 45 20 52 4F 42 45 52 54 2D 47 55 49 4C 4C 45 52 4D 4F 20 5E 31 31 30 32 31 30 31 30 30 30 30 30 30 30 34 30 30 30 30 30 30 30 33 30 36 30 30 30 30 30 30 24 34 35 34 37 35 37 30 30 30 31 30 37 30 30 30 30 3D 31 31 30 32 31 30 31 30 30 30 30 30 33 30 36 30 30 30 30 00 9F 39 01 90 FF EE 01 04 DF 30 01 0C DF EE 26 01 08 50 88  pass  

Auto Poll

2017/6/15 09:02:46.974 [TX] - 56 69 56 4F 74 65 63 68 32 00 01 01 00 01 00 F6 24 
2017/6/15 09:02:47.001 [RX] - 56 69 56 4F 74 65 63 68 32 00 01 00 00 00 12 53  pass  

---  IDT

2017/6/15 09:02:50.020 [TX] - 56 69 56 4F 74 65 63 68 32 00 03 00 00 00 3B FF 
2017/6/15 09:02:50.045 [RX] - 56 69 56 4F 74 65 63 68 32 00 03 00 00 85 4C 54 52 41 43 4B 31 37 36 37 36 37 36 30 37 30 37 30 37 37 36 37 36 37 36 30 37 30 37 30 37 37 36 37 36 37 36 30 37 30 37 30 37 37 36 37 36 37 36 30 37 30 37 30 37 37 36 37 36 37 36 30 37 30 37 30 37 37 36 37 36 37 36 30 37 30 37 25 32 31 32 31 32 31 32 31 32 31 37 36 37 36 37 36 30 37 30 37 30 37 37 36 37 36 37 36 37 36 32 31 32 31 32 31 32 00 9F 39 01 90 FF EE 01 04 DF 30 01 0C DF EE 26 01 08 FE BB  

--- Discover

2017/6/15 09:02:53.204 [TX] - 56 69 56 4F 74 65 63 68 32 00 03 00 00 00 3B FF 
2017/6/15 09:02:53.229 [RX] - 56 69 56 4F 74 65 63 68 32 00 03 00 00 7A 41 42 36 35 31 30 30 30 30 30 30 30 30 30 30 30 32 36 5E 43 41 52 44 2F 49 4D 41 47 45 20 30 33 20 20 20 20 20 20 20 20 20 20 20 20 20 5E 31 37 31 32 32 30 31 31 30 30 30 30 32 31 30 30 30 30 30 30 25 36 35 31 30 30 30 30 30 30 30 30 30 30 30 32 36 3D 31 37 31 32 32 30 31 31 30 30 30 30 32 31 30 30 30 30 30 30 00 9F 39 01 90 FF EE 01 04 DF 30 01 0C DF EE 26 01 08 D1 D8  

--- JIS1

2017/6/15 09:02:56.378 [TX] - 56 69 56 4F 74 65 63 68 32 00 03 00 00 00 3B FF 
2017/6/15 09:02:56.403 [RX] - 56 69 56 4F 74 65 63 68 32 00 03 00 00 7E 45 61 39 30 30 30 30 30 30 30 32 31 31 31 31 31 32 33 34 35 36 37 38 39 30 31 32 32 32 32 32 33 33 33 33 33 34 34 34 34 34 35 35 35 35 35 36 36 36 36 36 37 37 37 37 37 38 38 38 38 38 39 39 39 39 39 30 30 30 30 25 34 33 32 32 30 36 31 30 30 30 38 37 32 38 33 33 3D 31 31 30 38 32 30 31 38 38 36 34 30 38 32 35 31 30 30 30 30 00 9F 39 01 90 FF EE 01 04 DF 30 01 0C DF EE 26 01 08 5D E6  

--- JIS2

2017/6/15 09:02:59.555 [TX] - 56 69 56 4F 74 65 63 68 32 00 03 00 00 00 3B FF 
2017/6/15 09:02:59.580 [RX] - 56 69 56 4F 74 65 63 68 32 00 03 00 00 59 00 45 61 39 30 30 30 30 30 30 30 32 31 31 31 31 31 32 33 34 35 36 37 38 39 30 31 32 32 32 32 32 33 33 33 33 33 34 34 34 34 34 35 35 35 35 35 36 36 36 36 36 37 37 37 37 37 38 38 38 38 38 39 39 39 39 39 30 30 30 30 00 9F 39 01 90 FF EE 01 04 DF 30 01 0C DF EE 26 01 08 E5 17  

--- AAMVA

2017/6/15 09:03:02.693 [TX] - 56 69 56 4F 74 65 63 68 32 00 03 00 00 00 3B FF 
2017/6/15 09:03:02.719 [RX] - 56 69 56 4F 74 65 63 68 32 00 03 00 00 61 2D 4E 59 4E 45 57 20 59 4F 52 4B 5E 4C 45 45 24 42 52 55 43 45 24 4A 52 5E 36 35 35 20 4E 2E 20 42 45 52 52 59 20 53 54 2E 2C 20 23 4B 5E 20 33 35 35 35 35 35 31 31 31 31 31 31 31 31 31 31 31 31 31 3D 30 30 30 39 31 39 37 37 30 33 30 33 00 9F 39 01 90 FF EE 01 04 DF 30 01 0C DF EE 26 01 08 BC 05  

--- Gift card

2017/6/15 09:03:05.839 [TX] - 56 69 56 4F 74 65 63 68 32 00 03 00 00 00 3B FF 
2017/6/15 09:03:05.865 [RX] - 56 69 56 4F 74 65 63 68 32 00 03 00 00 71 3A 42 36 30 30 36 34 39 31 37 39 37 35 37 35 35 31 37 31 34 37 5E 30 37 36 37 35 30 30 39 39 30 32 24 30 30 30 30 30 24 20 20 20 20 20 20 20 20 5E 38 30 31 32 31 31 30 54 4C 36 23 36 30 30 36 34 39 31 37 39 37 35 37 35 35 31 37 31 34 37 3D 38 30 31 32 31 31 30 31 35 32 30 38 35 36 36 00 9F 39 01 90 FF EE 01 04 DF 30 01 0C DF EE 26 01 08 DD A5  

--- Real card (PAN=11)

2017/6/15 09:03:09.003 [TX] - 56 69 56 4F 74 65 63 68 32 00 03 00 00 00 3B FF 
2017/6/15 09:03:09.029 [RX] - 56 69 56 4F 74 65 63 68 32 00 03 00 00 4C 38 42 34 30 37 31 36 36 32 31 30 34 36 5E 44 4F 57 2F 4A 4F 48 4E 20 5E 31 37 31 31 32 30 31 31 32 37 38 37 31 31 30 30 30 30 30 30 30 30 38 34 39 30 30 30 30 30 30 3F 20 00 00 9F 39 01 90 FF EE 01 04 DF 30 01 0C DF EE 26 01 08 BB AC  

--- Real card (PAN=12)

2017/6/15 09:03:12.129 [TX] - 56 69 56 4F 74 65 63 68 32 00 03 00 00 00 3B FF 
2017/6/15 09:03:12.154 [RX] - 56 69 56 4F 74 65 63 68 32 00 03 00 00 4B 37 42 34 30 37 31 36 36 32 31 30 34 36 39 5E 44 4F 57 2F 4A 4F 48 4E 20 5E 31 37 31 31 32 30 31 31 32 37 38 37 31 31 30 30 30 30 30 30 30 30 38 34 39 30 30 30 30 30 30 00 00 9F 39 01 90 FF EE 01 04 DF 30 01 0C DF EE 26 01 08 CD CD  

--- Real card (PAN=20)

2017/6/15 09:03:15.255 [TX] - 56 69 56 4F 74 65 63 68 32 00 03 00 00 00 3B FF 
2017/6/15 09:03:15.280 [RX] - 56 69 56 4F 74 65 63 68 32 00 03 00 00 53 3F 42 34 30 37 31 36 36 32 31 30 34 36 39 31 32 33 34 35 36 37 38 5E 44 4F 57 2F 4A 4F 48 4E 20 5E 31 37 31 31 32 30 31 31 32 37 38 37 31 31 30 30 30 30 30 30 30 30 38 34 39 30 30 30 30 30 30 00 00 9F 39 01 90 FF EE 01 04 DF 30 01 0C DF EE 26 01 08 B2 ED  

--- ISO4909

2017/6/15 09:03:18.386 [TX] - 56 69 56 4F 74 65 63 68 32 00 03 00 00 00 3B FF 
2017/6/15 09:03:18.411 [RX] - 56 69 56 4F 74 65 63 68 32 00 03 00 00 82 4A 42 34 35 34 37 35 37 30 30 30 31 30 37 30 30 30 30 5E 4C 4C 49 42 52 45 20 52 4F 42 45 52 54 2D 47 55 49 4C 4C 45 52 4D 4F 20 5E 31 31 30 32 31 30 31 30 30 30 30 30 30 30 34 30 30 30 30 30 30 30 33 30 36 30 30 30 30 30 30 24 34 35 34 37 35 37 30 30 30 31 30 37 30 30 30 30 3D 31 31 30 32 31 30 31 30 30 30 30 30 33 30 36 30 30 30 30 00 9F 39 01 90 FF EE 01 04 DF 30 01 0C DF EE 26 01 08 10 B1  pass  

Auto Poll

2017/6/15 09:03:18.567 [TX] - 56 69 56 4F 74 65 63 68 32 00 01 01 00 01 00 F6 24 
2017/6/15 09:03:18.594 [RX] - 56 69 56 4F 74 65 63 68 32 00 01 00 00 00 12 53  pass  

Burst On

2017/6/15 09:03:18.612 [TX] - 56 69 56 4F 74 65 63 68 32 00 04 00 00 04 FF F7 01 01 98 3E 
2017/6/15 09:03:18.642 [RX] - 56 69 56 4F 74 65 63 68 32 00 04 00 00 00 AE 16  pass pass  

---  IDT
 
---  Please swipe card
01 00 0C 25 54 52 41 43 4B 31 37 36 37 36 37 36 30 37 30 37 30 37 37 36 37 36 37 36 30 37 30 37 30 37 37 36 37 36 37 36 30 37 30 37 30 37 37 36 37 36 37 36 30 37 30 37 30 37 37 36 37 36 37 36 30 37 30 37 30 37 37 36 37 36 37 36 30 37 30 37 3F 3B 32 31 32 31 32 31 32 31 32 31 37 36 37 36 37 36 30 37 30 37 30 37 37 36 37 36 37 36 37 36 32 31 32 31 32 31 32 3F 8E 45  

--- Discover
 
---  Please swipe card
01 00 0C 25 42 36 35 31 30 30 30 30 30 30 30 30 30 30 30 32 36 5E 43 41 52 44 2F 49 4D 41 47 45 20 30 33 20 20 20 20 20 20 20 20 20 20 20 20 20 5E 31 37 31 32 32 30 31 31 30 30 30 30 32 31 30 30 30 30 30 30 3F 3B 36 35 31 30 30 30 30 30 30 30 30 30 30 30 32 36 3D 31 37 31 32 32 30 31 31 30 30 30 30 32 31 30 30 30 30 30 30 3F 31 A6  

--- JIS1
 
---  Please swipe card
01 00 0C 7F 61 39 30 30 30 30 30 30 30 32 31 31 31 31 31 32 33 34 35 36 37 38 39 30 31 32 32 32 32 32 33 33 33 33 33 34 34 34 34 34 35 35 35 35 35 36 36 36 36 36 37 37 37 37 37 38 38 38 38 38 39 39 39 39 39 30 30 30 30 7F 3B 34 33 32 32 30 36 31 30 30 30 38 37 32 38 33 33 3D 31 31 30 38 32 30 31 38 38 36 34 30 38 32 35 31 30 30 30 30 3F 50 DB  

--- JIS2
 
---  Please swipe card
01 00 0C 7F 61 39 30 30 30 30 30 30 30 32 31 31 31 31 31 32 33 34 35 36 37 38 39 30 31 32 32 32 32 32 33 33 33 33 33 34 34 34 34 34 35 35 35 35 35 36 36 36 36 36 37 37 37 37 37 38 38 38 38 38 39 39 39 39 39 30 30 30 30 7F 8E 2C  

--- AAMVA
 
---  Please swipe card
01 00 0C 25 4E 59 4E 45 57 20 59 4F 52 4B 5E 4C 45 45 24 42 52 55 43 45 24 4A 52 5E 36 35 35 20 4E 2E 20 42 45 52 52 59 20 53 54 2E 2C 20 23 4B 5E 3F 3B 33 35 35 35 35 35 31 31 31 31 31 31 31 31 31 31 31 31 31 3D 30 30 30 39 31 39 37 37 30 33 30 33 3F B6 DF  

--- Gift card
 
---  Please swipe card
01 00 0C 25 42 36 30 30 36 34 39 31 37 39 37 35 37 35 35 31 37 31 34 37 5E 30 37 36 37 35 30 30 39 39 30 32 24 30 30 30 30 30 24 20 20 20 20 20 20 20 20 5E 38 30 31 32 31 31 30 54 4C 36 3F 3B 36 30 30 36 34 39 31 37 39 37 35 37 35 35 31 37 31 34 37 3D 38 30 31 32 31 31 30 31 35 32 30 38 35 36 36 3F 45 58  

--- Real card (PAN=11)
 
---  Please swipe card
01 00 0C 25 42 34 30 37 31 36 36 32 31 30 34 36 5E 44 4F 57 2F 4A 4F 48 4E 20 5E 31 37 31 31 32 30 31 31 32 37 38 37 31 31 30 30 30 30 30 30 30 30 38 34 39 30 30 30 30 30 30 3F 20 3F D5 EA  

--- Real card (PAN=12)
 
---  Please swipe card
01 00 0C 25 42 34 30 37 31 36 36 32 31 30 34 36 39 5E 44 4F 57 2F 4A 4F 48 4E 20 5E 31 37 31 31 32 30 31 31 32 37 38 37 31 31 30 30 30 30 30 30 30 30 38 34 39 30 30 30 30 30 30 3F 2A D2  

--- Real card (PAN=20)
 
---  Please swipe card
01 00 0C 25 42 34 30 37 31 36 36 32 31 30 34 36 39 31 32 33 34 35 36 37 38 5E 44 4F 57 2F 4A 4F 48 4E 20 5E 31 37 31 31 32 30 31 31 32 37 38 37 31 31 30 30 30 30 30 30 30 30 38 34 39 30 30 30 30 30 30 3F 64 9D  

--- ISO4909
 
---  Please swipe card
01 00 0C 25 42 34 35 34 37 35 37 30 30 30 31 30 37 30 30 30 30 5E 4C 4C 49 42 52 45 20 52 4F 42 45 52 54 2D 47 55 49 4C 4C 45 52 4D 4F 20 5E 31 31 30 32 31 30 31 30 30 30 30 30 30 30 34 30 30 30 30 30 30 30 33 30 36 30 30 30 30 30 30 3F 3B 34 35 34 37 35 37 30 30 30 31 30 37 30 30 30 30 3D 31 31 30 32 31 30 31 30 30 30 30 30 33 30 36 30 30 30 30 3F 7E 9E  

 ---------- END OF TEST ----------

 Result = PASSED
 

 MASTER RESULT = PASSED


Docklight Log File (HEX) - Stopped 2017/6/15 09:03:41.815 

