Docklight Log File (HEX) - Started 2021/10/26 09:18:39.302 
 TEST CASE: CR047

 --- Set POS COM PORT Settings
 Set POS COM PORT...
 POS operating on COM90 @ 9600 baud...
 Set POS COM PORT - COMPLETE

 --- 04-09

2021/10/26 09:18:40.539 [TX] - 56 69 56 4F 74 65 63 68 32 00 04 09 00 00 87 30 
2021/10/26 09:18:42.870 [RX] - 56 69 56 4F 74 65 63 68 32 00 04 00 00 00 AE 16 00 00 00 00 00 00 00 00 00 00 00 00 00 00 00 00 00 00 00 00 00 00 00 00 00 00 00 00 00 00 00 00 00 00 00 00 00 00 00 00 00 00 00 00 00 00 00  

 --- 60-10 Contact Start Transaction *** GR

2021/10/26 09:18:43.877 [TX] - 56 69 56 4F 74 65 63 68 32 00 60 10 00 23 01 00 78 00 78 9C 01 00 5F 57 01 00 9F 02 06 00 00 00 00 02 00 9F 03 06 00 00 00 00 00 00 5F 2A 02 08 40 F0 8F 
2021/10/26 09:18:43.882 [RX] - 56 69 56 4F 74 65 63 68 32 00 60 63 00 00 FF 0E 00 00 00 00 00 00 00 00 00 00 00 00 00 00 00 00 00 00 00 00 00 00 00 00 00 00 00 00 00 00 00 00 00 00 00 00 00 00 00 00 00 00 00 00 00 00 00 56 69 56 4F 74 65 63 68 32 00 61 01 00 10 03 00 00 02 00 45 4E 03 00 81 0B 1C 02 00 00 00 34 C9 00 00 00 00 00 00 00 00 00 00 00 00 00 00 00 00 00 00 00 00 00 00 00 00 00 00 00 00 00 00 00 56 69 56 4F 74 65 63 68 32 00 61 01 00 10 03 00 00 02 00 45 4E 03 00 81 11 1C 02 00 00 00 A8 4F 00 00 00 00 00 00 00 00 00 00 00 00 00 00 00 00 00 00 00 00 00 00 00 00 00 00 00 00 00 00 00 56 69 56 4F 74 65 63 68 32 00 61 01 00 10 03 00 00 02 00 45 4E 03 00 81 1A 1C 02 00 00 00 6B ED 00 00 00 00 00 00 00 00 00 00 00 00 00 00 00 00 00 00 00 00 00 00 00 00 00 00 00 00 00 00 00 56 69 56 4F 74 65 63 68 32 00 61 01 00 10 03 00 00 02 00 45 53 03 00 81 1A 1C 02 00 00 00 77 40 00 00 00 00 00 00 00 00 00 00 00 00 00 00 00 00 00 00 00 00 00 00 00 00 00 00 00 00 00 00 00 56 69 56 4F 74 65 63 68 32 00 60 00 00 C4 00 DF EE 25 02 00 10 57 11 47 61 73 90 01 01 00 10 D2 01 22 01 01 23 45 67 89 5A 08 47 61 73 90 01 01 00 10 5F 34 01 01 5F 20 0F 46 55 4C 4C 20 46 55 4E 43 54 49 4F 4E 41 4C 5F 24 03 20 12 31 9F 20 00 5F 25 03 95 07 01 5F 2D 08 65 73 65 6E 66 72 64 65 50 0A 56 49 53 41 43 52 45 44 49 54 4F 07 A0 00 00 00 03 10 10 84 07 A0 00 00 00 03 10 10 DF EE 23 00 9F 39 01 07 9F 1E 08 39 54 30 32 35 37 39 33 FF EE 01 04 DF 30 01 01 DF EF 4C 06 00 24 00 00 00 00 DF EF 4D 24 3B 34 37 36 31 37 33 39 30 30 31 30 31 30 30 31 30 3D 32 30 31 32 32 30 31 30 31 32 33 34 35 36 37 38 39 3F DF EE 26 01 00 FA BE 00 00 00 00 00 00 00 00 00 00 00 00 00 00 00 00 00 00 00 00 00 00 00 00 00 00 00 00 00 00 00 00 00 00 00 00 00 00 00 00  

 --- 60-11 Contact Authenticate Transaction

2021/10/26 09:18:49.736 [TX] - 56 69 56 4F 74 65 63 68 32 00 60 11 00 03 00 00 78 F3 46 
2021/10/26 09:18:49.743 [RX] - 56 69 56 4F 74 65 63 68 32 00 60 63 00 00 FF 0E 00 00 00 00 00 00 00 00 00 00 00 00 00 00 00 00 00 00 00 00 00 00 00 00 00 00 00 00 00 00 00 00 00 00 00 00 00 00 00 00 00 00 00 00 00 00 00 56 69 56 4F 74 65 63 68 32 00 61 01 00 10 03 00 00 02 00 45 53 03 00 81 15 1C 02 00 00 00 B2 43 00 00 00 00 00 00 00 00 00 00 00 00 00 00 00 00 00 00 00 00 00 00 00 00 00 00 00 00 00 00 00 56 69 56 4F 74 65 63 68 32 00 60 00 00 74 00 DF EE 25 02 00 04 9F 10 07 06 01 1A 03 90 00 00 9F 26 08 A8 07 B6 68 D0 D8 16 CE 9F 27 01 80 9F 36 02 00 01 9F 37 04 1E D4 24 55 9F 02 06 00 00 00 00 02 00 9F 4D 00 9F 4F 00 9F 13 00 95 05 42 80 00 00 00 9B 02 C8 00 9F 03 06 00 00 00 00 00 00 9F 34 03 5F 03 02 9F 39 01 07 9F 1E 08 39 54 30 32 35 37 39 33 FF EE 01 04 DF 30 01 01 DF EE 26 01 00 6E 64 00 00 00 00 00 00 00 00 00 00 00 00 00 00 00 00 00 00 00 00 00 00 00 00 00 00 00 00 00 00 00 00 00 00 00 00 00 00 00 00 00 00 00 00 00 00 00 00 00 00 00 00 00 00 00 00 00  

 --- 60-13 Contact Retrieve Transaction Result

2021/10/26 09:18:50.325 [TX] - 56 69 56 4F 74 65 63 68 32 00 60 13 00 18 9F 10 9F 26 9F 27 9F 36 9F 37 9F 02 9F 4D 9F 13 95 9B 9F 03 9F 34 9F 39 3D 5F 
2021/10/26 09:18:50.574 [RX] - 56 69 56 4F 74 65 63 68 32 00 60 00 00 85 00 9F 10 07 06 01 1A 03 90 00 00 9F 26 08 A8 07 B6 68 D0 D8 16 CE 9F 27 01 80 9F 36 02 00 01 9F 37 04 1E D4 24 55 9F 02 06 00 00 00 00 02 00 9F 4D 00 9F 13 00 95 05 42 80 00 00 00 9B 02 C8 00 9F 03 06 00 00 00 00 00 00 9F 34 03 5F 03 02 9F 39 01 07 DF EF 4C 06 00 24 00 00 00 00 DF EF 4D 24 3B 34 37 36 31 37 33 39 30 30 31 30 31 30 30 31 30 3D 32 30 31 32 32 30 31 30 31 32 33 34 35 36 37 38 39 3F 77 8D 00 00 00 00 00 00 00 00 00 00 00 00 00 00 00 00 00 00 00 00 00 00 00 00 00 00 00 00 00 00 00 00 00 00 00 00 00 00 00 00  

 --- 60-12 Contact Apply Host Response

2021/10/26 09:18:51.596 [TX] - 56 69 56 4F 74 65 63 68 32 00 60 12 00 11 01 8A 02 30 30 91 0A 11 22 33 44 55 66 77 88 30 30 F3 1C 
2021/10/26 09:18:51.602 [RX] - 56 69 56 4F 74 65 63 68 32 00 60 63 00 00 FF 0E 00 00 00 00 00 00 00 00 00 00 00 00 00 00 00 00 00 00 00 00 00 00 00 00 00 00 00 00 00 00 00 00 00 00 00 00 00 00 00 00 00 00 00 00 00 00 00 56 69 56 4F 74 65 63 68 32 00 61 01 00 10 03 00 00 02 00 45 53 03 00 81 03 1C 02 00 00 00 25 26 00 00 00 00 00 00 00 00 00 00 00 00 00 00 00 00 00 00 00 00 00 00 00 00 00 00 00 00 00 00 00 56 69 56 4F 74 65 63 68 32 00 60 00 00 79 00 DF EE 25 02 00 02 9F 10 07 06 01 1A 03 60 00 00 9F 26 08 88 2D 84 27 A2 68 E2 14 9F 27 01 40 9F 36 02 00 01 9F 37 04 1E D4 24 55 9F 02 06 00 00 00 00 02 00 9F 4D 00 9F 4F 00 9F 13 00 95 05 42 80 00 00 00 9B 02 F8 00 9F 03 06 00 00 00 00 00 00 9F 34 03 5F 03 02 99 00 9F 39 01 07 9F 1E 08 39 54 30 32 35 37 39 33 9F 5B 00 FF EE 01 04 DF 30 01 01 DF EE 26 01 00 D1 FB 00 00 00 00 00 00 00 00 00 00 00 00 00 00 00 00 00 00 00 00 00 00 00 00 00 00 00 00 00 00 00 00 00 00 00 00 00 00 00 00 00 00 00 00 00 00 00 00 00 00 00 00  

 --- 60-13 Contact Retrieve Transaction Result

2021/10/26 09:18:53.707 [TX] - 56 69 56 4F 74 65 63 68 32 00 60 13 00 1B 9F 10 9F 26 9F 27 9F 36 9F 37 9F 02 9F 4D 9F 13 95 9B 9F 03 9F 34 99 9F 5B 9F 39 70 6D 
2021/10/26 09:18:54.014 [RX] - 56 69 56 4F 74 65 63 68 32 00 60 00 00 8A 00 9F 10 07 06 01 1A 03 60 00 00 9F 26 08 88 2D 84 27 A2 68 E2 14 9F 27 01 40 9F 36 02 00 01 9F 37 04 1E D4 24 55 9F 02 06 00 00 00 00 02 00 9F 4D 00 9F 13 00 95 05 42 80 00 00 00 9B 02 F8 00 9F 03 06 00 00 00 00 00 00 9F 34 03 5F 03 02 99 00 9F 39 01 07 9F 5B 00 DF EF 4C 06 00 24 00 00 00 00 DF EF 4D 24 3B 34 37 36 31 37 33 39 30 30 31 30 31 30 30 31 30 3D 32 30 31 32 32 30 31 30 31 32 33 34 35 36 37 38 39 3F D5 02 00 00 00 00 00 00 00 00 00 00 00 00 00 00 00 00 00 00 00 00 00 00 00 00 00 00 00 00 00 00 00 00 00 00 00  

 Result = PASSED
 ---------- END OF TEST ----------

 Result = PASSED
 

 MASTER RESULT = PASSED


Docklight Log File (HEX) - Stopped 2021/10/26 09:18:56.118 

