Docklight Log File (HEX) - Started 2023/11/21 14:10:15.885 
 TEST CASE: CR812

 --- Set POS COM PORT Settings
 Set POS COM PORT...
 POS operating on COM90 @ 115200 baud...
 Set POS COM PORT - COMPLETE

 --- Set default config

2023/11/21 14:10:17.031 [TX] - 56 69 56 4F 74 65 63 68 32 00 04 09 00 00 87 30 
2023/11/21 14:10:18.872 [RX] - 56 69 56 4F 74 65 63 68 32 00 04 00 00 00 AE 16 00 00 00 00 00 00 00 00 00 00 00 00 00 00 00 00 00 00 00 00 00 00 00 00 00 00 00 00 00 00 00 00 00 00 00 00 00 00 00 00 00 00 00 00 00 00 00  

 --- 60-02 Remove Application Data

2023/11/21 14:10:19.385 [TX] - 56 69 56 4F 74 65 63 68 32 00 60 02 00 00 55 53 
2023/11/21 14:10:19.402 [RX] - 56 69 56 4F 74 65 63 68 32 00 60 60 00 00 A6 5E 00 00 00 00 00 00 00 00 00 00 00 00 00 00 00 00 00 00 00 00 00 00 00 00 00 00 00 00 00 00 00 00 00 00 00 00 00 00 00 00 00 00 00 00 00 00 00  

 --- Poll on Demand

2023/11/21 14:10:21.911 [TX] - 56 69 56 4F 74 65 63 68 32 00 01 01 00 01 01 D7 34 
2023/11/21 14:10:21.920 [RX] - 56 69 56 4F 74 65 63 68 32 00 01 00 00 00 12 53 00 00 00 00 00 00 00 00 00 00 00 00 00 00 00 00 00 00 00 00 00 00 00 00 00 00 00 00 00 00 00 00 00 00 00 00 00 00 00 00 00 00 00 00 00 00 00  

 --- Burst Off

2023/11/21 14:10:22.445 [TX] - 56 69 56 4F 74 65 63 68 32 00 04 00 00 05 DF EE 7E 01 00 60 1E 
2023/11/21 14:10:22.609 [RX] - 56 69 56 4F 74 65 63 68 32 00 04 00 00 00 AE 16 00 00 00 00 00 00 00 00 00 00 00 00 00 00 00 00 00 00 00 00 00 00 00 00 00 00 00 00 00 00 00 00 00 00 00 00 00 00 00 00 00 00 00 00 00 00 00  

 --- 60-16 Contact Set ICS Identification (04)

2023/11/21 14:10:23.124 [TX] - 56 69 56 4F 74 65 63 68 32 00 60 16 00 01 04 75 9D 
2023/11/21 14:10:23.156 [RX] - 56 69 56 4F 74 65 63 68 32 00 60 00 00 00 3D 35 00 00 00 00 00 00 00 00 00 00 00 00 00 00 00 00 00 00 00 00 00 00 00 00 00 00 00 00 00 00 00 00 00 00 00 00 00 00 00 00 00 00 00 00 00 00 00  

 --- 60-03 Load A0000003330101

2023/11/21 14:10:23.677 [TX] - 56 69 56 4F 74 65 63 68 32 00 60 03 00 65 07 00 A0 00 00 03 33 01 01 0F 00 9F 01 06 56 49 53 41 30 30 5F 57 01 00 5F 2A 02 08 40 9F 09 02 00 8C 5F 36 01 02 9F 1B 04 00 00 3A 98 DF 25 03 9F 37 04 DF 28 03 9F 08 02 DF EE 15 01 01 DF 13 05 00 00 00 00 00 DF 14 05 00 00 00 00 00 DF 15 05 40 00 00 00 00 DF 18 01 00 DF 17 04 00 00 27 10 DF 19 01 00 C3 07 
2023/11/21 14:10:23.724 [RX] - 56 69 56 4F 74 65 63 68 32 00 60 00 00 00 3D 35 00 00 00 00 00 00 00 00 00 00 00 00 00 00 00 00 00 00 00 00 00 00 00 00 00 00 00 00 00 00 00 00 00 00 00 00 00 00 00 00 00 00 00 00 00 00 00  

 --- 60-06 default

2023/11/21 14:10:24.245 [TX] - 56 69 56 4F 74 65 63 68 32 00 60 06 00 C8 18 00 5F 36 01 02 9F 1A 02 08 40 9F 35 01 25 9F 33 03 60 08 C8 9F 40 05 60 00 F0 50 01 9F 1E 08 54 65 72 6D 69 6E 61 6C 9F 15 02 12 34 9F 16 0F 30 30 30 30 30 30 30 30 30 30 30 30 30 30 30 9F 1C 08 38 37 36 35 34 33 32 31 9F 4E 22 31 30 37 32 31 20 57 61 6C 6B 65 72 20 53 74 2E 20 43 79 70 72 65 73 73 2C 20 43 41 20 2C 55 53 41 2E DF 26 01 01 DF 10 08 65 6E 66 72 65 73 7A 68 DF 11 01 01 DF 27 01 00 DF EE 15 01 01 DF EE 16 01 00 DF EE 17 01 05 DF EE 18 01 80 DF EE 1E 08 50 9C 20 F0 C2 0E 14 00 DF EE 1F 01 80 DF EE 1B 08 30 30 30 31 30 35 30 30 DF EE 20 01 3C DF EE 21 01 0A DF EE 22 03 32 3C 3C 91 1D 
2023/11/21 14:10:24.275 [RX] - 56 69 56 4F 74 65 63 68 32 00 60 00 00 00 3D 35 00 00 00 00 00 00 00 00 00 00 00 00 00 00 00 00 00 00 00 00 00 00 00 00 00 00 00 00 00 00 00 00 00 00 00 00 00 00 00 00 00 00 00 00 00 00 00  

 --- 60-0A default

2023/11/21 14:10:24.810 [TX] - 56 69 56 4F 74 65 63 68 32 00 60 0A 00 92 A0 00 00 99 99 E1 01 01 F8 70 7B 9B ED F0 31 E5 8A 9F 84 36 31 B9 0C 90 D8 0E D6 95 00 00 00 03 70 00 99 C5 B7 0A A6 1B 4F 4C 51 B6 F9 0B 0E 3B FB 7A 3E E0 E7 DB 41 BC 46 68 88 B3 EC 8E 99 77 C7 62 40 7E F1 D7 9E 0A FB 28 23 10 0A 02 0C 3E 80 20 59 3D B5 0E 90 DB EA C1 8B 78 D1 3F 96 BB 2F 57 EE DD C3 0F 25 65 92 41 7C DF 73 9C A6 80 4A 10 A2 9D 28 06 E7 74 BF A7 51 F2 2C F3 B6 5B 38 F3 7F 91 B4 DA F8 AE C9 B8 03 F7 61 0E 06 AC 9E 6B 8C E0 
2023/11/21 14:10:24.834 [RX] - 56 69 56 4F 74 65 63 68 32 00 60 00 00 00 3D 35 00 00 00 00 00 00 00 00 00 00 00 00 00 00 00 00 00 00 00 00 00 00 00 00 00 00 00 00 00 00 00 00 00 00 00 00 00 00 00 00 00 00 00 00 00 00 00  

 --- 60-10

2023/11/21 14:10:26.268 [TX] - 56 69 56 4F 74 65 63 68 32 00 60 10 00 1A 01 00 0A 00 0A 9C 01 00 9F 02 06 00 00 00 00 15 00 9F 03 06 00 00 00 00 00 00 93 0E 
2023/11/21 14:10:26.323 [RX] - 56 69 56 4F 74 65 63 68 32 00 60 63 00 00 FF 0E 00 00 00 00 00 00 00 00 00 00 00 00 00 00 00 00 00 00 00 00 00 00 00 00 00 00 00 00 00 00 00 00 00 00 00 00 00 00 00 00 00 00 00 00 00 00 00 56 69 56 4F 74 65 63 68 32 00 61 01 00 10 03 00 00 02 00 45 4E 03 00 82 0B 1C 02 00 FF FF F1 44 00 00 00 00 00 00 00 00 00 00 00 00 00 00 00 00 00 00 00 00 00 00 00 00 00 00 00 00 00 00 00 56 69 56 4F 74 65 63 68 32 00 61 01 00 1A 04 00 00 02 00 45 4E 0D 00 84 01 1C 04 24 1C 04 31 35 2E 30 30 1C 02 00 FF FF 5E AE 00 00 00 00 00 00 00 00 00 00 00 00 00 00 00 00 00 00 00 00 00 56 69 56 4F 74 65 63 68 32 00 61 01 00 10 03 00 00 02 00 45 4E 03 00 82 11 1C 02 00 FF FF 6D C2 00 00 00 00 00 00 00 00 00 00 00 00 00 00 00 00 00 00 00 00 00 00 00 00 00 00 00 00 00 00 00 56 69 56 4F 74 65 63 68 32 00 61 01 00 10 03 00 00 02 00 45 4E 03 00 82 1A 1C 02 00 FF FF AE 60 00 00 00 00 00 00 00 00 00 00 00 00 00 00 00 00 00 00 00 00 00 00 00 00 00 00 00 00 00 00 00 56 69 56 4F 74 65 63 68 32 00 60 00 00 D6 E0 DF EE 26 02 E0 00 DF EE 12 0A FF FF FF 02 00 18 3F A0 00 52 DF EE 25 02 00 10 57 A1 13 62 10 CC CC CC CC 00 11 D3 01 0C CC CC CC CC CC CC CC CC 57 C1 18 A5 74 5E 39 F5 E6 39 BE 00 35 99 A1 3F D6 EA F1 29 C5 39 91 77 51 56 13 5A A1 08 62 10 CC CC CC CC 00 11 5A C1 10 C4 3F 38 92 D5 CB 5A 8A 0E 36 06 81 63 AB 1F EF 5F 34 01 01 5F 20 1A D2 F8 C1 AA 36 32 B1 EA D7 BC BF A8 40 B2 E2 CA D4 D7 A8 D3 C3 43 61 72 64 73 5F 24 03 30 10 31 9F 1E 08 33 54 39 32 37 32 33 30 9F 20 00 5F 25 03 11 09 01 5F 2D 02 63 6E 50 0B 55 49 43 43 20 43 72 65 64 69 74 4F 00 84 07 A0 00 00 03 33 01 01  Tag 84 DF EE 23 00 9F 39 01 05 9F 53 00 FF EE 01 05 DF EE 30 01 01 67 BA 00 00 00 00 00 00 00 00 00 00 00 00 00 00 00 00 00 00 00 00 00 00 
2023/11/21 14:10:31.157 [TX] - 56 69 56 4F 74 65 63 68 32 00 05 01 00 00 92 EF 
2023/11/21 14:10:31.172 [RX] - 56 69 56 4F 74 65 63 68 32 00 61 01 00 10 03 00 00 02 00 45 4E 03 00 82 21 1C 02 00 FF FF 42 4E 00 00 00 00 00 00 00 00 00 00 00 00 00 00 00 00 00 00 00 00 00 00 00 00 00 00 00 00 00 00 00 56 69 56 4F 74 65 63 68 32 00 61 01 00 10 03 00 00 02 00 45 4E 03 00 82 23 1C 02 00 FF FF C9 0E 00 00 00 00 00 00 00 00 00 00 00 00 00 00 00 00 00 00 00 00 00 00 00 00 00 00 00 00 00 00 00 56 69 56 4F 74 65 63 68 32 00 05 00 00 00 D8 A2 00 00 00 00 00 00 00 00 00 00 00 00 00 00 00 00 00 00 00 00 00 00 00 00 00 00 00 00 00 00 00 00 00 00 00 00 00 00 00 00 00 00 00 00 00 00 00  

 --- 60-16 =1C

2023/11/21 14:10:34.382 [TX] - 56 69 56 4F 74 65 63 68 32 00 60 16 00 01 01 D0 CD 
2023/11/21 14:10:34.421 [RX] - 56 69 56 4F 74 65 63 68 32 00 60 00 00 00 3D 35 00 00 00 00 00 00 00 00 00 00 00 00 00 00 00 00 00 00 00 00 00 00 00 00 00 00 00 00 00 00 00 00 00 00 00 00 00 00 00 00 00 00 00 00 00 00 00  

 --- 60-06 =1C, DFED48=08

2023/11/21 14:10:34.944 [TX] - 56 69 56 4F 74 65 63 68 32 00 60 06 00 C7 19 00 5F 36 01 02 9F 1A 02 08 40 9F 35 01 22 9F 33 03 60 F8 C8 9F 40 05 F0 00 F0 A0 01 9F 1E 08 54 65 72 6D 69 6E 61 6C 9F 15 02 12 34 9F 16 0F 30 30 30 30 30 30 30 30 30 30 30 30 30 30 30 9F 1C 08 38 37 36 35 34 33 32 31 9F 4E 22 31 30 37 32 31 20 57 61 6C 6B 65 72 20 53 74 2E 20 43 79 70 72 65 73 73 2C 20 43 41 20 2C 55 53 41 2E DF 26 01 01 DF 10 02 65 6E DF 11 01 01 DF 27 01 00 DF EE 15 01 01 DF EE 16 01 00 DF EE 17 01 05 DF EE 18 01 80 DF EE 1E 08 50 DC 3C F0 C2 9E 96 00 DF EE 1F 01 FF DF EE 1B 08 30 30 FF 30 31 FF 35 31 DF EE 20 01 0A DF EE 21 01 0A DF EE 22 03 03 3C 3C DF ED 48 01 08 BB 0F 
2023/11/21 14:10:34.973 [RX] - 56 69 56 4F 74 65 63 68 32 00 60 00 00 00 3D 35 00 00 00 00 00 00 00 00 00 00 00 00 00 00 00 00 00 00 00 00 00 00 00 00 00 00 00 00 00 00 00 00 00 00 00 00 00 00 00 00 00 00 00 00 00 00 00  

 --- 60-02 Remove Application Data

2023/11/21 14:10:35.512 [TX] - 56 69 56 4F 74 65 63 68 32 00 60 02 00 00 55 53 
2023/11/21 14:10:35.583 [RX] - 56 69 56 4F 74 65 63 68 32 00 60 00 00 00 3D 35 00 00 00 00 00 00 00 00 00 00 00 00 00 00 00 00 00 00 00 00 00 00 00 00 00 00 00 00 00 00 00 00 00 00 00 00 00 00 00 00 00 00 00 00 00 00 00  

 --- 60-03 Load A0000003330101

2023/11/21 14:10:36.123 [TX] - 56 69 56 4F 74 65 63 68 32 00 60 03 00 65 07 00 A0 00 00 03 33 01 01 0F 00 9F 01 06 56 49 53 41 30 30 5F 57 01 00 5F 2A 02 08 40 9F 09 02 00 8C 5F 36 01 02 9F 1B 04 00 00 3A 98 DF 25 03 9F 37 04 DF 28 03 9F 08 02 DF EE 15 01 01 DF 13 05 00 00 00 00 00 DF 14 05 00 00 00 00 00 DF 15 05 40 00 00 00 00 DF 18 01 00 DF 17 04 00 00 27 10 DF 19 01 00 C3 07 
2023/11/21 14:10:36.172 [RX] - 56 69 56 4F 74 65 63 68 32 00 60 00 00 00 3D 35 00 00 00 00 00 00 00 00 00 00 00 00 00 00 00 00 00 00 00 00 00 00 00 00 00 00 00 00 00 00 00 00 00 00 00 00 00 00 00 00 00 00 00 00 00 00 00  

 --- 60-03 Load A000000333010108

2023/11/21 14:10:36.704 [TX] - 56 69 56 4F 74 65 63 68 32 00 60 03 00 66 08 00 A0 00 00 03 33 01 01 08 0F 00 9F 01 06 56 49 53 41 30 30 5F 57 01 00 5F 2A 02 08 40 9F 09 02 00 8C 5F 36 01 02 9F 1B 04 00 00 3A 98 DF 25 03 9F 37 04 DF 28 03 9F 08 02 DF EE 15 01 01 DF 13 05 00 00 00 00 00 DF 14 05 00 00 00 00 00 DF 15 05 40 00 00 00 00 DF 18 01 00 DF 17 04 00 00 27 10 DF 19 01 00 70 B0 
2023/11/21 14:10:36.798 [RX] - 56 69 56 4F 74 65 63 68 32 00 60 00 00 00 3D 35 00 00 00 00 00 00 00 00 00 00 00 00 00 00 00 00 00 00 00 00 00 00 00 00 00 00 00 00 00 00 00 00 00 00 00 00 00 00 00 00 00 00 00 00 00 00 00  

 --- 60-10

2023/11/21 14:10:37.870 [TX] - 56 69 56 4F 74 65 63 68 32 00 60 10 00 1A 01 00 0A 00 0A 9C 01 00 9F 02 06 00 00 00 00 15 00 9F 03 06 00 00 00 00 00 00 93 0E 
2023/11/21 14:10:37.925 [RX] - 56 69 56 4F 74 65 63 68 32 00 60 63 00 00 FF 0E 00 00 00 00 00 00 00 00 00 00 00 00 00 00 00 00 00 00 00 00 00 00 00 00 00 00 00 00 00 00 00 00 00 00 00 00 00 00 00 00 00 00 00 00 00 00 00 56 69 56 4F 74 65 63 68 32 00 61 01 00 10 03 00 00 02 00 45 4E 03 00 82 0B 1C 02 00 FF FF F1 44 00 00 00 00 00 00 00 00 00 00 00 00 00 00 00 00 00 00 00 00 00 00 00 00 00 00 00 00 00 00 00 56 69 56 4F 74 65 63 68 32 00 61 01 00 1A 04 00 00 02 00 45 4E 0D 00 84 01 1C 04 24 1C 04 31 35 2E 30 30 1C 02 00 FF FF 5E AE 00 00 00 00 00 00 00 00 00 00 00 00 00 00 00 00 00 00 00 00 00 56 69 56 4F 74 65 63 68 32 00 61 01 00 10 03 00 00 02 00 45 4E 03 00 82 11 1C 02 00 FF FF 6D C2 00 00 00 00 00 00 00 00 00 00 00 00 00 00 00 00 00 00 00 00 00 00 00 00 00 00 00 00 00 00 00 56 69 56 4F 74 65 63 68 32 00 61 01 00 10 03 00 00 02 00 45 4E 03 00 82 1A 1C 02 00 FF FF AE 60 00 00 00 00 00 00 00 00 00 00 00 00 00 00 00 00 00 00 00 00 00 00 00 00 00 00 00 00 00 00 00 56 69 56 4F 74 65 63 68 32 00 60 00 00 D7 E0 DF EE 26 02 E0 00 DF EE 12 0A FF FF FF 02 00 18 3F A0 00 53 DF EE 25 02 00 10 57 A1 13 62 10 CC CC CC CC 00 11 D3 01 0C CC CC CC CC CC CC CC CC 57 C1 18 9A 96 3F BD 26 50 20 92 94 F9 AE 68 EB 8B 51 3A 85 13 E6 07 5F C6 05 34 5A A1 08 62 10 CC CC CC CC 00 11 5A C1 10 2D C8 57 E7 FA 2E 83 0A 2C 8D 3D 68 79 70 20 5E 5F 34 01 01 5F 20 1A D2 F8 C1 AA 36 32 B1 EA D7 BC BF A8 40 B2 E2 CA D4 D7 A8 D3 C3 43 61 72 64 73 5F 24 03 30 10 31 9F 1E 08 33 54 39 32 37 32 33 30 9F 20 00 5F 25 03 11 09 01 5F 2D 02 63 6E 50 0B 55 53 43 43 20 43 72 65 64 69 74 4F 00 84 08 A0 00 00 03 33 01 01 08  Tag 84 DF EE 23 00 9F 39 01 05 9F 53 00 FF EE 01 05 DF EE 30 01 01 6D 76 00 00 00 00 00 00 00 00 00 00 00 00 00 00 00 00 00 00 00 00 00 
2023/11/21 14:10:41.947 [TX] - 56 69 56 4F 74 65 63 68 32 00 05 01 00 00 92 EF 
2023/11/21 14:10:41.962 [RX] - 56 69 56 4F 74 65 63 68 32 00 61 01 00 10 03 00 00 02 00 45 4E 03 00 82 21 1C 02 00 FF FF 42 4E 00 00 00 00 00 00 00 00 00 00 00 00 00 00 00 00 00 00 00 00 00 00 00 00 00 00 00 00 00 00 00 56 69 56 4F 74 65 63 68 32 00 61 01 00 10 03 00 00 02 00 45 4E 03 00 82 23 1C 02 00 FF FF C9 0E 00 00 00 00 00 00 00 00 00 00 00 00 00 00 00 00 00 00 00 00 00 00 00 00 00 00 00 00 00 00 00 56 69 56 4F 74 65 63 68 32 00 05 00 00 00 D8 A2 00 00 00 00 00 00 00 00 00 00 00 00 00 00 00 00 00 00 00 00 00 00 00 00 00 00 00 00 00 00 00 00 00 00 00 00 00 00 00 00 00 00 00 00 00 00 00  

 ---------- END OF TEST ----------

 Result = PASSED


Docklight Log File (HEX) - Stopped 2023/11/21 14:10:45.425 

