Docklight Log File (HEX) - Started 2026/4/27 10:06:13.845 
 TEST CASE: VP6325 TS 4

 --- Set POS COM PORT Settings
 Set POS COM PORT...
 POS operating on COM90 @ 9600 baud...
 Set POS COM PORT - COMPLETE

 --- 90-07_UMFG Start Secure Task

2026/4/27 10:06:16.321 [TX] - 56 69 56 4F 74 65 63 68 32 00 90 07 00 01 00 B4 8F 
2026/4/27 10:06:16.336 [RX] - 56 69 56 4F 74 65 63 68 32 00 90 00  OK 00 00 A2 78 00 00 00 00 00 00 00 00 00 00 00 00 00 00 00 00 00 00 00 00 00 00 00 00 00 00 00 00 00 00 00 00 00 00 00 00 00 00 00 00 00 00 00 00 00 00 00  

 --- RF LED 1 ON

2026/4/27 10:06:16.352 [TX] - 56 69 56 4F 74 65 63 68 32 00 90 13 00 02 02 01 28 76 
2026/4/27 10:06:16.367 [RX] - 56 69 56 4F 74 65 63 68 32 00 90 00  OK 00 00 A2 78 00 00 00 00 00 00 00 00 00 00 00 00 00 00 00 00 00 00 00 00 00 00 00 00 00 00 00 00 00 00 00 00 00 00 00 00 00 00 00 00 00 00 00 00 00 00 00  

 --- RF LED 1 OFF

2026/4/27 10:06:16.866 [TX] - 56 69 56 4F 74 65 63 68 32 00 90 13 00 02 02 00 09 66 
2026/4/27 10:06:16.873 [RX] - 56 69 56 4F 74 65 63 68 32 00 90 00  OK 00 00 A2 78 00 00 00 00 00 00 00 00 00 00 00 00 00 00 00 00 00 00 00 00 00 00 00 00 00 00 00 00 00 00 00 00 00 00 00 00 00 00 00 00 00 00 00 00 00 00 00  

 --- RF LED 2 ON

2026/4/27 10:06:17.299 [TX] - 56 69 56 4F 74 65 63 68 32 00 90 13 00 02 02 11 19 64 
2026/4/27 10:06:17.306 [RX] - 56 69 56 4F 74 65 63 68 32 00 90 00  OK 00 00 A2 78 00 00 00 00 00 00 00 00 00 00 00 00 00 00 00 00 00 00 00 00 00 00 00 00 00 00 00 00 00 00 00 00 00 00 00 00 00 00 00 00 00 00 00 00 00 00 00  

 --- RF LED 2 OFF

2026/4/27 10:06:17.542 [TX] - 56 69 56 4F 74 65 63 68 32 00 90 13 00 02 02 10 38 74 
2026/4/27 10:06:17.555 [RX] - 56 69 56 4F 74 65 63 68 32 00 90 00  OK 00 00 A2 78 00 00 00 00 00 00 00 00 00 00 00 00 00 00 00 00 00 00 00 00 00 00 00 00 00 00 00 00 00 00 00 00 00 00 00 00 00 00 00 00 00 00 00 00 00 00 00  

 --- RF LED 3 ON

2026/4/27 10:06:17.766 [TX] - 56 69 56 4F 74 65 63 68 32 00 90 13 00 02 02 21 4A 52 
2026/4/27 10:06:17.775 [RX] - 56 69 56 4F 74 65 63 68 32 00 90 00  OK 00 00 A2 78 00 00 00 00 00 00 00 00 00 00 00 00 00 00 00 00 00 00 00 00 00 00 00 00 00 00 00 00 00 00 00 00 00 00 00 00 00 00 00 00 00 00 00 00 00 00 00  

 --- RF LED 3 OFF

2026/4/27 10:06:18.280 [TX] - 56 69 56 4F 74 65 63 68 32 00 90 13 00 02 02 20 6B 42 
2026/4/27 10:06:18.296 [RX] - 56 69 56 4F 74 65 63 68 32 00 90 00  OK 00 00 A2 78 00 00 00 00 00 00 00 00 00 00 00 00 00 00 00 00 00 00 00 00 00 00 00 00 00 00 00 00 00 00 00 00 00 00 00 00 00 00 00 00 00 00 00 00 00 00 00  

 --- RF LED 4 ON

2026/4/27 10:06:18.904 [TX] - 56 69 56 4F 74 65 63 68 32 00 90 13 00 02 02 31 7B 40 
2026/4/27 10:06:18.911 [RX] - 56 69 56 4F 74 65 63 68 32 00 90 00  OK 00 00 A2 78 00 00 00 00 00 00 00 00 00 00 00 00 00 00 00 00 00 00 00 00 00 00 00 00 00 00 00 00 00 00 00 00 00 00 00 00 00 00 00 00 00 00 00 00 00 00 00  

 --- RF LED 4 OFF

2026/4/27 10:06:19.433 [TX] - 56 69 56 4F 74 65 63 68 32 00 90 13 00 02 02 30 5A 50 
2026/4/27 10:06:19.443 [RX] - 56 69 56 4F 74 65 63 68 32 00 90 00  OK 00 00 A2 78 00 00 00 00 00 00 00 00 00 00 00 00 00 00 00 00 00 00 00 00 00 00 00 00 00 00 00 00 00 00 00 00 00 00 00 00 00 00 00 00 00 00 00 00 00 00 00  

 --- ICC LED RED ON GREEN OFF

2026/4/27 10:06:19.966 [TX] - 56 69 56 4F 74 65 63 68 32 00 90 13 00 02 37 01 48 8C 
2026/4/27 10:06:19.979 [RX] - 56 69 56 4F 74 65 63 68 32 00 90 22 00 00 4A DE 00 00 00 00 00 00 00 00 00 00 00 00 00 00 00 00 00 00 00 00 00 00 00 00 00 00 00 00 00 00 00 00 00 00 00 00 00 00 00 00 00 00 00 00 00 00 00  

 --- ICC LED RED OFF GREEN ON

2026/4/27 10:06:24.329 [TX] - 56 69 56 4F 74 65 63 68 32 00 90 13 00 02 37 02 2B BC 
2026/4/27 10:06:24.336 [RX] - 56 69 56 4F 74 65 63 68 32 00 90 22 00 00 4A DE 00 00 00 00 00 00 00 00 00 00 00 00 00 00 00 00 00 00 00 00 00 00 00 00 00 00 00 00 00 00 00 00 00 00 00 00 00 00 00 00 00 00 00 00 00 00 00 

Docklight Log File (HEX) - Stopped 2026/4/27 10:06:26.429 

