Docklight Log File (HEX) - Started 2015/6/3 09:57:23.459 
 TEST CASE: SAT006-1

 --- Set POS COM PORT Settings
 Set POS COM PORT...
 POS operating on COM1 @ 9600 baud...
 Set POS COM PORT - COMPLETE

 Loading DUKPT key...

2015/6/3 09:57:24.863 [TX] - 56 69 56 4F 74 65 63 68 32 00 83 00 00 00 03 22 
2015/6/3 09:57:24.917 [RX] - 56 69 56 4F 74 65 63 68 32 00 83 00 00 00 22 03 
2015/6/3 09:57:25.440 [TX] - 56 69 56 4F 74 65 63 68 32 00 80 00 00 65 30 43 46 35 35 34 43 32 46 30 45 45 41 41 30 30 38 38 4B 30 54 44 30 30 4E 30 30 30 30 30 30 38 30 32 41 38 34 46 44 44 36 33 39 31 35 44 43 41 45 42 46 38 37 37 35 34 33 32 32 44 32 36 37 42 41 33 34 34 31 38 33 41 42 39 41 32 35 36 37 39 30 32 33 34 39 38 37 31 32 30 32 33 34 30 30 30 30 30 30 30 30 C2 98 
2015/6/3 09:57:25.603 [RX] - 56 69 56 4F 74 65 63 68 32 00 80 00 00 00 B9 DF 
2015/6/3 09:57:26.130 [TX] - 56 69 56 4F 74 65 63 68 32 00 80 00 00 65 31 35 43 44 42 38 31 32 46 30 45 45 41 41 30 30 38 38 4B 30 54 44 30 30 4E 30 30 30 30 30 30 38 30 39 32 36 39 41 34 33 36 39 42 36 43 37 45 33 42 35 36 37 32 39 38 33 41 36 36 32 46 36 31 30 33 32 35 37 32 39 32 33 36 33 37 38 33 30 33 33 36 32 33 41 39 39 37 31 32 36 32 33 34 30 30 30 30 30 30 30 30 AA E9 
2015/6/3 09:57:26.292 [RX] - 56 69 56 4F 74 65 63 68 32 00 80 00 00 00 B9 DF 
2015/6/3 09:57:26.897 [TX] - 56 69 56 4F 74 65 63 68 32 00 80 01 00 58 41 30 30 38 38 4B 30 54 44 30 30 4E 30 30 30 30 42 39 34 38 46 37 42 33 34 43 41 44 37 32 36 42 41 37 37 43 39 43 34 41 38 30 37 37 39 42 42 38 36 42 42 43 33 37 34 30 31 31 42 42 45 33 39 45 30 36 46 34 46 36 41 37 44 44 36 46 37 32 30 45 37 31 33 44 45 39 34 41 A0 6B 
2015/6/3 09:57:27.031 [RX] - 56 69 56 4F 74 65 63 68 32 00 80 00 00 00 B9 DF 
2015/6/3 09:57:27.560 [TX] - 56 69 56 4F 74 65 63 68 32 00 81 00 00 71 05 41 30 31 31 32 44 30 54 45 30 30 4E 30 31 30 30 4B 53 31 38 46 46 46 46 39 38 37 36 35 34 33 32 31 30 45 30 30 30 30 30 37 43 45 37 34 45 39 30 30 35 33 43 41 38 45 45 42 43 33 37 42 35 37 30 36 38 31 45 35 42 32 37 36 31 34 38 43 33 45 37 34 34 41 42 43 44 36 44 34 43 35 33 36 43 37 46 34 46 36 37 44 37 46 32 32 44 33 39 34 45 44 42 A8 31 
2015/6/3 09:57:27.743 [RX] - 56 69 56 4F 74 65 63 68 32 00 81 00 00 00 CF 6B 
2015/6/3 09:57:28.270 [TX] - 56 69 56 4F 74 65 63 68 32 00 81 09 00 01 05 40 D3 
2015/6/3 09:57:28.309 [RX] - 56 69 56 4F 74 65 63 68 32 00 81 00 00 00 CF 6B  
OK!
 

 --- UI EVENT CLEAR

2015/6/3 09:57:30.299 [TX] - 56 69 56 4F 74 65 63 68 32 00 83 0C 00 00 62 57 
2015/6/3 09:57:30.336 [RX] - 56 69 56 4F 74 65 63 68 32 00 83 00 00 00 22 03  

 --- 02-0a dukpt/ magstripe+contactless/ event off

2015/6/3 09:57:30.368 [TX] - 56 69 56 4F 74 65 63 68 32 00 02 0A 00 21 00 0A 45 00 00 00 9F 02 06 00 00 00 00 00 01 5F 2A 02 08 40 9A 03 12 01 02 9F 1A 02 08 40 9C 01 00 CB 1A 
2015/6/3 09:57:31.474 [RX] - 56 69 56 4F 74 65 63 68 32 00 02 00 00 6E 00 90 03 39 25 00 06 00 42 36 32 37 39 32 35 37 37 34 39 31 33 32 33 34 33 5E 54 45 53 54 20 43 41 52 44 2F 56 49 56 4F 54 45 43 48 5E 31 30 31 32 38 31 33 30 30 37 32 31 30 34 33 35 30 30 30 30 36 32 37 39 32 35 37 37 34 39 31 33 32 33 34 33 3D 31 30 31 32 38 31 33 30 30 37 32 31 30 34 33 35 30 30 30 30 FF EE 01 04 DF 30 01 00 B6 DB  

 --- UI EVENT CLEAR

2015/6/3 09:57:33.568 [TX] - 56 69 56 4F 74 65 63 68 32 00 83 0C 00 00 62 57 
2015/6/3 09:57:33.606 [RX] - 56 69 56 4F 74 65 63 68 32 00 83 00 00 00 22 03  

 --- 02-0a dukpt/ magstripe+contactless/ event off

2015/6/3 09:57:33.642 [TX] - 56 69 56 4F 74 65 63 68 32 00 02 0A 00 21 00 0A 45 00 00 00 9F 02 06 00 00 00 00 00 01 5F 2A 02 08 40 9A 03 12 01 02 9F 1A 02 08 40 9C 01 00 CB 1A 
2015/6/3 09:57:36.317 [RX] - 56 69 56 4F 74 65 63 68 32 00 02 00 00 E9 0C 83 07 4C 25 68 07 00 54 52 41 43 4B 31 37 36 37 36 37 36 30 37 30 37 30 37 37 36 37 36 37 36 30 37 30 37 30 37 37 36 37 36 37 36 30 37 30 37 30 37 37 36 37 36 37 36 30 37 30 37 30 37 37 36 37 36 37 36 30 37 30 37 30 37 37 36 37 36 37 36 30 37 30 37 32 31 32 31 32 31 32 31 32 31 37 36 37 36 37 36 30 37 30 37 30 37 37 36 37 36 37 36 37 36 32 31 32 31 32 31 32 33 33 33 33 33 33 33 33 33 33 37 36 37 36 37 36 30 37 30 37 30 37 37 36 37 36 37 36 33 33 33 33 33 33 33 33 33 33 37 36 37 36 37 36 30 37 30 37 30 37 37 36 37 36 37 36 33 33 33 33 33 33 33 33 33 33 37 36 37 36 37 36 30 37 30 37 30 37 37 36 37 36 37 36 33 33 33 33 33 33 33 33 33 33 37 36 37 36 37 36 30 37 30 37 FF EE 01 04 DF 30 01 0C D4 B9  
---------- END OF TEST ----------

 Result = PASSED
 

 MASTER RESULT = PASSED


Docklight Log File (HEX) - Stopped 2015/6/3 09:57:36.693 

