Docklight Log File (HEX) - Started 2023/10/19 10:15:28.615 
 TEST CASE: ASW005

 --- Set POS COM PORT Settings
 Set POS COM PORT...
 POS operating on COM90 @ 9600 baud...
 Set POS COM PORT - COMPLETE

 --- PT Stop

2023/10/19 10:15:29.930 [TX] - 56 69 56 4F 74 65 63 68 32 00 2C 01 00 01 00 38 0D 
2023/10/19 10:15:29.936 [RX] - 56 69 56 4F 74 65 63 68 32 00 2C 0C 00 00 69 FA 00 00 00 00 00 00 00 00 00 00 00 00 00 00 00 00 00 00 00 00 00 00 00 00 00 00 00 00 00 00 00 00 00 00 00 00 00 00 00 00 00 00 00 00 00 00 00  
v2StsCode = 0C

 --- Auto Poll

2023/10/19 10:15:31.440 [TX] - 56 69 56 4F 74 65 63 68 32 00 01 01 00 01 00 F6 24 
2023/10/19 10:15:31.451 [RX] - 56 69 56 4F 74 65 63 68 32 00 01 00 00 00 12 53 00 00 00 00 00 00 00 00 00 00 00 00 00 00 00 00 00 00 00 00 00 00 00 00 00 00 00 00 00 00 00 00 00 00 00 00 00 00 00 00 00 00 00 00 00 00 00  
v2StsCode = 00

 --- Set Configuration Global On

2023/10/19 10:15:31.473 [TX] - 56 69 56 4F 74 65 63 68 32 00 04 00 00 05 DF EE 7C 01 01 21 60 
2023/10/19 10:15:31.838 [RX] - 56 69 56 4F 74 65 63 68 32 00 04 00 00 00 AE 16 00 00 00 00 00 00 00 00 00 00 00 00 00 00 00 00 00 00 00 00 00 00 00 00 00 00 00 00 00 00 00 00 00 00 00 00 00 00 00 00 00 00 00 00 00 00 00  
v2StsCode = 00

05 50 00 04 C2 78 9A 63 1E 80 9F 41 04 00 00 00 62 DF EF 7B 01 00 76 9D 00 00 00 00 00 00 00 00 00 00 00 00 00 00 00 00 00 00 00 00 00 00 00 00 00 00 00 00 00 00 00 00 00 00 00 00 00 00 00  
v2StsCode = 41

 >>> Poll For Token >>> Buzzer >>> PT Stop

2023/10/19 10:15:37.485 [TX] - 56 69 56 4F 74 65 63 68 32 00 2C 02 00 02 00 C8 6B 06 
2023/10/19 10:15:37.579 [RX] - 56 69 56 4F 74 65 63 68 32 00 2C 00 00 08 04 04 C2 78 9A 63 1E 80 EB DA 00 00 00 00 00 00 00 00 00 00 00 00 00 00 00 00 00 00 00 00 00 00 00 00 00 00 00 00 00 00 00 00 00 00 00 00 00 00 00  
v2StsCode = 00


2023/10/19 10:15:37.603 [TX] - 56 69 56 4F 74 65 63 68 32 00 0B 02 00 01 00 84 F9 
2023/10/19 10:15:37.608 [RX] - 56 69 56 4F 74 65 63 68 32 00 0B 00 00 00 7A F8 00 00 00 00 00 00 00 00 00 00 00 00 00 00 00 00 00 00 00 00 00 00 00 00 00 00 00 00 00 00 00 00 00 00 00 00 00 00 00 00 00 00 00 00 00 00 00  
v2StsCode = 00


2023/10/19 10:15:39.622 [TX] - 56 69 56 4F 74 65 63 68 32 00 2C 01 00 01 00 38 0D 
2023/10/19 10:15:39.636 [RX] - 56 69 56 4F 74 65 63 68 32 00 2C 00 00 00 1C 9B 00 00 00 00 00 00 00 00 00 00 00 00 00 00 00 00 00 00 00 00 00 00 00 00 00 00 00 00 00 00 00 00 00 00 00 00 00 00 00 00 00 00 00 00 00 00 00  
v2StsCode = 00

 --- Activate Transaction 2 ---> Visa card

2023/10/19 10:15:51.464 [TX] - 56 69 56 4F 74 65 63 68 32 00 02 40 00 22 0A 9F 02 06 00 00 00 00 10 01 5F 2A 02 08 40 9A 03 11 09 27 9F 21 03 10 15 20 9F 1A 02 00 56 9C 01 00 FF 99 
2023/10/19 10:15:53.426 [RX] - 56 69 56 4F 74 65 63 68 32 00 02 23 01 97 65 50 0C 56 49 53 41 20 54 45 53 54 20 30 31 57 13 47 61 73 90 01 01 00 10 D3 01 21 20 00 12 33 99 00 03 1F 5A 08 47 61 73 90 01 01 00 10 82 02 20 20 84 07 A0 00 00 00 03 10 10 95 05 00 00 00 00 00 9A 03 11 09 27 9B 02 00 00 9C 01 00 5F 24 03 30 12 31 5F 2A 02 08 40 5F 2D 04 65 73 65 6E 5F 34 01 01 9F 02 06 00 00 00 00 10 01 9F 03 06 00 00 00 00 00 00 9F 06 07 A0 00 00 00 03 10 10 9F 10 07 06 01 11 03 90 00 00 9F 11 01 01 9F 12 0C 50 72 65 66 20 4E 61 6D 65 20 30 31 9F 1A 02 00 56 9F 1B 04 00 00 00 00 9F 21 03 10 15 20 9F 26 08 AA BB CC DD EE FF 11 22 9F 27 01 40 9F 33 03 00 08 E8 9F 36 02 00 03 9F 37 04 37 5F 9F CB 9F 39 01 07 9F 45 02 00 00 9F 4C 08 00 00 00 00 00 00 00 00 9F 4E 1E 00 00 00 00 00 00 00 00 00 00 00 00 00 00 00 00 00 00 00 00 00 00 00 00 00 00 00 00 00 00 9F 5D 06 00 00 00 01 00 00 9F 66 04 20 80 40 00 9F 69 07 01 11 22 33 44 20 00 9F 6C 02 20 00 DF 81 26 06 00 00 00 00 60 00 FF EE 01 14 DF EE 30 01 00 DF EE 52 01 00 DF EE 5B 01 08 DF EF 7F 01 00 DF EF 7B 01 00 9F 34 03 3F 00 00 9F 1E 08 38 54 38 30 33 36 38 37 DF EF 4C 06 00 27 00 00 00 00 DF EF 4D 27 3B 34 37 36 31 37 33 39 30 30 31 30 31 30 30 31 30 3D 33 30 31 32 31 32 30 30 30 31 32 33 33 39 39 30 30 30 33 31 3F DF EE 26 02 65 06 26 7F 00 00 00 00 00 00 00 00 00 00 00 00 00 00 00 00 00 00  
v2StsCode = 23

 

 --- Activate Transaction ---> Visa card

2023/10/19 10:15:55.036 [TX] - 56 69 56 4F 74 65 63 68 32 00 02 40 00 22 0A 9F 02 06 00 00 00 00 00 01 5F 2A 02 09 78 9A 03 11 09 27 9F 21 03 10 15 20 9F 1A 02 00 56 9C 01 00 1F 2B 
2023/10/19 10:15:57.143 [RX] - 56 69 56 4F 74 65 63 68 32 00 02 23 01 97 65 50 0C 56 49 53 41 20 54 45 53 54 20 30 31 57 13 47 61 73 90 01 01 00 10 D3 01 21 20 00 12 33 99 00 03 1F 5A 08 47 61 73 90 01 01 00 10 82 02 20 20 84 07 A0 00 00 00 03 10 10 95 05 00 00 00 00 00 9A 03 11 09 27 9B 02 00 00 9C 01 00 5F 24 03 30 12 31 5F 2A 02 09 78 5F 2D 04 65 73 65 6E 5F 34 01 01 9F 02 06 00 00 00 00 00 01 9F 03 06 00 00 00 00 00 00 9F 06 07 A0 00 00 00 03 10 10 9F 10 07 06 01 11 03 90 00 00 9F 11 01 01 9F 12 0C 50 72 65 66 20 4E 61 6D 65 20 30 31 9F 1A 02 00 56 9F 1B 04 00 00 00 00 9F 21 03 10 15 20 9F 26 08 AA BB CC DD EE FF 11 22 9F 27 01 40 9F 33 03 00 08 E8 9F 36 02 00 03 9F 37 04 2C BC D7 4C 9F 39 01 07 9F 45 02 00 00 9F 4C 08 00 00 00 00 00 00 00 00 9F 4E 1E 00 00 00 00 00 00 00 00 00 00 00 00 00 00 00 00 00 00 00 00 00 00 00 00 00 00 00 00 00 00 9F 5D 06 00 00 00 01 00 00 9F 66 04 20 80 40 00 9F 69 07 01 11 22 33 44 20 00 9F 6C 02 20 00 DF 81 26 06 00 00 00 00 60 00 FF EE 01 14 DF EE 30 01 00 DF EE 52 01 00 DF EE 5B 01 08 DF EF 7F 01 00 DF EF 7B 01 00 9F 34 03 3F 00 00 9F 1E 08 38 54 38 30 33 36 38 37 DF EF 4C 06 00 27 00 00 00 00 DF EF 4D 27 3B 34 37 36 31 37 33 39 30 30 31 30 31 30 30 31 30 3D 33 30 31 32 31 32 30 30 30 31 32 33 33 39 39 30 30 30 33 31 3F DF EE 26 02 65 06 9E DF 00 00 00 00 00 00 00 00 00 00 00 00 00 00 00 00 00 00  
v2StsCode = 23

 

 --- Set Configuration Global Off

2023/10/19 10:15:57.390 [TX] - 56 69 56 4F 74 65 63 68 32 00 04 00 00 05 DF EE 7C 01 00 00 70 
2023/10/19 10:15:58.826 [RX] - 56 69 56 4F 74 65 63 68 32 00 04 00 00 00 AE 16 00 00 00 00 00 00 00 00 00 00 00 00 00 00 00 00 00 00 00 00 00 00 00 00 00 00 00 00 00 00 00 00 00 00 00 00 00 00 00 00 00 00 00 00 00 00 00  
v2StsCode = 00

 

 --- A0 00 00 09 99 10 10 Auto Off

2023/10/19 10:15:59.060 [TX] - 56 69 56 4F 74 65 63 68 32 00 04 02 00 23 DF EE 2D 01 00 9F 06 07 A0 00 00 09 99 10 10 DF EE 4C 01 03 DF EE 4B 01 01 DF EE 2E 01 10 DF EE 7C 01 00 C7 33 
2023/10/19 10:15:59.654 [RX] - 56 69 56 4F 74 65 63 68 32 00 04 00 00 00 AE 16 00 00 00 00 00 00 00 00 00 00 00 00 00 00 00 00 00 00 00 00 00 00 00 00 00 00 00 00 00 00 00 00 00 00 00 00 00 00 00 00 00 00 00 00 00 00 00  
v2StsCode = 00

 --- Poll On Demand

2023/10/19 10:15:59.878 [TX] - 56 69 56 4F 74 65 63 68 32 00 01 01 00 01 01 D7 34 
2023/10/19 10:16:00.320 [RX] - 56 69 56 4F 74 65 63 68 32 00 01 00 00 00 12 53 00 00 00 00 00 00 00 00 00 00 00 00 00 00 00 00 00 00 00 00 00 00 00 00 00 00 00 00 00 00 00 00 00 00 00 00 00 00 00 00 00 00 00 00 00 00 00  
v2StsCode = 00

 --- PT Stop

2023/10/19 10:16:00.340 [TX] - 56 69 56 4F 74 65 63 68 32 00 2C 01 00 01 00 38 0D 
2023/10/19 10:16:00.625 [RX] - 56 69 56 4F 74 65 63 68 32 00 2C 0C 00 00 69 FA 00 00 00 00 00 00 00 00 00 00 00 00 00 00 00 00 00 00 00 00 00 00 00 00 00 00 00 00 00 00 00 00 00 00 00 00 00 00 00 00 00 00 00 00 00 00 00  
v2StsCode = 0C

 

 Result = PASSED
 ---------- END OF TEST ----------

 

 MASTER RESULT = PASSED


Docklight Log File (HEX) - Stopped 2023/10/19 10:16:02.978 

