Docklight Log File (HEX) - Started 2020/9/28 10:46:17.338 
 TEST CASE: ECT11-3

 --- Set POS COM PORT Settings
 Set POS COM PORT...
 POS operating on COM90 @ 115200 baud...
 Set POS COM PORT - COMPLETE

 Erase All Keys...

2020/9/28 10:46:18.579 [TX] - 56 69 56 4F 74 65 63 68 32 00 83 00 00 00 03 22 
2020/9/28 10:46:18.585 [RX] - 56 69 56 4F 74 65 63 68 32 00 83 00 00 00 22 03 00 00 00 00 00 00 00 00 00 00 00 00 00 00 00 00 00 00 00 00 00 00 00 00 00 00 00 00 00 00 00 00 00 00 00 00 00 00 00 00 00 00 00 00 00 00 00  

 Set DUKPT Key Encryption Type...

2020/9/28 10:46:19.091 [TX] - 56 69 56 4F 74 65 63 68 32 00 C7 32 00 01 00 6D FE 
2020/9/28 10:46:19.097 [RX] - 56 69 56 4F 74 65 63 68 32 00 C7 00 00 00 86 6E 00 00 00 00 00 00 00 00 00 00 00 00 00 00 00 00 00 00 00 00 00 00 00 00 00 00 00 00 00 00 00 00 00 00 00 00 00 00 00 00 00 00 00 00 00 00 00  

 Get DUKPT Key Encryption Type...

2020/9/28 10:46:19.604 [TX] - 56 69 56 4F 74 65 63 68 32 00 C7 33 00 00 1A 9B 
2020/9/28 10:46:19.609 [RX] - 56 69 56 4F 74 65 63 68 32 00 C7 00 00 01 00 AC 7F 00 00 00 00 00 00 00 00 00 00 00 00 00 00 00 00 00 00 00 00 00 00 00 00 00 00 00 00 00 00 00 00 00 00 00 00 00 00 00 00 00 00 00 00 00 00  
OK!
 

 Loading DUKPT key...

2020/9/28 10:46:20.118 [TX] - 56 69 56 4F 74 65 63 68 32 00 80 00 00 65 30 43 46 35 35 34 43 32 46 30 45 45 41 41 30 30 38 38 4B 30 54 44 30 30 4E 30 30 30 30 30 30 38 30 32 41 38 34 46 44 44 36 33 39 31 35 44 43 41 45 42 46 38 37 37 35 34 33 32 32 44 32 36 37 42 41 33 34 34 31 38 33 41 42 39 41 32 35 36 37 39 30 32 33 34 39 38 37 31 32 30 32 33 34 30 30 30 30 30 30 30 30 C2 98 
2020/9/28 10:46:20.129 [RX] - 56 69 56 4F 74 65 63 68 32 00 80 00 00 00 B9 DF 00 00 00 00 00 00 00 00 00 00 00 00 00 00 00 00 00 00 00 00 00 00 00 00 00 00 00 00 00 00 00 00 00 00 00 00 00 00 00 00 00 00 00 00 00 00 00 
2020/9/28 10:46:20.634 [TX] - 56 69 56 4F 74 65 63 68 32 00 80 00 00 65 31 35 43 44 42 38 31 32 46 30 45 45 41 41 30 30 38 38 4B 30 54 44 30 30 4E 30 30 30 30 30 30 38 30 39 32 36 39 41 34 33 36 39 42 36 43 37 45 33 42 35 36 37 32 39 38 33 41 36 36 32 46 36 31 30 33 32 35 37 32 39 32 33 36 33 37 38 33 30 33 33 36 32 33 41 39 39 37 31 32 36 32 33 34 30 30 30 30 30 30 30 30 AA E9 
2020/9/28 10:46:20.645 [RX] - 56 69 56 4F 74 65 63 68 32 00 80 00 00 00 B9 DF 00 00 00 00 00 00 00 00 00 00 00 00 00 00 00 00 00 00 00 00 00 00 00 00 00 00 00 00 00 00 00 00 00 00 00 00 00 00 00 00 00 00 00 00 00 00 00 
2020/9/28 10:46:21.151 [TX] - 56 69 56 4F 74 65 63 68 32 00 80 01 00 58 41 30 30 38 38 4B 30 54 44 30 30 4E 30 30 30 30 42 39 34 38 46 37 42 33 34 43 41 44 37 32 36 42 41 37 37 43 39 43 34 41 38 30 37 37 39 42 42 38 36 42 42 43 33 37 34 30 31 31 42 42 45 33 39 45 30 36 46 34 46 36 41 37 44 44 36 46 37 32 30 45 37 31 33 44 45 39 34 41 A0 6B 
2020/9/28 10:46:21.161 [RX] - 56 69 56 4F 74 65 63 68 32 00 80 00 00 00 B9 DF 00 00 00 00 00 00 00 00 00 00 00 00 00 00 00 00 00 00 00 00 00 00 00 00 00 00 00 00 00 00 00 00 00 00 00 00 00 00 00 00 00 00 00 00 00 00 00 
2020/9/28 10:46:21.666 [TX] - 56 69 56 4F 74 65 63 68 32 00 81 00 00 71 05 41 30 31 31 32 44 30 54 45 30 30 4E 30 31 30 30 4B 53 31 38 46 46 46 46 39 38 37 36 35 34 33 32 31 30 45 30 30 30 30 30 37 43 45 37 34 45 39 30 30 35 33 43 41 38 45 45 42 43 33 37 42 35 37 30 36 38 31 45 35 42 32 37 36 31 34 38 43 33 45 37 34 34 41 42 43 44 36 44 34 43 35 33 36 43 37 46 34 46 36 37 44 37 46 32 32 44 33 39 34 45 44 42 A8 31 
2020/9/28 10:46:21.689 [RX] - 56 69 56 4F 74 65 63 68 32 00 81 00 00 00 CF 6B 00 00 00 00 00 00 00 00 00 00 00 00 00 00 00 00 00 00 00 00 00 00 00 00 00 00 00 00 00 00 00 00 00 00 00 00 00 00 00 00 00 00 00 00 00 00 00  
OK!
 

 --- Data Encryption: Enable

2020/9/28 10:46:22.205 [TX] - 56 69 56 4F 74 65 63 68 32 00 C7 36 00 01 03 97 6C 
2020/9/28 10:46:22.213 [RX] - 56 69 56 4F 74 65 63 68 32 00 C7 00 00 00 86 6E 00 00 00 00 00 00 00 00 00 00 00 00 00 00 00 00 00 00 00 00 00 00 00 00 00 00 00 00 00 00 00 00 00 00 00 00 00 00 00 00 00 00 00 00 00 00 00  

 --- Auto Poll

2020/9/28 10:46:22.225 [TX] - 56 69 56 4F 74 65 63 68 32 00 01 01 00 01 00 F6 24 
2020/9/28 10:46:22.233 [RX] - 56 69 56 4F 74 65 63 68 32 00 01 00 00 00 12 53 00 00 00 00 00 00 00 00 00 00 00 00 00 00 00 00 00 00 00 00 00 00 00 00 00 00 00 00 00 00 00 00 00 00 00 00 00 00 00 00 00 00 00 00 00 00 00  

 --- Burst mode Off

2020/9/28 10:46:22.745 [TX] - 56 69 56 4F 74 65 63 68 32 00 04 00 00 04 FF F7 01 00 B9 2E 
2020/9/28 10:46:22.753 [RX] - 56 69 56 4F 74 65 63 68 32 00 04 00 00 00 AE 16 00 00 00 00 00 00 00 00 00 00 00 00 00 00 00 00 00 00 00 00 00 00 00 00 00 00 00 00 00 00 00 00 00 00 00 00 00 00 00 00 00 00 00 00 00 00 00  

 --- 03-00 Get Transaction Result

2020/9/28 10:46:32.135 [TX] - 56 69 56 4F 74 65 63 68 32 00 03 40 00 00 96 E2 
2020/9/28 10:46:32.141 [RX] - 56 69 56 4F 74 65 63 68 32 00 03 23 01 B9 D1 FF EE 12 0A FF FF 98 76 54 32 10 E0 00 01 9A 03 14 08 10 9F 21 03 12 02 24 9F 37 04 8A 91 90 CC 9F 6A 04 00 00 00 45 9C 01 00 9F 39 01 91 FF EE 01 04 DF 30 01 00 DF 81 16 16 1E 04 00 00 00 65 6E 00 00 00 00 00 00 00 00 00 00 00 00 00 00 00 DF 81 29 08 30 F0 F0 00 30 F0 FF 00 FF 81 06 46 DF 81 15 06 00 00 00 00 00 FF 9F 6E 07 08 40 00 00 30 30 00 DF 81 2A C1 18 3A BC A5 2B 6E 38 83 B9 0D 1E 41 0E F3 7A B1 E4 A6 CF A9 AF B6 36 05 35 DF 81 2B C1 10 A4 70 56 06 61 E2 F1 AB 8E 9F 92 3B ED 26 A7 8B FF 81 05 81 D2 9F 02 06 00 00 00 00 00 01 9F 6D 02 00 01 50 10 44 65 62 69 74 20 4D 61 73 74 65 72 43 61 72 64 9F 12 10 44 65 62 69 74 20 4D 61 73 74 65 72 43 61 72 64 84 07 A0 00 00 00 04 10 10 9F 11 01 01 56 A1 29 2A 35 31 32 38 2A 2A 2A 2A 2A 2A 2A 2A 38 31 37 31 5E 20 2F 5E 31 38 30 33 36 32 32 2A 2A 2A 2A 2A 2A 2A 2A 2A 2A 2A 2A 2A 56 C1 30 99 4E 9E 71 26 1A A5 09 80 DC 10 49 ED A5 B5 8A 46 57 2E 38 53 BF B4 A7 C6 F8 69 58 FE 9D F5 FB D5 D5 66 B5 A5 7A 7C A1 3C CB 5C CF BC B6 34 91  Tag 56 9F 6B A1 13 51 28 CC CC CC CC 81 71 D1 80 36 22 CC CC CC CC CC CC CC 9F 6B C1 18 89 FF FD 59 86 D4 98 05 51 AF FD D7 D5 88 6D B3 CE 49 91 50 FD 07 9B 46  Tag 9F6B DF EF 4C 06 00 27 00 00 00 00 DF EF 4D 28 DF 88 85 DD 63 74 76 92 BE 90 DD 56 C0 AF CB 10 6B 43 C5 B8 AE BF 77 83 89 59 36 E4 DF C4 A0 D9 29 04 B6 68 43 B0 B8 75 DF EE 26 01 D1 BF AD 00 00 00 00 00 00 00 00 00 00 00 00 00 00 00 00 00 00 00 00 00 00 00 00 00 00 00 00 00 00 00 00 00 00 00 00 00 00 00 00 00 00 00 00 00 00 00  
---------- END OF TEST ----------

 Result = PASSED
 

 MASTER RESULT = PASSED


Docklight Log File (HEX) - Stopped 2020/9/28 10:46:32.760 

