Docklight Log File (HEX) - Started 10/15/2008 14:24:54.23 
 --- Row 1 Button1

10/15/2008 14:24:54.24 [TX] - 56 69 56 4F 74 65 63 68 32 00 83 05 00 12 30 00 30 00 37 38 00 35 32 00 31 00 31 00 33 00 31 00 D9 8C 
10/15/2008 14:24:54.54 [RX] - 56 69 56 4F 74 65 63 68 32 00 83 00 00 00 22 03  --- Row 1 Button2

10/15/2008 14:24:54.76 [TX] - 56 69 56 4F 74 65 63 68 32 00 83 05 00 13 37 39 00 30 00 37 38 00 35 32 00 31 00 31 00 32 00 32 00 E5 ED 
10/15/2008 14:24:55.04 [RX] - 56 69 56 4F 74 65 63 68 32 00 83 00 00 00 22 03  --- Row 1 Button3

10/15/2008 14:24:55.27 [TX] - 56 69 56 4F 74 65 63 68 32 00 83 05 00 14 31 35 38 00 30 00 37 38 00 35 32 00 31 00 31 00 32 00 33 00 C4 FE 
10/15/2008 14:24:55.54 [RX] - 56 69 56 4F 74 65 63 68 32 00 83 00 00 00 22 03  --- Row 2 Button1

10/15/2008 14:24:55.81 [TX] - 56 69 56 4F 74 65 63 68 32 00 83 05 00 13 30 00 35 34 00 37 38 00 35 32 00 31 00 31 00 32 00 34 00 99 8A 
10/15/2008 14:24:56.09 [RX] - 56 69 56 4F 74 65 63 68 32 00 83 00 00 00 22 03  --- Row 2 Button2

10/15/2008 14:24:56.37 [TX] - 56 69 56 4F 74 65 63 68 32 00 83 05 00 14 37 39 00 35 34 00 37 38 00 35 32 00 31 00 31 00 32 00 35 00 1D 36 
10/15/2008 14:24:56.65 [RX] - 56 69 56 4F 74 65 63 68 32 00 83 00 00 00 22 03  --- Row 2 Button3

10/15/2008 14:24:56.90 [TX] - 56 69 56 4F 74 65 63 68 32 00 83 05 00 15 31 35 38 00 35 34 00 37 38 00 35 32 00 31 00 31 00 32 00 36 00 74 33 
10/15/2008 14:24:57.17 [RX] - 56 69 56 4F 74 65 63 68 32 00 83 00 00 00 22 03  --- Row 3 Button1

10/15/2008 14:24:57.43 [TX] - 56 69 56 4F 74 65 63 68 32 00 83 05 00 14 30 00 31 30 37 00 37 38 00 35 32 00 31 00 31 00 32 00 31 00 30 20 
10/15/2008 14:24:57.70 [RX] - 56 69 56 4F 74 65 63 68 32 00 83 00 00 00 22 03  --- Row 3 Button2

10/15/2008 14:24:57.96 [TX] - 56 69 56 4F 74 65 63 68 32 00 83 05 00 15 37 39 00 31 30 37 00 37 38 00 35 32 00 31 00 31 00 32 00 32 00 5C C4 
10/15/2008 14:24:58.25 [RX] - 56 69 56 4F 74 65 63 68 32 00 83 00 00 00 22 03  --- Row 3 Button3

10/15/2008 14:24:58.50 [TX] - 56 69 56 4F 74 65 63 68 32 00 83 05 00 16 31 35 38 00 31 30 37 00 37 38 00 35 32 00 31 00 31 00 32 00 33 00 5D 55 
10/15/2008 14:24:58.76 [RX] - 56 69 56 4F 74 65 63 68 32 00 83 00 00 00 22 03  --- Row 1 Button1

10/15/2008 14:24:59.03 [TX] - 56 69 56 4F 74 65 63 68 32 00 83 05 00 12 30 00 30 00 37 38 00 35 32 00 31 00 31 00 33 00 31 00 D9 8C 
10/15/2008 14:24:59.32 [RX] - 56 69 56 4F 74 65 63 68 32 00 83 00 00 00 22 03  --- Row 1 Button2

10/15/2008 14:24:59.53 [TX] - 56 69 56 4F 74 65 63 68 32 00 83 05 00 13 37 39 00 30 00 37 38 00 35 32 00 31 00 31 00 32 00 32 00 E5 ED 
10/15/2008 14:24:59.79 [RX] - 56 69 56 4F 74 65 63 68 32 00 83 00 00 00 22 03  --- Row 1 Button3

10/15/2008 14:25:00.04 [TX] - 56 69 56 4F 74 65 63 68 32 00 83 05 00 14 31 35 38 00 30 00 37 38 00 35 32 00 31 00 31 00 32 00 33 00 C4 FE 
10/15/2008 14:25:00.31 [RX] - 56 69 56 4F 74 65 63 68 32 00 83 00 00 00 22 03  --- Row 2 Button1

10/15/2008 14:25:00.56 [TX] - 56 69 56 4F 74 65 63 68 32 00 83 05 00 13 30 00 35 34 00 37 38 00 35 32 00 31 00 31 00 32 00 34 00 99 8A 
10/15/2008 14:25:00.82 [RX] - 56 69 56 4F 74 65 63 68 32 00 83 00 00 00 22 03  --- Row 2 Button2

10/15/2008 14:25:01.07 [TX] - 56 69 56 4F 74 65 63 68 32 00 83 05 00 14 37 39 00 35 34 00 37 38 00 35 32 00 31 00 31 00 32 00 35 00 1D 36 
10/15/2008 14:25:01.36 [RX] - 56 69 56 4F 74 65 63 68 32 00 83 00 00 00 22 03  --- Row 2 Button3

10/15/2008 14:25:01.59 [TX] - 56 69 56 4F 74 65 63 68 32 00 83 05 00 15 31 35 38 00 35 34 00 37 38 00 35 32 00 31 00 31 00 32 00 36 00 74 33 
10/15/2008 14:25:01.86 [RX] - 56 69 56 4F 74 65 63 68 32 00 83 00 00 00 22 03  --- Row 3 Button1

10/15/2008 14:25:02.11 [TX] - 56 69 56 4F 74 65 63 68 32 00 83 05 00 14 30 00 31 30 37 00 37 38 00 35 32 00 31 00 31 00 32 00 31 00 30 20 
10/15/2008 14:25:02.37 [RX] - 56 69 56 4F 74 65 63 68 32 00 83 00 00 00 22 03  --- Row 3 Button2

10/15/2008 14:25:02.64 [TX] - 56 69 56 4F 74 65 63 68 32 00 83 05 00 15 37 39 00 31 30 37 00 37 38 00 35 32 00 31 00 31 00 32 00 32 00 5C C4 
10/15/2008 14:25:02.92 [RX] - 56 69 56 4F 74 65 63 68 32 00 83 00 00 00 22 03  --- Row 3 Button3

10/15/2008 14:25:03.15 [TX] - 56 69 56 4F 74 65 63 68 32 00 83 05 00 16 31 35 38 00 31 30 37 00 37 38 00 35 32 00 31 00 31 00 32 00 33 00 5D 55 
10/15/2008 14:25:03.44 [RX] - 56 69 56 4F 74 65 63 68 32 00 83 00 00 00 22 03  --- Row 1 Button1

10/15/2008 14:25:03.69 [TX] - 56 69 56 4F 74 65 63 68 32 00 83 05 00 12 30 00 30 00 37 38 00 35 32 00 31 00 31 00 33 00 31 00 D9 8C 
10/15/2008 14:25:03.98 [RX] - 56 69 56 4F 74 65 63 68 32 00 83 00 00 00 22 03  --- Row 1 Button2

10/15/2008 14:25:04.22 [TX] - 56 69 56 4F 74 65 63 68 32 00 83 05 00 13 37 39 00 30 00 37 38 00 35 32 00 31 00 31 00 32 00 32 00 E5 ED 
10/15/2008 14:25:04.50 [RX] - 56 69 56 4F 74 65 63 68 32 00 83 00 00 00 22 03  --- Row 1 Button3

10/15/2008 14:25:04.75 [TX] - 56 69 56 4F 74 65 63 68 32 00 83 05 00 14 31 35 38 00 30 00 37 38 00 35 32 00 31 00 31 00 32 00 33 00 C4 FE 
10/15/2008 14:25:05.01 [RX] - 56 69 56 4F 74 65 63 68 32 00 83 00 00 00 22 03  --- Row 2 Button1

10/15/2008 14:25:05.28 [TX] - 56 69 56 4F 74 65 63 68 32 00 83 05 00 13 30 00 35 34 00 37 38 00 35 32 00 31 00 31 00 32 00 34 00 99 8A 
10/15/2008 14:25:05.55 [RX] - 56 69 56 4F 74 65 63 68 32 00 83 00 00 00 22 03  --- Row 2 Button2

10/15/2008 14:25:05.80 [TX] - 56 69 56 4F 74 65 63 68 32 00 83 05 00 14 37 39 00 35 34 00 37 38 00 35 32 00 31 00 31 00 32 00 35 00 1D 36 
10/15/2008 14:25:06.08 [RX] - 56 69 56 4F 74 65 63 68 32 00 83 00 00 00 22 03  --- Row 2 Button3

10/15/2008 14:25:06.31 [TX] - 56 69 56 4F 74 65 63 68 32 00 83 05 00 15 31 35 38 00 35 34 00 37 38 00 35 32 00 31 00 31 00 32 00 36 00 74 33 
10/15/2008 14:25:06.59 [RX] - 56 69 56 4F 74 65 63 68 32 00 83 00 00 00 22 03  --- Row 3 Button1

10/15/2008 14:25:06.84 [TX] - 56 69 56 4F 74 65 63 68 32 00 83 05 00 14 30 00 31 30 37 00 37 38 00 35 32 00 31 00 31 00 32 00 31 00 30 20 
10/15/2008 14:25:07.12 [RX] - 56 69 56 4F 74 65 63 68 32 00 83 00 00 00 22 03  --- Row 3 Button2

10/15/2008 14:25:07.36 [TX] - 56 69 56 4F 74 65 63 68 32 00 83 05 00 15 37 39 00 31 30 37 00 37 38 00 35 32 00 31 00 31 00 32 00 32 00 5C C4 
10/15/2008 14:25:07.63 [RX] - 56 69 56 4F 74 65 63 68 32 00 83 00 00 00 22 03  --- Row 3 Button3

10/15/2008 14:25:07.88 [TX] - 56 69 56 4F 74 65 63 68 32 00 83 05 00 16 31 35 38 00 31 30 37 00 37 38 00 35 32 00 31 00 31 00 32 00 33 00 5D 55 
10/15/2008 14:25:08.16 [RX] - 56 69 56 4F 74 65 63 68 32 00 83 00 00 00 22 03  --- Row 1 Button1

10/15/2008 14:25:08.39 [TX] - 56 69 56 4F 74 65 63 68 32 00 83 05 00 12 30 00 30 00 37 38 00 35 32 00 31 00 31 00 33 00 31 00 D9 8C 
10/15/2008 14:25:08.69 [RX] - 56 69 56 4F 74 65 63 68 32 00 83 00 00 00 22 03  --- Row 1 Button2

10/15/2008 14:25:08.91 [TX] - 56 69 56 4F 74 65 63 68 32 00 83 05 00 13 37 39 00 30 00 37 38 00 35 32 00 31 00 31 00 32 00 32 00 E5 ED 
10/15/2008 14:25:09.19 [RX] - 56 69 56 4F 74 65 63 68 32 00 83 00 00 00 22 03  --- Row 1 Button3

10/15/2008 14:25:09.42 [TX] - 56 69 56 4F 74 65 63 68 32 00 83 05 00 14 31 35 38 00 30 00 37 38 00 35 32 00 31 00 31 00 32 00 33 00 C4 FE 
10/15/2008 14:25:09.70 [RX] - 56 69 56 4F 74 65 63 68 32 00 83 00 00 00 22 03  --- Row 2 Button1

10/15/2008 14:25:09.94 [TX] - 56 69 56 4F 74 65 63 68 32 00 83 05 00 13 30 00 35 34 00 37 38 00 35 32 00 31 00 31 00 32 00 34 00 99 8A 
10/15/2008 14:25:10.22 [RX] - 56 69 56 4F 74 65 63 68 32 00 83 00 00 00 22 03  --- Row 2 Button2

10/15/2008 14:25:10.47 [TX] - 56 69 56 4F 74 65 63 68 32 00 83 05 00 14 37 39 00 35 34 00 37 38 00 35 32 00 31 00 31 00 32 00 35 00 1D 36 
10/15/2008 14:25:10.74 [RX] - 56 69 56 4F 74 65 63 68 32 00 83 00 00 00 22 03  --- Row 2 Button3

10/15/2008 14:25:11.00 [TX] - 56 69 56 4F 74 65 63 68 32 00 83 05 00 15 31 35 38 00 35 34 00 37 38 00 35 32 00 31 00 31 00 32 00 36 00 74 33 
10/15/2008 14:25:11.27 [RX] - 56 69 56 4F 74 65 63 68 32 00 83 00 00 00 22 03  --- Row 3 Button1

10/15/2008 14:25:11.53 [TX] - 56 69 56 4F 74 65 63 68 32 00 83 05 00 14 30 00 31 30 37 00 37 38 00 35 32 00 31 00 31 00 32 00 31 00 30 20 
10/15/2008 14:25:11.80 [RX] - 56 69 56 4F 74 65 63 68 32 00 83 00 00 00 22 03  --- Row 3 Button2

10/15/2008 14:25:12.07 [TX] - 56 69 56 4F 74 65 63 68 32 00 83 05 00 15 37 39 00 31 30 37 00 37 38 00 35 32 00 31 00 31 00 32 00 32 00 5C C4 
10/15/2008 14:25:12.35 [RX] - 56 69 56 4F 74 65 63 68 32 00 83 00 00 00 22 03  --- Row 3 Button3

10/15/2008 14:25:12.58 [TX] - 56 69 56 4F 74 65 63 68 32 00 83 05 00 16 31 35 38 00 31 30 37 00 37 38 00 35 32 00 31 00 31 00 32 00 33 00 5D 55 
10/15/2008 14:25:12.86 [RX] - 56 69 56 4F 74 65 63 68 32 00 83 00 00 00 22 03  --- Row 1 Button1

10/15/2008 14:25:13.10 [TX] - 56 69 56 4F 74 65 63 68 32 00 83 05 00 12 30 00 30 00 37 38 00 35 32 00 31 00 31 00 33 00 31 00 D9 8C 
10/15/2008 14:25:13.39 [RX] - 56 69 56 4F 74 65 63 68 32 00 83 00 00 00 22 03  --- Row 1 Button2

10/15/2008 14:25:13.63 [TX] - 56 69 56 4F 74 65 63 68 32 00 83 05 00 13 37 39 00 30 00 37 38 00 35 32 00 31 00 31 00 32 00 32 00 E5 ED 
10/15/2008 14:25:13.91 [RX] - 56 69 56 4F 74 65 63 68 32 00 83 00 00 00 22 03  --- Row 1 Button3

10/15/2008 14:25:14.14 [TX] - 56 69 56 4F 74 65 63 68 32 00 83 05 00 14 31 35 38 00 30 00 37 38 00 35 32 00 31 00 31 00 32 00 33 00 C4 FE 
10/15/2008 14:25:14.41 [RX] - 56 69 56 4F 74 65 63 68 32 00 83 00 00 00 22 03  --- Row 2 Button1

10/15/2008 14:25:14.66 [TX] - 56 69 56 4F 74 65 63 68 32 00 83 05 00 13 30 00 35 34 00 37 38 00 35 32 00 31 00 31 00 32 00 34 00 99 8A 
10/15/2008 14:25:14.94 [RX] - 56 69 56 4F 74 65 63 68 32 00 83 00 00 00 22 03  --- Row 2 Button2

10/15/2008 14:25:15.18 [TX] - 56 69 56 4F 74 65 63 68 32 00 83 05 00 14 37 39 00 35 34 00 37 38 00 35 32 00 31 00 31 00 32 00 35 00 1D 36 
10/15/2008 14:25:15.46 [RX] - 56 69 56 4F 74 65 63 68 32 00 83 00 00 00 22 03  --- Row 2 Button3

10/15/2008 14:25:15.69 [TX] - 56 69 56 4F 74 65 63 68 32 00 83 05 00 15 31 35 38 00 35 34 00 37 38 00 35 32 00 31 00 31 00 32 00 36 00 74 33 
10/15/2008 14:25:15.96 [RX] - 56 69 56 4F 74 65 63 68 32 00 83 00 00 00 22 03  --- Row 3 Button1

10/15/2008 14:25:16.21 [TX] - 56 69 56 4F 74 65 63 68 32 00 83 05 00 14 30 00 31 30 37 00 37 38 00 35 32 00 31 00 31 00 32 00 31 00 30 20 
10/15/2008 14:25:16.49 [RX] - 56 69 56 4F 74 65 63 68 32 00 83 00 00 00 22 03  --- Row 3 Button2

10/15/2008 14:25:16.72 [TX] - 56 69 56 4F 74 65 63 68 32 00 83 05 00 15 37 39 00 31 30 37 00 37 38 00 35 32 00 31 00 31 00 32 00 32 00 5C C4 
10/15/2008 14:25:17.01 [RX] - 56 69 56 4F 74 65 63 68 32 00 83 00 00 00 22 03  --- Row 3 Button3

10/15/2008 14:25:17.24 [TX] - 56 69 56 4F 74 65 63 68 32 00 83 05 00 16 31 35 38 00 31 30 37 00 37 38 00 35 32 00 31 00 31 00 32 00 33 00 5D 55 
10/15/2008 14:25:17.52 [RX] - 56 69 56 4F 74 65 63 68 32 00 83 00 00 00 22 03  --- Row 1 Button1

10/15/2008 14:25:17.77 [TX] - 56 69 56 4F 74 65 63 68 32 00 83 05 00 12 30 00 30 00 37 38 00 35 32 00 31 00 31 00 33 00 31 00 D9 8C 
10/15/2008 14:25:18.07 [RX] - 56 69 56 4F 74 65 63 68 32 00 83 00 00 00 22 03  --- Row 1 Button2

10/15/2008 14:25:18.30 [TX] - 56 69 56 4F 74 65 63 68 32 00 83 05 00 13 37 39 00 30 00 37 38 00 35 32 00 31 00 31 00 32 00 32 00 E5 ED 
10/15/2008 14:25:18.58 [RX] - 56 69 56 4F 74 65 63 68 32 00 83 00 00 00 22 03  --- Row 1 Button3

10/15/2008 14:25:18.83 [TX] - 56 69 56 4F 74 65 63 68 32 00 83 05 00 14 31 35 38 00 30 00 37 38 00 35 32 00 31 00 31 00 32 00 33 00 C4 FE 
10/15/2008 14:25:19.10 [RX] - 56 69 56 4F 74 65 63 68 32 00 83 00 00 00 22 03  --- Row 2 Button1

10/15/2008 14:25:19.37 [TX] - 56 69 56 4F 74 65 63 68 32 00 83 05 00 13 30 00 35 34 00 37 38 00 35 32 00 31 00 31 00 32 00 34 00 99 8A 
10/15/2008 14:25:19.63 [RX] - 56 69 56 4F 74 65 63 68 32 00 83 00 00 00 22 03  --- Row 2 Button2

10/15/2008 14:25:19.90 [TX] - 56 69 56 4F 74 65 63 68 32 00 83 05 00 14 37 39 00 35 34 00 37 38 00 35 32 00 31 00 31 00 32 00 35 00 1D 36 
10/15/2008 14:25:20.18 [RX] - 56 69 56 4F 74 65 63 68 32 00 83 00 00 00 22 03  --- Row 2 Button3

10/15/2008 14:25:20.41 [TX] - 56 69 56 4F 74 65 63 68 32 00 83 05 00 15 31 35 38 00 35 34 00 37 38 00 35 32 00 31 00 31 00 32 00 36 00 74 33 
10/15/2008 14:25:20.68 [RX] - 56 69 56 4F 74 65 63 68 32 00 83 00 00 00 22 03  --- Row 3 Button1

10/15/2008 14:25:20.93 [TX] - 56 69 56 4F 74 65 63 68 32 00 83 05 00 14 30 00 31 30 37 00 37 38 00 35 32 00 31 00 31 00 32 00 31 00 30 20 
10/15/2008 14:25:21.21 [RX] - 56 69 56 4F 74 65 63 68 32 00 83 00 00 00 22 03  --- Row 3 Button2

10/15/2008 14:25:21.45 [TX] - 56 69 56 4F 74 65 63 68 32 00 83 05 00 15 37 39 00 31 30 37 00 37 38 00 35 32 00 31 00 31 00 32 00 32 00 5C C4 
10/15/2008 14:25:21.73 [RX] - 56 69 56 4F 74 65 63 68 32 00 83 00 00 00 22 03  --- Row 3 Button3

10/15/2008 14:25:21.96 [TX] - 56 69 56 4F 74 65 63 68 32 00 83 05 00 16 31 35 38 00 31 30 37 00 37 38 00 35 32 00 31 00 31 00 32 00 33 00 5D 55 
10/15/2008 14:25:22.24 [RX] - 56 69 56 4F 74 65 63 68 32 00 83 00 00 00 22 03  --- Row 1 Button1

10/15/2008 14:25:22.48 [TX] - 56 69 56 4F 74 65 63 68 32 00 83 05 00 12 30 00 30 00 37 38 00 35 32 00 31 00 31 00 33 00 31 00 D9 8C 
10/15/2008 14:25:22.77 [RX] - 56 69 56 4F 74 65 63 68 32 00 83 00 00 00 22 03  --- Row 1 Button2

10/15/2008 14:25:22.99 [TX] - 56 69 56 4F 74 65 63 68 32 00 83 05 00 13 37 39 00 30 00 37 38 00 35 32 00 31 00 31 00 32 00 32 00 E5 ED 
10/15/2008 14:25:23.27 [RX] - 56 69 56 4F 74 65 63 68 32 00 83 00 00 00 22 03  --- Row 1 Button3

10/15/2008 14:25:23.51 [TX] - 56 69 56 4F 74 65 63 68 32 00 83 05 00 14 31 35 38 00 30 00 37 38 00 35 32 00 31 00 31 00 32 00 33 00 C4 FE 
10/15/2008 14:25:23.77 [RX] - 56 69 56 4F 74 65 63 68 32 00 83 00 00 00 22 03  --- Row 2 Button1

10/15/2008 14:25:24.02 [TX] - 56 69 56 4F 74 65 63 68 32 00 83 05 00 13 30 00 35 34 00 37 38 00 35 32 00 31 00 31 00 32 00 34 00 99 8A 
10/15/2008 14:25:24.31 [RX] - 56 69 56 4F 74 65 63 68 32 00 83 00 00 00 22 03  --- Row 2 Button2

10/15/2008 14:25:24.56 [TX] - 56 69 56 4F 74 65 63 68 32 00 83 05 00 14 37 39 00 35 34 00 37 38 00 35 32 00 31 00 31 00 32 00 35 00 1D 36 
10/15/2008 14:25:24.84 [RX] - 56 69 56 4F 74 65 63 68 32 00 83 00 00 00 22 03  --- Row 2 Button3

10/15/2008 14:25:25.09 [TX] - 56 69 56 4F 74 65 63 68 32 00 83 05 00 15 31 35 38 00 35 34 00 37 38 00 35 32 00 31 00 31 00 32 00 36 00 74 33 
10/15/2008 14:25:25.35 [RX] - 56 69 56 4F 74 65 63 68 32 00 83 00 00 00 22 03  --- Row 3 Button1

10/15/2008 14:25:25.62 [TX] - 56 69 56 4F 74 65 63 68 32 00 83 05 00 14 30 00 31 30 37 00 37 38 00 35 32 00 31 00 31 00 32 00 31 00 30 20 
10/15/2008 14:25:25.89 [RX] - 56 69 56 4F 74 65 63 68 32 00 83 00 00 00 22 03  --- Row 3 Button2

10/15/2008 14:25:26.15 [TX] - 56 69 56 4F 74 65 63 68 32 00 83 05 00 15 37 39 00 31 30 37 00 37 38 00 35 32 00 31 00 31 00 32 00 32 00 5C C4 
10/15/2008 14:25:26.43 [RX] - 56 69 56 4F 74 65 63 68 32 00 83 00 00 00 22 03  --- Row 3 Button3

10/15/2008 14:25:26.68 [TX] - 56 69 56 4F 74 65 63 68 32 00 83 05 00 16 31 35 38 00 31 30 37 00 37 38 00 35 32 00 31 00 31 00 32 00 33 00 5D 55 
10/15/2008 14:25:26.96 [RX] - 56 69 56 4F 74 65 63 68 32 00 83 00 00 00 22 03  --- Row 1 Button1

10/15/2008 14:25:27.21 [TX] - 56 69 56 4F 74 65 63 68 32 00 83 05 00 12 30 00 30 00 37 38 00 35 32 00 31 00 31 00 33 00 31 00 D9 8C 
10/15/2008 14:25:27.51 [RX] - 56 69 56 4F 74 65 63 68 32 00 83 00 00 00 22 03  --- Row 1 Button2

10/15/2008 14:25:27.73 [TX] - 56 69 56 4F 74 65 63 68 32 00 83 05 00 13 37 39 00 30 00 37 38 00 35 32 00 31 00 31 00 32 00 32 00 E5 ED 
10/15/2008 14:25:28.00 [RX] - 56 69 56 4F 74 65 63 68 32 00 83 00 00 00 22 03  --- Row 1 Button3

10/15/2008 14:25:28.25 [TX] - 56 69 56 4F 74 65 63 68 32 00 83 05 00 14 31 35 38 00 30 00 37 38 00 35 32 00 31 00 31 00 32 00 33 00 C4 FE 
10/15/2008 14:25:28.53 [RX] - 56 69 56 4F 74 65 63 68 32 00 83 00 00 00 22 03  --- Row 2 Button1

10/15/2008 14:25:28.76 [TX] - 56 69 56 4F 74 65 63 68 32 00 83 05 00 13 30 00 35 34 00 37 38 00 35 32 00 31 00 31 00 32 00 34 00 99 8A 
10/15/2008 14:25:29.03 [RX] - 56 69 56 4F 74 65 63 68 32 00 83 00 00 00 22 03  --- Row 2 Button2

10/15/2008 14:25:29.28 [TX] - 56 69 56 4F 74 65 63 68 32 00 83 05 00 14 37 39 00 35 34 00 37 38 00 35 32 00 31 00 31 00 32 00 35 00 1D 36 
10/15/2008 14:25:29.56 [RX] - 56 69 56 4F 74 65 63 68 32 00 83 00 00 00 22 03  --- Row 2 Button3

10/15/2008 14:25:29.79 [TX] - 56 69 56 4F 74 65 63 68 32 00 83 05 00 15 31 35 38 00 35 34 00 37 38 00 35 32 00 31 00 31 00 32 00 36 00 74 33 
10/15/2008 14:25:30.08 [RX] - 56 69 56 4F 74 65 63 68 32 00 83 00 00 00 22 03  --- Row 3 Button1

10/15/2008 14:25:30.31 [TX] - 56 69 56 4F 74 65 63 68 32 00 83 05 00 14 30 00 31 30 37 00 37 38 00 35 32 00 31 00 31 00 32 00 31 00 30 20 
10/15/2008 14:25:30.58 [RX] - 56 69 56 4F 74 65 63 68 32 00 83 00 00 00 22 03  --- Row 3 Button2

10/15/2008 14:25:30.83 [TX] - 56 69 56 4F 74 65 63 68 32 00 83 05 00 15 37 39 00 31 30 37 00 37 38 00 35 32 00 31 00 31 00 32 00 32 00 5C C4 
10/15/2008 14:25:31.11 [RX] - 56 69 56 4F 74 65 63 68 32 00 83 00 00 00 22 03  --- Row 3 Button3

10/15/2008 14:25:31.36 [TX] - 56 69 56 4F 74 65 63 68 32 00 83 05 00 16 31 35 38 00 31 30 37 00 37 38 00 35 32 00 31 00 31 00 32 00 33 00 5D 55 
10/15/2008 14:25:31.64 [RX] - 56 69 56 4F 74 65 63 68 32 00 83 00 00 00 22 03  --- Row 1 Button1

10/15/2008 14:25:31.89 [TX] - 56 69 56 4F 74 65 63 68 32 00 83 05 00 12 30 00 30 00 37 38 00 35 32 00 31 00 31 00 33 00 31 00 D9 8C 
10/15/2008 14:25:32.19 [RX] - 56 69 56 4F 74 65 63 68 32 00 83 00 00 00 22 03  --- Row 1 Button2

10/15/2008 14:25:32.42 [TX] - 56 69 56 4F 74 65 63 68 32 00 83 05 00 13 37 39 00 30 00 37 38 00 35 32 00 31 00 31 00 32 00 32 00 E5 ED 
10/15/2008 14:25:32.70 [RX] - 56 69 56 4F 74 65 63 68 32 00 83 00 00 00 22 03  --- Row 1 Button3

10/15/2008 14:25:32.95 [TX] - 56 69 56 4F 74 65 63 68 32 00 83 05 00 14 31 35 38 00 30 00 37 38 00 35 32 00 31 00 31 00 32 00 33 00 C4 FE 
10/15/2008 14:25:33.22 [RX] - 56 69 56 4F 74 65 63 68 32 00 83 00 00 00 22 03  --- Row 2 Button1

10/15/2008 14:25:33.48 [TX] - 56 69 56 4F 74 65 63 68 32 00 83 05 00 13 30 00 35 34 00 37 38 00 35 32 00 31 00 31 00 32 00 34 00 99 8A 
10/15/2008 14:25:33.75 [RX] - 56 69 56 4F 74 65 63 68 32 00 83 00 00 00 22 03  --- Row 2 Button2

10/15/2008 14:25:34.00 [TX] - 56 69 56 4F 74 65 63 68 32 00 83 05 00 14 37 39 00 35 34 00 37 38 00 35 32 00 31 00 31 00 32 00 35 00 1D 36 
10/15/2008 14:25:34.28 [RX] - 56 69 56 4F 74 65 63 68 32 00 83 00 00 00 22 03  --- Row 2 Button3

10/15/2008 14:25:34.55 [TX] - 56 69 56 4F 74 65 63 68 32 00 83 05 00 15 31 35 38 00 35 34 00 37 38 00 35 32 00 31 00 31 00 32 00 36 00 74 33 
10/15/2008 14:25:34.83 [RX] - 56 69 56 4F 74 65 63 68 32 00 83 00 00 00 22 03  --- Row 3 Button1

10/15/2008 14:25:35.06 [TX] - 56 69 56 4F 74 65 63 68 32 00 83 05 00 14 30 00 31 30 37 00 37 38 00 35 32 00 31 00 31 00 32 00 31 00 30 20 
10/15/2008 14:25:35.34 [RX] - 56 69 56 4F 74 65 63 68 32 00 83 00 00 00 22 03  --- Row 3 Button2

10/15/2008 14:25:35.58 [TX] - 56 69 56 4F 74 65 63 68 32 00 83 05 00 15 37 39 00 31 30 37 00 37 38 00 35 32 00 31 00 31 00 32 00 32 00 5C C4 
10/15/2008 14:25:35.86 [RX] - 56 69 56 4F 74 65 63 68 32 00 83 00 00 00 22 03  --- Row 3 Button3

10/15/2008 14:25:36.09 [TX] - 56 69 56 4F 74 65 63 68 32 00 83 05 00 16 31 35 38 00 31 30 37 00 37 38 00 35 32 00 31 00 31 00 32 00 33 00 5D 55 
10/15/2008 14:25:36.36 [RX] - 56 69 56 4F 74 65 63 68 32 00 83 00 00 00 22 03  Result = PASSED


Docklight Log File (HEX) - Stopped 10/15/2008 14:25:39.19 

