Docklight Log File (HEX) - Started 2025/6/6 16:34:14.068 
 TEST CASE: AC025

 --- Set POS COM PORT Settings
 Set POS COM PORT...
 POS operating on COM90 @ 115200 baud...
 Set POS COM PORT - COMPLETE

 --- Poll on Demand

2025/6/6 16:34:15.375 [TX] - 56 69 56 4F 74 65 63 68 32 00 01 01 00 01 01 D7 34 
2025/6/6 16:34:15.388 [RX] - 56 69 56 4F 74 65 63 68 32 00 01 00 00 00 12 53 00 00 00 00 00 00 00 00 00 00 00 00 00 00 00 00 00 00 00 00 00 00 00 00 00 00 00 00 00 00 00 00 00 00 00 00 00 00 00 00 00 00 00 00 00 00 00  

 --- Burst Off

2025/6/6 16:34:15.402 [TX] - 56 69 56 4F 74 65 63 68 32 00 04 00 00 05 DF EE 7E 01 00 60 1E 
2025/6/6 16:34:15.537 [RX] - 56 69 56 4F 74 65 63 68 32 00 04 00 00 00 AE 16 00 00 00 00 00 00 00 00 00 00 00 00 00 00 00 00 00 00 00 00 00 00 00 00 00 00 00 00 00 00 00 00 00 00 00 00 00 00 00 00 00 00 00 00 00 00 00  

 --- Activate Transaction (02-40)

2025/6/6 16:34:22.589 [TX] - 56 69 56 4F 74 65 63 68 32 00 02 40 00 15 0A 9F 02 06 00 00 00 00 10 00 9A 03 07 11 21 9F 21 03 10 15 20 5E 34 
2025/6/6 16:34:22.616 [RX] - 56 69 56 4F 74 65 63 68 32 00 02 63 00 00 4B B4 00 00 00 00 00 00 00 00 00 00 00 00 00 00 00 00 00 00 00 00 00 00 00 00 00 00 00 00 00 00 00 00 00 00 00 00 00 00 00 00 00 00 00 00 00 00 00 56 69 56 4F 74 65 63 68 32 00 61 01 00 10 03 00 00 02 00 45 4E 03 00 82 57 1C 02 00 00 60 FB 9A 00 00 00 00 00 00 00 00 00 00 00 00 00 00 00 00 00 00 00 00 00 00 00 00 00 00 00 00 00 00 00 56 69 56 4F 74 65 63 68 32 00 61 01 00 1A 04 00 00 02 00 45 4E 0D 00 84 01 1C 04 24 1C 04 31 30 2E 30 30 1C 02 00 F4 21 DF 2B 00 00 00 00 00 00 00 00 00 00 00 00 00 00 00 00 00 00 00 00 00 56 69 56 4F 74 65 63 68 32 00 61 01 00 10 03 00 00 02 00 45 4E 03 00 82 1A 1C 02 00 F4 21 58 29 00 00 00 00 00 00 00 00 00 00 00 00 00 00 00 00 00 00 00 00 00 00 00 00 00 00 00 00 00 00 00 56 69 56 4F 74 65 63 68 32 00 61 01 00 10 03 00 00 02 00 45 4E 03 00 82 68 1C 02 00 F4 21 96 F5 00 00 00 00 00 00 00 00 00 00 00 00 00 00 00 00 00 00 00 00 00 00 00 00 00 00 00 00 00 00 00 56 69 56 4F 74 65 63 68 32 00 61 01 00 10 03 00 00 02 00 45 4E 03 00 82 15 1C 02 00 F4 21 9D 2A 00 00 00 00 00 00 00 00 00 00 00 00 00 00 00 00 00 00 00 00 00 00 00 00 00 00 00 00 00 00 00 56 69 56 4F 74 65 63 68 32 00 61 01 00 10 03 00 00 02 00 45 4E 03 00 82 7A 1C 02 00 F4 21 07 31 00 00 00 00 00 00 00 00 00 00 00 00 00 00 00 00 00 00 00 00 00 00 00 00 00 00 00 00 00 00 00 56 69 56 4F 74 65 63 68 32 00 02 23 02 37 21 DF EE 26 02 21 00 DF EF 4C 06 00 00 00 00 00 00 DF EF 4D 00 DF 81 16 16 17 04 00 01 2C 00 00 00 00 00 00 00 00 00 00 00 00 00 00 00 00 00 DF 81 29 08 30 F0 F0 F0 B0 F0 FF 00 FF 81 06 0A DF 81 15 06 00 00 00 00 00 FF FF 81 05 82 01 65 4F 08 A0 00 00 03 33 01 01 01 50 0C 50 42 4F 43 20 54 45 53 54 20 30 31 57 13 62 28 00 01 00 00 11 17 D2 01 21 20 00 12 33 99 00 03 1F 5A 08 62 28 00 01 00 00 11 17 5F 24 03 20 12 31 5F 2A 02 08 40 5F 2D 04 7A 68 65 6E 5F 34 01 01 82 02 30 00 84 08 A0 00 00 03 33 01 01 01 95 05 00 00 00 00 00 9A 03 07 11 21 9B 02 00 00 9C 01 00 9F 02 06 00 00 00 00 10 00 9F 03 06 00 00 00 00 00 00 9F 06 08 A0 00 00 03 33 01 01 01 9F 09 02 00 02 9F 10 13 07 01 01 03 90 00 00 01 0A 01 00 00 02 00 00 AA BB CC DD 9F 11 01 01 9F 12 0C 50 72 65 66 20 4E 61 6D 65 20 30 31 9F 1A 02 08 40 9F 1E 08 30 54 33 37 39 32 30 36 9F 21 03 10 15 20 9F 26 08 AA BB CC DD EE FF 11 22 9F 27 01 40 9F 2A 01 07 9F 33 03 00 68 C8 9F 34 03 1F 00 02 9F 35 01 25 9F 36 02 00 03 9F 37 04 42 71 E1 84 9F 39 01 07 9F 40 05 F0 00 B0 A0 01 9F 41 04 00 00 00 15 9F 45 02 00 00 9F 4C 08 00 00 00 00 00 00 00 00 9F 4E 14 D2 F8 BC EC D6 D0 D0 C4 20 42 43 54 43 26 30 31 30 32 30 33 9F 5D 06 00 00 00 01 00 00 9F 66 04 67 00 40 80 9F 6C 02 20 00 9F 74 06 45 43 43 31 31 31 DF EE 52 01 00 DF 81 26 06 00 00 00 01 20 00 DF 81 16 16 1B 00 00 00 00 00 00 00 00 00 00 00 00 20 00 00 00 01 00 00 00 00 DF EF 73 01 01 DF EF 7F 01 CC DF EC 3F 02 63 CC FF EE 01 0A DF EE 30 01 00 DF EE 5B 01 05 DF EE 4C 01 11 DF EC 1C 1E 08 03 00 04 FF 00 1B 00 00 00 00 01 00 00 00 01 00 00 00 00 00 00 00 00 00 00 00 00 FF 00 DF EC 11 20 49 6D 00 68 50 9C DC 35 EC 07 CE A8 5C 6E F0 2E 17 CC B2 E6 BA F8 08 CD 5C 90 B2 F8 A3 4C 09 77 73 9D 00 00 00 00 00 00 00 00 00 00 00 00 00 00 00 00 00 00 00 00 00 00 00 00 00 00 00 00 00 00 00 00 00 00 00 00 00 00 00 00 00 00 00 00 00 00 00  

 ---------- END OF TEST ----------

 Result = PASSED


Docklight Log File (HEX) - Stopped 2025/6/6 16:34:23.889 

