Docklight Log File (HEX) - Started 2024/3/19 13:14:10.409 
 TEST CASE: PM200-2

 --- Set POS COM PORT Settings
 Set POS COM PORT...
 POS operating on COM90 @ 115200 baud...
 Set POS COM PORT - COMPLETE

 --- 01-14 = 00

2024/3/19 13:14:13.636 [TX] - 56 69 56 4F 74 65 63 68 32 00 01 14 00 01 00 14 83 
2024/3/19 13:14:13.643 [RX] - 56 69 56 4F 74 65 63 68 32 00 01 00 00 00 12 53 00 00 00 00 00 00 00 00 00 00 00 00 00 00 00 00 00 00 00 00 00 00 00 00 00 00 00 00 00 00 00 00 00 00 00 00 00 00 00 00 00 00 00 00 00 00 00  

 --- Poll On Demand

2024/3/19 13:14:14.167 [TX] - 56 69 56 4F 74 65 63 68 32 00 01 01 00 01 01 D7 34 
2024/3/19 13:14:14.176 [RX] - 56 69 56 4F 74 65 63 68 32 00 01 00 00 00 12 53 00 00 00 00 00 00 00 00 00 00 00 00 00 00 00 00 00 00 00 00 00 00 00 00 00 00 00 00 00 00 00 00 00 00 00 00 00 00 00 00 00 00 00 00 00 00 00  

 --- Burst OFF

2024/3/19 13:14:14.686 [TX] - 56 69 56 4F 74 65 63 68 32 00 04 00 00 04 FF F7 01 00 B9 2E 
2024/3/19 13:14:14.696 [RX] - 56 69 56 4F 74 65 63 68 32 00 04 00 00 00 AE 16 00 00 00 00 00 00 00 00 00 00 00 00 00 00 00 00 00 00 00 00 00 00 00 00 00 00 00 00 00 00 00 00 00 00 00 00 00 00 00 00 00 00 00 00 00 00 00  

 --- Get Data Encryption (C7-37)

2024/3/19 13:14:15.209 [TX] - 56 69 56 4F 74 65 63 68 32 00 C7 37 00 00 5B C6 
2024/3/19 13:14:15.216 [RX] - 56 69 56 4F 74 65 63 68 32 00 C7 00 00 01 00 AC 7F 00 00 00 00 00 00 00 00 00 00 00 00 00 00 00 00 00 00 00 00 00 00 00 00 00 00 00 00 00 00 00 00 00 00 00 00 00 00 00 00 00 00 00 00 00 00  

 --- 60-16 Contact Set ICS Identification (05)

2024/3/19 13:14:15.746 [TX] - 56 69 56 4F 74 65 63 68 32 00 60 16 00 01 05 54 8D 
2024/3/19 13:14:15.754 [RX] - 56 69 56 4F 74 65 63 68 32 00 60 00 00 00 3D 35 00 00 00 00 00 00 00 00 00 00 00 00 00 00 00 00 00 00 00 00 00 00 00 00 00 00 00 00 00 00 00 00 00 00 00 00 00 00 00 00 00 00 00 00 00 00 00  

 --- 60-06 5C config

2024/3/19 13:14:16.266 [TX] - 56 69 56 4F 74 65 63 68 32 00 60 06 00 2C 07 00 9F 33 03 60 28 C8 9F 35 01 21 9F 40 05 F0 00 F0 A0 01 DF 11 01 00 DF 26 01 01 DF 27 01 00 DF EE 1E 08 D0 9C 20 D0 C4 1E 16 00 FB 9B 
2024/3/19 13:14:16.274 [RX] - 56 69 56 4F 74 65 63 68 32 00 60 00 00 00 3D 35 00 00 00 00 00 00 00 00 00 00 00 00 00 00 00 00 00 00 00 00 00 00 00 00 00 00 00 00 00 00 00 00 00 00 00 00 00 00 00 00 00 00 00 00 00 00 00  

 --- 01-14 = 02

2024/3/19 13:14:16.820 [TX] - 56 69 56 4F 74 65 63 68 32 00 01 14 00 01 02 56 A3 
2024/3/19 13:14:16.827 [RX] - 56 69 56 4F 74 65 63 68 32 00 01 00 00 00 12 53 00 00 00 00 00 00 00 00 00 00 00 00 00 00 00 00 00 00 00 00 00 00 00 00 00 00 00 00 00 00 00 00 00 00 00 00 00 00 00 00 00 00 00 00 00 00 00  

 --- MSR: IDT test card
25 54 52 41 43 4B 31 37 36 37 36 37 36 30 37 30 37 30 37 37 36 37 36 37 36 30 37 30 37 30 37 37 36 37 36 37 36 30 37 30 37 30 37 37 36 37 36 37 36 30 37 30 37 30 37 37 36 37 36 37 36 30 37 30 37 30 37 37 36 37 36 37 36 30 37 30 37 3F 3B 32 31 32 31 32 31 32 31 32 31 37 36 37 36 37 36 30 37 30 37 30 37 37 36 37 36 37 36 37 36 32 31 32 31 32 31 32 3F 3B 33 33 33 33 33 33 33 33 33 33 37 36 37 36 37 36 30 37 30 37 30 37 37 36 37 36 37 36 33 33 33 33 33 33 33 33 33 33 37 36 37 36 37 36 30 37 30 37 30 37 37 36 37 36 37 36 33 33 33 33 33 33 33 33 33 33 37 36 37 36 37 36 30 37 30 37 30 37 37 36 37 36 37 36 33 33 33 33 33 33 33 33 33 33 37 36 37 36 37 36 30 37 30 37 3F 0D 0D 00 00 00 00 00 00 00 00 00 00 00 00 00 00 00 00 00 00 00 00 00 00 00 00 00 00 00  

 --- MSR: VISA MSD
3B 34 37 36 31 37 33 39 30 30 31 30 31 30 30 31 30 3D 32 30 31 32 31 32 30 30 30 31 32 33 33 39 39 30 30 30 33 31 3F 0D 0D 00 00 00 00 00 00 00 00 00 00 00 00 00 00 00 00 00 00 00 00 00 00  

 --- CT: EMV test card T=0
46 46 45 45 31 46 30 34 32 37 39 30 30 30 30 31 44 46 45 46 35 37 31 38 35 36 35 30 33 33 33 33 33 30 33 30 32 30 35 35 35 33 34 32 32 30 34 45 34 35 34 46 32 30 37 36 33 31 32 45 33 31 33 30 32 45 33 30 33 37 33 39 0D 0D 00 00 00 00 00 00 00 00 00 00 00 00 00 00 00 00 00 00 00 00 00 00 00 00 00 00 00 00 00 00 00 00 00 00 00 00 00 00 00 00 00 00 00 00 00 00 00 00 00 00 00 00 44 46 45 45 32 35 30 32 30 32 30 33 34 46 30 37 41 30 30 30 30 30 30 30 30 33 31 30 31 30 35 30 30 41 35 36 34 39 35 33 34 31 34 33 35 32 34 35 34 34 34 39 35 34 35 37 31 31 34 37 36 31 37 33 39 30 30 31 30 31 30 30 31 30 44 32 30 31 32 32 30 31 30 31 32 33 34 35 36 37 38 39 35 41 30 38 34 37 36 31 37 33 39 30 30 31 30 31 30 30 31 30 35 46 32 30 30 46 34 36 35 35 34 43 34 43 32 30 34 36 35 35 34 45 34 33 35 34 34 39 34 46 34 45 34 31 34 43 35 46 32 34 30 33 32 30 31 32 33 31 35 46 32 35 30 33 39 35 30 37 30 31 35 46 32 38 30 32 30 38 34 30 35 46 32 41 30 32 30 38 34 30 35 46 32 44 30 38 36 35 37 33 36 35 36 45 36 36 37 32 36 34 36 35 35 46 33 34 30 31 30 31 35 46 35 37 30 31 30 30 38 32 30 32 35 43 30 30 38 34 30 37 41 30 30 30 30 30 30 30 30 33 31 30 31 30 38 41 30 32 35 41 33 33 38 43 31 37 39 35 30 35 39 42 30 32 39 46 30 32 30 36 39 46 30 33 30 36 39 46 31 41 30 32 35 46 32 41 30 32 39 41 30 33 39 43 30 31 39 46 33 37 30 34 38 44 32 46 35 46 32 30 30 46 35 37 31 31 39 46 31 46 31 36 35 41 30 38 35 46 33 34 30 31 39 46 30 45 30 35 39 46 30 46 30 35 39 46 30 44 30 35 35 46 32 35 30 33 35 46 32 34 30 33 35 46 32 38 30 32 39 46 30 37 30 32 39 46 30 38 30 32 35 46 33 30 30 32 39 46 34 32 30 32 38 45 30 43 38 46 30 31 38 45 30 43 30 30 30 30 30 30 30 30 30 30 30 30 30 30 30 30 35 46 30 33 30 30 30 30 39 35 30 35 34 32 38 30 30 30 30 30 30 30 39 39 30 30 39 42 30 32 45 38 30 30 39 43 30 31 30 30 39 46 30 32 30 36 30 30 30 30 30 30 30 30 30 30 30 31 39 46 30 33 30 36 30 30 30 30 30 30 30 30 30 30 30 30 39 46 31 33 30 30 39 46 32 30 30 30 39 46 33 34 30 33 35 46 30 33 30 32 39 46 33 36 30 32 30 30 30 31 39 46 33 37 30 34 35 39 34 42 36 33 43 38 39 46 33 38 31 32 39 46 31 41 30 32 39 46 33 33 30 33 39 46 34 30 30 35 39 46 31 42 30 34 39 46 30 39 30 32 39 46 33 35 30 31 39 46 33 39 30 31 30 37 39 46 34 44 30 30 39 46 34 46 30 30 39 46 35 33 30 31 35 32 39 46 35 42 30 30 39 46 31 30 30 37 30 36 30 31 31 41 30 33 39 30 30 30 30 30 39 46 32 36 30 38 34 44 33 34 33 34 34 44 33 43 37 31 39 30 45 45 39 46 32 37 30 31 38 30 44 46 45 46 34 43 30 36 30 30 32 34 30 30 30 30 30 30 30 30 44 46 45 46 34 44 32 34 33 42 33 34 33 37 33 36 33 31 33 37 33 33 33 39 33 30 33 30 33 31 33 30 33 31 33 30 33 30 33 31 33 30 33 44 33 32 33 30 33 31 33 32 33 32 33 30 33 31 33 30 33 31 33 32 33 33 33 34 33 35 33 36 33 37 33 38 33 39 33 46 44 46 45 45 32 36 30 31 30 30 44 46 45 43 31 38 30 39 35 36 33 31 32 45 33 31 33 30 32 45 33 30 33 33 33 37 44 46 45 46 35 37 31 38 35 36 35 30 33 33 33 33 33 30 33 30 32 30 35 35 35 33 34 32 32 30 34 45 34 35 34 46 32 30 37 36 33 31 32 45 33 31 33 30 32 45 33 30 33 37 33 39 0D 0D 00 00 00 00 00 00  

 --- CL: MasterCard paypass
39 41 30 33 31 34 30 38 31 30 39 46 32 31 30 33 31 32 30 32 34 37 39 46 33 37 30 34 32 32 32 41 42 41 30 45 39 46 36 41 30 34 30 30 30 30 30 30 33 37 39 43 30 31 30 30 39 46 33 39 30 31 39 31 46 46 45 45 30 31 30 34 44 46 33 30 30 31 30 30 39 46 31 45 30 38 33 32 33 33 33 34 33 35 33 36 33 37 33 38 33 39 44 46 38 31 31 36 31 36 31 45 30 34 30 30 30 30 30 30 30 30 30 30 30 30 30 30 30 30 30 30 30 30 30 30 30 30 30 30 30 30 30 30 30 30 30 30 30 30 30 30 30 30 44 46 38 31 32 39 30 38 33 30 46 30 46 30 30 30 33 30 46 30 46 46 30 30 46 46 38 31 30 36 33 31 44 46 38 31 31 35 30 36 30 30 30 30 30 30 30 30 30 30 46 46 44 46 38 31 32 41 31 38 33 30 33 30 33 30 33 31 33 30 33 30 33 30 33 30 33 30 33 31 33 30 33 30 33 31 33 31 33 31 33 31 33 31 33 31 33 31 33 31 33 31 33 31 33 31 33 32 44 46 38 31 32 42 30 37 30 30 30 31 30 30 30 30 30 31 30 30 32 46 46 46 38 31 30 35 37 39 39 46 30 32 30 36 30 30 30 30 30 30 30 30 30 30 30 31 39 46 36 44 30 32 30 30 30 31 35 30 30 41 34 44 36 31 37 33 37 34 36 35 37 32 34 33 36 31 37 32 36 34 38 34 30 37 41 30 30 30 30 30 30 30 30 34 31 30 31 30 35 36 33 45 34 32 33 35 33 32 33 35 33 36 33 38 33 33 33 32 33 30 33 33 33 30 33 30 33 30 33 30 33 30 33 30 33 30 35 45 35 33 37 35 37 30 37 30 36 43 36 39 36 35 36 34 32 46 34 45 36 46 37 34 35 45 33 31 33 32 33 31 33 32 33 35 33 30 33 32 33 35 33 39 33 36 33 31 33 31 33 31 33 32 33 30 33 37 33 31 33 33 33 37 33 31 33 31 33 31 33 31 33 31 33 31 33 31 33 31 33 31 33 31 33 31 33 32 39 46 36 42 31 33 35 32 35 36 38 33 32 30 33 30 30 30 30 30 30 30 44 31 32 31 32 35 30 32 30 38 35 31 31 31 32 30 37 31 33 37 32 46 44 46 45 46 34 43 30 36 30 30 32 37 30 30 30 30 30 30 30 30 44 46 45 46 34 44 32 37 33 42 33 35 33 32 33 35 33 36 33 38 33 33 33 32 33 30 33 33 33 30 33 30 33 30 33 30 33 30 33 30 33 30 33 44 33 31 33 32 33 31 33 32 33 35 33 30 33 32 33 30 33 38 33 35 33 31 33 31 33 31 33 32 33 30 33 37 33 31 33 33 33 37 33 32 33 46 44 46 45 45 32 36 30 31 31 31 44 46 45 43 31 38 31 37 34 44 36 31 37 33 37 34 36 35 37 32 34 33 36 31 37 32 36 34 32 30 37 36 33 33 32 45 33 31 32 45 33 32 32 30 37 36 33 31 32 45 33 30 33 34 44 46 45 46 35 37 31 38 35 36 35 30 33 33 33 33 33 30 33 30 32 30 35 35 35 33 34 32 32 30 34 45 34 35 34 46 32 30 37 36 33 31 32 45 33 31 33 30 32 45 33 30 33 37 33 39 0D 0D 00 00 00 00 00 00 00 00 00 00 00 00 00 00 00 00 00 00 00 00 00 00 00 00 00 00 00 00 00 00 00 00 00 00 00 00 00 00 00 00 00 00 00 00 00 00 00 00 00 00 00 00 00 00 00 00 00  

 --- CL: VISA MSD
46 46 45 45 31 33 34 43 34 32 33 34 33 37 33 36 33 31 33 37 33 33 33 39 33 30 33 30 33 31 33 30 33 31 33 30 33 30 33 31 33 30 35 45 34 36 35 35 34 43 34 43 32 46 34 36 35 35 34 45 34 33 35 34 34 39 34 46 34 45 34 31 34 43 35 45 33 32 33 30 33 31 33 32 33 31 33 32 33 30 33 30 33 30 33 31 33 32 33 33 33 30 33 31 33 30 33 32 33 30 33 33 33 30 33 34 33 30 33 35 33 30 33 36 33 30 33 37 33 30 33 38 33 30 33 39 33 31 33 30 33 30 33 33 33 39 33 39 33 30 33 33 33 30 33 30 33 30 33 30 46 46 45 45 31 34 32 35 33 34 33 37 33 36 33 31 33 37 33 33 33 39 33 30 33 30 33 31 33 30 33 31 33 30 33 30 33 31 33 30 33 44 33 32 33 30 33 31 33 32 33 31 33 32 33 30 33 30 33 30 33 31 33 32 33 33 33 33 33 39 33 39 33 30 33 30 33 30 33 33 33 31 34 46 30 37 41 30 30 30 30 30 30 30 30 33 31 30 31 30 35 30 30 43 35 36 34 39 35 33 34 31 32 30 35 34 34 35 35 33 35 34 32 30 33 30 33 31 38 34 30 37 41 30 30 30 30 30 30 30 30 33 31 30 31 30 39 46 30 32 30 36 30 30 30 30 30 30 30 30 30 30 30 31 39 46 30 36 30 37 41 30 30 30 30 30 30 30 30 33 31 30 31 30 39 46 33 35 30 31 32 32 39 46 33 39 30 31 39 31 35 37 31 33 34 37 36 31 37 33 39 30 30 31 30 31 30 30 31 30 44 32 30 31 32 31 32 30 30 30 31 32 33 33 39 39 30 30 30 33 31 46 39 43 30 31 30 30 39 46 31 45 30 38 33 32 33 33 33 34 33 35 33 36 33 37 33 38 33 39 39 42 30 32 30 30 30 30 35 46 32 30 30 46 34 36 35 35 34 43 34 43 32 46 34 36 35 35 34 45 34 33 35 34 34 39 34 46 34 45 34 31 34 43 46 46 45 45 30 31 30 38 44 46 33 30 30 31 30 30 44 46 35 42 30 31 30 38 44 46 45 46 37 46 30 31 30 30 44 46 45 46 34 43 30 36 30 30 32 37 30 30 30 30 30 30 30 30 44 46 45 46 34 44 32 37 33 42 33 34 33 37 33 36 33 31 33 37 33 33 33 39 33 30 33 30 33 31 33 30 33 31 33 30 33 30 33 31 33 30 33 44 33 32 33 30 33 31 33 32 33 31 33 32 33 30 33 30 33 30 33 31 33 32 33 33 33 33 33 39 33 39 33 30 33 30 33 30 33 33 33 31 33 46 44 46 45 45 32 36 30 31 31 31 44 46 45 43 31 38 31 34 35 36 36 39 37 33 36 31 32 30 35 36 34 33 35 30 35 33 32 30 33 32 32 45 33 31 32 45 33 33 32 30 37 36 33 31 32 45 33 30 44 46 45 46 35 37 31 38 35 36 35 30 33 33 33 33 33 30 33 30 32 30 35 35 35 33 34 32 32 30 34 45 34 35 34 46 32 30 37 36 33 31 32 45 33 31 33 30 32 45 33 30 33 37 33 39 0D 0D 00 00 00 00 00 00 00 00 00 00 00 00 00 00 00 00 00 00 00 00 00 00 00 00 00 00  

 --- 01-14 = 03

2024/3/19 13:14:52.016 [TX] - 56 69 56 4F 74 65 63 68 32 00 01 14 00 01 03 77 B3 
2024/3/19 13:14:52.023 [RX] - 56 69 56 4F 74 65 63 68 32 00 01 00 00 00 12 53 00 00 00 00 00 00 00 00 00 00 00 00 00 00 00 00 00 00 00 00 00 00 00 00 00 00 00 00 00 00 00 00 00 00 00 00 00 00 00 00 00 00 00 00 00 00 00  

 --- MSR: IDT test card
25 54 52 41 43 4B 31 37 36 37 36 37 36 30 37 30 37 30 37 37 36 37 36 37 36 30 37 30 37 30 37 37 36 37 36 37 36 30 37 30 37 30 37 37 36 37 36 37 36 30 37 30 37 30 37 37 36 37 36 37 36 30 37 30 37 30 37 37 36 37 36 37 36 30 37 30 37 3F 3B 32 31 32 31 32 31 32 31 32 31 37 36 37 36 37 36 30 37 30 37 30 37 37 36 37 36 37 36 37 36 32 31 32 31 32 31 32 3F 3B 33 33 33 33 33 33 33 33 33 33 37 36 37 36 37 36 30 37 30 37 30 37 37 36 37 36 37 36 33 33 33 33 33 33 33 33 33 33 37 36 37 36 37 36 30 37 30 37 30 37 37 36 37 36 37 36 33 33 33 33 33 33 33 33 33 33 37 36 37 36 37 36 30 37 30 37 30 37 37 36 37 36 37 36 33 33 33 33 33 33 33 33 33 33 37 36 37 36 37 36 30 37 30 37 3F 0D 0D 00 00 00 00 00 00 00 00 00 00 00 00 00 00 00 00 00 00 00 00 00 00 00 00 00 00 00  

 --- MSR: VISA MSD
3B 34 37 36 31 37 33 39 30 30 31 30 31 30 30 31 30 3D 32 30 31 32 31 32 30 30 30 31 32 33 33 39 39 30 30 30 33 31 3F 0D 0D 00 00 00 00 00 00 00 00 00 00 00 00 00 00 00 00 00 00 00 00 00 00  

 --- CT: EMV test card T=0
44 46 45 45 32 35 30 32 30 32 30 33 34 46 30 37 41 30 30 30 30 30 30 30 30 33 31 30 31 30 35 30 30 41 35 36 34 39 35 33 34 31 34 33 35 32 34 35 34 34 34 39 35 34 35 37 31 31 34 37 36 31 37 33 39 30 30 31 30 31 30 30 31 30 44 32 30 31 32 32 30 31 30 31 32 33 34 35 36 37 38 39 35 41 30 38 34 37 36 31 37 33 39 30 30 31 30 31 30 30 31 30 35 46 32 30 30 46 34 36 35 35 34 43 34 43 32 30 34 36 35 35 34 45 34 33 35 34 34 39 34 46 34 45 34 31 34 43 35 46 32 34 30 33 32 30 31 32 33 31 35 46 32 35 30 33 39 35 30 37 30 31 35 46 32 38 30 32 30 38 34 30 35 46 32 41 30 32 30 38 34 30 35 46 32 44 30 38 36 35 37 33 36 35 36 45 36 36 37 32 36 34 36 35 35 46 33 34 30 31 30 31 35 46 35 37 30 31 30 30 38 32 30 32 35 43 30 30 38 34 30 37 41 30 30 30 30 30 30 30 30 33 31 30 31 30 38 41 30 32 35 41 33 33 38 43 31 37 39 35 30 35 39 42 30 32 39 46 30 32 30 36 39 46 30 33 30 36 39 46 31 41 30 32 35 46 32 41 30 32 39 41 30 33 39 43 30 31 39 46 33 37 30 34 38 44 32 46 35 46 32 30 30 46 35 37 31 31 39 46 31 46 31 36 35 41 30 38 35 46 33 34 30 31 39 46 30 45 30 35 39 46 30 46 30 35 39 46 30 44 30 35 35 46 32 35 30 33 35 46 32 34 30 33 35 46 32 38 30 32 39 46 30 37 30 32 39 46 30 38 30 32 35 46 33 30 30 32 39 46 34 32 30 32 38 45 30 43 38 46 30 31 38 45 30 43 30 30 30 30 30 30 30 30 30 30 30 30 30 30 30 30 35 46 30 33 30 30 30 30 39 35 30 35 34 32 38 30 30 30 30 30 30 30 39 39 30 30 39 42 30 32 45 38 30 30 39 43 30 31 30 30 39 46 30 32 30 36 30 30 30 30 30 30 30 30 30 30 30 31 39 46 30 33 30 36 30 30 30 30 30 30 30 30 30 30 30 30 39 46 31 33 30 30 39 46 32 30 30 30 39 46 33 34 30 33 35 46 30 33 30 32 39 46 33 36 30 32 30 30 30 31 39 46 33 37 30 34 44 30 31 33 46 39 32 31 39 46 33 38 31 32 39 46 31 41 30 32 39 46 33 33 30 33 39 46 34 30 30 35 39 46 31 42 30 34 39 46 30 39 30 32 39 46 33 35 30 31 39 46 33 39 30 31 30 37 39 46 34 44 30 30 39 46 34 46 30 30 39 46 35 33 30 31 35 32 39 46 35 42 30 30 39 46 31 30 30 37 30 36 30 31 31 41 30 33 39 30 30 30 30 30 39 46 32 36 30 38 31 43 35 43 33 33 38 38 30 43 37 30 30 31 34 36 39 46 32 37 30 31 38 30 44 46 45 46 34 43 30 36 30 30 32 34 30 30 30 30 30 30 30 30 44 46 45 46 34 44 32 34 33 42 33 34 33 37 33 36 33 31 33 37 33 33 33 39 33 30 33 30 33 31 33 30 33 31 33 30 33 30 33 31 33 30 33 44 33 32 33 30 33 31 33 32 33 32 33 30 33 31 33 30 33 31 33 32 33 33 33 34 33 35 33 36 33 37 33 38 33 39 33 46 44 46 45 45 32 36 30 31 30 30 44 46 45 43 31 38 30 39 35 36 33 31 32 45 33 31 33 30 32 45 33 30 33 33 33 37 44 46 45 46 35 37 31 38 35 36 35 30 33 33 33 33 33 30 33 30 32 30 35 35 35 33 34 32 32 30 34 45 34 35 34 46 32 30 37 36 33 31 32 45 33 31 33 30 32 45 33 30 33 37 33 39 0D 0D 00 00 00 00 00 00  

CL was disabled: Pass!
 

 --- 01-14 = 04

2024/3/19 13:15:13.813 [TX] - 56 69 56 4F 74 65 63 68 32 00 01 14 00 01 04 90 C3 
2024/3/19 13:15:13.819 [RX] - 56 69 56 4F 74 65 63 68 32 00 01 00 00 00 12 53 00 00 00 00 00 00 00 00 00 00 00 00 00 00 00 00 00 00 00 00 00 00 00 00 00 00 00 00 00 00 00 00 00 00 00 00 00 00 00 00 00 00 00 00 00 00 00 46 46 45 45 31 33 34 31 34 32 33 36 33 35 33 31 33 30 33 30 33 30 33 30 33 30 33 30 33 30 33 30 33 30 33 30 33 31 33 32 33 35 35 45 34 33 34 31 35 32 34 34 32 46 34 39 34 44 34 31 34 37 34 35 32 30 33 30 33 38 32 30 32 30 32 30 32 30 32 30 32 30 32 30 32 30 32 30 32 30 32 30 32 30 32 30 35 45 33 31 33 37 33 31 33 32 33 32 33 30 33 31 33 31 33 30 33 30 33 30 33 30 33 39 33 35 33 30 33 30 33 30 33 30 33 30 33 30 46 46 45 45 31 34 32 35 33 36 33 35 33 31 33 30 33 30 33 30 33 30 33 30 33 30 33 30 33 30 33 30 33 30 33 31 33 32 33 35 33 44 33 31 33 37 33 31 33 32 33 32 33 30 33 31 33 31 33 30 33 30 33 30 33 30 33 39 33 35 33 30 33 30 33 30 33 30 33 30 33 30 38 34 30 38 41 30 30 30 30 30 30 33 32 34 31 30 31 30 30 31 39 46 30 32 30 36 30 30 30 30 30 30 30 30 30 30 30 31 39 46 30 36 30 37 41 30 30 30 30 30 30 33 32 34 31 30 31 30 39 46 33 35 30 31 32 32 39 46 33 37 30 34 39 34 36 37 37 37 36 30 39 46 33 39 30 31 39 31 39 41 30 33 31 34 30 38 31 30 39 46 32 31 30 33 31 32 30 33 31 38 35 36 34 31 34 32 33 36 33 35 33 31 33 30 33 30 33 30 33 30 33 30 33 30 33 30 33 30 33 30 33 30 33 31 33 32 33 35 35 45 34 33 34 31 35 32 34 34 32 46 34 39 34 44 34 31 34 37 34 35 32 30 33 30 33 38 32 30 32 30 32 30 32 30 32 30 32 30 32 30 32 30 32 30 32 30 32 30 32 30 32 30 35 45 33 31 33 37 33 31 33 32 33 32 33 30 33 31 33 31 33 30 33 30 33 30 33 30 33 39 33 35 33 30 33 30 33 30 33 30 33 30 33 30 35 37 31 33 36 35 31 30 30 30 30 30 30 30 30 30 30 31 32 35 44 31 37 31 32 32 30 31 31 30 30 30 30 39 35 30 30 30 30 30 30 46 39 43 30 31 30 30 39 46 31 45 30 38 33 32 33 33 33 34 33 35 33 36 33 37 33 38 33 39 39 46 34 31 30 34 30 30 30 30 30 30 30 34 46 46 45 45 30 31 30 38 44 46 33 30 30 31 30 30 44 46 35 32 30 31 30 30 44 46 45 46 34 43 30 36 30 30 32 37 30 30 30 30 30 30 30 30 44 46 45 46 34 44 32 37 33 42 33 36 33 35 33 31 33 30 33 30 33 30 33 30 33 30 33 30 33 30 33 30 33 30 33 30 33 31 33 32 33 35 33 44 33 31 33 37 33 31 33 32 33 32 33 30 33 31 33 31 33 30 33 30 33 30 33 30 33 39 33 35 33 30 33 30 33 30 33 30 33 30 33 30 33 46 44 46 45 45 32 36 30 31 31 31 44 46 45 43 31 38 30 45 33 38 33 30 33 31 33 34 33 39 33 31 33 32 33 33 32 30 35 32 36 35 37 36 32 45 34 31 44 46 45 46 35 37 31 38 35 36 35 30 33 33 33 33 33 30 33 30 32 30 35 35 35 33 34 32 32 30 34 45 34 35 34 46 32 30 37 36 33 31 32 45 33 31 33 30 32 45 33 30 33 37 33 39 0D 0D 00 00 00 00 00 00 00 00 00 00 00 00 00 00 00 00 00 00 00 00 00 00 00 00 00 00 00 00 00 00 00 00 00 00 00 00 00  

 --- MSR: IDT test card
25 54 52 41 43 4B 31 37 36 37 36 37 36 30 37 30 37 30 37 37 36 37 36 37 36 30 37 30 37 30 37 37 36 37 36 37 36 30 37 30 37 30 37 37 36 37 36 37 36 30 37 30 37 30 37 37 36 37 36 37 36 30 37 30 37 30 37 37 36 37 36 37 36 30 37 30 37 3F 3B 32 31 32 31 32 31 32 31 32 31 37 36 37 36 37 36 30 37 30 37 30 37 37 36 37 36 37 36 37 36 32 31 32 31 32 31 32 3F 3B 33 33 33 33 33 33 33 33 33 33 37 36 37 36 37 36 30 37 30 37 30 37 37 36 37 36 37 36 33 33 33 33 33 33 33 33 33 33 37 36 37 36 37 36 30 37 30 37 30 37 37 36 37 36 37 36 33 33 33 33 33 33 33 33 33 33 37 36 37 36 37 36 30 37 30 37 30 37 37 36 37 36 37 36 33 33 33 33 33 33 33 33 33 33 37 36 37 36 37 36 30 37 30 37 3F 0D 0D 00 00 00 00 00 00 00 00 00 00 00 00 00 00 00 00 00 00 00 00 00 00 00 00 00 00 00  

 --- MSR: VISA MSD
3B 34 37 36 31 37 33 39 30 30 31 30 31 30 30 31 30 3D 32 30 31 32 31 32 30 30 30 31 32 33 33 39 39 30 30 30 33 31 3F 0D 0D 00 00 00 00 00 00 00 00 00 00 00 00 00 00 00 00 00 00 00 00 00 00  

 --- CL: MasterCard paypass
39 41 30 33 31 34 30 38 31 30 39 46 32 31 30 33 31 32 30 33 33 33 39 46 33 37 30 34 42 36 38 33 42 34 32 46 39 46 36 41 30 34 30 30 30 30 30 30 38 38 39 43 30 31 30 30 39 46 33 39 30 31 39 31 46 46 45 45 30 31 30 34 44 46 33 30 30 31 30 30 39 46 31 45 30 38 33 32 33 33 33 34 33 35 33 36 33 37 33 38 33 39 44 46 38 31 31 36 31 36 31 45 30 34 30 30 30 30 30 30 30 30 30 30 30 30 30 30 30 30 30 30 30 30 30 30 30 30 30 30 30 30 30 30 30 30 30 30 30 30 30 30 30 30 44 46 38 31 32 39 30 38 33 30 46 30 46 30 30 30 33 30 46 30 46 46 30 30 46 46 38 31 30 36 33 31 44 46 38 31 31 35 30 36 30 30 30 30 30 30 30 30 30 30 46 46 44 46 38 31 32 41 31 38 33 30 33 30 33 30 33 31 33 30 33 30 33 30 33 30 33 30 33 31 33 30 33 30 33 31 33 31 33 31 33 31 33 31 33 31 33 31 33 31 33 31 33 31 33 31 33 32 44 46 38 31 32 42 30 37 30 30 30 31 30 30 30 30 30 31 30 30 32 46 46 46 38 31 30 35 37 39 39 46 30 32 30 36 30 30 30 30 30 30 30 30 30 30 30 31 39 46 36 44 30 32 30 30 30 31 35 30 30 41 34 44 36 31 37 33 37 34 36 35 37 32 34 33 36 31 37 32 36 34 38 34 30 37 41 30 30 30 30 30 30 30 30 34 31 30 31 30 35 36 33 45 34 32 33 35 33 32 33 35 33 36 33 38 33 33 33 32 33 30 33 33 33 30 33 30 33 30 33 30 33 30 33 30 33 30 35 45 35 33 37 35 37 30 37 30 36 43 36 39 36 35 36 34 32 46 34 45 36 46 37 34 35 45 33 31 33 32 33 31 33 32 33 35 33 30 33 32 33 35 33 34 33 39 33 31 33 31 33 31 33 32 33 30 33 38 33 31 33 38 33 38 33 31 33 31 33 31 33 31 33 31 33 31 33 31 33 31 33 31 33 31 33 31 33 32 39 46 36 42 31 33 35 32 35 36 38 33 32 30 33 30 30 30 30 30 30 30 44 31 32 31 32 35 30 32 33 30 38 31 31 31 32 30 38 31 38 38 32 46 44 46 45 46 34 43 30 36 30 30 32 37 30 30 30 30 30 30 30 30 44 46 45 46 34 44 32 37 33 42 33 35 33 32 33 35 33 36 33 38 33 33 33 32 33 30 33 33 33 30 33 30 33 30 33 30 33 30 33 30 33 30 33 44 33 31 33 32 33 31 33 32 33 35 33 30 33 32 33 33 33 30 33 38 33 31 33 31 33 31 33 32 33 30 33 38 33 31 33 38 33 38 33 32 33 46 44 46 45 45 32 36 30 31 31 31 44 46 45 43 31 38 31 37 34 44 36 31 37 33 37 34 36 35 37 32 34 33 36 31 37 32 36 34 32 30 37 36 33 33 32 45 33 31 32 45 33 32 32 30 37 36 33 31 32 45 33 30 33 34 44 46 45 46 35 37 31 38 35 36 35 30 33 33 33 33 33 30 33 30 32 30 35 35 35 33 34 32 32 30 34 45 34 35 34 46 32 30 37 36 33 31 32 45 33 31 33 30 32 45 33 30 33 37 33 39 0D 0D 00 00 00 00 00 00 00 00 00 00 00 00 00 00 00 00 00 00 00 00 00 00 00 00 00 00 00 00 00 00 00 00 00 00 00 00 00 00 00 00 00 00 00 00 00 00 00 00 00 00 00 00 00 00 00 00 00  

 --- CL: VISA MSD
46 46 45 45 31 33 34 43 34 32 33 34 33 37 33 36 33 31 33 37 33 33 33 39 33 30 33 30 33 31 33 30 33 31 33 30 33 30 33 31 33 30 35 45 34 36 35 35 34 43 34 43 32 46 34 36 35 35 34 45 34 33 35 34 34 39 34 46 34 45 34 31 34 43 35 45 33 32 33 30 33 31 33 32 33 31 33 32 33 30 33 30 33 30 33 31 33 32 33 33 33 30 33 31 33 30 33 32 33 30 33 33 33 30 33 34 33 30 33 35 33 30 33 36 33 30 33 37 33 30 33 38 33 30 33 39 33 31 33 30 33 30 33 33 33 39 33 39 33 30 33 33 33 30 33 30 33 30 33 30 46 46 45 45 31 34 32 35 33 34 33 37 33 36 33 31 33 37 33 33 33 39 33 30 33 30 33 31 33 30 33 31 33 30 33 30 33 31 33 30 33 44 33 32 33 30 33 31 33 32 33 31 33 32 33 30 33 30 33 30 33 31 33 32 33 33 33 33 33 39 33 39 33 30 33 30 33 30 33 33 33 31 34 46 30 37 41 30 30 30 30 30 30 30 30 33 31 30 31 30 35 30 30 43 35 36 34 39 35 33 34 31 32 30 35 34 34 35 35 33 35 34 32 30 33 30 33 31 38 34 30 37 41 30 30 30 30 30 30 30 30 33 31 30 31 30 39 46 30 32 30 36 30 30 30 30 30 30 30 30 30 30 30 31 39 46 30 36 30 37 41 30 30 30 30 30 30 30 30 33 31 30 31 30 39 46 33 35 30 31 32 32 39 46 33 39 30 31 39 31 35 37 31 33 34 37 36 31 37 33 39 30 30 31 30 31 30 30 31 30 44 32 30 31 32 31 32 30 30 30 31 32 33 33 39 39 30 30 30 33 31 46 39 43 30 31 30 30 39 46 31 45 30 38 33 32 33 33 33 34 33 35 33 36 33 37 33 38 33 39 39 42 30 32 30 30 30 30 35 46 32 30 30 46 34 36 35 35 34 43 34 43 32 46 34 36 35 35 34 45 34 33 35 34 34 39 34 46 34 45 34 31 34 43 46 46 45 45 30 31 30 38 44 46 33 30 30 31 30 30 44 46 35 42 30 31 30 38 44 46 45 46 37 46 30 31 30 30 44 46 45 46 34 43 30 36 30 30 32 37 30 30 30 30 30 30 30 30 44 46 45 46 34 44 32 37 33 42 33 34 33 37 33 36 33 31 33 37 33 33 33 39 33 30 33 30 33 31 33 30 33 31 33 30 33 30 33 31 33 30 33 44 33 32 33 30 33 31 33 32 33 31 33 32 33 30 33 30 33 30 33 31 33 32 33 33 33 33 33 39 33 39 33 30 33 30 33 30 33 33 33 31 33 46 44 46 45 45 32 36 30 31 31 31 44 46 45 43 31 38 31 34 35 36 36 39 37 33 36 31 32 30 35 36 34 33 35 30 35 33 32 30 33 32 32 45 33 31 32 45 33 33 32 30 37 36 33 31 32 45 33 30 44 46 45 46 35 37 31 38 35 36 35 30 33 33 33 33 33 30 33 30 32 30 35 35 35 33 34 32 32 30 34 45 34 35 34 46 32 30 37 36 33 31 32 45 33 31 33 30 32 45 33 30 33 37 33 39 0D 0D 00 00 00 00 00 00 00 00 00 00 00 00 00 00 00 00 00 00 00 00 00 00 00 00 00 00  

CT was disabled: Pass!
 

 --- 01-14 = 00

2024/3/19 13:15:47.017 [TX] - 56 69 56 4F 74 65 63 68 32 00 01 14 00 01 00 14 83 
2024/3/19 13:15:47.023 [RX] - 56 69 56 4F 74 65 63 68 32 00 01 00 00 00 12 53 00 00 00 00 00 00 00 00 00 00 00 00 00 00 00 00 00 00 00 00 00 00 00 00 00 00 00 00 00 00 00 00 00 00 00 00 00 00 00 00 00 00 00 00 00 00 00  

 ---------- END OF TEST ----------

 Result = PASSED


Docklight Log File (HEX) - Stopped 2024/3/19 13:15:47.644 

