Docklight Log File (HEX) - Started 2026/7/7 15:35:05.861 
 TEST CASE: AC003

 --- Set POS COM PORT Settings
 Set POS COM PORT...
 POS operating on COM90 @ 115200 baud...
 Set POS COM PORT - COMPLETE

 --- Burst mode off

2026/7/7 15:35:07.335 [TX] - 56 69 56 4F 74 65 63 68 32 00 04 00 00 05 DF EE 7E 01 00 60 1E 
2026/7/7 15:35:07.381 [RX] - 56 69 56 4F 74 65 63 68 32 00 04 00 00 00 AE 16 00 00 00 00 00 00 00 00 00 00 00 00 00 00 00 00 00 00 00 00 00 00 00 00 00 00 00 00 00 00 00 00 00 00 00 00 00 00 00 00 00 00 00 00 00 00 00  

 --- Poll on Demand

2026/7/7 15:35:08.015 [TX] - 56 69 56 4F 74 65 63 68 32 00 01 01 00 01 01 D7 34 
2026/7/7 15:35:08.025 [RX] - 56 69 56 4F 74 65 63 68 32 00 01 00 00 00 12 53 00 00 00 00 00 00 00 00 00 00 00 00 00 00 00 00 00 00 00 00 00 00 00 00 00 00 00 00 00 00 00 00 00 00 00 00 00 00 00 00 00 00 00 00 00 00 00  

 --- set FFF0 (02 00 00)

2026/7/7 15:35:08.667 [TX] - 56 69 56 4F 74 65 63 68 32 00 04 00 00 07 DF EE 67 03 02 00 00 52 EC 
2026/7/7 15:35:08.713 [RX] - 56 69 56 4F 74 65 63 68 32 00 04 00 00 00 AE 16 00 00 00 00 00 00 00 00 00 00 00 00 00 00 00 00 00 00 00 00 00 00 00 00 00 00 00 00 00 00 00 00 00 00 00 00 00 00 00 00 00 00 00 00 00 00 00  

 --- TTQ 80 00

2026/7/7 15:35:09.348 [TX] - 56 69 56 4F 74 65 63 68 32 00 04 00 00 07 9F 66 04 80 00 00 00 56 37 
2026/7/7 15:35:09.426 [RX] - 56 69 56 4F 74 65 63 68 32 00 04 00 00 00 AE 16 00 00 00 00 00 00 00 00 00 00 00 00 00 00 00 00 00 00 00 00 00 00 00 00 00 00 00 00 00 00 00 00 00 00 00 00 00 00 00 00 00 00 00 00 00 00 00  

 --- Activate Transaction

2026/7/7 15:35:11.502 [TX] - 56 69 56 4F 74 65 63 68 32 00 02 01 00 15 0A 9F 02 06 00 00 00 00 10 00 9A 03 07 11 21 9F 21 03 10 15 20 30 12 
2026/7/7 15:35:13.788 [RX] - 56 69 56 4F 74 65 63 68 32 00 02 0A 00 66 21 DF EE 26 02 21 00 DF EE 02 04 41 90 00 04 DF 81 29 08 40 F0 F0 F0 80 F0 FF 00 DF 81 16 16 1C 05 00 00 00 D8 E2 02 20 29 03 00 00 00 00 00 00 00 00 00 00 00 96 08 03 00 00 00 00 00 00 00 DF EE 4C 01 06 DF EC 1C 1E 08 07 00 04 FF 00 1C 05 00 00 00 FF 00 00 00 00 00 00 00 00 D8 E2 02 20 29 03 00 00 FF 00 3F 6D 00 00 00 00 00 00 00 00  
Card data: FAIL!
 
Tag 9F39: FAIL!
 
Tag DFEE26: FAIL!
 
Tag 9F02: FAIL!
 

 Result = FAILED
 ---------- END OF TEST ----------

 

 MASTER RESULT = FAILED


Docklight Log File (HEX) - Stopped 2026/7/7 15:35:24.252 

