Docklight Log File (HEX) - Started 2015/4/29 17:18:17.263 
 TEST CASE: USAT022-2

 --- Set POS COM PORT Settings
 Set POS COM PORT...
 POS operating on COM1 @ 9600 baud...
 Set POS COM PORT - COMPLETE


2015/4/29 17:18:20.731 [TX] - F7 F7 F7  

 1) poll on demand

2015/4/29 17:18:21.752 [TX] - 56 69 56 4F 74 65 63 68 32 00 01 01 00 01 01 D7 34 
2015/4/29 17:18:21.872 [RX] - 56 69 56 4F 74 65 63 68 32 00 01 00 00 00 12 53  

 --- Burst ON

2015/4/29 17:18:22.413 [TX] - 56 69 56 4F 74 65 63 68 32 00 04 00 00 04 FF F7 01 01 98 3E 
2015/4/29 17:18:22.532 [RX] - 56 69 56 4F 74 65 63 68 32 00 04 00 00 00 AE 16  

 --- Swipe card
40 1B 41 02 43 41 52 44 2D 32 31 32 31 32 31 32 31 32 31 37 36 37 36 37 36 30 37 30 37 30 37 37 36 37 36 37 36 37 36 32 31 32 31 32 31 32 03 0E 0D 40 1B 41 02 43 41 52 44 2D 32 31 32 31 32 31 32 31 32 31 37 36 37 36 37 36 30 37 30 37 30 37 37 36 37 36 37 36 37 36 32 31 32 31 32 31 32 03 0E 0D  

 --- Get Full Track

2015/4/29 17:18:29.527 [TX] - 56 69 56 4F 74 65 63 68 00 43 17 CD 00 00 BD 11 
2015/4/29 17:18:29.590 [RX] - 56 69 56 4F 74 65 63 68 00 41 17 00 00 00 31 98 40 1B 41 02 43 41 52 44 2D 32 31 32 31 32 31 32 31 32 31 37 36 37 36 37 36 30 37 30 37 30 37 37 36 37 36 37 36 37 36 32 31 32 31 32 31 32 03 0E 0D  

 --- Get Transaction result

2015/4/29 17:18:33.797 [TX] - 56 69 56 4F 74 65 63 68 32 00 03 00 00 00 3B FF 
2015/4/29 17:18:33.858 [RX] - 56 69 56 4F 74 65 63 68 32 00 03 00 00 03 00 00 00 8D D0  

 --- Activate Transaction

2015/4/29 17:18:34.809 [TX] - 56 69 56 4F 74 65 63 68 32 00 02 01 00 15 0A 9F 02 06 00 00 00 00 10 00 9A 03 07 11 21 9F 21 03 10 15 20 30 12 
2015/4/29 17:18:35.991 [RX] - 40 1B 41 02 43 41 52 44 2D 32 31 32 31 32 31 32 31 32 31 37 36 37 36 37 36 30 37 30 37 30 37 37 36 37 36 37 36 37 36 32 31 32 31 32 31 32 03 0E 0D 56 69 56 4F 74 65 63 68 32 00 02 08 00 00 20 2E  

 --- Burst OFF

2015/4/29 17:18:44.938 [TX] - 56 69 56 4F 74 65 63 68 32 00 04 00 00 04 FF F7 01 00 B9 2E 
2015/4/29 17:18:45.022 [RX] - 56 69 56 4F 74 65 63 68 32 00 04 00 00 00 AE 16  

 --- Swipe card
40 1B 41 02 43 41 52 44 2D 32 31 32 31 32 31 32 31 32 31 37 36 37 36 37 36 30 37 30 37 30 37 37 36 37 36 37 36 37 36 32 31 32 31 32 31 32 03 0E 0D 40 1B 41 02 43 41 52 44 2D 32 31 32 31 32 31 32 31 32 31 37 36 37 36 37 36 30 37 30 37 30 37 37 36 37 36 37 36 37 36 32 31 32 31 32 31 32 03 0E 0D  

 --- Get Full Track

2015/4/29 17:18:51.785 [TX] - 56 69 56 4F 74 65 63 68 00 43 17 CD 00 00 BD 11 
2015/4/29 17:18:51.814 [RX] - 56 69 56 4F 74 65 63 68 00 41 17 00 83 72 21 86 56 69 56 4F 74 65 63 68 00 44 54 52 41 43 4B 31 37 36 37 36 37 36 30 37 30 37 30 37 37 36 37 36 37 36 30 37 30 37 30 37 37 36 37 36 37 36 30 37 30 37 30 37 37 36 37 36 37 36 30 37 30 37 30 37 37 36 37 36 37 36 30 37 30 37 30 37 37 36 37 36 37 36 30 37 30 37 00 32 31 32 31 32 31 32 31 32 31 37 36 37 36 37 36 30 37 30 37 30 37 37 36 37 36 37 36 37 36 32 31 32 31 32 31 32 90 2E 40 1B 41 02 43 41 52 44 2D 32 31 32 31 32 31 32 31 32 31 37 36 37 36 37 36 30 37 30 37 30 37 37 36 37 36 37 36 37 36 32 31 32 31 32 31 32 03 0E 0D  

 --- Get Transaction result

2015/4/29 17:18:56.185 [TX] - 56 69 56 4F 74 65 63 68 32 00 03 00 00 00 3B FF 
2015/4/29 17:18:56.970 [RX] - 56 69 56 4F 74 65 63 68 32 00 03 00 00 8F 4C 54 52 41 43 4B 31 37 36 37 36 37 36 30 37 30 37 30 37 37 36 37 36 37 36 30 37 30 37 30 37 37 36 37 36 37 36 30 37 30 37 30 37 37 36 37 36 37 36 30 37 30 37 30 37 37 36 37 36 37 36 30 37 30 37 30 37 37 36 37 36 37 36 30 37 30 37 25 32 31 32 31 32 31 32 31 32 31 37 36 37 36 37 36 30 37 30 37 30 37 37 36 37 36 37 36 37 36 32 31 32 31 32 31 32 00 9F 06 10 00 00 00 00 00 00 00 00 00 00 00 00 00 00 00 00 FF EE 01 04 DF 30 01 0C 1F 36  

 --- Activate Transaction

2015/4/29 17:18:58.402 [TX] - 56 69 56 4F 74 65 63 68 32 00 02 01 00 15 0A 9F 02 06 00 00 00 00 10 00 9A 03 07 11 21 9F 21 03 10 15 20 30 12 
2015/4/29 17:18:59.634 [RX] - 40 1B 41 02 43 41 52 44 2D 32 31 32 31 32 31 32 31 32 31 37 36 37 36 37 36 30 37 30 37 30 37 37 36 37 36 37 36 37 36 32 31 32 31 32 31 32 03 0E 0D 56 69 56 4F 74 65 63 68 32 00 02 00 00 8F 4C 54 52 41 43 4B 31 37 36 37 36 37 36 30 37 30 37 30 37 37 36 37 36 37 36 30 37 30 37 30 37 37 36 37 36 37 36 30 37 30 37 30 37 37 36 37 36 37 36 30 37 30 37 30 37 37 36 37 36 37 36 30 37 30 37 30 37 37 36 37 36 37 36 30 37 30 37 25 32 31 32 31 32 31 32 31 32 31 37 36 37 36 37 36 30 37 30 37 30 37 37 36 37 36 37 36 37 36 32 31 32 31 32 31 32 00 9F 06 10 00 00 00 00 00 00 00 00 00 00 00 00 00 00 00 00 FF EE 01 04 DF 30 01 0C 04 CB  

 2) auto poll

2015/4/29 17:19:00.678 [TX] - 56 69 56 4F 74 65 63 68 32 00 01 01 00 01 00 F6 24 
2015/4/29 17:19:01.744 [RX] - 56 69 56 4F 74 65 63 68 32 00 01 00 00 00 12 53  

 --- Burst ON

2015/4/29 17:19:02.341 [TX] - 56 69 56 4F 74 65 63 68 32 00 04 00 00 04 FF F7 01 01 98 3E 
2015/4/29 17:19:02.460 [RX] - 56 69 56 4F 74 65 63 68 32 00 04 00 00 00 AE 16  

 --- Swipe card
40 1B 41 02 43 41 52 44 2D 32 31 32 31 32 31 32 31 32 31 37 36 37 36 37 36 30 37 30 37 30 37 37 36 37 36 37 36 37 36 32 31 32 31 32 31 32 03 0E 0D 40 1B 41 02 43 41 52 44 2D 32 31 32 31 32 31 32 31 32 31 37 36 37 36 37 36 30 37 30 37 30 37 37 36 37 36 37 36 37 36 32 31 32 31 32 31 32 03 0E 0D  

 --- Get Full Track

2015/4/29 17:19:09.476 [TX] - 56 69 56 4F 74 65 63 68 00 43 17 CD 00 00 BD 11 
2015/4/29 17:19:09.536 [RX] - 56 69 56 4F 74 65 63 68 00 41 17 00 00 00 31 98 40 1B 41 02 43 41 52 44 2D 32 31 32 31 32 31 32 31 32 31 37 36 37 36 37 36 30 37 30 37 30 37 37 36 37 36 37 36 37 36 32 31 32 31 32 31 32 03 0E 0D  

 --- Get Transaction result

2015/4/29 17:19:13.686 [TX] - 56 69 56 4F 74 65 63 68 32 00 03 00 00 00 3B FF 
2015/4/29 17:19:13.754 [RX] - 56 69 56 4F 74 65 63 68 32 00 03 00 00 03 00 00 00 8D D0  

 --- Activate Transaction

2015/4/29 17:19:14.758 [TX] - 56 69 56 4F 74 65 63 68 32 00 02 01 00 15 0A 9F 02 06 00 00 00 00 10 00 9A 03 07 11 21 9F 21 03 10 15 20 30 12 
2015/4/29 17:19:15.728 [RX] - 40 1B 41 02 43 41 52 44 2D 32 31 32 31 32 31 32 31 32 31 37 36 37 36 37 36 30 37 30 37 30 37 37 36 37 36 37 36 37 36 32 31 32 31 32 31 32 03 0E 0D 56 69 56 4F 74 65 63 68 32 00 02 08 00 00 20 2E  

 --- Burst OFF

2015/4/29 17:19:24.904 [TX] - 56 69 56 4F 74 65 63 68 32 00 04 00 00 04 FF F7 01 00 B9 2E 
2015/4/29 17:19:25.024 [RX] - 56 69 56 4F 74 65 63 68 32 00 04 00 00 00 AE 16  

 --- Swipe card
40 1B 41 02 43 41 52 44 2D 32 31 32 31 32 31 32 31 32 31 37 36 37 36 37 36 30 37 30 37 30 37 37 36 37 36 37 36 37 36 32 31 32 31 32 31 32 03 0E 0D 40 1B 41 02 43 41 52 44 2D 32 31 32 31 32 31 32 31 32 31 37 36 37 36 37 36 30 37 30 37 30 37 37 36 37 36 37 36 37 36 32 31 32 31 32 31 32 03 0E 0D  

 --- Get Full Track

2015/4/29 17:19:31.769 [TX] - 56 69 56 4F 74 65 63 68 00 43 17 CD 00 00 BD 11 
2015/4/29 17:19:31.821 [RX] - 56 69 56 4F 74 65 63 68 00 41 17 00 83 72 21 86 56 69 56 4F 74 65 63 68 00 44 54 52 41 43 4B 31 37 36 37 36 37 36 30 37 30 37 30 37 37 36 37 36 37 36 30 37 30 37 30 37 37 36 37 36 37 36 30 37 30 37 30 37 37 36 37 36 37 36 30 37 30 37 30 37 37 36 37 36 37 36 30 37 30 37 30 37 37 36 37 36 37 36 30 37 30 37 00 32 31 32 31 32 31 32 31 32 31 37 36 37 36 37 36 30 37 30 37 30 37 37 36 37 36 37 36 37 36 32 31 32 31 32 31 32 90 2E 40 1B 41 02 43 41 52 44 2D 32 31 32 31 32 31 32 31 32 31 37 36 37 36 37 36 30 37 30 37 30 37 37 36 37 36 37 36 37 36 32 31 32 31 32 31 32 03 0E 0D  

 --- Get Transaction result

2015/4/29 17:19:36.082 [TX] - 56 69 56 4F 74 65 63 68 32 00 03 00 00 00 3B FF 
2015/4/29 17:19:36.910 [RX] - 56 69 56 4F 74 65 63 68 32 00 03 00 00 8F 4C 54 52 41 43 4B 31 37 36 37 36 37 36 30 37 30 37 30 37 37 36 37 36 37 36 30 37 30 37 30 37 37 36 37 36 37 36 30 37 30 37 30 37 37 36 37 36 37 36 30 37 30 37 30 37 37 36 37 36 37 36 30 37 30 37 30 37 37 36 37 36 37 36 30 37 30 37 25 32 31 32 31 32 31 32 31 32 31 37 36 37 36 37 36 30 37 30 37 30 37 37 36 37 36 37 36 37 36 32 31 32 31 32 31 32 00 9F 06 10 00 00 00 00 00 00 00 00 00 00 00 00 00 00 00 00 FF EE 01 04 DF 30 01 0C 1F 36  

 --- Activate Transaction

2015/4/29 17:19:38.240 [TX] - 56 69 56 4F 74 65 63 68 32 00 02 01 00 15 0A 9F 02 06 00 00 00 00 10 00 9A 03 07 11 21 9F 21 03 10 15 20 30 12 
2015/4/29 17:19:39.253 [RX] - 40 1B 41 02 43 41 52 44 2D 32 31 32 31 32 31 32 31 32 31 37 36 37 36 37 36 30 37 30 37 30 37 37 36 37 36 37 36 37 36 32 31 32 31 32 31 32 03 0E 0D 56 69 56 4F 74 65 63 68 32 00 02 00 00 8F 4C 54 52 41 43 4B 31 37 36 37 36 37 36 30 37 30 37 30 37 37 36 37 36 37 36 30 37 30 37 30 37 37 36 37 36 37 36 30 37 30 37 30 37 37 36 37 36 37 36 30 37 30 37 30 37 37 36 37 36 37 36 30 37 30 37 30 37 37 36 37 36 37 36 30 37 30 37 25 32 31 32 31 32 31 32 31 32 31 37 36 37 36 37 36 30 37 30 37 30 37 37 36 37 36 37 36 37 36 32 31 32 31 32 31 32 00 9F 06 10 00 00 00 00 00 00 00 00 00 00 00 00 00 00 00 00 FF EE 01 04 DF 30 01 0C 04 CB  

 Result = PASSED
 ---------- END OF TEST ----------
 

 MASTER RESULT = PASSED


Docklight Log File (HEX) - Stopped 2015/4/29 17:19:42.087 

