Docklight Log File (HEX) - Started 2022/3/9 15:42:42.344 
 TEST CASE: ECA16-3

 --- Set POS COM PORT Settings
 Set POS COM PORT...
 POS operating on COM90 @ 9600 baud...
 Set POS COM PORT - COMPLETE

 Erase All Keys...

2022/3/9 15:42:43.470 [TX] - 56 69 56 4F 74 65 63 68 32 00 83 00 00 00 03 22 
2022/3/9 15:42:43.475 [RX] - 56 69 56 4F 74 65 63 68 32 00 83 00 00 00 22 03 00 00 00 00 00 00 00 00 00 00 00 00 00 00 00 00 00 00 00 00 00 00 00 00 00 00 00 00 00 00 00 00 00 00 00 00 00 00 00 00 00 00 00 00 00 00 00  

 Set DUKPT Key Encryption Type...

2022/3/9 15:42:43.983 [TX] - 56 69 56 4F 74 65 63 68 32 00 C7 32 00 01 01 7D DF 
2022/3/9 15:42:43.991 [RX] - 56 69 56 4F 74 65 63 68 32 00 C7 00 00 00 86 6E 00 00 00 00 00 00 00 00 00 00 00 00 00 00 00 00 00 00 00 00 00 00 00 00 00 00 00 00 00 00 00 00 00 00 00 00 00 00 00 00 00 00 00 00 00 00 00  

 Get DUKPT Key Encryption Type...

2022/3/9 15:42:44.500 [TX] - 56 69 56 4F 74 65 63 68 32 00 C7 33 00 00 1A 9B 
2022/3/9 15:42:44.507 [RX] - 56 69 56 4F 74 65 63 68 32 00 C7 00 00 01 01 BC 5E 00 00 00 00 00 00 00 00 00 00 00 00 00 00 00 00 00 00 00 00 00 00 00 00 00 00 00 00 00 00 00 00 00 00 00 00 00 00 00 00 00 00 00 00 00 00  
OK!
 

 Loading DUKPT key...

2022/3/9 15:42:45.019 [TX] - 56 69 56 4F 74 65 63 68 32 00 80 00 00 65 30 39 36 46 31 35 35 37 37 45 39 41 44 41 30 30 38 38 4B 30 54 44 30 30 4E 30 30 30 30 30 30 38 30 45 30 39 46 43 39 35 35 45 36 33 43 32 45 43 43 30 42 34 39 44 42 46 35 31 37 36 36 42 32 41 39 34 34 33 37 32 37 35 39 30 32 33 30 32 32 30 32 32 33 34 39 38 37 31 32 30 32 33 34 30 30 30 30 30 30 30 30 9C 1B 
2022/3/9 15:42:45.031 [RX] - 56 69 56 4F 74 65 63 68 32 00 80 00 00 00 B9 DF 00 00 00 00 00 00 00 00 00 00 00 00 00 00 00 00 00 00 00 00 00 00 00 00 00 00 00 00 00 00 00 00 00 00 00 00 00 00 00 00 00 00 00 00 00 00 00 
2022/3/9 15:42:45.538 [TX] - 56 69 56 4F 74 65 63 68 32 00 80 00 00 65 31 32 45 43 36 30 30 37 37 45 39 41 44 41 30 30 38 38 4B 30 54 44 30 30 4E 30 30 30 30 30 30 38 30 31 44 31 45 36 30 44 36 45 32 46 38 44 31 44 36 32 34 42 44 34 34 36 42 43 39 33 31 34 33 33 41 30 33 33 36 33 31 30 34 35 36 37 38 32 37 37 30 32 33 41 39 39 37 31 32 36 32 33 34 30 30 30 30 30 30 30 30 30 E6 
2022/3/9 15:42:45.547 [RX] - 56 69 56 4F 74 65 63 68 32 00 80 00 00 00 B9 DF 00 00 00 00 00 00 00 00 00 00 00 00 00 00 00 00 00 00 00 00 00 00 00 00 00 00 00 00 00 00 00 00 00 00 00 00 00 00 00 00 00 00 00 00 00 00 00 

Docklight Log File (HEX) - Stopped 2022/3/9 15:42:45.851 

