Docklight Log File (HEX) - Started 2018/2/22 15:57:06.297 
 TEST CASE: EDCT01-2

 --- Set POS COM PORT Settings
 Set POS COM PORT...
 POS operating on COM90 @ 9600 baud...
 Set POS COM PORT - COMPLETE

 

 --- Data Encryption: Enable

2018/2/22 15:57:07.559 [TX] - 56 69 56 4F 74 65 63 68 32 00 C7 36 00 01 03 97 6C 
2018/2/22 15:57:07.569 [RX] - 56 69 56 4F 74 65 63 68 32 00 C7 00 00 00 86 6E 00 00 00 00 00 00 00 00 00 00 00 00 00 00 00 00 00 00 00 00 00 00 00 00 00 00 00 00 00 00 00 00 00 00 00 00 00 00 00 00 00 00 00 00 00 00 00  

 --- Poll on Demand

2018/2/22 15:57:07.576 [TX] - 56 69 56 4F 74 65 63 68 32 00 01 01 00 01 01 D7 34 
2018/2/22 15:57:07.581 [RX] - 56 69 56 4F 74 65 63 68 32 00 01 00 00 00 12 53 00 00 00 00 00 00 00 00 00 00 00 00 00 00 00 00 00 00 00 00 00 00 00 00 00 00 00 00 00 00 00 00 00 00 00 00 00 00 00 00 00 00 00 00 00 00 00  

 --- Burst mode Off

2018/2/22 15:57:08.097 [TX] - 56 69 56 4F 74 65 63 68 32 00 04 00 00 04 FF F7 01 00 B9 2E 
2018/2/22 15:57:08.104 [RX] - 56 69 56 4F 74 65 63 68 32 00 04 00 00 00 AE 16 00 00 00 00 00 00 00 00 00 00 00 00 00 00 00 00 00 00 00 00 00 00 00 00 00 00 00 00 00 00 00 00 00 00 00 00 00 00 00 00 00 00 00 00 00 00 00  

 Erase All Keys...

2018/2/22 15:57:08.612 [TX] - 56 69 56 4F 74 65 63 68 32 00 83 00 00 00 03 22 
2018/2/22 15:57:08.619 [RX] - 56 69 56 4F 74 65 63 68 32 00 83 00 00 00 22 03 00 00 00 00 00 00 00 00 00 00 00 00 00 00 00 00 00 00 00 00 00 00 00 00 00 00 00 00 00 00 00 00 00 00 00 00 00 00 00 00 00 00 00 00 00 00 00  

 Set DUKPT Key Encryption Type...

2018/2/22 15:57:09.127 [TX] - 56 69 56 4F 74 65 63 68 32 00 C7 32 00 01 00 6D FE 
2018/2/22 15:57:09.135 [RX] - 56 69 56 4F 74 65 63 68 32 00 C7 00 00 00 86 6E 00 00 00 00 00 00 00 00 00 00 00 00 00 00 00 00 00 00 00 00 00 00 00 00 00 00 00 00 00 00 00 00 00 00 00 00 00 00 00 00 00 00 00 00 00 00 00  

 Get DUKPT Key Encryption Type...

2018/2/22 15:57:09.643 [TX] - 56 69 56 4F 74 65 63 68 32 00 C7 33 00 00 1A 9B 
2018/2/22 15:57:09.650 [RX] - 56 69 56 4F 74 65 63 68 32 00 C7 00 00 01 00 AC 7F 00 00 00 00 00 00 00 00 00 00 00 00 00 00 00 00 00 00 00 00 00 00 00 00 00 00 00 00 00 00 00 00 00 00 00 00 00 00 00 00 00 00 00 00 00 00  
OK!
 

 Loading DUKPT key...

2018/2/22 15:57:10.168 [TX] - 56 69 56 4F 74 65 63 68 32 00 80 00 00 65 30 39 36 46 31 35 35 37 37 45 39 41 44 41 30 30 38 38 4B 30 54 44 30 30 4E 30 30 30 30 30 30 38 30 45 30 39 46 43 39 35 35 45 36 33 43 32 45 43 43 30 42 34 39 44 42 46 35 31 37 36 36 42 32 41 39 34 34 33 37 32 37 35 39 30 32 33 30 32 32 30 32 32 33 34 39 38 37 31 32 30 32 33 34 30 30 30 30 30 30 30 30 9C 1B 
2018/2/22 15:57:10.177 [RX] - 56 69 56 4F 74 65 63 68 32 00 80 00 00 00 B9 DF 00 00 00 00 00 00 00 00 00 00 00 00 00 00 00 00 00 00 00 00 00 00 00 00 00 00 00 00 00 00 00 00 00 00 00 00 00 00 00 00 00 00 00 00 00 00 00 
2018/2/22 15:57:10.692 [TX] - 56 69 56 4F 74 65 63 68 32 00 80 00 00 65 31 32 45 43 36 30 30 37 37 45 39 41 44 41 30 30 38 38 4B 30 54 44 30 30 4E 30 30 30 30 30 30 38 30 31 44 31 45 36 30 44 36 45 32 46 38 44 31 44 36 32 34 42 44 34 34 36 42 43 39 33 31 34 33 33 41 30 33 33 36 33 31 30 34 35 36 37 38 32 37 37 30 32 33 41 39 39 37 31 32 36 32 33 34 30 30 30 30 30 30 30 30 30 E6 
2018/2/22 15:57:10.702 [RX] - 56 69 56 4F 74 65 63 68 32 00 80 00 00 00 B9 DF 00 00 00 00 00 00 00 00 00 00 00 00 00 00 00 00 00 00 00 00 00 00 00 00 00 00 00 00 00 00 00 00 00 00 00 00 00 00 00 00 00 00 00 00 00 00 00 
2018/2/22 15:57:11.213 [TX] - 56 69 56 4F 74 65 63 68 32 00 80 01 00 58 41 30 30 38 38 4B 30 54 44 30 30 4E 30 30 30 30 46 41 42 44 39 44 34 32 37 34 31 30 42 36 46 41 35 45 44 33 42 37 36 41 44 37 46 41 45 38 45 33 31 36 30 32 31 33 42 46 44 38 31 31 38 32 32 33 38 31 38 41 45 43 46 30 43 44 41 44 42 31 39 41 42 45 39 37 41 41 32 43 B8 FE 
2018/2/22 15:57:11.225 [RX] - 56 69 56 4F 74 65 63 68 32 00 80 00 00 00 B9 DF 00 00 00 00 00 00 00 00 00 00 00 00 00 00 00 00 00 00 00 00 00 00 00 00 00 00 00 00 00 00 00 00 00 00 00 00 00 00 00 00 00 00 00 00 00 00 00 
2018/2/22 15:57:11.730 [TX] - 56 69 56 4F 74 65 63 68 32 00 81 00 00 71 05 41 30 31 31 32 44 30 54 45 30 30 4E 30 31 30 30 4B 53 31 38 36 32 39 39 34 39 30 31 32 43 30 30 30 34 36 30 30 30 30 31 37 39 46 43 30 31 36 44 31 34 46 34 35 42 39 41 33 37 46 37 32 42 44 35 41 35 37 37 41 43 35 33 34 37 36 42 31 35 35 34 32 45 39 42 39 30 46 35 36 32 46 36 37 36 35 30 45 46 35 33 43 34 44 39 45 42 41 36 39 35 39 46 76 88 
2018/2/22 15:57:11.753 [RX] - 56 69 56 4F 74 65 63 68 32 00 81 00 00 00 CF 6B 00 00 00 00 00 00 00 00 00 00 00 00 00 00 00 00 00 00 00 00 00 00 00 00 00 00 00 00 00 00 00 00 00 00 00 00 00 00 00 00 00 00 00 00 00 00 00  
OK!
 

 --- 04-00-----DFEF4B = 20 T1

2018/2/22 15:57:12.266 [TX] - 56 69 56 4F 74 65 63 68 32 00 04 00 00 07 DF EF 4B 03 20 00 00 CB C2 
2018/2/22 15:57:12.269 [RX] - 56 69 56 4F 74 65 63 68 32 00 04 00 00 00 AE 16 00 00 00 00 00 00 00 00 00 00 00 00 00 00 00 00 00 00 00 00 00 00 00 00 00 00 00 00 00 00 00 00 00 00 00 00 00 00 00 00 00 00 00 00 00 00 00  

 --- 02-40 Activate Transaction

2018/2/22 15:57:12.863 [TX] - 56 69 56 4F 74 65 63 68 32 00 02 40 00 15 0A 9F 02 06 00 00 00 00 10 00 9A 03 07 11 21 9F 21 03 10 15 20 5E 34 
2018/2/22 15:57:13.957 [RX] - 56 69 56 4F 74 65 63 68 32 00 02 23 02 59 D1 FF EE 12 0A 62 99 49 01 2C 00 04 60 00 01 FF EE 13 A1 41 2A 36 35 31 30 2A 2A 2A 2A 2A 2A 2A 2A 30 31 32 35 5E 43 41 52 44 2F 49 4D 41 47 45 20 30 38 20 20 20 20 20 20 20 20 20 20 20 20 20 5E 31 37 31 32 32 30 31 2A 2A 2A 2A 2A 2A 2A 2A 2A 2A 2A 2A 2A FF EE 13 C1 48 FF 3C 59 FD A6 2E 20 E9 C5 45 45 3F E7 CB 1D 69 C1 FB 78 B2 EA 34 FF 22 DE 5B 55 2F EB 9D 87 D5 18 E4 DD 60 F7 7D E2 CA 52 01 2D FD 85 79 23 0E 9D 66 BB 79 F7 61 DB 37 F4 8B 0C F9 B1 72 4D 2A 52 A6 59 E0 10 AB 4A 3B FF EE 14 A1 25 36 35 31 30 2A 2A 2A 2A 2A 2A 2A 2A 30 31 32 35 3D 31 37 31 32 32 30 31 2A 2A 2A 2A 2A 2A 2A 2A 2A 2A 2A 2A 2A FF EE 14 C1 30 87 A1 16 48 FF 13 E0 8A 93 2F 76 7B DD 64 03 82 5B 99 19 4D EE F0 7E 05 48 EC 5E 95 7D 80 DF 38 60 98 3A 4F B5 A0 BF 21 8B C9 3C 99 AA F7 E7 FA 84 08 A0 00 00 03 24 10 10 01 9F 06 07 A0 00 00 03 24 10 10 9F 35 01 22 9F 37 04 41 08 72 71 9F 39 01 91 9A 03 07 11 21 9F 21 03 10 15 20 56 A1 41 2A 36 35 31 30 2A 2A 2A 2A 2A 2A 2A 2A 30 31 32 35 5E 43 41 52 44 2F 49 4D 41 47 45 20 30 38 20 20 20 20 20 20 20 20 20 20 20 20 20 5E 31 37 31 32 32 30 31 2A 2A 2A 2A 2A 2A 2A 2A 2A 2A 2A 2A 2A 56 C1 48 BC AE 52 15 11 70 02 0A 60 55 85 FC 73 C3 32 DA 4B CB 24 D2 56 E4 11 56 09 71 BE 2E 0C 93 8A 26 42 3D F7 FA F2 36 49 5D 4E D0 84 32 C1 6C E7 D1 36 BC 95 00 16 3D B6 72 0F 50 E2 26 9E B8 A7 0F 66 6A 98 5A 62 15 4B D3 57 A1 13 65 10 CC CC CC CC 01 25 D1 71 22 01 CC CC CC CC CC CC CC 57 C1 18 F6 EA DE E3 2F 8E AD A4 D6 D5 1E E6 58 7E AD 1D E8 A5 6A 12 62 71 32 9C 9C 01 00 FF EE 01 08 DF 30 01 00 DF 52 01 00 DF EF 4C 06 41 00 00 00 00 00 DF EF 4D 48 EC 19 9B C8 C6 8F DB F8 1E 90 6F 1C D3 C1 5D 55 D6 5A 8C 76 28 53 C0 82 85 20 41 61 34 25 03 47 75 42 6E A1 5C 0E CE C4 A1 DE 79 76 E4 6F AC B2 94 C2 43 F6 9E F3 19 02 DB ED 29 13 A7 66 CD EA 3D 7A 29 23 E1 7A 6E 13 DF EE 26 01 D1 B9 0E 00 00 00 00 00 00 00 00 00 00 00 00 00  

 Erase All Keys...

2018/2/22 15:57:14.500 [TX] - 56 69 56 4F 74 65 63 68 32 00 83 00 00 00 03 22 
2018/2/22 15:57:14.505 [RX] - 56 69 56 4F 74 65 63 68 32 00 83 00 00 00 22 03 00 00 00 00 00 00 00 00 00 00 00 00 00 00 00 00 00 00 00 00 00 00 00 00 00 00 00 00 00 00 00 00 00 00 00 00 00 00 00 00 00 00 00 00 00 00 00  

 Set DUKPT Key Encryption Type...

2018/2/22 15:57:15.021 [TX] - 56 69 56 4F 74 65 63 68 32 00 C7 32 00 01 00 6D FE 
2018/2/22 15:57:15.029 [RX] - 56 69 56 4F 74 65 63 68 32 00 C7 00 00 00 86 6E 00 00 00 00 00 00 00 00 00 00 00 00 00 00 00 00 00 00 00 00 00 00 00 00 00 00 00 00 00 00 00 00 00 00 00 00 00 00 00 00 00 00 00 00 00 00 00  

 Get DUKPT Key Encryption Type...

2018/2/22 15:57:15.545 [TX] - 56 69 56 4F 74 65 63 68 32 00 C7 33 00 00 1A 9B 
2018/2/22 15:57:15.552 [RX] - 56 69 56 4F 74 65 63 68 32 00 C7 00 00 01 00 AC 7F 00 00 00 00 00 00 00 00 00 00 00 00 00 00 00 00 00 00 00 00 00 00 00 00 00 00 00 00 00 00 00 00 00 00 00 00 00 00 00 00 00 00 00 00 00 00  
OK!
 

 Loading DUKPT key...

2018/2/22 15:57:16.062 [TX] - 56 69 56 4F 74 65 63 68 32 00 80 00 00 65 30 39 36 46 31 35 35 37 37 45 39 41 44 41 30 30 38 38 4B 30 54 44 30 30 4E 30 30 30 30 30 30 38 30 45 30 39 46 43 39 35 35 45 36 33 43 32 45 43 43 30 42 34 39 44 42 46 35 31 37 36 36 42 32 41 39 34 34 33 37 32 37 35 39 30 32 33 30 32 32 30 32 32 33 34 39 38 37 31 32 30 32 33 34 30 30 30 30 30 30 30 30 9C 1B 
2018/2/22 15:57:16.073 [RX] - 56 69 56 4F 74 65 63 68 32 00 80 00 00 00 B9 DF 00 00 00 00 00 00 00 00 00 00 00 00 00 00 00 00 00 00 00 00 00 00 00 00 00 00 00 00 00 00 00 00 00 00 00 00 00 00 00 00 00 00 00 00 00 00 00 
2018/2/22 15:57:16.587 [TX] - 56 69 56 4F 74 65 63 68 32 00 80 00 00 65 31 32 45 43 36 30 30 37 37 45 39 41 44 41 30 30 38 38 4B 30 54 44 30 30 4E 30 30 30 30 30 30 38 30 31 44 31 45 36 30 44 36 45 32 46 38 44 31 44 36 32 34 42 44 34 34 36 42 43 39 33 31 34 33 33 41 30 33 33 36 33 31 30 34 35 36 37 38 32 37 37 30 32 33 41 39 39 37 31 32 36 32 33 34 30 30 30 30 30 30 30 30 30 E6 
2018/2/22 15:57:16.597 [RX] - 56 69 56 4F 74 65 63 68 32 00 80 00 00 00 B9 DF 00 00 00 00 00 00 00 00 00 00 00 00 00 00 00 00 00 00 00 00 00 00 00 00 00 00 00 00 00 00 00 00 00 00 00 00 00 00 00 00 00 00 00 00 00 00 00 
2018/2/22 15:57:17.110 [TX] - 56 69 56 4F 74 65 63 68 32 00 80 01 00 58 41 30 30 38 38 4B 30 54 44 30 30 4E 30 30 30 30 46 41 42 44 39 44 34 32 37 34 31 30 42 36 46 41 35 45 44 33 42 37 36 41 44 37 46 41 45 38 45 33 31 36 30 32 31 33 42 46 44 38 31 31 38 32 32 33 38 31 38 41 45 43 46 30 43 44 41 44 42 31 39 41 42 45 39 37 41 41 32 43 B8 FE 
2018/2/22 15:57:17.125 [RX] - 56 69 56 4F 74 65 63 68 32 00 80 00 00 00 B9 DF 00 00 00 00 00 00 00 00 00 00 00 00 00 00 00 00 00 00 00 00 00 00 00 00 00 00 00 00 00 00 00 00 00 00 00 00 00 00 00 00 00 00 00 00 00 00 00 
2018/2/22 15:57:17.637 [TX] - 56 69 56 4F 74 65 63 68 32 00 81 00 00 71 05 41 30 31 31 32 44 30 54 45 30 30 4E 30 31 30 30 4B 53 31 38 36 32 39 39 34 39 30 31 32 43 30 30 30 34 36 30 30 30 30 31 37 39 46 43 30 31 36 44 31 34 46 34 35 42 39 41 33 37 46 37 32 42 44 35 41 35 37 37 41 43 35 33 34 37 36 42 31 35 35 34 32 45 39 42 39 30 46 35 36 32 46 36 37 36 35 30 45 46 35 33 43 34 44 39 45 42 41 36 39 35 39 46 76 88 
2018/2/22 15:57:17.661 [RX] - 56 69 56 4F 74 65 63 68 32 00 81 00 00 00 CF 6B 00 00 00 00 00 00 00 00 00 00 00 00 00 00 00 00 00 00 00 00 00 00 00 00 00 00 00 00 00 00 00 00 00 00 00 00 00 00 00 00 00 00 00 00 00 00 00  
OK!
 

 --- 04-00-----DFEF4B = 10 T2

2018/2/22 15:57:18.185 [TX] - 56 69 56 4F 74 65 63 68 32 00 04 00 00 07 DF EF 4B 03 10 00 00 6E 07 
2018/2/22 15:57:18.189 [RX] - 56 69 56 4F 74 65 63 68 32 00 04 00 00 00 AE 16 00 00 00 00 00 00 00 00 00 00 00 00 00 00 00 00 00 00 00 00 00 00 00 00 00 00 00 00 00 00 00 00 00 00 00 00 00 00 00 00 00 00 00 00 00 00 00  

 --- 02-40 Activate Transaction

2018/2/22 15:57:19.182 [TX] - 56 69 56 4F 74 65 63 68 32 00 02 40 00 15 0A 9F 02 06 00 00 00 00 10 00 9A 03 07 11 21 9F 21 03 10 15 20 5E 34 
2018/2/22 15:57:20.385 [RX] - 56 69 56 4F 74 65 63 68 32 00 02 23 02 39 D1 FF EE 12 0A 62 99 49 01 2C 00 04 60 00 01 FF EE 13 A1 41 2A 36 35 31 30 2A 2A 2A 2A 2A 2A 2A 2A 30 31 32 35 5E 43 41 52 44 2F 49 4D 41 47 45 20 30 38 20 20 20 20 20 20 20 20 20 20 20 20 20 5E 31 37 31 32 32 30 31 2A 2A 2A 2A 2A 2A 2A 2A 2A 2A 2A 2A 2A FF EE 13 C1 48 FF 3C 59 FD A6 2E 20 E9 C5 45 45 3F E7 CB 1D 69 C1 FB 78 B2 EA 34 FF 22 DE 5B 55 2F EB 9D 87 D5 18 E4 DD 60 F7 7D E2 CA 52 01 2D FD 85 79 23 0E 9D 66 BB 79 F7 61 DB 37 F4 8B 0C F9 B1 72 4D 2A 52 A6 59 E0 10 AB 4A 3B FF EE 14 A1 25 36 35 31 30 2A 2A 2A 2A 2A 2A 2A 2A 30 31 32 35 3D 31 37 31 32 32 30 31 2A 2A 2A 2A 2A 2A 2A 2A 2A 2A 2A 2A 2A FF EE 14 C1 30 87 A1 16 48 FF 13 E0 8A 93 2F 76 7B DD 64 03 82 5B 99 19 4D EE F0 7E 05 48 EC 5E 95 7D 80 DF 38 60 98 3A 4F B5 A0 BF 21 8B C9 3C 99 AA F7 E7 FA 84 08 A0 00 00 03 24 10 10 01 9F 06 07 A0 00 00 03 24 10 10 9F 35 01 22 9F 37 04 22 13 56 77 9F 39 01 91 9A 03 07 11 21 9F 21 03 10 15 20 56 A1 41 2A 36 35 31 30 2A 2A 2A 2A 2A 2A 2A 2A 30 31 32 35 5E 43 41 52 44 2F 49 4D 41 47 45 20 30 38 20 20 20 20 20 20 20 20 20 20 20 20 20 5E 31 37 31 32 32 30 31 2A 2A 2A 2A 2A 2A 2A 2A 2A 2A 2A 2A 2A 56 C1 48 BC AE 52 15 11 70 02 0A 60 55 85 FC 73 C3 32 DA 4B CB 24 D2 56 E4 11 56 09 71 BE 2E 0C 93 8A 26 42 3D F7 FA F2 36 49 5D 4E D0 84 32 C1 6C E7 D1 36 BC 95 00 16 3D B6 72 0F 50 E2 26 9E B8 A7 0F 66 6A 98 5A 62 15 4B D3 57 A1 13 65 10 CC CC CC CC 01 25 D1 71 22 01 CC CC CC CC CC CC CC 57 C1 18 F6 EA DE E3 2F 8E AD A4 D6 D5 1E E6 58 7E AD 1D E8 A5 6A 12 62 71 32 9C 9C 01 00 FF EE 01 08 DF 30 01 00 DF 52 01 00 DF EF 4C 06 00 25 00 00 00 00 DF EF 4D 28 4C C3 50 A0 F4 F2 CE C9 05 B4 7E BE 3F 56 3F 79 5E 36 35 E8 32 B9 39 FC 21 81 8B 2F 07 94 0B 50 89 03 D8 00 86 8D 62 23 DF EE 26 01 D1 E9 BA 00 00 00 00 00 00 00 00 00 00 00 00 00 00 00 00 00 00 00 00 00 00 00 00 00 00 00 00 00 00 00 00 00 00 00 00 00 00 00 00 00 00 00 00 00  

 Erase All Keys...

2018/2/22 15:57:20.934 [TX] - 56 69 56 4F 74 65 63 68 32 00 83 00 00 00 03 22 
2018/2/22 15:57:20.942 [RX] - 56 69 56 4F 74 65 63 68 32 00 83 00 00 00 22 03 00 00 00 00 00 00 00 00 00 00 00 00 00 00 00 00 00 00 00 00 00 00 00 00 00 00 00 00 00 00 00 00 00 00 00 00 00 00 00 00 00 00 00 00 00 00 00  

 Set DUKPT Key Encryption Type...

2018/2/22 15:57:21.448 [TX] - 56 69 56 4F 74 65 63 68 32 00 C7 32 00 01 00 6D FE 
2018/2/22 15:57:21.453 [RX] - 56 69 56 4F 74 65 63 68 32 00 C7 00 00 00 86 6E 00 00 00 00 00 00 00 00 00 00 00 00 00 00 00 00 00 00 00 00 00 00 00 00 00 00 00 00 00 00 00 00 00 00 00 00 00 00 00 00 00 00 00 00 00 00 00  

 Get DUKPT Key Encryption Type...

2018/2/22 15:57:21.965 [TX] - 56 69 56 4F 74 65 63 68 32 00 C7 33 00 00 1A 9B 
2018/2/22 15:57:21.972 [RX] - 56 69 56 4F 74 65 63 68 32 00 C7 00 00 01 00 AC 7F 00 00 00 00 00 00 00 00 00 00 00 00 00 00 00 00 00 00 00 00 00 00 00 00 00 00 00 00 00 00 00 00 00 00 00 00 00 00 00 00 00 00 00 00 00 00  
OK!
 

 Loading DUKPT key...

2018/2/22 15:57:22.482 [TX] - 56 69 56 4F 74 65 63 68 32 00 80 00 00 65 30 39 36 46 31 35 35 37 37 45 39 41 44 41 30 30 38 38 4B 30 54 44 30 30 4E 30 30 30 30 30 30 38 30 45 30 39 46 43 39 35 35 45 36 33 43 32 45 43 43 30 42 34 39 44 42 46 35 31 37 36 36 42 32 41 39 34 34 33 37 32 37 35 39 30 32 33 30 32 32 30 32 32 33 34 39 38 37 31 32 30 32 33 34 30 30 30 30 30 30 30 30 9C 1B 
2018/2/22 15:57:22.493 [RX] - 56 69 56 4F 74 65 63 68 32 00 80 00 00 00 B9 DF 00 00 00 00 00 00 00 00 00 00 00 00 00 00 00 00 00 00 00 00 00 00 00 00 00 00 00 00 00 00 00 00 00 00 00 00 00 00 00 00 00 00 00 00 00 00 00 
2018/2/22 15:57:22.996 [TX] - 56 69 56 4F 74 65 63 68 32 00 80 00 00 65 31 32 45 43 36 30 30 37 37 45 39 41 44 41 30 30 38 38 4B 30 54 44 30 30 4E 30 30 30 30 30 30 38 30 31 44 31 45 36 30 44 36 45 32 46 38 44 31 44 36 32 34 42 44 34 34 36 42 43 39 33 31 34 33 33 41 30 33 33 36 33 31 30 34 35 36 37 38 32 37 37 30 32 33 41 39 39 37 31 32 36 32 33 34 30 30 30 30 30 30 30 30 30 E6 
2018/2/22 15:57:23.004 [RX] - 56 69 56 4F 74 65 63 68 32 00 80 00 00 00 B9 DF 00 00 00 00 00 00 00 00 00 00 00 00 00 00 00 00 00 00 00 00 00 00 00 00 00 00 00 00 00 00 00 00 00 00 00 00 00 00 00 00 00 00 00 00 00 00 00 
2018/2/22 15:57:23.509 [TX] - 56 69 56 4F 74 65 63 68 32 00 80 01 00 58 41 30 30 38 38 4B 30 54 44 30 30 4E 30 30 30 30 46 41 42 44 39 44 34 32 37 34 31 30 42 36 46 41 35 45 44 33 42 37 36 41 44 37 46 41 45 38 45 33 31 36 30 32 31 33 42 46 44 38 31 31 38 32 32 33 38 31 38 41 45 43 46 30 43 44 41 44 42 31 39 41 42 45 39 37 41 41 32 43 B8 FE 
2018/2/22 15:57:23.520 [RX] - 56 69 56 4F 74 65 63 68 32 00 80 00 00 00 B9 DF 00 00 00 00 00 00 00 00 00 00 00 00 00 00 00 00 00 00 00 00 00 00 00 00 00 00 00 00 00 00 00 00 00 00 00 00 00 00 00 00 00 00 00 00 00 00 00 
2018/2/22 15:57:24.026 [TX] - 56 69 56 4F 74 65 63 68 32 00 81 00 00 71 05 41 30 31 31 32 44 30 54 45 30 30 4E 30 31 30 30 4B 53 31 38 36 32 39 39 34 39 30 31 32 43 30 30 30 34 36 30 30 30 30 31 37 39 46 43 30 31 36 44 31 34 46 34 35 42 39 41 33 37 46 37 32 42 44 35 41 35 37 37 41 43 35 33 34 37 36 42 31 35 35 34 32 45 39 42 39 30 46 35 36 32 46 36 37 36 35 30 45 46 35 33 43 34 44 39 45 42 41 36 39 35 39 46 76 88 
2018/2/22 15:57:24.053 [RX] - 56 69 56 4F 74 65 63 68 32 00 81 00 00 00 CF 6B 00 00 00 00 00 00 00 00 00 00 00 00 00 00 00 00 00 00 00 00 00 00 00 00 00 00 00 00 00 00 00 00 00 00 00 00 00 00 00 00 00 00 00 00 00 00 00  
OK!
 

 --- 04-00-----DFEF4B = 08 T3

2018/2/22 15:57:24.571 [TX] - 56 69 56 4F 74 65 63 68 32 00 04 00 00 07 DF EF 4B 03 08 00 00 AC ED 
2018/2/22 15:57:24.576 [RX] - 56 69 56 4F 74 65 63 68 32 00 04 00 00 00 AE 16 00 00 00 00 00 00 00 00 00 00 00 00 00 00 00 00 00 00 00 00 00 00 00 00 00 00 00 00 00 00 00 00 00 00 00 00 00 00 00 00 00 00 00 00 00 00 00  

 --- 02-40 Activate Transaction

2018/2/22 15:57:25.311 [TX] - 56 69 56 4F 74 65 63 68 32 00 02 40 00 15 0A 9F 02 06 00 00 00 00 10 00 9A 03 07 11 21 9F 21 03 10 15 20 5E 34 
2018/2/22 15:57:26.621 [RX] - 56 69 56 4F 74 65 63 68 32 00 02 23 02 11 D1 FF EE 12 0A 62 99 49 01 2C 00 04 60 00 01 FF EE 13 A1 41 2A 36 35 31 30 2A 2A 2A 2A 2A 2A 2A 2A 30 31 32 35 5E 43 41 52 44 2F 49 4D 41 47 45 20 30 38 20 20 20 20 20 20 20 20 20 20 20 20 20 5E 31 37 31 32 32 30 31 2A 2A 2A 2A 2A 2A 2A 2A 2A 2A 2A 2A 2A FF EE 13 C1 48 FF 3C 59 FD A6 2E 20 E9 C5 45 45 3F E7 CB 1D 69 C1 FB 78 B2 EA 34 FF 22 DE 5B 55 2F EB 9D 87 D5 18 E4 DD 60 F7 7D E2 CA 52 01 2D FD 85 79 23 0E 9D 66 BB 79 F7 61 DB 37 F4 8B 0C F9 B1 72 4D 2A 52 A6 59 E0 10 AB 4A 3B FF EE 14 A1 25 36 35 31 30 2A 2A 2A 2A 2A 2A 2A 2A 30 31 32 35 3D 31 37 31 32 32 30 31 2A 2A 2A 2A 2A 2A 2A 2A 2A 2A 2A 2A 2A FF EE 14 C1 30 87 A1 16 48 FF 13 E0 8A 93 2F 76 7B DD 64 03 82 5B 99 19 4D EE F0 7E 05 48 EC 5E 95 7D 80 DF 38 60 98 3A 4F B5 A0 BF 21 8B C9 3C 99 AA F7 E7 FA 84 08 A0 00 00 03 24 10 10 01 9F 06 07 A0 00 00 03 24 10 10 9F 35 01 22 9F 37 04 39 34 67 54 9F 39 01 91 9A 03 07 11 21 9F 21 03 10 15 20 56 A1 41 2A 36 35 31 30 2A 2A 2A 2A 2A 2A 2A 2A 30 31 32 35 5E 43 41 52 44 2F 49 4D 41 47 45 20 30 38 20 20 20 20 20 20 20 20 20 20 20 20 20 5E 31 37 31 32 32 30 31 2A 2A 2A 2A 2A 2A 2A 2A 2A 2A 2A 2A 2A 56 C1 48 BC AE 52 15 11 70 02 0A 60 55 85 FC 73 C3 32 DA 4B CB 24 D2 56 E4 11 56 09 71 BE 2E 0C 93 8A 26 42 3D F7 FA F2 36 49 5D 4E D0 84 32 C1 6C E7 D1 36 BC 95 00 16 3D B6 72 0F 50 E2 26 9E B8 A7 0F 66 6A 98 5A 62 15 4B D3 57 A1 13 65 10 CC CC CC CC 01 25 D1 71 22 01 CC CC CC CC CC CC CC 57 C1 18 F6 EA DE E3 2F 8E AD A4 D6 D5 1E E6 58 7E AD 1D E8 A5 6A 12 62 71 32 9C 9C 01 00 FF EE 01 08 DF 30 01 00 DF 52 01 00 DF EF 4C 06 00 00 00 00 00 00 DF EF 4D 00 DF EE 26 01 D1 13 78 00 00 00 00 00 00 00 00 00 00 00 00 00 00 00 00 00 00 00 00 00 00  

 Erase All Keys...

2018/2/22 15:57:27.167 [TX] - 56 69 56 4F 74 65 63 68 32 00 83 00 00 00 03 22 
2018/2/22 15:57:27.174 [RX] - 56 69 56 4F 74 65 63 68 32 00 83 00 00 00 22 03 00 00 00 00 00 00 00 00 00 00 00 00 00 00 00 00 00 00 00 00 00 00 00 00 00 00 00 00 00 00 00 00 00 00 00 00 00 00 00 00 00 00 00 00 00 00 00  

 Set DUKPT Key Encryption Type...

2018/2/22 15:57:27.685 [TX] - 56 69 56 4F 74 65 63 68 32 00 C7 32 00 01 00 6D FE 
2018/2/22 15:57:27.693 [RX] - 56 69 56 4F 74 65 63 68 32 00 C7 00 00 00 86 6E 00 00 00 00 00 00 00 00 00 00 00 00 00 00 00 00 00 00 00 00 00 00 00 00 00 00 00 00 00 00 00 00 00 00 00 00 00 00 00 00 00 00 00 00 00 00 00  

 Get DUKPT Key Encryption Type...

2018/2/22 15:57:28.208 [TX] - 56 69 56 4F 74 65 63 68 32 00 C7 33 00 00 1A 9B 
2018/2/22 15:57:28.215 [RX] - 56 69 56 4F 74 65 63 68 32 00 C7 00 00 01 00 AC 7F 00 00 00 00 00 00 00 00 00 00 00 00 00 00 00 00 00 00 00 00 00 00 00 00 00 00 00 00 00 00 00 00 00 00 00 00 00 00 00 00 00 00 00 00 00 00  
OK!
 

 Loading DUKPT key...

2018/2/22 15:57:28.725 [TX] - 56 69 56 4F 74 65 63 68 32 00 80 00 00 65 30 39 36 46 31 35 35 37 37 45 39 41 44 41 30 30 38 38 4B 30 54 44 30 30 4E 30 30 30 30 30 30 38 30 45 30 39 46 43 39 35 35 45 36 33 43 32 45 43 43 30 42 34 39 44 42 46 35 31 37 36 36 42 32 41 39 34 34 33 37 32 37 35 39 30 32 33 30 32 32 30 32 32 33 34 39 38 37 31 32 30 32 33 34 30 30 30 30 30 30 30 30 9C 1B 
2018/2/22 15:57:28.732 [RX] - 56 69 56 4F 74 65 63 68 32 00 80 00 00 00 B9 DF 00 00 00 00 00 00 00 00 00 00 00 00 00 00 00 00 00 00 00 00 00 00 00 00 00 00 00 00 00 00 00 00 00 00 00 00 00 00 00 00 00 00 00 00 00 00 00 
2018/2/22 15:57:29.236 [TX] - 56 69 56 4F 74 65 63 68 32 00 80 00 00 65 31 32 45 43 36 30 30 37 37 45 39 41 44 41 30 30 38 38 4B 30 54 44 30 30 4E 30 30 30 30 30 30 38 30 31 44 31 45 36 30 44 36 45 32 46 38 44 31 44 36 32 34 42 44 34 34 36 42 43 39 33 31 34 33 33 41 30 33 33 36 33 31 30 34 35 36 37 38 32 37 37 30 32 33 41 39 39 37 31 32 36 32 33 34 30 30 30 30 30 30 30 30 30 E6 
2018/2/22 15:57:29.244 [RX] - 56 69 56 4F 74 65 63 68 32 00 80 00 00 00 B9 DF 00 00 00 00 00 00 00 00 00 00 00 00 00 00 00 00 00 00 00 00 00 00 00 00 00 00 00 00 00 00 00 00 00 00 00 00 00 00 00 00 00 00 00 00 00 00 00 
2018/2/22 15:57:29.749 [TX] - 56 69 56 4F 74 65 63 68 32 00 80 01 00 58 41 30 30 38 38 4B 30 54 44 30 30 4E 30 30 30 30 46 41 42 44 39 44 34 32 37 34 31 30 42 36 46 41 35 45 44 33 42 37 36 41 44 37 46 41 45 38 45 33 31 36 30 32 31 33 42 46 44 38 31 31 38 32 32 33 38 31 38 41 45 43 46 30 43 44 41 44 42 31 39 41 42 45 39 37 41 41 32 43 B8 FE 
2018/2/22 15:57:29.760 [RX] - 56 69 56 4F 74 65 63 68 32 00 80 00 00 00 B9 DF 00 00 00 00 00 00 00 00 00 00 00 00 00 00 00 00 00 00 00 00 00 00 00 00 00 00 00 00 00 00 00 00 00 00 00 00 00 00 00 00 00 00 00 00 00 00 00 
2018/2/22 15:57:30.269 [TX] - 56 69 56 4F 74 65 63 68 32 00 81 00 00 71 05 41 30 31 31 32 44 30 54 45 30 30 4E 30 31 30 30 4B 53 31 38 36 32 39 39 34 39 30 31 32 43 30 30 30 34 36 30 30 30 30 31 37 39 46 43 30 31 36 44 31 34 46 34 35 42 39 41 33 37 46 37 32 42 44 35 41 35 37 37 41 43 35 33 34 37 36 42 31 35 35 34 32 45 39 42 39 30 46 35 36 32 46 36 37 36 35 30 45 46 35 33 43 34 44 39 45 42 41 36 39 35 39 46 76 88 
2018/2/22 15:57:30.292 [RX] - 56 69 56 4F 74 65 63 68 32 00 81 00 00 00 CF 6B 00 00 00 00 00 00 00 00 00 00 00 00 00 00 00 00 00 00 00 00 00 00 00 00 00 00 00 00 00 00 00 00 00 00 00 00 00 00 00 00 00 00 00 00 00 00 00  
OK!
 

 --- 04-00-----DFEF4B = 30 T1+T2

2018/2/22 15:57:30.815 [TX] - 56 69 56 4F 74 65 63 68 32 00 04 00 00 07 DF EF 4B 03 30 00 00 A8 81 
2018/2/22 15:57:30.820 [RX] - 56 69 56 4F 74 65 63 68 32 00 04 00 00 00 AE 16 00 00 00 00 00 00 00 00 00 00 00 00 00 00 00 00 00 00 00 00 00 00 00 00 00 00 00 00 00 00 00 00 00 00 00 00 00 00 00 00 00 00 00 00 00 00 00  

 --- 02-40 Activate Transaction

2018/2/22 15:57:31.519 [TX] - 56 69 56 4F 74 65 63 68 32 00 02 40 00 15 0A 9F 02 06 00 00 00 00 10 00 9A 03 07 11 21 9F 21 03 10 15 20 5E 34 
2018/2/22 15:57:32.589 [RX] - 56 69 56 4F 74 65 63 68 32 00 02 23 02 79 D1 FF EE 12 0A 62 99 49 01 2C 00 04 60 00 01 FF EE 13 A1 41 2A 36 35 31 30 2A 2A 2A 2A 2A 2A 2A 2A 30 31 32 35 5E 43 41 52 44 2F 49 4D 41 47 45 20 30 38 20 20 20 20 20 20 20 20 20 20 20 20 20 5E 31 37 31 32 32 30 31 2A 2A 2A 2A 2A 2A 2A 2A 2A 2A 2A 2A 2A FF EE 13 C1 48 FF 3C 59 FD A6 2E 20 E9 C5 45 45 3F E7 CB 1D 69 C1 FB 78 B2 EA 34 FF 22 DE 5B 55 2F EB 9D 87 D5 18 E4 DD 60 F7 7D E2 CA 52 01 2D FD 85 79 23 0E 9D 66 BB 79 F7 61 DB 37 F4 8B 0C F9 B1 72 4D 2A 52 A6 59 E0 10 AB 4A 3B FF EE 14 A1 25 36 35 31 30 2A 2A 2A 2A 2A 2A 2A 2A 30 31 32 35 3D 31 37 31 32 32 30 31 2A 2A 2A 2A 2A 2A 2A 2A 2A 2A 2A 2A 2A FF EE 14 C1 30 87 A1 16 48 FF 13 E0 8A 93 2F 76 7B DD 64 03 82 5B 99 19 4D EE F0 7E 05 48 EC 5E 95 7D 80 DF 38 60 98 3A 4F B5 A0 BF 21 8B C9 3C 99 AA F7 E7 FA 84 08 A0 00 00 03 24 10 10 01 9F 06 07 A0 00 00 03 24 10 10 9F 35 01 22 9F 37 04 24 85 06 29 9F 39 01 91 9A 03 07 11 21 9F 21 03 10 15 20 56 A1 41 2A 36 35 31 30 2A 2A 2A 2A 2A 2A 2A 2A 30 31 32 35 5E 43 41 52 44 2F 49 4D 41 47 45 20 30 38 20 20 20 20 20 20 20 20 20 20 20 20 20 5E 31 37 31 32 32 30 31 2A 2A 2A 2A 2A 2A 2A 2A 2A 2A 2A 2A 2A 56 C1 48 BC AE 52 15 11 70 02 0A 60 55 85 FC 73 C3 32 DA 4B CB 24 D2 56 E4 11 56 09 71 BE 2E 0C 93 8A 26 42 3D F7 FA F2 36 49 5D 4E D0 84 32 C1 6C E7 D1 36 BC 95 00 16 3D B6 72 0F 50 E2 26 9E B8 A7 0F 66 6A 98 5A 62 15 4B D3 57 A1 13 65 10 CC CC CC CC 01 25 D1 71 22 01 CC CC CC CC CC CC CC 57 C1 18 F6 EA DE E3 2F 8E AD A4 D6 D5 1E E6 58 7E AD 1D E8 A5 6A 12 62 71 32 9C 9C 01 00 FF EE 01 08 DF 30 01 00 DF 52 01 00 DF EF 4C 06 41 25 00 00 00 00 DF EF 4D 68 EC 19 9B C8 C6 8F DB F8 1E 90 6F 1C D3 C1 5D 55 D6 5A 8C 76 28 53 C0 82 85 20 41 61 34 25 03 47 75 42 6E A1 5C 0E CE C4 A1 DE 79 76 E4 6F AC B2 94 C2 43 F6 9E F3 19 02 DB ED 29 13 A7 66 CD EA FC FF C2 0D 52 F9 17 10 3B 23 05 D2 B4 3B 4B 91 65 A4 1E 61 51 0A 7A DE C0 07 FD 92 1A 88 CF 7A EB 6E 47 12 76 37 36 4C DF EE 26 01 D1 30 59 00 00 00 00 00 00 00 00 00 00 00 00 00 00 00 00 00 00 00 00 00 00 00 00 00 00 00 00 00 00 00 00 00 00 00 00 00 00 00 00 00 00 00 00  

 Erase All Keys...

2018/2/22 15:57:33.145 [TX] - 56 69 56 4F 74 65 63 68 32 00 83 00 00 00 03 22 
2018/2/22 15:57:33.153 [RX] - 56 69 56 4F 74 65 63 68 32 00 83 00 00 00 22 03 00 00 00 00 00 00 00 00 00 00 00 00 00 00 00 00 00 00 00 00 00 00 00 00 00 00 00 00 00 00 00 00 00 00 00 00 00 00 00 00 00 00 00 00 00 00 00  

 Set DUKPT Key Encryption Type...

2018/2/22 15:57:33.660 [TX] - 56 69 56 4F 74 65 63 68 32 00 C7 32 00 01 00 6D FE 
2018/2/22 15:57:33.667 [RX] - 56 69 56 4F 74 65 63 68 32 00 C7 00 00 00 86 6E 00 00 00 00 00 00 00 00 00 00 00 00 00 00 00 00 00 00 00 00 00 00 00 00 00 00 00 00 00 00 00 00 00 00 00 00 00 00 00 00 00 00 00 00 00 00 00  

 Get DUKPT Key Encryption Type...

2018/2/22 15:57:34.181 [TX] - 56 69 56 4F 74 65 63 68 32 00 C7 33 00 00 1A 9B 
2018/2/22 15:57:34.188 [RX] - 56 69 56 4F 74 65 63 68 32 00 C7 00 00 01 00 AC 7F 00 00 00 00 00 00 00 00 00 00 00 00 00 00 00 00 00 00 00 00 00 00 00 00 00 00 00 00 00 00 00 00 00 00 00 00 00 00 00 00 00 00 00 00 00 00  
OK!
 

 Loading DUKPT key...

2018/2/22 15:57:34.700 [TX] - 56 69 56 4F 74 65 63 68 32 00 80 00 00 65 30 39 36 46 31 35 35 37 37 45 39 41 44 41 30 30 38 38 4B 30 54 44 30 30 4E 30 30 30 30 30 30 38 30 45 30 39 46 43 39 35 35 45 36 33 43 32 45 43 43 30 42 34 39 44 42 46 35 31 37 36 36 42 32 41 39 34 34 33 37 32 37 35 39 30 32 33 30 32 32 30 32 32 33 34 39 38 37 31 32 30 32 33 34 30 30 30 30 30 30 30 30 9C 1B 
2018/2/22 15:57:34.708 [RX] - 56 69 56 4F 74 65 63 68 32 00 80 00 00 00 B9 DF 00 00 00 00 00 00 00 00 00 00 00 00 00 00 00 00 00 00 00 00 00 00 00 00 00 00 00 00 00 00 00 00 00 00 00 00 00 00 00 00 00 00 00 00 00 00 00 
2018/2/22 15:57:35.225 [TX] - 56 69 56 4F 74 65 63 68 32 00 80 00 00 65 31 32 45 43 36 30 30 37 37 45 39 41 44 41 30 30 38 38 4B 30 54 44 30 30 4E 30 30 30 30 30 30 38 30 31 44 31 45 36 30 44 36 45 32 46 38 44 31 44 36 32 34 42 44 34 34 36 42 43 39 33 31 34 33 33 41 30 33 33 36 33 31 30 34 35 36 37 38 32 37 37 30 32 33 41 39 39 37 31 32 36 32 33 34 30 30 30 30 30 30 30 30 30 E6 
2018/2/22 15:57:35.235 [RX] - 56 69 56 4F 74 65 63 68 32 00 80 00 00 00 B9 DF 00 00 00 00 00 00 00 00 00 00 00 00 00 00 00 00 00 00 00 00 00 00 00 00 00 00 00 00 00 00 00 00 00 00 00 00 00 00 00 00 00 00 00 00 00 00 00 
2018/2/22 15:57:35.749 [TX] - 56 69 56 4F 74 65 63 68 32 00 80 01 00 58 41 30 30 38 38 4B 30 54 44 30 30 4E 30 30 30 30 46 41 42 44 39 44 34 32 37 34 31 30 42 36 46 41 35 45 44 33 42 37 36 41 44 37 46 41 45 38 45 33 31 36 30 32 31 33 42 46 44 38 31 31 38 32 32 33 38 31 38 41 45 43 46 30 43 44 41 44 42 31 39 41 42 45 39 37 41 41 32 43 B8 FE 
2018/2/22 15:57:35.760 [RX] - 56 69 56 4F 74 65 63 68 32 00 80 00 00 00 B9 DF 00 00 00 00 00 00 00 00 00 00 00 00 00 00 00 00 00 00 00 00 00 00 00 00 00 00 00 00 00 00 00 00 00 00 00 00 00 00 00 00 00 00 00 00 00 00 00 
2018/2/22 15:57:36.274 [TX] - 56 69 56 4F 74 65 63 68 32 00 81 00 00 71 05 41 30 31 31 32 44 30 54 45 30 30 4E 30 31 30 30 4B 53 31 38 36 32 39 39 34 39 30 31 32 43 30 30 30 34 36 30 30 30 30 31 37 39 46 43 30 31 36 44 31 34 46 34 35 42 39 41 33 37 46 37 32 42 44 35 41 35 37 37 41 43 35 33 34 37 36 42 31 35 35 34 32 45 39 42 39 30 46 35 36 32 46 36 37 36 35 30 45 46 35 33 43 34 44 39 45 42 41 36 39 35 39 46 76 88 
2018/2/22 15:57:36.300 [RX] - 56 69 56 4F 74 65 63 68 32 00 81 00 00 00 CF 6B 00 00 00 00 00 00 00 00 00 00 00 00 00 00 00 00 00 00 00 00 00 00 00 00 00 00 00 00 00 00 00 00 00 00 00 00 00 00 00 00 00 00 00 00 00 00 00  
OK!
 

 --- 04-00-----DFEF4B = 28 T1+T3

2018/2/22 15:57:36.816 [TX] - 56 69 56 4F 74 65 63 68 32 00 04 00 00 07 DF EF 4B 03 28 00 00 6A 6B 
2018/2/22 15:57:36.820 [RX] - 56 69 56 4F 74 65 63 68 32 00 04 00 00 00 AE 16 00 00 00 00 00 00 00 00 00 00 00 00 00 00 00 00 00 00 00 00 00 00 00 00 00 00 00 00 00 00 00 00 00 00 00 00 00 00 00 00 00 00 00 00 00 00 00  

 --- 02-40 Activate Transaction

2018/2/22 15:57:37.886 [TX] - 56 69 56 4F 74 65 63 68 32 00 02 40 00 15 0A 9F 02 06 00 00 00 00 10 00 9A 03 07 11 21 9F 21 03 10 15 20 5E 34 
2018/2/22 15:57:38.956 [RX] - 56 69 56 4F 74 65 63 68 32 00 02 23 02 59 D1 FF EE 12 0A 62 99 49 01 2C 00 04 60 00 01 FF EE 13 A1 41 2A 36 35 31 30 2A 2A 2A 2A 2A 2A 2A 2A 30 31 32 35 5E 43 41 52 44 2F 49 4D 41 47 45 20 30 38 20 20 20 20 20 20 20 20 20 20 20 20 20 5E 31 37 31 32 32 30 31 2A 2A 2A 2A 2A 2A 2A 2A 2A 2A 2A 2A 2A FF EE 13 C1 48 FF 3C 59 FD A6 2E 20 E9 C5 45 45 3F E7 CB 1D 69 C1 FB 78 B2 EA 34 FF 22 DE 5B 55 2F EB 9D 87 D5 18 E4 DD 60 F7 7D E2 CA 52 01 2D FD 85 79 23 0E 9D 66 BB 79 F7 61 DB 37 F4 8B 0C F9 B1 72 4D 2A 52 A6 59 E0 10 AB 4A 3B FF EE 14 A1 25 36 35 31 30 2A 2A 2A 2A 2A 2A 2A 2A 30 31 32 35 3D 31 37 31 32 32 30 31 2A 2A 2A 2A 2A 2A 2A 2A 2A 2A 2A 2A 2A FF EE 14 C1 30 87 A1 16 48 FF 13 E0 8A 93 2F 76 7B DD 64 03 82 5B 99 19 4D EE F0 7E 05 48 EC 5E 95 7D 80 DF 38 60 98 3A 4F B5 A0 BF 21 8B C9 3C 99 AA F7 E7 FA 84 08 A0 00 00 03 24 10 10 01 9F 06 07 A0 00 00 03 24 10 10 9F 35 01 22 9F 37 04 02 82 43 16 9F 39 01 91 9A 03 07 11 21 9F 21 03 10 15 20 56 A1 41 2A 36 35 31 30 2A 2A 2A 2A 2A 2A 2A 2A 30 31 32 35 5E 43 41 52 44 2F 49 4D 41 47 45 20 30 38 20 20 20 20 20 20 20 20 20 20 20 20 20 5E 31 37 31 32 32 30 31 2A 2A 2A 2A 2A 2A 2A 2A 2A 2A 2A 2A 2A 56 C1 48 BC AE 52 15 11 70 02 0A 60 55 85 FC 73 C3 32 DA 4B CB 24 D2 56 E4 11 56 09 71 BE 2E 0C 93 8A 26 42 3D F7 FA F2 36 49 5D 4E D0 84 32 C1 6C E7 D1 36 BC 95 00 16 3D B6 72 0F 50 E2 26 9E B8 A7 0F 66 6A 98 5A 62 15 4B D3 57 A1 13 65 10 CC CC CC CC 01 25 D1 71 22 01 CC CC CC CC CC CC CC 57 C1 18 F6 EA DE E3 2F 8E AD A4 D6 D5 1E E6 58 7E AD 1D E8 A5 6A 12 62 71 32 9C 9C 01 00 FF EE 01 08 DF 30 01 00 DF 52 01 00 DF EF 4C 06 41 00 00 00 00 00 DF EF 4D 48 EC 19 9B C8 C6 8F DB F8 1E 90 6F 1C D3 C1 5D 55 D6 5A 8C 76 28 53 C0 82 85 20 41 61 34 25 03 47 75 42 6E A1 5C 0E CE C4 A1 DE 79 76 E4 6F AC B2 94 C2 43 F6 9E F3 19 02 DB ED 29 13 A7 66 CD EA 3D 7A 29 23 E1 7A 6E 13 DF EE 26 01 D1 75 5E 00 00 00 00 00 00 00 00 00 00 00 00 00  

 Erase All Keys...

2018/2/22 15:57:39.502 [TX] - 56 69 56 4F 74 65 63 68 32 00 83 00 00 00 03 22 
2018/2/22 15:57:39.508 [RX] - 56 69 56 4F 74 65 63 68 32 00 83 00 00 00 22 03 00 00 00 00 00 00 00 00 00 00 00 00 00 00 00 00 00 00 00 00 00 00 00 00 00 00 00 00 00 00 00 00 00 00 00 00 00 00 00 00 00 00 00 00 00 00 00  

 Set DUKPT Key Encryption Type...

2018/2/22 15:57:40.014 [TX] - 56 69 56 4F 74 65 63 68 32 00 C7 32 00 01 00 6D FE 
2018/2/22 15:57:40.016 [RX] - 56 69 56 4F 74 65 63 68 32 00 C7 00 00 00 86 6E 00 00 00 00 00 00 00 00 00 00 00 00 00 00 00 00 00 00 00 00 00 00 00 00 00 00 00 00 00 00 00 00 00 00 00 00 00 00 00 00 00 00 00 00 00 00 00  

 Get DUKPT Key Encryption Type...

2018/2/22 15:57:40.530 [TX] - 56 69 56 4F 74 65 63 68 32 00 C7 33 00 00 1A 9B 
2018/2/22 15:57:40.536 [RX] - 56 69 56 4F 74 65 63 68 32 00 C7 00 00 01 00 AC 7F 00 00 00 00 00 00 00 00 00 00 00 00 00 00 00 00 00 00 00 00 00 00 00 00 00 00 00 00 00 00 00 00 00 00 00 00 00 00 00 00 00 00 00 00 00 00  
OK!
 

 Loading DUKPT key...

2018/2/22 15:57:41.047 [TX] - 56 69 56 4F 74 65 63 68 32 00 80 00 00 65 30 39 36 46 31 35 35 37 37 45 39 41 44 41 30 30 38 38 4B 30 54 44 30 30 4E 30 30 30 30 30 30 38 30 45 30 39 46 43 39 35 35 45 36 33 43 32 45 43 43 30 42 34 39 44 42 46 35 31 37 36 36 42 32 41 39 34 34 33 37 32 37 35 39 30 32 33 30 32 32 30 32 32 33 34 39 38 37 31 32 30 32 33 34 30 30 30 30 30 30 30 30 9C 1B 
2018/2/22 15:57:41.056 [RX] - 56 69 56 4F 74 65 63 68 32 00 80 00 00 00 B9 DF 00 00 00 00 00 00 00 00 00 00 00 00 00 00 00 00 00 00 00 00 00 00 00 00 00 00 00 00 00 00 00 00 00 00 00 00 00 00 00 00 00 00 00 00 00 00 00 
2018/2/22 15:57:41.569 [TX] - 56 69 56 4F 74 65 63 68 32 00 80 00 00 65 31 32 45 43 36 30 30 37 37 45 39 41 44 41 30 30 38 38 4B 30 54 44 30 30 4E 30 30 30 30 30 30 38 30 31 44 31 45 36 30 44 36 45 32 46 38 44 31 44 36 32 34 42 44 34 34 36 42 43 39 33 31 34 33 33 41 30 33 33 36 33 31 30 34 35 36 37 38 32 37 37 30 32 33 41 39 39 37 31 32 36 32 33 34 30 30 30 30 30 30 30 30 30 E6 
2018/2/22 15:57:41.579 [RX] - 56 69 56 4F 74 65 63 68 32 00 80 00 00 00 B9 DF 00 00 00 00 00 00 00 00 00 00 00 00 00 00 00 00 00 00 00 00 00 00 00 00 00 00 00 00 00 00 00 00 00 00 00 00 00 00 00 00 00 00 00 00 00 00 00 
2018/2/22 15:57:42.095 [TX] - 56 69 56 4F 74 65 63 68 32 00 80 01 00 58 41 30 30 38 38 4B 30 54 44 30 30 4E 30 30 30 30 46 41 42 44 39 44 34 32 37 34 31 30 42 36 46 41 35 45 44 33 42 37 36 41 44 37 46 41 45 38 45 33 31 36 30 32 31 33 42 46 44 38 31 31 38 32 32 33 38 31 38 41 45 43 46 30 43 44 41 44 42 31 39 41 42 45 39 37 41 41 32 43 B8 FE 
2018/2/22 15:57:42.108 [RX] - 56 69 56 4F 74 65 63 68 32 00 80 00 00 00 B9 DF 00 00 00 00 00 00 00 00 00 00 00 00 00 00 00 00 00 00 00 00 00 00 00 00 00 00 00 00 00 00 00 00 00 00 00 00 00 00 00 00 00 00 00 00 00 00 00 
2018/2/22 15:57:42.621 [TX] - 56 69 56 4F 74 65 63 68 32 00 81 00 00 71 05 41 30 31 31 32 44 30 54 45 30 30 4E 30 31 30 30 4B 53 31 38 36 32 39 39 34 39 30 31 32 43 30 30 30 34 36 30 30 30 30 31 37 39 46 43 30 31 36 44 31 34 46 34 35 42 39 41 33 37 46 37 32 42 44 35 41 35 37 37 41 43 35 33 34 37 36 42 31 35 35 34 32 45 39 42 39 30 46 35 36 32 46 36 37 36 35 30 45 46 35 33 43 34 44 39 45 42 41 36 39 35 39 46 76 88 
2018/2/22 15:57:42.644 [RX] - 56 69 56 4F 74 65 63 68 32 00 81 00 00 00 CF 6B 00 00 00 00 00 00 00 00 00 00 00 00 00 00 00 00 00 00 00 00 00 00 00 00 00 00 00 00 00 00 00 00 00 00 00 00 00 00 00 00 00 00 00 00 00 00 00  
OK!
 

 --- 04-00-----DFEF4B = 18 T2+T3

2018/2/22 15:57:43.161 [TX] - 56 69 56 4F 74 65 63 68 32 00 04 00 00 07 DF EF 4B 03 18 00 00 CF AE 
2018/2/22 15:57:43.164 [RX] - 56 69 56 4F 74 65 63 68 32 00 04 00 00 00 AE 16 00 00 00 00 00 00 00 00 00 00 00 00 00 00 00 00 00 00 00 00 00 00 00 00 00 00 00 00 00 00 00 00 00 00 00 00 00 00 00 00 00 00 00 00 00 00 00  

 --- 02-40 Activate Transaction

2018/2/22 15:57:44.046 [TX] - 56 69 56 4F 74 65 63 68 32 00 02 40 00 15 0A 9F 02 06 00 00 00 00 10 00 9A 03 07 11 21 9F 21 03 10 15 20 5E 34 
2018/2/22 15:57:44.972 [RX] - 56 69 56 4F 74 65 63 68 32 00 02 23 02 39 D1 FF EE 12 0A 62 99 49 01 2C 00 04 60 00 01 FF EE 13 A1 41 2A 36 35 31 30 2A 2A 2A 2A 2A 2A 2A 2A 30 31 32 35 5E 43 41 52 44 2F 49 4D 41 47 45 20 30 38 20 20 20 20 20 20 20 20 20 20 20 20 20 5E 31 37 31 32 32 30 31 2A 2A 2A 2A 2A 2A 2A 2A 2A 2A 2A 2A 2A FF EE 13 C1 48 FF 3C 59 FD A6 2E 20 E9 C5 45 45 3F E7 CB 1D 69 C1 FB 78 B2 EA 34 FF 22 DE 5B 55 2F EB 9D 87 D5 18 E4 DD 60 F7 7D E2 CA 52 01 2D FD 85 79 23 0E 9D 66 BB 79 F7 61 DB 37 F4 8B 0C F9 B1 72 4D 2A 52 A6 59 E0 10 AB 4A 3B FF EE 14 A1 25 36 35 31 30 2A 2A 2A 2A 2A 2A 2A 2A 30 31 32 35 3D 31 37 31 32 32 30 31 2A 2A 2A 2A 2A 2A 2A 2A 2A 2A 2A 2A 2A FF EE 14 C1 30 87 A1 16 48 FF 13 E0 8A 93 2F 76 7B DD 64 03 82 5B 99 19 4D EE F0 7E 05 48 EC 5E 95 7D 80 DF 38 60 98 3A 4F B5 A0 BF 21 8B C9 3C 99 AA F7 E7 FA 84 08 A0 00 00 03 24 10 10 01 9F 06 07 A0 00 00 03 24 10 10 9F 35 01 22 9F 37 04 39 72 35 60 9F 39 01 91 9A 03 07 11 21 9F 21 03 10 15 20 56 A1 41 2A 36 35 31 30 2A 2A 2A 2A 2A 2A 2A 2A 30 31 32 35 5E 43 41 52 44 2F 49 4D 41 47 45 20 30 38 20 20 20 20 20 20 20 20 20 20 20 20 20 5E 31 37 31 32 32 30 31 2A 2A 2A 2A 2A 2A 2A 2A 2A 2A 2A 2A 2A 56 C1 48 BC AE 52 15 11 70 02 0A 60 55 85 FC 73 C3 32 DA 4B CB 24 D2 56 E4 11 56 09 71 BE 2E 0C 93 8A 26 42 3D F7 FA F2 36 49 5D 4E D0 84 32 C1 6C E7 D1 36 BC 95 00 16 3D B6 72 0F 50 E2 26 9E B8 A7 0F 66 6A 98 5A 62 15 4B D3 57 A1 13 65 10 CC CC CC CC 01 25 D1 71 22 01 CC CC CC CC CC CC CC 57 C1 18 F6 EA DE E3 2F 8E AD A4 D6 D5 1E E6 58 7E AD 1D E8 A5 6A 12 62 71 32 9C 9C 01 00 FF EE 01 08 DF 30 01 00 DF 52 01 00 DF EF 4C 06 00 25 00 00 00 00 DF EF 4D 28 4C C3 50 A0 F4 F2 CE C9 05 B4 7E BE 3F 56 3F 79 5E 36 35 E8 32 B9 39 FC 21 81 8B 2F 07 94 0B 50 89 03 D8 00 86 8D 62 23 DF EE 26 01 D1 E3 0C 00 00 00 00 00 00 00 00 00 00 00 00 00 00 00 00 00 00 00 00 00 00 00 00 00 00 00 00 00 00 00 00 00 00 00 00 00 00 00 00 00 00 00 00 00  

 Erase All Keys...

2018/2/22 15:57:45.533 [TX] - 56 69 56 4F 74 65 63 68 32 00 83 00 00 00 03 22 
2018/2/22 15:57:45.540 [RX] - 56 69 56 4F 74 65 63 68 32 00 83 00 00 00 22 03 00 00 00 00 00 00 00 00 00 00 00 00 00 00 00 00 00 00 00 00 00 00 00 00 00 00 00 00 00 00 00 00 00 00 00 00 00 00 00 00 00 00 00 00 00 00 00  

 Set DUKPT Key Encryption Type...

2018/2/22 15:57:46.054 [TX] - 56 69 56 4F 74 65 63 68 32 00 C7 32 00 01 00 6D FE 
2018/2/22 15:57:46.060 [RX] - 56 69 56 4F 74 65 63 68 32 00 C7 00 00 00 86 6E 00 00 00 00 00 00 00 00 00 00 00 00 00 00 00 00 00 00 00 00 00 00 00 00 00 00 00 00 00 00 00 00 00 00 00 00 00 00 00 00 00 00 00 00 00 00 00  

 Get DUKPT Key Encryption Type...

2018/2/22 15:57:46.574 [TX] - 56 69 56 4F 74 65 63 68 32 00 C7 33 00 00 1A 9B 
2018/2/22 15:57:46.580 [RX] - 56 69 56 4F 74 65 63 68 32 00 C7 00 00 01 00 AC 7F 00 00 00 00 00 00 00 00 00 00 00 00 00 00 00 00 00 00 00 00 00 00 00 00 00 00 00 00 00 00 00 00 00 00 00 00 00 00 00 00 00 00 00 00 00 00  
OK!
 

 Loading DUKPT key...

2018/2/22 15:57:47.100 [TX] - 56 69 56 4F 74 65 63 68 32 00 80 00 00 65 30 39 36 46 31 35 35 37 37 45 39 41 44 41 30 30 38 38 4B 30 54 44 30 30 4E 30 30 30 30 30 30 38 30 45 30 39 46 43 39 35 35 45 36 33 43 32 45 43 43 30 42 34 39 44 42 46 35 31 37 36 36 42 32 41 39 34 34 33 37 32 37 35 39 30 32 33 30 32 32 30 32 32 33 34 39 38 37 31 32 30 32 33 34 30 30 30 30 30 30 30 30 9C 1B 
2018/2/22 15:57:47.108 [RX] - 56 69 56 4F 74 65 63 68 32 00 80 00 00 00 B9 DF 00 00 00 00 00 00 00 00 00 00 00 00 00 00 00 00 00 00 00 00 00 00 00 00 00 00 00 00 00 00 00 00 00 00 00 00 00 00 00 00 00 00 00 00 00 00 00 
2018/2/22 15:57:47.626 [TX] - 56 69 56 4F 74 65 63 68 32 00 80 00 00 65 31 32 45 43 36 30 30 37 37 45 39 41 44 41 30 30 38 38 4B 30 54 44 30 30 4E 30 30 30 30 30 30 38 30 31 44 31 45 36 30 44 36 45 32 46 38 44 31 44 36 32 34 42 44 34 34 36 42 43 39 33 31 34 33 33 41 30 33 33 36 33 31 30 34 35 36 37 38 32 37 37 30 32 33 41 39 39 37 31 32 36 32 33 34 30 30 30 30 30 30 30 30 30 E6 
2018/2/22 15:57:47.635 [RX] - 56 69 56 4F 74 65 63 68 32 00 80 00 00 00 B9 DF 00 00 00 00 00 00 00 00 00 00 00 00 00 00 00 00 00 00 00 00 00 00 00 00 00 00 00 00 00 00 00 00 00 00 00 00 00 00 00 00 00 00 00 00 00 00 00 
2018/2/22 15:57:48.144 [TX] - 56 69 56 4F 74 65 63 68 32 00 80 01 00 58 41 30 30 38 38 4B 30 54 44 30 30 4E 30 30 30 30 46 41 42 44 39 44 34 32 37 34 31 30 42 36 46 41 35 45 44 33 42 37 36 41 44 37 46 41 45 38 45 33 31 36 30 32 31 33 42 46 44 38 31 31 38 32 32 33 38 31 38 41 45 43 46 30 43 44 41 44 42 31 39 41 42 45 39 37 41 41 32 43 B8 FE 
2018/2/22 15:57:48.156 [RX] - 56 69 56 4F 74 65 63 68 32 00 80 00 00 00 B9 DF 00 00 00 00 00 00 00 00 00 00 00 00 00 00 00 00 00 00 00 00 00 00 00 00 00 00 00 00 00 00 00 00 00 00 00 00 00 00 00 00 00 00 00 00 00 00 00 
2018/2/22 15:57:48.679 [TX] - 56 69 56 4F 74 65 63 68 32 00 81 00 00 71 05 41 30 31 31 32 44 30 54 45 30 30 4E 30 31 30 30 4B 53 31 38 36 32 39 39 34 39 30 31 32 43 30 30 30 34 36 30 30 30 30 31 37 39 46 43 30 31 36 44 31 34 46 34 35 42 39 41 33 37 46 37 32 42 44 35 41 35 37 37 41 43 35 33 34 37 36 42 31 35 35 34 32 45 39 42 39 30 46 35 36 32 46 36 37 36 35 30 45 46 35 33 43 34 44 39 45 42 41 36 39 35 39 46 76 88 
2018/2/22 15:57:48.704 [RX] - 56 69 56 4F 74 65 63 68 32 00 81 00 00 00 CF 6B 00 00 00 00 00 00 00 00 00 00 00 00 00 00 00 00 00 00 00 00 00 00 00 00 00 00 00 00 00 00 00 00 00 00 00 00 00 00 00 00 00 00 00 00 00 00 00  
OK!
 

 --- 04-00-----DFEF4B = 38 T1+T2+T3

2018/2/22 15:57:49.222 [TX] - 56 69 56 4F 74 65 63 68 32 00 04 00 00 07 DF EF 4B 03 38 00 00 09 28 
2018/2/22 15:57:49.228 [RX] - 56 69 56 4F 74 65 63 68 32 00 04 00 00 00 AE 16 00 00 00 00 00 00 00 00 00 00 00 00 00 00 00 00 00 00 00 00 00 00 00 00 00 00 00 00 00 00 00 00 00 00 00 00 00 00 00 00 00 00 00 00 00 00 00  

 --- 02-40 Activate Transaction

2018/2/22 15:57:49.999 [TX] - 56 69 56 4F 74 65 63 68 32 00 02 40 00 15 0A 9F 02 06 00 00 00 00 10 00 9A 03 07 11 21 9F 21 03 10 15 20 5E 34 
2018/2/22 15:57:51.028 [RX] - 56 69 56 4F 74 65 63 68 32 00 02 23 02 79 D1 FF EE 12 0A 62 99 49 01 2C 00 04 60 00 01 FF EE 13 A1 41 2A 36 35 31 30 2A 2A 2A 2A 2A 2A 2A 2A 30 31 32 35 5E 43 41 52 44 2F 49 4D 41 47 45 20 30 38 20 20 20 20 20 20 20 20 20 20 20 20 20 5E 31 37 31 32 32 30 31 2A 2A 2A 2A 2A 2A 2A 2A 2A 2A 2A 2A 2A FF EE 13 C1 48 FF 3C 59 FD A6 2E 20 E9 C5 45 45 3F E7 CB 1D 69 C1 FB 78 B2 EA 34 FF 22 DE 5B 55 2F EB 9D 87 D5 18 E4 DD 60 F7 7D E2 CA 52 01 2D FD 85 79 23 0E 9D 66 BB 79 F7 61 DB 37 F4 8B 0C F9 B1 72 4D 2A 52 A6 59 E0 10 AB 4A 3B FF EE 14 A1 25 36 35 31 30 2A 2A 2A 2A 2A 2A 2A 2A 30 31 32 35 3D 31 37 31 32 32 30 31 2A 2A 2A 2A 2A 2A 2A 2A 2A 2A 2A 2A 2A FF EE 14 C1 30 87 A1 16 48 FF 13 E0 8A 93 2F 76 7B DD 64 03 82 5B 99 19 4D EE F0 7E 05 48 EC 5E 95 7D 80 DF 38 60 98 3A 4F B5 A0 BF 21 8B C9 3C 99 AA F7 E7 FA 84 08 A0 00 00 03 24 10 10 01 9F 06 07 A0 00 00 03 24 10 10 9F 35 01 22 9F 37 04 55 82 81 31 9F 39 01 91 9A 03 07 11 21 9F 21 03 10 15 20 56 A1 41 2A 36 35 31 30 2A 2A 2A 2A 2A 2A 2A 2A 30 31 32 35 5E 43 41 52 44 2F 49 4D 41 47 45 20 30 38 20 20 20 20 20 20 20 20 20 20 20 20 20 5E 31 37 31 32 32 30 31 2A 2A 2A 2A 2A 2A 2A 2A 2A 2A 2A 2A 2A 56 C1 48 BC AE 52 15 11 70 02 0A 60 55 85 FC 73 C3 32 DA 4B CB 24 D2 56 E4 11 56 09 71 BE 2E 0C 93 8A 26 42 3D F7 FA F2 36 49 5D 4E D0 84 32 C1 6C E7 D1 36 BC 95 00 16 3D B6 72 0F 50 E2 26 9E B8 A7 0F 66 6A 98 5A 62 15 4B D3 57 A1 13 65 10 CC CC CC CC 01 25 D1 71 22 01 CC CC CC CC CC CC CC 57 C1 18 F6 EA DE E3 2F 8E AD A4 D6 D5 1E E6 58 7E AD 1D E8 A5 6A 12 62 71 32 9C 9C 01 00 FF EE 01 08 DF 30 01 00 DF 52 01 00 DF EF 4C 06 41 25 00 00 00 00 DF EF 4D 68 EC 19 9B C8 C6 8F DB F8 1E 90 6F 1C D3 C1 5D 55 D6 5A 8C 76 28 53 C0 82 85 20 41 61 34 25 03 47 75 42 6E A1 5C 0E CE C4 A1 DE 79 76 E4 6F AC B2 94 C2 43 F6 9E F3 19 02 DB ED 29 13 A7 66 CD EA FC FF C2 0D 52 F9 17 10 3B 23 05 D2 B4 3B 4B 91 65 A4 1E 61 51 0A 7A DE C0 07 FD 92 1A 88 CF 7A EB 6E 47 12 76 37 36 4C DF EE 26 01 D1 D1 E3 00 00 00 00 00 00 00 00 00 00 00 00 00 00 00 00 00 00 00 00 00 00 00 00 00 00 00 00 00 00 00 00 00 00 00 00 00 00 00 00 00 00 00 00  
---------- END OF TEST ----------

 Result = PASSED
 

 MASTER RESULT = PASSED


Docklight Log File (HEX) - Stopped 2018/2/22 15:57:51.651 

