Docklight Log File (HEX) - Started 2023/10/18 15:23:38.028 
 TEST CASE: BTS007

 --- Set POS COM PORT Settings
 Set POS COM PORT...
 POS operating on COM90 @ 9600 baud...
 Set POS COM PORT - COMPLETE

 --- Data Encrypt disable

2023/10/18 15:23:40.767 [TX] - 56 69 56 4F 74 65 63 68 32 00 C7 36 00 01 00 0F A7 
2023/10/18 15:23:40.777 [RX] - 56 69 56 4F 74 65 63 68 32 00 C7 00 00 00 86 6E 00 00 00 00 00 00 00 00 00 00 00 00 00 00 00 00 00 00 00 00 00 00 00 00 00 00 00 00 00 00 00 00 00 00 00 00 00 00 00 00 00 00 00 00 00 00 00  

 --- (04-00) DFED3F disable VAS Encryption

2023/10/18 15:23:40.787 [TX] - 56 69 56 4F 74 65 63 68 32 00 04 00 00 05 DF ED 3F 01 00 21 AF 
2023/10/18 15:23:40.794 [RX] - 56 69 56 4F 74 65 63 68 32 00 04 00 00 00 AE 16 00 00 00 00 00 00 00 00 00 00 00 00 00 00 00 00 00 00 00 00 00 00 00 00 00 00 00 00 00 00 00 00 00 00 00 00 00 00 00 00 00 00 00 00 00 00 00  

 --- (04-00) DFEF4B Enable Transact Output

2023/10/18 15:23:41.320 [TX] - 56 69 56 4F 74 65 63 68 32 00 04 00 00 07 DF EF 4B 03 12 00 02 4C 49 
2023/10/18 15:23:41.329 [RX] - 56 69 56 4F 74 65 63 68 32 00 04 00 00 00 AE 16 00 00 00 00 00 00 00 00 00 00 00 00 00 00 00 00 00 00 00 00 00 00 00 00 00 00 00 00 00 00 00 00 00 00 00 00 00 00 00 00 00 00 00 00 00 00 00  

 --- (04-00) DFEF7A Enable VAS Source

2023/10/18 15:23:41.841 [TX] - 56 69 56 4F 74 65 63 68 32 00 04 00 00 05 DF EF 7A 01 01 35 A4 
2023/10/18 15:23:41.851 [RX] - 56 69 56 4F 74 65 63 68 32 00 04 00 00 00 AE 16 00 00 00 00 00 00 00 00 00 00 00 00 00 00 00 00 00 00 00 00 00 00 00 00 00 00 00 00 00 00 00 00 00 00 00 00 00 00 00 00 00 00 00 00 00 00 00  

 --- Poll on demand

2023/10/18 15:23:42.390 [TX] - 56 69 56 4F 74 65 63 68 32 00 01 01 00 01 01 D7 34 
2023/10/18 15:23:42.826 [RX] - 56 69 56 4F 74 65 63 68 32 00 01 00 00 00 12 53 00 00 00 00 00 00 00 00 00 00 00 00 00 00 00 00 00 00 00 00 00 00 00 00 00 00 00 00 00 00 00 00 00 00 00 00 00 00 00 00 00 00 00 00 00 00 00  

 --- Burst mode off

2023/10/18 15:23:43.340 [TX] - 56 69 56 4F 74 65 63 68 32 00 04 00 00 05 DF EE 7E 01 00 60 1E 
2023/10/18 15:23:43.349 [RX] - 56 69 56 4F 74 65 63 68 32 00 04 00 00 00 AE 16 00 00 00 00 00 00 00 00 00 00 00 00 00 00 00 00 00 00 00 00 00 00 00 00 00 00 00 00 00 00 00 00 00 00 00 00 00 00 00 00 00 00 00 00 00 00 00  

 --- (02-40) Apple VAS *** ApplePay w/ Blackboard card

2023/10/18 15:23:45.542 [TX] - 56 69 56 4F 74 65 63 68 32 00 02 40 00 29 30 9F 02 06 00 00 00 00 00 01 FF EE 06 1B 9F 22 02 02 00 9F 26 04 00 00 00 02 DF ED 57 06 C3 02 00 02 00 01 DF EE 01 01 03 5E DD 
2023/10/18 15:23:46.939 [RX] - 56 69 56 4F 74 65 63 68 32 00 02 57 00 53 21 FF EE 06 82 00 0B 9A 03 23 10 18 9F 21 03 07 23 13 9F 39 01 07 FF EE 01 05 DF EE 30 01 00 DF EF 7B 01 03 9F 1E 08 38 54 38 30 33 36 38 37 DF EF 4C 06 00 00 00 00 10 00 DF EF 4D 10 39 39 39 38 37 38 30 30 31 30 30 30 32 33 32 38 DF EE 26 02 21 00 0B 6B 00 00 00 00 00 00 00 00 00 00 00 00 00 00 00 00 00 00 00 00 00 00 00 00 00 00 00  

 --- (02 40) SmartTap 2 *** GooglePay w/ Blackboard card

2023/10/18 15:23:48.758 [TX] - 56 69 56 4F 74 65 63 68 32 00 02 40 00 22 30 9F 02 06 00 00 00 00 00 01 FF EE 08 14 DF ED 57 06 00 00 00 02 00 01 DF EF 1A 01 02 DF ED 28 01 00 9F 4F 
2023/10/18 15:23:50.615 [RX] - 56 69 56 4F 74 65 63 68 32 00 02 57 00 4E 21 FF EE 08 08 DF EE 02 04 00 91 00 00 9F 39 01 07 FF EE 01 05 DF EE 30 01 00 DF EF 7B 01 03 9F 1E 08 38 54 38 30 33 36 38 37 DF EF 4C 06 00 00 00 00 10 00 DF EF 4D 10 39 39 39 38 37 38 30 30 31 30 30 32 31 35 36 34 DF EE 26 02 21 00 C5 6A 00 00 00 00 00 00 00 00 00 00 00 00 00 00 00 00 00 00 00 00 00 00 00 00 00 00 00 00 00 00 00 00  

 --- (02-40) Apple VAS (NEO2) *** Blackboard Mifare Classic card

2023/10/18 15:23:53.605 [TX] - 56 69 56 4F 74 65 63 68 32 00 02 40 00 29 30 9F 02 06 00 00 00 00 00 01 FF EE 06 1B 9F 22 02 02 00 9F 26 04 00 00 00 02 DF ED 57 06 C3 02 00 02 00 01 DF EE 01 01 03 5E DD 
2023/10/18 15:23:54.871 [RX] - 56 69 56 4F 74 65 63 68 32 00 02 00 00 42 21 9F 39 01 07 FF EE 01 05 DF EE 30 01 00 DF EF 7B 01 03 9F 1E 08 38 54 38 30 33 36 38 37 DF EF 4C 06 00 00 00 00 10 00 DF EF 4D 10 39 39 39 38 38 38 30 32 32 36 32 30 30 35 39 39 DF EE 26 02 21 00 37 2A 00 00 00 00 00 00 00 00 00 00 00 00 00 00 00 00 00 00 00 00 00 00 00 00 00 00 00 00 00 00 00 00 00 00 00 00 00 00 00 00 00 00 00 00  

 --- (02 40) SmartTap 2 *** Blackboard Mifare Classic card

2023/10/18 15:23:56.325 [TX] - 56 69 56 4F 74 65 63 68 32 00 02 40 00 22 30 9F 02 06 00 00 00 00 00 01 FF EE 08 14 DF ED 57 06 00 00 00 02 00 01 DF EF 1A 01 02 DF ED 28 01 00 9F 4F 
2023/10/18 15:23:57.369 [RX] - 56 69 56 4F 74 65 63 68 32 00 02 00 00 42 21 9F 39 01 07 FF EE 01 05 DF EE 30 01 00 DF EF 7B 01 03 9F 1E 08 38 54 38 30 33 36 38 37 DF EF 4C 06 00 00 00 00 10 00 DF EF 4D 10 39 39 39 38 38 38 30 32 32 36 32 30 30 35 39 39 DF EE 26 02 21 00 37 2A 00 00 00 00 00 00 00 00 00 00 00 00 00 00 00 00 00 00 00 00 00 00 00 00 00 00 00 00 00 00 00 00 00 00 00 00 00 00 00 00 00 00 00 00  

 --- (02-40) Apple VAS (NEO2) *** Blackboard DESFire EV2 card

2023/10/18 15:23:59.366 [TX] - 56 69 56 4F 74 65 63 68 32 00 02 40 00 29 30 9F 02 06 00 00 00 00 00 01 FF EE 06 1B 9F 22 02 02 00 9F 26 04 00 00 00 02 DF ED 57 06 C3 02 00 02 00 01 DF EE 01 01 03 5E DD 
2023/10/18 15:24:00.298 [RX] - 56 69 56 4F 74 65 63 68 32 00 02 00 00 42 21 9F 39 01 07 FF EE 01 05 DF EE 30 01 00 DF EF 7B 01 03 9F 1E 08 38 54 38 30 33 36 38 37 DF EF 4C 06 00 00 00 00 10 00 DF EF 4D 10 39 39 39 38 38 38 31 32 33 34 35 36 37 38 39 31 DF EE 26 02 21 00 46 72 00 00 00 00 00 00 00 00 00 00 00 00 00 00 00 00 00 00 00 00 00 00 00 00 00 00 00 00 00 00 00 00 00 00 00 00 00 00 00 00 00 00 00 00  

 --- (02 40) SmartTap 2 *** Blackboard DESFire EV2 card

2023/10/18 15:24:01.158 [TX] - 56 69 56 4F 74 65 63 68 32 00 02 40 00 22 30 9F 02 06 00 00 00 00 00 01 FF EE 08 14 DF ED 57 06 00 00 00 02 00 01 DF EF 1A 01 02 DF ED 28 01 00 9F 4F 
2023/10/18 15:24:02.180 [RX] - 56 69 56 4F 74 65 63 68 32 00 02 00 00 42 21 9F 39 01 07 FF EE 01 05 DF EE 30 01 00 DF EF 7B 01 03 9F 1E 08 38 54 38 30 33 36 38 37 DF EF 4C 06 00 00 00 00 10 00 DF EF 4D 10 39 39 39 38 38 38 31 32 33 34 35 36 37 38 39 31 DF EE 26 02 21 00 46 72 00 00 00 00 00 00 00 00 00 00 00 00 00 00 00 00 00 00 00 00 00 00 00 00 00 00 00 00 00 00 00 00 00 00 00 00 00 00 00 00 00 00 00 00  

 ---------- END OF TEST ----------

 Result = PASSED


Docklight Log File (HEX) - Stopped 2023/10/18 15:24:02.299 

