Docklight Log File (HEX) - Started 2021/12/14 14:36:50.341 
 TEST CASE: EMA0205

 --- Set POS COM PORT Settings
 Set POS COM PORT...
 POS operating on COM90 @ 9600 baud...
 Set POS COM PORT - COMPLETE

 

Set MSR Secure Parameters (C7-38)- 05

2021/12/14 14:36:51.602 [TX] - 56 69 56 4F 74 65 63 68 32 00 C7 38 00 05 DF DE 04 01 05 CC E8 
2021/12/14 14:36:51.611 [RX] - 56 69 56 4F 74 65 63 68 32 00 C7 00 00 00 86 6E  pass pass pass 00 00 00 00 00 00 00 00 00 00 00 00 00 00 00 00 00 00 00 00 00 00 00 00 00 00 00 00 00 00 00 00 00 00 00 00 00 00 00 00 00 00 00 00 00 00 00  

Get MSR Secure Parameters (C7-39)

2021/12/14 14:36:51.616 [TX] - 56 69 56 4F 74 65 63 68 32 00 C7 39 00 03 DF DE 04 64 62 
2021/12/14 14:36:51.623 [RX] - 56 69 56 4F 74 65 63 68 32 00 C7 00 00 05 DF DE 04 01 05 B0 CA  pass 00 00 00 00 00 00 00 00 00 00 00 00 00 00 00 00 00 00 00 00 00 00 00 00 00 00 00 00 00 00 00 00 00 00 00 00 00 00 00 00 00 00  

 Erase All Keys...

2021/12/14 14:36:51.629 [TX] - 56 69 56 4F 74 65 63 68 32 00 83 00 00 00 03 22 
2021/12/14 14:36:51.635 [RX] - 56 69 56 4F 74 65 63 68 32 00 83 00 00 00 22 03  pass 00 00 00 00 00 00 00 00 00 00 00 00 00 00 00 00 00 00 00 00 00 00 00 00 00 00 00 00 00 00 00 00 00 00 00 00 00 00 00 00 00 00 00 00 00 00 00  

 Set DUKPT Key Encryption Type...

2021/12/14 14:36:51.841 [TX] - 56 69 56 4F 74 65 63 68 32 00 C7 32 00 01 01 7D DF 
2021/12/14 14:36:51.847 [RX] - 56 69 56 4F 74 65 63 68 32 00 C7 00 00 00 86 6E  pass pass pass 00 00 00 00 00 00 00 00 00 00 00 00 00 00 00 00 00 00 00 00 00 00 00 00 00 00 00 00 00 00 00 00 00 00 00 00 00 00 00 00 00 00 00 00 00 00 00  

 Get DUKPT Key Encryption Type...

2021/12/14 14:36:52.053 [TX] - 56 69 56 4F 74 65 63 68 32 00 C7 33 00 00 1A 9B 
2021/12/14 14:36:52.059 [RX] - 56 69 56 4F 74 65 63 68 32 00 C7 00 00 01 01 BC 5E  pass 00 00 00 00 00 00 00 00 00 00 00 00 00 00 00 00 00 00 00 00 00 00 00 00 00 00 00 00 00 00 00 00 00 00 00 00 00 00 00 00 00 00 00 00 00 00  

 Loading DUKPT key...

2021/12/14 14:36:52.267 [TX] - 56 69 56 4F 74 65 63 68 32 00 80 00 00 65 30 45 43 36 30 46 33 35 31 34 37 45 43 41 30 30 38 38 4B 30 54 44 30 30 4E 30 30 30 30 30 30 38 30 39 43 30 37 41 39 39 31 44 43 38 30 33 34 45 43 31 32 45 31 36 39 43 30 44 35 34 35 35 44 45 41 32 39 34 35 31 34 32 34 37 38 30 38 30 35 36 38 32 33 34 39 38 37 31 32 30 32 33 34 30 30 30 30 30 30 30 30 12 43 
2021/12/14 14:36:52.279 [RX] - 56 69 56 4F 74 65 63 68 32 00 80 00 00 00 B9 DF  pass 00 00 00 00 00 00 00 00 00 00 00 00 00 00 00 00 00 00 00 00 00 00 00 00 00 00 00 00 00 00 00 00 00 00 00 00 00 00 00 00 00 00 00 00 00 00 00 
2021/12/14 14:36:52.484 [TX] - 56 69 56 4F 74 65 63 68 32 00 80 00 00 65 31 34 43 45 32 35 35 35 31 34 37 45 43 41 30 30 38 38 4B 30 54 44 30 30 4E 30 30 30 30 30 30 38 30 46 35 30 36 46 36 41 33 44 34 30 38 39 39 45 30 35 35 42 42 35 42 39 45 33 41 44 44 36 30 30 42 38 38 35 33 32 37 37 39 32 32 34 36 30 39 32 36 32 33 41 39 39 37 31 32 36 32 33 34 30 30 30 30 30 30 30 30 35 7F 
2021/12/14 14:36:52.495 [RX] - 56 69 56 4F 74 65 63 68 32 00 80 00 00 00 B9 DF  pass 00 00 00 00 00 00 00 00 00 00 00 00 00 00 00 00 00 00 00 00 00 00 00 00 00 00 00 00 00 00 00 00 00 00 00 00 00 00 00 00 00 00 00 00 00 00 00 
2021/12/14 14:36:52.700 [TX] - 56 69 56 4F 74 65 63 68 32 00 80 01 00 58 41 30 30 38 38 4B 30 54 44 30 30 4E 30 30 30 30 43 44 32 46 43 43 36 44 37 39 32 44 33 42 32 34 46 30 38 33 37 42 30 33 32 44 30 38 36 38 46 45 43 39 46 44 44 43 39 43 32 36 33 31 31 35 46 30 44 43 43 34 42 44 42 35 37 43 36 30 33 43 34 32 46 34 41 35 30 34 34 39 97 D5 
2021/12/14 14:36:52.711 [RX] - 56 69 56 4F 74 65 63 68 32 00 80 00 00 00 B9 DF  pass 00 00 00 00 00 00 00 00 00 00 00 00 00 00 00 00 00 00 00 00 00 00 00 00 00 00 00 00 00 00 00 00 00 00 00 00 00 00 00 00 00 00 00 00 00 00 00 
2021/12/14 14:36:52.915 [TX] - 56 69 56 4F 74 65 63 68 32 00 81 00 00 71 05 41 30 31 31 32 44 30 54 45 30 30 4E 30 31 30 30 4B 53 31 38 36 32 39 39 34 39 30 31 32 43 30 30 30 34 36 30 30 30 30 31 39 34 34 38 36 43 33 31 36 38 43 41 31 46 42 34 41 38 30 39 45 36 33 39 46 46 39 43 33 42 37 32 36 45 32 34 37 43 35 39 30 42 32 32 38 43 35 44 32 32 36 35 30 46 36 36 39 37 45 38 34 37 41 32 46 38 41 32 37 33 39 33 47 AE 
2021/12/14 14:36:52.939 [RX] - 56 69 56 4F 74 65 63 68 32 00 81 00 00 00 CF 6B  pass 00 00 00 00 00 00 00 00 00 00 00 00 00 00 00 00 00 00 00 00 00 00 00 00 00 00 00 00 00 00 00 00 00 00 00 00 00 00 00 00 00 00 00 00 00 00 00 
2021/12/14 14:36:53.144 [TX] - 56 69 56 4F 74 65 63 68 32 00 C7 36 00 01 00 A7 0F 
2021/12/14 14:36:53.151 [RX] - 56 69 56 4F 74 65 63 68 32 00 C7 00 00 00 86 6E  pass pass pass 00 00 00 00 00 00 00 00 00 00 00 00 00 00 00 00 00 00 00 00 00 00 00 00 00 00 00 00 00 00 00 00 00 00 00 00 00 00 00 00 00 00 00 00 00 00 00  

Burst mode Off

2021/12/14 14:36:53.362 [TX] - 56 69 56 4F 74 65 63 68 32 00 04 00 00 04 FF F7 01 00 B9 2E 
2021/12/14 14:36:53.371 [RX] - 56 69 56 4F 74 65 63 68 32 00 04 00 00 00 AE 16  pass pass 00 00 00 00 00 00 00 00 00 00 00 00 00 00 00 00 00 00 00 00 00 00 00 00 00 00 00 00 00 00 00 00 00 00 00 00 00 00 00 00 00 00 00 00 00 00 00  

Poll on Demand

2021/12/14 14:36:53.380 [TX] - 56 69 56 4F 74 65 63 68 32 00 01 01 00 01 01 D7 34 
2021/12/14 14:36:53.387 [RX] - 56 69 56 4F 74 65 63 68 32 00 01 00 00 00 12 53  pass 00 00 00 00 00 00 00 00 00 00 00 00 00 00 00 00 00 00 00 00 00 00 00 00 00 00 00 00 00 00 00 00 00 00 00 00 00 00 00 00 00 00 00 00 00 00 00  

--- IDT

2021/12/14 14:36:53.395 [TX] - 56 69 56 4F 74 65 63 68 32 00 02 01 00 0A 0A 9F 02 06 00 00 00 00 10 00 AB 6C 
2021/12/14 14:36:53.955 [RX] - 56 69 56 4F 74 65 63 68 32 00 02 00 00 F7 4F 25 54 52 41 43 4B 31 37 36 37 36 37 36 30 37 30 37 30 37 37 36 37 36 37 36 30 37 30 37 30 37 37 36 37 36 37 36 30 37 30 37 30 37 37 36 37 36 37 36 30 37 30 37 30 37 37 36 37 36 37 36 30 37 30 37 30 37 37 36 37 36 37 36 30 37 30 37 3F 43 28 3B 32 31 32 31 32 31 32 31 32 31 37 36 37 36 37 36 30 37 30 37 30 37 37 36 37 36 37 36 37 36 32 31 32 31 32 31 32 3F 30 6B 3B 33 33 33 33 33 33 33 33 33 33 37 36 37 36 37 36 30 37 30 37 30 37 37 36 37 36 37 36 33 33 33 33 33 33 33 33 33 33 37 36 37 36 37 36 30 37 30 37 30 37 37 36 37 36 37 36 33 33 33 33 33 33 33 33 33 33 37 36 37 36 37 36 30 37 30 37 30 37 37 36 37 36 37 36 33 33 33 33 33 33 33 33 33 33 37 36 37 36 37 36 30 37 30 37 3F 32 00 9F 39 01 90 FF EE 01 04 DF 30 01 0C DF EE 26 01 0A FD 6D 00 00 00 00 00 00 00 00 00 00 00 00 00 00 00 00 00 00 00 00 00 00 00 00 00 00 00 00 00 00 00 00 00 00 00 00 00 00 00 00 00 00 00 00 00 00 00 00 00 00 00 00  

--- Discover

2021/12/14 14:36:54.177 [TX] - 56 69 56 4F 74 65 63 68 32 00 02 01 00 0A 0A 9F 02 06 00 00 00 00 10 00 AB 6C 
2021/12/14 14:36:55.711 [RX] - 56 69 56 4F 74 65 63 68 32 00 02 00 00 81 44 25 42 36 35 31 30 30 30 30 30 30 30 30 30 30 30 32 36 5E 43 41 52 44 2F 49 4D 41 47 45 20 30 33 20 20 20 20 20 20 20 20 20 20 20 20 20 5E 31 37 31 32 32 30 31 31 30 30 30 30 32 31 30 30 30 30 30 30 3F 25 28 3B 36 35 31 30 30 30 30 30 30 30 30 30 30 30 32 36 3D 31 37 31 32 32 30 31 31 30 30 30 30 32 31 30 30 30 30 30 30 3F 3B 00 00 9F 39 01 90 FF EE 01 04 DF 30 01 0C DF EE 26 01 0A  Discover MagStripe card - pass C2 85 00 00 00 00 00 00 00 00 00 00 00 00 00 00 00 00 00 00 00 00 00 00 00 00 00 00 00 00 00 00 00 00 00 00 00 00 00 00 00 00 00 00 00 00  

--- JIS1

2021/12/14 14:36:55.925 [TX] - 56 69 56 4F 74 65 63 68 32 00 02 01 00 0A 0A 9F 02 06 00 00 00 00 10 00 AB 6C 
2021/12/14 14:36:57.967 [RX] - 56 69 56 4F 74 65 63 68 32 00 02 00 00 85 48 7F 61 39 30 30 30 30 30 30 30 32 31 31 31 31 31 32 33 34 35 36 37 38 39 30 31 32 32 32 32 32 33 33 33 33 33 34 34 34 34 34 35 35 35 35 35 36 36 36 36 36 37 37 37 37 37 38 38 38 38 38 39 39 39 39 39 30 30 30 30 7F 15 28 3B 34 33 32 32 30 36 31 30 30 30 38 37 32 38 33 33 3D 31 31 30 38 32 30 31 38 38 36 34 30 38 32 35 31 30 30 30 30 3F 3B 00 00 9F 39 01 90 FF EE 01 04 DF 30 01 0C DF EE 26 01 0A 4B 3F 00 00 00 00 00 00 00 00 00 00 00 00 00 00 00 00 00 00 00 00 00 00 00 00 00 00 00 00 00 00 00 00 00 00 00 00 00 00 00 00  

--- JIS2

2021/12/14 14:36:58.185 [TX] - 56 69 56 4F 74 65 63 68 32 00 02 01 00 0A 0A 9F 02 06 00 00 00 00 10 00 AB 6C 
2021/12/14 14:37:00.011 [RX] - 56 69 56 4F 74 65 63 68 32 00 02 00 00 5D 00 48 7F 61 39 30 30 30 30 30 30 30 32 31 31 31 31 31 32 33 34 35 36 37 38 39 30 31 32 32 32 32 32 33 33 33 33 33 34 34 34 34 34 35 35 35 35 35 36 36 36 36 36 37 37 37 37 37 38 38 38 38 38 39 39 39 39 39 30 30 30 30 7F 15 00 00 9F 39 01 90 FF EE 01 04 DF 30 01 0C DF EE 26 01 0A 1A 4A 00 00 00 00 00 00 00 00 00 00 00 00 00 00 00 00 00  

--- AAMVA

2021/12/14 14:37:00.225 [TX] - 56 69 56 4F 74 65 63 68 32 00 02 01 00 0A 0A 9F 02 06 00 00 00 00 10 00 AB 6C 
2021/12/14 14:37:02.015 [RX] - 56 69 56 4F 74 65 63 68 32 00 02 00 00 BA 30 25 4E 59 4E 45 57 20 59 4F 52 4B 5E 4C 45 45 24 42 52 55 43 45 24 4A 52 5E 36 35 35 20 4E 2E 20 42 45 52 52 59 20 53 54 2E 2C 20 23 4B 5E 3F 52 23 3B 33 35 35 35 35 35 31 31 31 31 31 31 31 31 31 31 31 31 31 3D 30 30 30 39 31 39 37 37 30 33 30 33 3F 3F 52 25 23 23 39 32 38 32 31 2D 30 30 34 34 30 41 41 42 42 42 42 42 42 42 42 42 42 54 54 54 54 46 35 30 37 31 32 35 42 52 57 42 4C 4B 30 31 32 33 34 35 36 37 38 39 20 20 20 20 20 20 20 20 20 20 20 20 20 20 20 20 43 43 43 43 43 43 53 53 53 53 53 3F 25 00 9F 39 01 90 FF EE 01 04 DF 30 01 0C DF EE 26 01 0A 9D 60 00 00 00 00 00 00 00 00 00 00 00 00 00 00 00 00 00 00 00 00 00 00 00 00 00 00 00 00 00 00 00 00 00 00 00 00 00 00 00 00 00 00 00 00 00 00 00 00 00 00  

--- Gift card

2021/12/14 14:37:02.237 [TX] - 56 69 56 4F 74 65 63 68 32 00 02 01 00 0A 0A 9F 02 06 00 00 00 00 10 00 AB 6C 
2021/12/14 14:37:04.211 [RX] - 56 69 56 4F 74 65 63 68 32 00 02 00 00 78 3D 25 42 36 30 30 36 34 39 31 37 39 37 35 37 35 35 31 37 31 34 37 5E 30 37 36 37 35 30 30 39 39 30 32 24 30 30 30 30 30 24 20 20 20 20 20 20 20 20 5E 38 30 31 32 31 31 30 54 4C 36 3F 5F 26 3B 36 30 30 36 34 39 31 37 39 37 35 37 35 35 31 37 31 34 37 3D 38 30 31 32 31 31 30 31 35 32 30 38 35 36 36 3F 3A 00 00 9F 39 01 90 FF EE 01 04 DF 30 01 0C DF EE 26 01 0A 57 EE 00 00 00 00 00 00 00 00 00 00 00 00 00 00 00 00 00 00 00 00 00 00 00 00 00 00 00 00 00 00 00 00 00 00 00 00 00 00 00 00 00 00 00 00 00 00 00 00 00 00 00 00 00  

--- Real card (PAN=11)

2021/12/14 14:37:04.430 [TX] - 56 69 56 4F 74 65 63 68 32 00 02 01 00 0A 0A 9F 02 06 00 00 00 00 10 00 AB 6C 
2021/12/14 14:37:06.263 [RX] - 56 69 56 4F 74 65 63 68 32 00 02 00 00 50 3B 25 42 34 30 37 31 36 36 32 31 30 34 36 5E 44 4F 57 2F 4A 4F 48 4E 20 5E 31 37 31 31 32 30 31 31 32 37 38 37 31 31 30 30 30 30 30 30 30 30 38 34 39 30 30 30 30 30 30 3F 20 3F 3F 00 00 00 9F 39 01 90 FF EE 01 04 DF 30 01 0C DF EE 26 01 0A 1B 99 00 00 00 00 00 00 00 00 00 00 00 00 00 00 00 00 00 00 00 00 00 00 00 00 00 00 00 00 00 00  

--- Real card (PAN=12)

2021/12/14 14:37:06.476 [TX] - 56 69 56 4F 74 65 63 68 32 00 02 01 00 0A 0A 9F 02 06 00 00 00 00 10 00 AB 6C 
2021/12/14 14:37:08.247 [RX] - 56 69 56 4F 74 65 63 68 32 00 02 00 00 4F 3A 25 42 34 30 37 31 36 36 32 31 30 34 36 39 5E 44 4F 57 2F 4A 4F 48 4E 20 5E 31 37 31 31 32 30 31 31 32 37 38 37 31 31 30 30 30 30 30 30 30 30 38 34 39 30 30 30 30 30 30 3F 39 00 00 00 9F 39 01 90 FF EE 01 04 DF 30 01 0C DF EE 26 01 0A CE 36 00 00 00 00 00 00 00 00 00 00 00 00 00 00 00 00 00 00 00 00 00 00 00 00 00 00 00 00 00 00 00  

--- Real card (PAN=20)

2021/12/14 14:37:08.461 [TX] - 56 69 56 4F 74 65 63 68 32 00 02 01 00 0A 0A 9F 02 06 00 00 00 00 10 00 AB 6C 
2021/12/14 14:37:10.323 [RX] - 56 69 56 4F 74 65 63 68 32 00 02 00 00 57 42 25 42 34 30 37 31 36 36 32 31 30 34 36 39 31 32 33 34 35 36 37 38 5E 44 4F 57 2F 4A 4F 48 4E 20 5E 31 37 31 31 32 30 31 31 32 37 38 37 31 31 30 30 30 30 30 30 30 30 38 34 39 30 30 30 30 30 30 3F 31 00 00 00 9F 39 01 90 FF EE 01 04 DF 30 01 0C DF EE 26 01 0A CA 2C 00 00 00 00 00 00 00 00 00 00 00 00 00 00 00 00 00 00 00 00 00 00 00  

--- ISO4909

2021/12/14 14:37:10.536 [TX] - 56 69 56 4F 74 65 63 68 32 00 02 01 00 0A 0A 9F 02 06 00 00 00 00 10 00 AB 6C 
2021/12/14 14:37:12.503 [RX] - 56 69 56 4F 74 65 63 68 32 00 02 00 00 F2 4D 25 42 34 35 34 37 35 37 30 30 30 31 30 37 30 30 30 30 5E 4C 4C 49 42 52 45 20 52 4F 42 45 52 54 2D 47 55 49 4C 4C 45 52 4D 4F 20 5E 31 31 30 32 31 30 31 30 30 30 30 30 30 30 34 30 30 30 30 30 30 30 33 30 36 30 30 30 30 30 30 3F 2E 27 3B 34 35 34 37 35 37 30 30 30 31 30 37 30 30 30 30 3D 31 31 30 32 31 30 31 30 30 30 30 30 33 30 36 30 30 30 30 3F 38 69 3B 30 31 34 35 34 37 35 37 30 30 30 31 30 37 30 30 30 30 3D 37 39 37 38 30 30 30 30 30 30 30 30 30 30 30 30 30 30 30 33 30 31 39 30 31 38 30 34 30 32 30 30 30 31 31 30 32 34 3D 33 30 32 35 30 30 30 31 31 34 31 34 30 31 30 35 38 35 39 38 3D 3D 31 3D 30 30 30 30 30 30 32 36 30 30 30 30 30 30 30 30 30 30 30 30 3F 35 00 9F 39 01 90 FF EE 01 04 DF 30 01 0C DF EE 26 01 0A  pass F6 33 00 00 00 00 00 00 00 00 00 00 00 00 00 00 00 00 00 00 00 00 00 00 00 00 00 00 00 00 00 00 00 00 00 00 00 00 00 00 00 00 00 00 00 00 00 00 00 00 00 00 00 00 00 00 00 00 00  

Auto Poll

2021/12/14 14:37:12.730 [TX] - 56 69 56 4F 74 65 63 68 32 00 01 01 00 01 00 F6 24 
2021/12/14 14:37:12.739 [RX] - 56 69 56 4F 74 65 63 68 32 00 01 00 00 00 12 53  pass 00 00 00 00 00 00 00 00 00 00 00 00 00 00 00 00 00 00 00 00 00 00 00 00 00 00 00 00 00 00 00 00 00 00 00 00 00 00 00 00 00 00 00 00 00 00 00  

---  IDT

2021/12/14 14:37:16.747 [TX] - 56 69 56 4F 74 65 63 68 32 00 03 00 00 00 3B FF 
2021/12/14 14:37:16.754 [RX] - 56 69 56 4F 74 65 63 68 32 00 03 00 00 F7 4F 25 54 52 41 43 4B 31 37 36 37 36 37 36 30 37 30 37 30 37 37 36 37 36 37 36 30 37 30 37 30 37 37 36 37 36 37 36 30 37 30 37 30 37 37 36 37 36 37 36 30 37 30 37 30 37 37 36 37 36 37 36 30 37 30 37 30 37 37 36 37 36 37 36 30 37 30 37 3F 43 28 3B 32 31 32 31 32 31 32 31 32 31 37 36 37 36 37 36 30 37 30 37 30 37 37 36 37 36 37 36 37 36 32 31 32 31 32 31 32 3F 30 6B 3B 33 33 33 33 33 33 33 33 33 33 37 36 37 36 37 36 30 37 30 37 30 37 37 36 37 36 37 36 33 33 33 33 33 33 33 33 33 33 37 36 37 36 37 36 30 37 30 37 30 37 37 36 37 36 37 36 33 33 33 33 33 33 33 33 33 33 37 36 37 36 37 36 30 37 30 37 30 37 37 36 37 36 37 36 33 33 33 33 33 33 33 33 33 33 37 36 37 36 37 36 30 37 30 37 3F 32 00 9F 39 01 90 FF EE 01 04 DF 30 01 0C DF EE 26 01 0A 48 51 00 00 00 00 00 00 00 00 00 00 00 00 00 00 00 00 00 00 00 00 00 00 00 00 00 00 00 00 00 00 00 00 00 00 00 00 00 00 00 00 00 00 00 00 00 00 00 00 00 00 00 00  

--- Discover

2021/12/14 14:37:20.776 [TX] - 56 69 56 4F 74 65 63 68 32 00 03 00 00 00 3B FF 
2021/12/14 14:37:20.782 [RX] - 56 69 56 4F 74 65 63 68 32 00 03 00 00 81 44 25 42 36 35 31 30 30 30 30 30 30 30 30 30 30 30 32 36 5E 43 41 52 44 2F 49 4D 41 47 45 20 30 33 20 20 20 20 20 20 20 20 20 20 20 20 20 5E 31 37 31 32 32 30 31 31 30 30 30 30 32 31 30 30 30 30 30 30 3F 25 28 3B 36 35 31 30 30 30 30 30 30 30 30 30 30 30 32 36 3D 31 37 31 32 32 30 31 31 30 30 30 30 32 31 30 30 30 30 30 30 3F 3B 00 00 9F 39 01 90 FF EE 01 04 DF 30 01 0C DF EE 26 01 0A DA 56 00 00 00 00 00 00 00 00 00 00 00 00 00 00 00 00 00 00 00 00 00 00 00 00 00 00 00 00 00 00 00 00 00 00 00 00 00 00 00 00 00 00 00 00  

--- JIS1

2021/12/14 14:37:24.796 [TX] - 56 69 56 4F 74 65 63 68 32 00 03 00 00 00 3B FF 
2021/12/14 14:37:24.802 [RX] - 56 69 56 4F 74 65 63 68 32 00 03 00 00 85 48 7F 61 39 30 30 30 30 30 30 30 32 31 31 31 31 31 32 33 34 35 36 37 38 39 30 31 32 32 32 32 32 33 33 33 33 33 34 34 34 34 34 35 35 35 35 35 36 36 36 36 36 37 37 37 37 37 38 38 38 38 38 39 39 39 39 39 30 30 30 30 7F 15 28 3B 34 33 32 32 30 36 31 30 30 30 38 37 32 38 33 33 3D 31 31 30 38 32 30 31 38 38 36 34 30 38 32 35 31 30 30 30 30 3F 3B 00 00 9F 39 01 90 FF EE 01 04 DF 30 01 0C DF EE 26 01 0A E9 9F 00 00 00 00 00 00 00 00 00 00 00 00 00 00 00 00 00 00 00 00 00 00 00 00 00 00 00 00 00 00 00 00 00 00 00 00 00 00 00 00  

--- JIS2

2021/12/14 14:37:28.817 [TX] - 56 69 56 4F 74 65 63 68 32 00 03 00 00 00 3B FF 
2021/12/14 14:37:28.826 [RX] - 56 69 56 4F 74 65 63 68 32 00 03 00 00 5D 00 48 7F 61 39 30 30 30 30 30 30 30 32 31 31 31 31 31 32 33 34 35 36 37 38 39 30 31 32 32 32 32 32 33 33 33 33 33 34 34 34 34 34 35 35 35 35 35 36 36 36 36 36 37 37 37 37 37 38 38 38 38 38 39 39 39 39 39 30 30 30 30 7F 15 00 00 9F 39 01 90 FF EE 01 04 DF 30 01 0C DF EE 26 01 0A 84 70 00 00 00 00 00 00 00 00 00 00 00 00 00 00 00 00 00  

--- AAMVA

2021/12/14 14:37:32.840 [TX] - 56 69 56 4F 74 65 63 68 32 00 03 00 00 00 3B FF 
2021/12/14 14:37:32.846 [RX] - 56 69 56 4F 74 65 63 68 32 00 03 00 00 BA 30 25 4E 59 4E 45 57 20 59 4F 52 4B 5E 4C 45 45 24 42 52 55 43 45 24 4A 52 5E 36 35 35 20 4E 2E 20 42 45 52 52 59 20 53 54 2E 2C 20 23 4B 5E 3F 52 23 3B 33 35 35 35 35 35 31 31 31 31 31 31 31 31 31 31 31 31 31 3D 30 30 30 39 31 39 37 37 30 33 30 33 3F 3F 52 25 23 23 39 32 38 32 31 2D 30 30 34 34 30 41 41 42 42 42 42 42 42 42 42 42 42 54 54 54 54 46 35 30 37 31 32 35 42 52 57 42 4C 4B 30 31 32 33 34 35 36 37 38 39 20 20 20 20 20 20 20 20 20 20 20 20 20 20 20 20 43 43 43 43 43 43 53 53 53 53 53 3F 25 00 9F 39 01 90 FF EE 01 04 DF 30 01 0C DF EE 26 01 0A 77 1B 00 00 00 00 00 00 00 00 00 00 00 00 00 00 00 00 00 00 00 00 00 00 00 00 00 00 00 00 00 00 00 00 00 00 00 00 00 00 00 00 00 00 00 00 00 00 00 00 00 00  

--- Gift card

2021/12/14 14:37:36.867 [TX] - 56 69 56 4F 74 65 63 68 32 00 03 00 00 00 3B FF 
2021/12/14 14:37:36.874 [RX] - 56 69 56 4F 74 65 63 68 32 00 03 00 00 78 3D 25 42 36 30 30 36 34 39 31 37 39 37 35 37 35 35 31 37 31 34 37 5E 30 37 36 37 35 30 30 39 39 30 32 24 30 30 30 30 30 24 20 20 20 20 20 20 20 20 5E 38 30 31 32 31 31 30 54 4C 36 3F 5F 26 3B 36 30 30 36 34 39 31 37 39 37 35 37 35 35 31 37 31 34 37 3D 38 30 31 32 31 31 30 31 35 32 30 38 35 36 36 3F 3A 00 00 9F 39 01 90 FF EE 01 04 DF 30 01 0C DF EE 26 01 0A 05 21 00 00 00 00 00 00 00 00 00 00 00 00 00 00 00 00 00 00 00 00 00 00 00 00 00 00 00 00 00 00 00 00 00 00 00 00 00 00 00 00 00 00 00 00 00 00 00 00 00 00 00 00 00  

--- Real card (PAN=11)

2021/12/14 14:37:40.891 [TX] - 56 69 56 4F 74 65 63 68 32 00 03 00 00 00 3B FF 
2021/12/14 14:37:40.898 [RX] - 56 69 56 4F 74 65 63 68 32 00 03 00 00 50 3B 25 42 34 30 37 31 36 36 32 31 30 34 36 5E 44 4F 57 2F 4A 4F 48 4E 20 5E 31 37 31 31 32 30 31 31 32 37 38 37 31 31 30 30 30 30 30 30 30 30 38 34 39 30 30 30 30 30 30 3F 20 3F 3F 00 00 00 9F 39 01 90 FF EE 01 04 DF 30 01 0C DF EE 26 01 0A FA 79 00 00 00 00 00 00 00 00 00 00 00 00 00 00 00 00 00 00 00 00 00 00 00 00 00 00 00 00 00 00  

--- Real card (PAN=12)

2021/12/14 14:37:44.911 [TX] - 56 69 56 4F 74 65 63 68 32 00 03 00 00 00 3B FF 
2021/12/14 14:37:44.918 [RX] - 56 69 56 4F 74 65 63 68 32 00 03 00 00 4F 3A 25 42 34 30 37 31 36 36 32 31 30 34 36 39 5E 44 4F 57 2F 4A 4F 48 4E 20 5E 31 37 31 31 32 30 31 31 32 37 38 37 31 31 30 30 30 30 30 30 30 30 38 34 39 30 30 30 30 30 30 3F 39 00 00 00 9F 39 01 90 FF EE 01 04 DF 30 01 0C DF EE 26 01 0A 20 CB 00 00 00 00 00 00 00 00 00 00 00 00 00 00 00 00 00 00 00 00 00 00 00 00 00 00 00 00 00 00 00  

--- Real card (PAN=20)

2021/12/14 14:37:48.933 [TX] - 56 69 56 4F 74 65 63 68 32 00 03 00 00 00 3B FF 
2021/12/14 14:37:48.938 [RX] - 56 69 56 4F 74 65 63 68 32 00 03 00 00 57 42 25 42 34 30 37 31 36 36 32 31 30 34 36 39 31 32 33 34 35 36 37 38 5E 44 4F 57 2F 4A 4F 48 4E 20 5E 31 37 31 31 32 30 31 31 32 37 38 37 31 31 30 30 30 30 30 30 30 30 38 34 39 30 30 30 30 30 30 3F 31 00 00 00 9F 39 01 90 FF EE 01 04 DF 30 01 0C DF EE 26 01 0A E1 96 00 00 00 00 00 00 00 00 00 00 00 00 00 00 00 00 00 00 00 00 00 00 00  

--- ISO4909

2021/12/14 14:37:52.952 [TX] - 56 69 56 4F 74 65 63 68 32 00 03 00 00 00 3B FF 
2021/12/14 14:37:52.958 [RX] - 56 69 56 4F 74 65 63 68 32 00 03 00 00 F2 4D 25 42 34 35 34 37 35 37 30 30 30 31 30 37 30 30 30 30 5E 4C 4C 49 42 52 45 20 52 4F 42 45 52 54 2D 47 55 49 4C 4C 45 52 4D 4F 20 5E 31 31 30 32 31 30 31 30 30 30 30 30 30 30 34 30 30 30 30 30 30 30 33 30 36 30 30 30 30 30 30 3F 2E 27 3B 34 35 34 37 35 37 30 30 30 31 30 37 30 30 30 30 3D 31 31 30 32 31 30 31 30 30 30 30 30 33 30 36 30 30 30 30 3F 38 69 3B 30 31 34 35 34 37 35 37 30 30 30 31 30 37 30 30 30 30 3D 37 39 37 38 30 30 30 30 30 30 30 30 30 30 30 30 30 30 30 33 30 31 39 30 31 38 30 34 30 32 30 30 30 31 31 30 32 34 3D 33 30 32 35 30 30 30 31 31 34 31 34 30 31 30 35 38 35 39 38 3D 3D 31 3D 30 30 30 30 30 30 32 36 30 30 30 30 30 30 30 30 30 30 30 30 3F 35 00 9F 39 01 90 FF EE 01 04 DF 30 01 0C DF EE 26 01 0A  pass 59 B5 00 00 00 00 00 00 00 00 00 00 00 00 00 00 00 00 00 00 00 00 00 00 00 00 00 00 00 00 00 00 00 00 00 00 00 00 00 00 00 00 00 00 00 00 00 00 00 00 00 00 00 00 00 00 00 00 00  

Auto Poll

2021/12/14 14:37:52.985 [TX] - 56 69 56 4F 74 65 63 68 32 00 01 01 00 01 00 F6 24 
2021/12/14 14:37:52.990 [RX] - 56 69 56 4F 74 65 63 68 32 00 01 00 00 00 12 53  pass 00 00 00 00 00 00 00 00 00 00 00 00 00 00 00 00 00 00 00 00 00 00 00 00 00 00 00 00 00 00 00 00 00 00 00 00 00 00 00 00 00 00 00 00 00 00 00  

Burst On

2021/12/14 14:37:53.001 [TX] - 56 69 56 4F 74 65 63 68 32 00 04 00 00 04 FF F7 01 01 98 3E 
2021/12/14 14:37:53.006 [RX] - 56 69 56 4F 74 65 63 68 32 00 04 00 00 00 AE 16  pass pass 00 00 00 00 00 00 00 00 00 00 00 00 00 00 00 00 00 00 00 00 00 00 00 00 00 00 00 00 00 00 00 00 00 00 00 00 00 00 00 00 00 00 00 00 00 00 00  

---  IDT
 
---  Please swipe card
01 00 0C 25 54 52 41 43 4B 31 37 36 37 36 37 36 30 37 30 37 30 37 37 36 37 36 37 36 30 37 30 37 30 37 37 36 37 36 37 36 30 37 30 37 30 37 37 36 37 36 37 36 30 37 30 37 30 37 37 36 37 36 37 36 30 37 30 37 30 37 37 36 37 36 37 36 30 37 30 37 3F 3B 32 31 32 31 32 31 32 31 32 31 37 36 37 36 37 36 30 37 30 37 30 37 37 36 37 36 37 36 37 36 32 31 32 31 32 31 32 3F 3B 33 33 33 33 33 33 33 33 33 33 37 36 37 36 37 36 30 37 30 37 30 37 37 36 37 36 37 36 33 33 33 33 33 33 33 33 33 33 37 36 37 36 37 36 30 37 30 37 30 37 37 36 37 36 37 36 33 33 33 33 33 33 33 33 33 33 37 36 37 36 37 36 30 37 30 37 30 37 37 36 37 36 37 36 33 33 33 33 33 33 33 33 33 33 37 36 37 36 37 36 30 37 30 37 3F 81 14 00 00 00 00 00 00 00 00 00 00 00 00 00 00 00 00 00 00 00 00 00 00 00 00  

--- Discover
 
---  Please swipe card
01 00 0C 25 42 36 35 31 30 30 30 30 30 30 30 30 30 30 30 32 36 5E 43 41 52 44 2F 49 4D 41 47 45 20 30 33 20 20 20 20 20 20 20 20 20 20 20 20 20 5E 31 37 31 32 32 30 31 31 30 30 30 30 32 31 30 30 30 30 30 30 3F 3B 36 35 31 30 30 30 30 30 30 30 30 30 30 30 32 36 3D 31 37 31 32 32 30 31 31 30 30 30 30 32 31 30 30 30 30 30 30 3F DF EF 4C 06 43 00 00 00 00 00 DF EF 4D 43 25 42 36  

--- JIS1
 
---  Please swipe card
35 31 30 30 30 30 30 30 30 30 30 30 30 32 36 5E 43 41 52 44 2F 49 4D 41 47 45 20 30 33 20 20 20 20 20 20 20 20 20 20 20 20 20 5E 31 37 31 32 32 30 31 31 30 30 30 30 32 31 30 30 30 30 30 30 3F 86 06 00 00 00 00 00 00 00 00 00 00 00 00 00 00 00 00 00 00 00 00 00 00 00 00 00 00 00 00 00 00 00 00 00 00 00 00 00 00 00 00 00 00 00 00 00 00 00 00 00 00 00 00 00 00 00 00 00 00 00 00 01 00 0C 7F 61 39 30 30 30 30 30 30 30 32 31 31 31 31 31 32 33 34 35 36 37 38 39 30 31 32 32 32 32 32 33 33 33 33 33 34 34 34 34 34 35 35 35 35 35 36 36 36 36 36 37 37 37 37 37 38 38 38 38 38 39 39 39 39 39 30 30 30 30 7F 3B 34 33 32 32 30 36 31 30 30 30 38 37 32 38 33 33 3D 31 31 30 38 32 30 31 38 38 36 34 30 38 32 35 31 30 30 30 30 3F 50 DB 00 00 00 00 00 00 00 00 00 00 00  

--- JIS2
 
---  Please swipe card
01 00 0C 7F 61 39 30 30 30 30 30 30 30 32 31 31 31 31 31 32 33 34 35 36 37 38 39 30 31 32 32 32 32 32 33 33 33 33 33 34 34 34 34 34 35 35 35 35 35 36 36 36 36 36 37 37 37 37 37 38 38 38 38 38 39 39 39 39 39 30 30 30 30 7F 8E 2C 00 00 00 00 00 00 00 00 00 00 00 00 00 00 00 00 00 00 00 00 00 00 00 00 00 00 00 00 00 00 00 00 00 00 00 00 00 00 00 00 00 00 00 00 00 00 00 00 00 00  

--- AAMVA
 
---  Please swipe card
01 00 0C 25 4E 59 4E 45 57 20 59 4F 52 4B 5E 4C 45 45 24 42 52 55 43 45 24 4A 52 5E 36 35 35 20 4E 2E 20 42 45 52 52 59 20 53 54 2E 2C 20 23 4B 5E 3F 3B 33 35 35 35 35 35 31 31 31 31 31 31 31 31 31 31 31 31 31 3D 30 30 30 39 31 39 37 37 30 33 30 33 3F 25 23 23 39 32 38 32 31 2D 30 30 34 34 30 41 41 42 42 42 42 42 42 42 42 42 42 54 54 54 54 46 35 30 37 31 32 35 42 52 57 42 4C 4B 30 31 32 33 34 35 36 37 38 39 20 20 20 20 20 20 20 20 20 20 20 20 20 20 20 20 43 43 43 43 43 43 53 53 53 53 53 3F 73 BE 00 00 00 00 00 00 00 00 00 00 00 00 00 00 00 00 00 00 00 00 00 00  

--- Gift card
 
---  Please swipe card
01 00 0C 25 42 36 30 30 36 34 39 31 37 39 37 35 37 35 35 31 37 31 34 37 5E 30 37 36 37 35 30 30 39 39 30 32 24 30 30 30 30 30 24 20 20 20 20 20 20 20 20 5E 38 30 31 32 31 31 30 54 4C 36 3F 3B 36 30 30 36 34 39 31 37 39 37 35 37 35 35 31 37 31 34 37 3D 38 30 31 32 31 31 30 31 35 32 30 38 35 36 36 3F DF EF 4C 06 3C 00 00 00 00 00 DF EF 4D 3C 25 42 36 30 30 36 34 39 31 37 39 37 35 37 35 35 31 37 31 34 37 5E 30 37 36 37 35 30 30 39 39 30 32 24 30 30 30 30 30 24 20 20 20 20 20 20 20 20 5E 38 30 31 32 31 31 30 54 4C 36 3F B2 27 00 00 00 00 00 00 00 00 00 00 00 00 00  

--- Real card (PAN=11)
 
---  Please swipe card
01 00 0C 25 42 34 30 37 31 36 36 32 31 30 34 36 5E 44 4F 57 2F 4A 4F 48 4E 20 5E 31 37 31 31 32 30 31 31 32 37 38 37 31 31 30 30 30 30 30 30 30 30 38 34 39 30 30 30 30 30 30 3F 20 3F D5 EA  

--- Real card (PAN=12)
 
---  Please swipe card
01 00 0C 25 42 34 30 37 31 36 36 32 31 30 34 36 39 5E 44 4F 57 2F 4A 4F 48 4E 20 5E 31 37 31 31 32 30 31 31 32 37 38 37 31 31 30 30 30 30 30 30 30 30 38 34 39 30 30 30 30 30 30 3F DF EF 4C 06 39 00 00 00 00 00 DF EF 4D 39 25 42 34 30 37 31 36 36 32 31 30 34 36 39 5E 44 4F 57 2F 4A 4F 48 4E 20 5E 31 37 31 31 32 30 31 31 32 37 38 37 31 31 30 30 30 30 30 30 30 30 38 34 39 30 30 30 30 30 30 3F 0D A1 00 00 00 00 00 00 00 00 00 00 00 00 00 00 00 00 00 00 00 00 00 00 00 00 00 00 00 00 00 00 00 00 00 00 00 00 00 00 00 00 00 00 00 00 00 00 00 00 00 00 00 00 00 00 00 00  

--- Real card (PAN=20)
 
---  Please swipe card
01 00 0C 25 42 34 30 37 31 36 36 32 31 30 34 36 39 31 32 33 34 35 36 37 38 5E 44 4F 57 2F 4A 4F 48 4E 20 5E 31 37 31 31 32 30 31 31 32 37 38 37 31 31 30 30 30 30 30 30 30 30 38 34 39 30 30 30 30 30 30 3F 64 9D 00 00 00 00 00 00 00 00 00 00 00 00 00 00 00 00 00 00 00 00 00 00 00 00 00 00 00 00 00 00 00 00 00 00 00 00 00 00 00 00 00 00 00 00 00 00 00 00 00 00 00 00 00 00 00 00  

--- ISO4909
 
---  Please swipe card
01 00 0C 25 42 34 35 34 37 35 37 30 30 30 31 30 37 30 30 30 30 5E 4C 4C 49 42 52 45 20 52 4F 42 45 52 54 2D 47 55 49 4C 4C 45 52 4D 4F 20 5E 31 31 30 32 31 30 31 30 30 30 30 30 30 30 34 30 30 30 30 30 30 30 33 30 36 30 30 30 30 30 30 3F 3B 34 35 34 37 35 37 30 30 30 31 30 37 30 30 30 30 3D 31 31 30 32 31 30 31 30 30 30 30 30 33 30 36 30 30 30 30 3F 3B 30 31 34 35 34 37 35 37 30 30 30 31 30 37 30 30 30 30 3D 37 39 37 38 30 30 30 30 30 30 30 30 30 30 30 30 30 30 30 33 30 31 39 30 31 38 30 34 30 32 30 30 30 31 31 30 32 34 3D 33 30 32 35 30 30 30 31 31 34 31 34 30 31 30 35 38 35 39 38 3D 3D 31 3D 30 30 30 30 30 30 32 36 30 30 30 30 30 30 30 30 30 30 30 30 3F DF EF 4C 06 4C 00 00 00 00 00 DF EF 4D 4C 25 42 34 35 34 37 35 37 30 30 30 31 30 37 30 30 30 30 5E 4C 4C 49 42 52 45 20 52 4F 42 45 52 54 2D 47 55 49 4C 4C 45 52 4D 4F 20 5E 31 31 30 32 31 30 31 30 30 30 30 30 30 30 34 30 30 30 30 30 30 30 33 30 36 30 30 30 30 30 30 3F FB 1D 00 00  

 ---------- END OF TEST ----------

 Result = PASSED
 

 MASTER RESULT = PASSED


Docklight Log File (HEX) - Stopped 2021/12/14 14:38:15.885 

