Docklight Log File (HEX) - Started 2025/12/15 11:18:46.670 
 TEST CASE: BUM005

 --- Set POS COM PORT Settings
 Set POS COM PORT...
 POS operating on COM90 @ 9600 baud...
 Set POS COM PORT - COMPLETE

 

 --- Burst Mode On *** NEO1

2025/12/15 11:18:48.398 [TX] - 56 69 56 4F 74 65 63 68 32 00 04 00 00 04 FF F7 01 01 98 3E 
2025/12/15 11:18:48.404 [RX] - 56 69 56 4F 74 65 63 68 32 00 04 00 00 00 AE 16 00 00 00 00 00 00 00 00 00 00 00 00 00 00 00 00 00 00 00 00 00 00 00 00 00 00 00 00 00 00 00 00 00 00 00 00 00 00 00 00 00 00 00 00 00 00 00  

 --- Auto Poll

2025/12/15 11:18:48.839 [TX] - 56 69 56 4F 74 65 63 68 32 00 01 01 00 01 00 F6 24 
2025/12/15 11:18:48.848 [RX] - 56 69 56 4F 74 65 63 68 32 00 01 00 00 00 12 53 00 00 00 00 00 00 00 00 00 00 00 00 00 00 00 00 00 00 00 00 00 00 00 00 00 00 00 00 00 00 00 00 00 00 00 00 00 00 00 00 00 00 00 00 00 00 00  

 --- Burst Mode Discover Response
01 00 04 25 42 36 35 31 30 30 30 30 30 30 30 30 30 30 31 32 35 5E 43 41 52 44 2F 49 4D 41 47 45 20 30 38 20 20 20 20 20 20 20 20 20 20 20 20 20 5E 31 37 31 32 32 30 31 31 30 30 30 30 39 35 30 30 30 30 30 30 3F 3B 36 35 31 30 30 30 30 30 30 30 30 30 30 31 32 35 3D 31 37 31 32 32 30 31 31 30 30 30 30 39 35 30 30 30 30 30 30 3F DF EF 4C 06 00 27 00 00 00 00 DF EF 4D 27 3B 36 35 31 30 30 30 30 30 30 30 30 30 30 31 32 35 3D 31 37 31 32 32 30 31 31 30 30 30 30 39 35 30 30 30 30 30 30 3F AC 84 00 00 00 00 00 00 00 00 00 00 00 00 00 00 00 00 00 00 00 00 00 00 00 00 00  

 Result = PASSED
 ---------- END OF TEST ----------

 

 MASTER RESULT = PASSED


Docklight Log File (HEX) - Stopped 2025/12/15 11:18:52.394 

