Docklight Log File (HEX) - Started 2025/9/18 17:01:16.455 
 TEST CASE: EGN42-1

 --- Set POS COM PORT Settings
 Set POS COM PORT...
 POS operating on COM90 @ 115200 baud...
 Set POS COM PORT - COMPLETE

 --- step 2: C7-A9 Reset all Links between RID and all DEKs

2025/9/18 17:01:24.054 [TX] - 56 69 56 4F 74 65 63 68 32 00 C7 A9 00 03 02 00 00 A9 FD 
2025/9/18 17:01:24.121 [RX] - 02 10 00 06 78 46 3E 0A 00 FF FF FF 14 00 56 69 56 4F 74 65 63 68 32 00 C7 00 00 00 86 6E 00 00 00 00 00 00 00 00 00 00 00 00 00 00 00 00 00 00 00 00 00 00 00 00 00 00 00 00 00 00 00 00 00 00 00 00 00 00 00 00 00 00 00 00 00 00 00  

 --- C7-A4 Set DEK KeySlot = 01, and Enable Default

2025/9/18 17:01:24.345 [TX] - 56 69 56 4F 74 65 63 68 32 00 C7 A4 00 03 00 01 01 9A FE 
2025/9/18 17:01:24.357 [RX] - 56 69 56 4F 74 65 63 68 32 00 C7 00 00 00 86 6E 00 00 00 00 00 00 00 00 00 00 00 00 00 00 00 00 00 00 00 00 00 00 00 00 00 00 00 00 00 00 00 00 00 00 00 00 00 00 00 00 00 00 00 00 00 00 00  

 --- 02-40 w/o DFEC0D (DEK Keyslot Selection)

2025/9/18 17:01:25.874 [TX] - 56 69 56 4F 74 65 63 68 32 00 02 40 00 15 78 9F 02 06 00 00 00 00 10 00 9A 03 07 11 21 9F 21 03 10 15 20 93 17 
2025/9/18 17:01:25.905 [RX] - 56 69 56 4F 74 65 63 68 32 00 02 63 00 00 4B B4 00 00 00 00 00 00 00 00 00 00 00 00 00 00 00 00 00 00 00 00 00 00 00 00 00 00 00 00 00 00 00 00 00 00 00 00 00 00 00 00 00 00 00 00 00 00 00 56 69 56 4F 74 65 63 68 32 00 61 01 00 10 03 00 00 02 00 45 4E 03 00 82 57 1C 02 00 00 60 FB 9A 00 00 00 00 00 00 00 00 00 00 00 00 00 00 00 00 00 00 00 00 00 00 00 00 00 00 00 00 00 00 00 56 69 56 4F 74 65 63 68 32 00 61 01 00 1A 04 00 00 02 00 45 4E 0D 00 84 01 1C 04 24 1C 04 31 30 2E 30 30 1C 02 00 F4 21 DF 2B 00 00 00 00 00 00 00 00 00 00 00 00 00 00 00 00 00 00 00 00 00 56 69 56 4F 74 65 63 68 32 00 61 01 00 10 03 00 00 02 00 45 4E 03 00 82 1A 1C 02 00 F4 21 58 29 00 00 00 00 00 00 00 00 00 00 00 00 00 00 00 00 00 00 00 00 00 00 00 00 00 00 00 00 00 00 00 56 69 56 4F 74 65 63 68 32 00 61 01 00 10 03 00 00 02 00 45 4E 03 00 82 68 1C 02 00 F4 21 96 F5 00 00 00 00 00 00 00 00 00 00 00 00 00 00 00 00 00 00 00 00 00 00 00 00 00 00 00 00 00 00 00 56 69 56 4F 74 65 63 68 32 00 61 01 00 10 03 00 00 02 00 45 4E 03 00 82 15 1C 02 00 F4 21 9D 2A 00 00 00 00 00 00 00 00 00 00 00 00 00 00 00 00 00 00 00 00 00 00 00 00 00 00 00 00 00 00 00 56 69 56 4F 74 65 63 68 32 00 02 23 02 39 E1 DF EE 26 02 E1 00  TDES DUKPT DEK: TDES DF EE 12 0A 11 11 11 11 11 11 11  << KSN 1 00 00 01 DF EF 4C 06 00 00 00 00 00 00 DF EF 4D 00 DF 81 29 08 30 F0 F0 F0 B0 F0 FF 00 DF 81 16 16 1B FF 00 00 13 00 00 00 00 00 00 00 00 20 00 00 00 01 00 00 08 40 FF 81 05 82 01 89 4F 07 A0 00 00 00 03 10 10 50 0C 56 49 53 41 20 54 45 53 54 20 30 31 57 A1 12 47 61 CC CC CC 01 00 D2 01 2C CC CC CC CC CC CC CC CC 57 C1 18 57 62 EC D7 45 B0 A3 86 EA 62 71 0E 13 FF 1C CE 73 B8 DD B0 3D D1 6E D5 5A A1 07 47 61 CC CC CC 01 00 5A C1 10 C8 F5 83 FF 20 4E 26 BC 6E 2A F8 7C A5 63 2E 06 82 02 20 20 84 07 A0 00 00 00 03 10 10 8F 01 51 95 05 00 00 00 00 00 96 01 03 9A 03 07 11 21 9C 01 00 5F 24 03 30 12 31 5F 28 02 08 26 5F 2A 02 08 40 5F 2D 04 65 73 65 6E 5F 34 01 01 5F 36 01 02 9F 02 06 00 00 00 00 10 00 9F 03 06 00 00 00 00 00 00 9F 06 07 A0 00 00 00 03 10 10 9F 09 02 00 02 9F 10 07 06 01 11 03 90 00 00 9F 11 01 01 9F 12 0C 50 72 65 66 20 4E 61 6D 65 20 30 31 9F 15 02 00 00 9F 1A 02 08 40 9F 1B 04 00 00 1F 40 9F 1E 08 39 54 35 33 33 35 38 38 9F 21 03 10 15 20 9F 26 08 AA BB CC DD EE FF 11 22 9F 27 01 40 9F 33 03 E0 08 40 9F 34 03 3F 00 00 9F 35 01 15 9F 36 02 00 03 9F 37 04 BB 57 38 76 9F 39 01 07 9F 40 05 80 00 00 00 00 9F 41 04 00 00 00 01 9F 4E 1E 00 00 00 00 00 00 00 00 00 00 00 00 00 00 00 00 00 00 00 00 00 00 00 00 00 00 00 00 00 00 9F 66 04 30 00 C0 00 9F 69 07 01 11 22 33 44 20 00 9F 6C 02 20 00 DF 81 26 06 00 00 00 00 60 00 DF EE 4C 01 06 FF 81 06 09 9F 5D 06 00 00 00 01 00 00 FF EE 01 0A DF EE 30 01 00 DF EE 5B 01 05 DF EC 1C 1E 08 03 00 04 FF 00 1B 00 00 00 13 01 00 00 00 01 00 00 08 40 00 00 00 00 00 00 00 00 FF 00 DF EC 11 20 E3 7C BB 5D C7 80 87 21 FF CA 4C 44 A0 4A FC 96 3E F5 74 0B 26 40 2D D1 56 3F E6 0B 18 63 6B 35 CD FE 00 00 00 00 00 00 00 00 00 00 00 00 00 00 00 00 00 00 00 00 00 00 00 00 00 00 00 00 00 00 00 00 00 00 00 00 00 00 00 00 00 00 00 00 00  

 --- 02-40 w/ DFEC0D = 05 (DEK Keyslot Selection)

2025/9/18 17:01:27.321 [TX] - 56 69 56 4F 74 65 63 68 32 00 02 40 00 1A 78 9F 02 06 00 00 00 00 10 00 9A 03 07 11 21 9F 21 03 10 15 20 DF EC 0D 01 05 C9 47 
2025/9/18 17:01:27.351 [RX] - 56 69 56 4F 74 65 63 68 32 00 02 63 00 00 4B B4 00 00 00 00 00 00 00 00 00 00 00 00 00 00 00 00 00 00 00 00 00 00 00 00 00 00 00 00 00 00 00 00 00 00 00 00 00 00 00 00 00 00 00 00 00 00 00 56 69 56 4F 74 65 63 68 32 00 02 90 00 00 F1 B6 00 00 00 00 00 00 00 00 00 00 00 00 00 00 00 00 00 00 00 00 00 00 00 00 00 00 00 00 00 00 00 00 00 00 00 00 00 00 00 00 00 00 00 00 00 00 00  

 --- 02-40 w/ DFEC0D = 02 (DEK Keyslot Selection)

2025/9/18 17:01:31.385 [TX] - 56 69 56 4F 74 65 63 68 32 00 02 40 00 1A 78 9F 02 06 00 00 00 00 10 00 9A 03 07 11 21 9F 21 03 10 15 20 DF EC 0D 01 02 2E 37 
2025/9/18 17:01:31.415 [RX] - 56 69 56 4F 74 65 63 68 32 00 02 63 00 00 4B B4 00 00 00 00 00 00 00 00 00 00 00 00 00 00 00 00 00 00 00 00 00 00 00 00 00 00 00 00 00 00 00 00 00 00 00 00 00 00 00 00 00 00 00 00 00 00 00 56 69 56 4F 74 65 63 68 32 00 61 01 00 10 03 00 00 02 00 45 4E 03 00 82 57 1C 02 00 00 60 FB 9A 00 00 00 00 00 00 00 00 00 00 00 00 00 00 00 00 00 00 00 00 00 00 00 00 00 00 00 00 00 00 00 56 69 56 4F 74 65 63 68 32 00 61 01 00 1A 04 00 00 02 00 45 4E 0D 00 84 01 1C 04 24 1C 04 31 30 2E 30 30 1C 02 00 F4 21 DF 2B 00 00 00 00 00 00 00 00 00 00 00 00 00 00 00 00 00 00 00 00 00 56 69 56 4F 74 65 63 68 32 00 61 01 00 10 03 00 00 02 00 45 4E 03 00 82 1A 1C 02 00 F4 21 58 29 00 00 00 00 00 00 00 00 00 00 00 00 00 00 00 00 00 00 00 00 00 00 00 00 00 00 00 00 00 00 00 56 69 56 4F 74 65 63 68 32 00 61 01 00 10 03 00 00 02 00 45 4E 03 00 82 68 1C 02 00 F4 21 96 F5 00 00 00 00 00 00 00 00 00 00 00 00 00 00 00 00 00 00 00 00 00 00 00 00 00 00 00 00 00 00 00 56 69 56 4F 74 65 63 68 32 00 61 01 00 10 03 00 00 02 00 45 4E 03 00 82 15 1C 02 00 F4 21 9D 2A 00 00 00 00 00 00 00 00 00 00 00 00 00 00 00 00 00 00 00 00 00 00 00 00 00 00 00 00 00 00 00 56 69 56 4F 74 65 63 68 32 00 02 23 02 39 E1 DF EE 26 02 E1 00  TDES DUKPT DEK: TDES DF EE 12 0A 22 22 22 22 22 22 22  << KSN 2 20 00 01 DF EF 4C 06 00 00 00 00 00 00 DF EF 4D 00 DF 81 29 08 30 F0 F0 F0 B0 F0 FF 00 DF 81 16 16 1B FF 00 00 13 00 00 00 00 00 00 00 00 20 00 00 00 01 00 00 08 40 FF 81 05 82 01 89 4F 07 A0 00 00 00 03 10 10 50 0C 56 49 53 41 20 54 45 53 54 20 30 31 57 A1 12 47 61 CC CC CC 01 00 D2 01 2C CC CC CC CC CC CC CC CC 57 C1 18 66 08 BD FD 2E 75 90 59 34 73 D0 13 3E 49 2D 9A 7B 1B 9D 0F E4 6B 3C 8A 5A A1 07 47 61 CC CC CC 01 00 5A C1 10 3F 7D 29 40 D3 A0 8E 0B B5 B5 A9 E9 80 BC D1 65 82 02 20 20 84 07 A0 00 00 00 03 10 10 8F 01 51 95 05 00 00 00 00 00 96 01 03 9A 03 07 11 21 9C 01 00 5F 24 03 30 12 31 5F 28 02 08 26 5F 2A 02 08 40 5F 2D 04 65 73 65 6E 5F 34 01 01 5F 36 01 02 9F 02 06 00 00 00 00 10 00 9F 03 06 00 00 00 00 00 00 9F 06 07 A0 00 00 00 03 10 10 9F 09 02 00 02 9F 10 07 06 01 11 03 90 00 00 9F 11 01 01 9F 12 0C 50 72 65 66 20 4E 61 6D 65 20 30 31 9F 15 02 00 00 9F 1A 02 08 40 9F 1B 04 00 00 1F 40 9F 1E 08 39 54 35 33 33 35 38 38 9F 21 03 10 15 20 9F 26 08 AA BB CC DD EE FF 11 22 9F 27 01 40 9F 33 03 E0 08 40 9F 34 03 3F 00 00 9F 35 01 15 9F 36 02 00 03 9F 37 04 7D 2B 57 BE 9F 39 01 07 9F 40 05 80 00 00 00 00 9F 41 04 00 00 00 02 9F 4E 1E 00 00 00 00 00 00 00 00 00 00 00 00 00 00 00 00 00 00 00 00 00 00 00 00 00 00 00 00 00 00 9F 66 04 30 00 C0 00 9F 69 07 01 11 22 33 44 20 00 9F 6C 02 20 00 DF 81 26 06 00 00 00 00 60 00 DF EE 4C 01 06 FF 81 06 09 9F 5D 06 00 00 00 01 00 00 FF EE 01 0A DF EE 30 01 00 DF EE 5B 01 05 DF EC 1C 1E 08 03 00 04 FF 00 1B 00 00 00 13 01 00 00 00 01 00 00 08 40 00 00 00 00 00 00 00 00 FF 00 DF EC 11 20 E3 7C BB 5D C7 80 87 21 FF CA 4C 44 A0 4A FC 96 3E F5 74 0B 26 40 2D D1 56 3F E6 0B 18 63 6B 35 2B 7D 00 00 00 00 00 00 00 00 00 00 00 00 00 00 00 00 00 00 00 00 00 00 00 00 00 00 00 00 00 00 00 00 00 00 00 00 00 00 00 00 00 00 00 00 00  

 --- C7-A4 Set DEK KeySlot = 08, and Enable Default

2025/9/18 17:01:32.772 [TX] - 56 69 56 4F 74 65 63 68 32 00 C7 A4 00 03 00 01 08 B3 6F 
2025/9/18 17:01:32.787 [RX] - 56 69 56 4F 74 65 63 68 32 00 C7 00 00 00 86 6E 00 00 00 00 00 00 00 00 00 00 00 00 00 00 00 00 00 00 00 00 00 00 00 00 00 00 00 00 00 00 00 00 00 00 00 00 00 00 00 00 00 00 00 00 00 00 00  

 --- 02-40 w/o DFEC0D (DEK Keyslot Selection)

2025/9/18 17:01:33.009 [TX] - 56 69 56 4F 74 65 63 68 32 00 02 40 00 15 78 9F 02 06 00 00 00 00 10 00 9A 03 07 11 21 9F 21 03 10 15 20 93 17 
2025/9/18 17:01:33.039 [RX] - 56 69 56 4F 74 65 63 68 32 00 02 63 00 00 4B B4 00 00 00 00 00 00 00 00 00 00 00 00 00 00 00 00 00 00 00 00 00 00 00 00 00 00 00 00 00 00 00 00 00 00 00 00 00 00 00 00 00 00 00 00 00 00 00 56 69 56 4F 74 65 63 68 32 00 02 90 00 00 F1 B6 00 00 00 00 00 00 00 00 00 00 00 00 00 00 00 00 00 00 00 00 00 00 00 00 00 00 00 00 00 00 00 00 00 00 00 00 00 00 00 00 00 00 00 00 00 00 00  

 --- C7-A4 Set DEK KeySlot = 00, and Enable Default

2025/9/18 17:01:33.324 [TX] - 56 69 56 4F 74 65 63 68 32 00 C7 A4 00 03 00 01 00 BB EE 
2025/9/18 17:01:33.339 [RX] - 56 69 56 4F 74 65 63 68 32 00 C7 00 00 00 86 6E 00 00 00 00 00 00 00 00 00 00 00 00 00 00 00 00 00 00 00 00 00 00 00 00 00 00 00 00 00 00 00 00 00 00 00 00 00 00 00 00 00 00 00 00 00 00 00  
---------- END OF TEST ----------

 Result = PASSED


Docklight Log File (HEX) - Stopped 2025/9/18 17:01:33.645 

