Docklight Log File (HEX) - Started 2026/5/15 11:34:10.080 
 TEST CASE: EDM07-1

 --- Set POS COM PORT Settings
 Set POS COM PORT...
 POS operating on COM90 @ 9600 baud...
 Set POS COM PORT - COMPLETE

 

 --- Poll on Demand

2026/5/15 11:34:11.410 [TX] - 56 69 56 4F 74 65 63 68 32 00 01 01 00 01 01 D7 34 
2026/5/15 11:34:11.423 [RX] - 56 69 56 4F 74 65 63 68 32 00 01 00 00 00 12 53 00 00 00 00 00 00 00 00 00 00 00 00 00 00 00 00 00 00 00 00 00 00 00 00 00 00 00 00 00 00 00 00 00 00 00 00 00 00 00 00 00 00 00 00 00 00 00  

 --- Burst mode Off

2026/5/15 11:34:11.944 [TX] - 56 69 56 4F 74 65 63 68 32 00 04 00 00 05 DF EE 7E 01 00 60 1E 
2026/5/15 11:34:12.070 [RX] - 56 69 56 4F 74 65 63 68 32 00 04 00 00 00 AE 16 00 00 00 00 00 00 00 00 00 00 00 00 00 00 00 00 00 00 00 00 00 00 00 00 00 00 00 00 00 00 00 00 00 00 00 00 00 00 00 00 00 00 00 00 00 00 00  

 --- 04-00-----DFEF4B = E0 T1+PAN+Only First Element Found

2026/5/15 11:34:12.600 [TX] - 56 69 56 4F 74 65 63 68 32 00 04 00 00 07 DF EF 4B 03 E0 00 00 3C E4 
2026/5/15 11:34:12.657 [RX] - 56 69 56 4F 74 65 63 68 32 00 04 00 00 00 AE 16 00 00 00 00 00 00 00 00 00 00 00 00 00 00 00 00 00 00 00 00 00 00 00 00 00 00 00 00 00 00 00 00 00 00 00 00 00 00 00 00 00 00 00 00 00 00 00  

 --- 02-40 Activate Transaction

2026/5/15 11:34:13.133 [TX] - 56 69 56 4F 74 65 63 68 32 00 02 40 00 15 0A 9F 02 06 00 00 00 00 10 00 9A 03 07 11 21 9F 21 03 10 15 20 5E 34 
2026/5/15 11:34:13.165 [RX] - 56 69 56 4F 74 65 63 68 32 00 02 63 00 00 4B B4 00 00 00 00 00 00 00 00 00 00 00 00 00 00 00 00 00 00 00 00 00 00 00 00 00 00 00 00 00 00 00 00 00 00 00 00 00 00 00 00 00 00 00 00 00 00 00 56 69 56 4F 74 65 63 68 32 00 61 01 00 10 03 00 00 02 00 45 4E 03 00 82 57 1C 02 00 00 20 5E B3 00 00 00 00 00 00 00 00 00 00 00 00 00 00 00 00 00 00 00 00 00 00 00 00 00 00 00 00 00 00 00 56 69 56 4F 74 65 63 68 32 00 61 01 00 1A 04 00 00 02 00 45 4E 0D 00 84 01 1C 04 24 1C 04 31 30 2E 30 30 1C 02 00 F4 21 2B DF 00 00 00 00 00 00 00 00 00 00 00 00 00 00 00 00 00 00 00 00 00 56 69 56 4F 74 65 63 68 32 00 61 01 00 10 03 00 00 02 00 45 4E 03 00 82 15 1C 02 00 F4 21 2A 9D 00 00 00 00 00 00 00 00 00 00 00 00 00 00 00 00 00 00 00 00 00 00 00 00 00 00 00 00 00 00 00 56 69 56 4F 74 65 63 68 32 00 02 00 01 8A 28 DF EE 25 02 00 11 DF EE 23 81 F4 02 EE 00 80 3F 4D 27 69 87 00 25 42 34 35 34 37 35 37 30 30 30 31 30 37 30 30 30 30 5E 4C 4C 49 42 52 45 20 52 4F 42 45 52 54 2D 47 55 49 4C 4C 45 52 4D 4F 20 5E 31 31 30 32 31 30 31 30 30 30 30 30 30 30 34 30 30 30 30 30 30 30 33 30 36 30 30 30 30 30 30 3F 2E 3B 34 35 34 37 35 37 30 30 30 31 30 37 30 30 30 30 3D 31 31 30 32 31 30 31 30 30 30 30 30 33 30 36 30 30 30 30 3F 38 3B 30 31 34 35 34 37 35 37 30 30 30 31 30 37 30 30 30 30 3D 37 39 37 38 30 30 30 30 30 30 30 30 30 30 30 30 30 30 30 33 30 31 39 30 31 38 30 34 30 32 30 30 30 31 31 30 32 34 3D 33 30 32 35 30 30 30 31 31 34 31 34 30 31 30 35 38 35 39 38 3D 3D 31 3D 30 30 30 30 30 30 32 36 30 30 30 30 30 30 30 30 30 30 30 30 3F 35 35 30 36 54 34 31 31 34 33 31 7E F4 03 9F 39 01 90 FF EE 01 05 DF EE 30 01 0C DF EE 26 02 28 00 9F 02 06 00 00 00 00 10 00 9F 03 06 00 00 00 00 00 00 DF 5B 01 05 9A 03 26 05 15 9F 21 03 03 34 16 DF EF 4C 06 00 24 00 00 00 00 DF EF 4D 24 34 35 34 37 35 37 30 30 30 31 30 37 30 30 30 30 3D 31 31 30 32 31 30 31 30 30 30 30 30 33 30 36 30 30 30 30 DF EC 11 20 D5 97 7C 9A D9 F3 BE F0 D1 46 61 B2 FB 81 C1 78 93 1C 58 DC 38 41 6F 5B 08 89 D1 38 75 B0 C3 46 3A 51 00 00 00 00 00 00 00 00 00 00 00 00 00 00 00 00 00 00 00 00 00 00 00 00 00 00 00 00 00 00 00  

 --- 04-00-----DFEF4B = D0 T2+PAN+Only First Element Found

2026/5/15 11:34:15.243 [TX] - 56 69 56 4F 74 65 63 68 32 00 04 00 00 07 DF EF 4B 03 D0 00 00 99 21 
2026/5/15 11:34:15.366 [RX] - 56 69 56 4F 74 65 63 68 32 00 04 00 00 00 AE 16 00 00 00 00 00 00 00 00 00 00 00 00 00 00 00 00 00 00 00 00 00 00 00 00 00 00 00 00 00 00 00 00 00 00 00 00 00 00 00 00 00 00 00 00 00 00 00  

 --- 02-40 Activate Transaction

2026/5/15 11:34:15.725 [TX] - 56 69 56 4F 74 65 63 68 32 00 02 40 00 15 0A 9F 02 06 00 00 00 00 10 00 9A 03 07 11 21 9F 21 03 10 15 20 5E 34 
2026/5/15 11:34:15.757 [RX] - 56 69 56 4F 74 65 63 68 32 00 02 63 00 00 4B B4 00 00 00 00 00 00 00 00 00 00 00 00 00 00 00 00 00 00 00 00 00 00 00 00 00 00 00 00 00 00 00 00 00 00 00 00 00 00 00 00 00 00 00 00 00 00 00 56 69 56 4F 74 65 63 68 32 00 61 01 00 10 03 00 00 02 00 45 4E 03 00 82 57 1C 02 00 00 20 5E B3 00 00 00 00 00 00 00 00 00 00 00 00 00 00 00 00 00 00 00 00 00 00 00 00 00 00 00 00 00 00 00 56 69 56 4F 74 65 63 68 32 00 61 01 00 1A 04 00 00 02 00 45 4E 0D 00 84 01 1C 04 24 1C 04 31 30 2E 30 30 1C 02 00 F4 21 2B DF 00 00 00 00 00 00 00 00 00 00 00 00 00 00 00 00 00 00 00 00 00 56 69 56 4F 74 65 63 68 32 00 61 01 00 10 03 00 00 02 00 45 4E 03 00 82 15 1C 02 00 F4 21 2A 9D 00 00 00 00 00 00 00 00 00 00 00 00 00 00 00 00 00 00 00 00 00 00 00 00 00 00 00 00 00 00 00 56 69 56 4F 74 65 63 68 32 00 02 00 01 8A 28 DF EE 25 02 00 11 DF EE 23 81 F4 02 EE 00 80 3F 4D 27 69 87 00 25 42 34 35 34 37 35 37 30 30 30 31 30 37 30 30 30 30 5E 4C 4C 49 42 52 45 20 52 4F 42 45 52 54 2D 47 55 49 4C 4C 45 52 4D 4F 20 5E 31 31 30 32 31 30 31 30 30 30 30 30 30 30 34 30 30 30 30 30 30 30 33 30 36 30 30 30 30 30 30 3F 2E 3B 34 35 34 37 35 37 30 30 30 31 30 37 30 30 30 30 3D 31 31 30 32 31 30 31 30 30 30 30 30 33 30 36 30 30 30 30 3F 38 3B 30 31 34 35 34 37 35 37 30 30 30 31 30 37 30 30 30 30 3D 37 39 37 38 30 30 30 30 30 30 30 30 30 30 30 30 30 30 30 33 30 31 39 30 31 38 30 34 30 32 30 30 30 31 31 30 32 34 3D 33 30 32 35 30 30 30 31 31 34 31 34 30 31 30 35 38 35 39 38 3D 3D 31 3D 30 30 30 30 30 30 32 36 30 30 30 30 30 30 30 30 30 30 30 30 3F 35 35 30 36 54 34 31 31 34 33 31 7E F4 03 9F 39 01 90 FF EE 01 05 DF EE 30 01 0C DF EE 26 02 28 00 9F 02 06 00 00 00 00 10 00 9F 03 06 00 00 00 00 00 00 DF 5B 01 05 9A 03 26 05 15 9F 21 03 03 34 18 DF EF 4C 06 00 24 00 00 00 00 DF EF 4D 24 34 35 34 37 35 37 30 30 30 31 30 37 30 30 30 30 3D 31 31 30 32 31 30 31 30 30 30 30 30 33 30 36 30 30 30 30 DF EC 11 20 D5 97 7C 9A D9 F3 BE F0 D1 46 61 B2 FB 81 C1 78 93 1C 58 DC 38 41 6F 5B 08 89 D1 38 75 B0 C3 46 66 84 00 00 00 00 00 00 00 00 00 00 00 00 00 00 00 00 00 00 00 00 00 00 00 00 00 00 00 00 00 00 00  

 --- 04-00-----DFEF4B = C8 T3+PAN+Only First Element Found

2026/5/15 11:34:17.569 [TX] - 56 69 56 4F 74 65 63 68 32 00 04 00 00 07 DF EF 4B 03 C8 00 00 5B CB 
2026/5/15 11:34:17.695 [RX] - 56 69 56 4F 74 65 63 68 32 00 04 00 00 00 AE 16 00 00 00 00 00 00 00 00 00 00 00 00 00 00 00 00 00 00 00 00 00 00 00 00 00 00 00 00 00 00 00 00 00 00 00 00 00 00 00 00 00 00 00 00 00 00 00  

 --- 02-40 Activate Transaction

2026/5/15 11:34:18.109 [TX] - 56 69 56 4F 74 65 63 68 32 00 02 40 00 15 0A 9F 02 06 00 00 00 00 10 00 9A 03 07 11 21 9F 21 03 10 15 20 5E 34 
2026/5/15 11:34:18.141 [RX] - 56 69 56 4F 74 65 63 68 32 00 02 63 00 00 4B B4 00 00 00 00 00 00 00 00 00 00 00 00 00 00 00 00 00 00 00 00 00 00 00 00 00 00 00 00 00 00 00 00 00 00 00 00 00 00 00 00 00 00 00 00 00 00 00 56 69 56 4F 74 65 63 68 32 00 61 01 00 10 03 00 00 02 00 45 4E 03 00 82 57 1C 02 00 00 20 5E B3 00 00 00 00 00 00 00 00 00 00 00 00 00 00 00 00 00 00 00 00 00 00 00 00 00 00 00 00 00 00 00 56 69 56 4F 74 65 63 68 32 00 61 01 00 1A 04 00 00 02 00 45 4E 0D 00 84 01 1C 04 24 1C 04 31 30 2E 30 30 1C 02 00 F4 21 2B DF 00 00 00 00 00 00 00 00 00 00 00 00 00 00 00 00 00 00 00 00 00 56 69 56 4F 74 65 63 68 32 00 61 01 00 10 03 00 00 02 00 45 4E 03 00 82 15 1C 02 00 F4 21 2A 9D 00 00 00 00 00 00 00 00 00 00 00 00 00 00 00 00 00 00 00 00 00 00 00 00 00 00 00 00 00 00 00 56 69 56 4F 74 65 63 68 32 00 02 00 01 8A 28 DF EE 25 02 00 11 DF EE 23 81 F4 02 EE 00 80 3F 4D 27 69 87 00 25 42 34 35 34 37 35 37 30 30 30 31 30 37 30 30 30 30 5E 4C 4C 49 42 52 45 20 52 4F 42 45 52 54 2D 47 55 49 4C 4C 45 52 4D 4F 20 5E 31 31 30 32 31 30 31 30 30 30 30 30 30 30 34 30 30 30 30 30 30 30 33 30 36 30 30 30 30 30 30 3F 2E 3B 34 35 34 37 35 37 30 30 30 31 30 37 30 30 30 30 3D 31 31 30 32 31 30 31 30 30 30 30 30 33 30 36 30 30 30 30 3F 38 3B 30 31 34 35 34 37 35 37 30 30 30 31 30 37 30 30 30 30 3D 37 39 37 38 30 30 30 30 30 30 30 30 30 30 30 30 30 30 30 33 30 31 39 30 31 38 30 34 30 32 30 30 30 31 31 30 32 34 3D 33 30 32 35 30 30 30 31 31 34 31 34 30 31 30 35 38 35 39 38 3D 3D 31 3D 30 30 30 30 30 30 32 36 30 30 30 30 30 30 30 30 30 30 30 30 3F 35 35 30 36 54 34 31 31 34 33 31 7E F4 03 9F 39 01 90 FF EE 01 05 DF EE 30 01 0C DF EE 26 02 28 00 9F 02 06 00 00 00 00 10 00 9F 03 06 00 00 00 00 00 00 DF 5B 01 05 9A 03 26 05 15 9F 21 03 03 34 20 DF EF 4C 06 00 24 00 00 00 00 DF EF 4D 24 34 35 34 37 35 37 30 30 30 31 30 37 30 30 30 30 3D 31 31 30 32 31 30 31 30 30 30 30 30 33 30 36 30 30 30 30 DF EC 11 20 D5 97 7C 9A D9 F3 BE F0 D1 46 61 B2 FB 81 C1 78 93 1C 58 DC 38 41 6F 5B 08 89 D1 38 75 B0 C3 46 05 F1 00 00 00 00 00 00 00 00 00 00 00 00 00 00 00 00 00 00 00 00 00 00 00 00 00 00 00 00 00 00 00  

 --- 04-00-----DFEF4B = F0 T1+T2+PAN+Only First Element Found

2026/5/15 11:34:19.976 [TX] - 56 69 56 4F 74 65 63 68 32 00 04 00 00 07 DF EF 4B 03 F0 00 00 5F A7 
2026/5/15 11:34:20.037 [RX] - 56 69 56 4F 74 65 63 68 32 00 04 00 00 00 AE 16 00 00 00 00 00 00 00 00 00 00 00 00 00 00 00 00 00 00 00 00 00 00 00 00 00 00 00 00 00 00 00 00 00 00 00 00 00 00 00 00 00 00 00 00 00 00 00  

 --- 02-40 Activate Transaction

2026/5/15 11:34:20.413 [TX] - 56 69 56 4F 74 65 63 68 32 00 02 40 00 15 0A 9F 02 06 00 00 00 00 10 00 9A 03 07 11 21 9F 21 03 10 15 20 5E 34 
2026/5/15 11:34:20.444 [RX] - 56 69 56 4F 74 65 63 68 32 00 02 63 00 00 4B B4 00 00 00 00 00 00 00 00 00 00 00 00 00 00 00 00 00 00 00 00 00 00 00 00 00 00 00 00 00 00 00 00 00 00 00 00 00 00 00 00 00 00 00 00 00 00 00 56 69 56 4F 74 65 63 68 32 00 61 01 00 10 03 00 00 02 00 45 4E 03 00 82 57 1C 02 00 00 20 5E B3 00 00 00 00 00 00 00 00 00 00 00 00 00 00 00 00 00 00 00 00 00 00 00 00 00 00 00 00 00 00 00 56 69 56 4F 74 65 63 68 32 00 61 01 00 1A 04 00 00 02 00 45 4E 0D 00 84 01 1C 04 24 1C 04 31 30 2E 30 30 1C 02 00 F4 21 2B DF 00 00 00 00 00 00 00 00 00 00 00 00 00 00 00 00 00 00 00 00 00 56 69 56 4F 74 65 63 68 32 00 61 01 00 10 03 00 00 02 00 45 4E 03 00 82 15 1C 02 00 F4 21 2A 9D 00 00 00 00 00 00 00 00 00 00 00 00 00 00 00 00 00 00 00 00 00 00 00 00 00 00 00 00 00 00 00 56 69 56 4F 74 65 63 68 32 00 02 00 01 8A 28 DF EE 25 02 00 11 DF EE 23 81 F4 02 EE 00 80 3F 4D 27 69 87 00 25 42 34 35 34 37 35 37 30 30 30 31 30 37 30 30 30 30 5E 4C 4C 49 42 52 45 20 52 4F 42 45 52 54 2D 47 55 49 4C 4C 45 52 4D 4F 20 5E 31 31 30 32 31 30 31 30 30 30 30 30 30 30 34 30 30 30 30 30 30 30 33 30 36 30 30 30 30 30 30 3F 2E 3B 34 35 34 37 35 37 30 30 30 31 30 37 30 30 30 30 3D 31 31 30 32 31 30 31 30 30 30 30 30 33 30 36 30 30 30 30 3F 38 3B 30 31 34 35 34 37 35 37 30 30 30 31 30 37 30 30 30 30 3D 37 39 37 38 30 30 30 30 30 30 30 30 30 30 30 30 30 30 30 33 30 31 39 30 31 38 30 34 30 32 30 30 30 31 31 30 32 34 3D 33 30 32 35 30 30 30 31 31 34 31 34 30 31 30 35 38 35 39 38 3D 3D 31 3D 30 30 30 30 30 30 32 36 30 30 30 30 30 30 30 30 30 30 30 30 3F 35 35 30 36 54 34 31 31 34 33 31 7E F4 03 9F 39 01 90 FF EE 01 05 DF EE 30 01 0C DF EE 26 02 28 00 9F 02 06 00 00 00 00 10 00 9F 03 06 00 00 00 00 00 00 DF 5B 01 05 9A 03 26 05 15 9F 21 03 03 34 23 DF EF 4C 06 00 24 00 00 00 00 DF EF 4D 24 34 35 34 37 35 37 30 30 30 31 30 37 30 30 30 30 3D 31 31 30 32 31 30 31 30 30 30 30 30 33 30 36 30 30 30 30 DF EC 11 20 D5 97 7C 9A D9 F3 BE F0 D1 46 61 B2 FB 81 C1 78 93 1C 58 DC 38 41 6F 5B 08 89 D1 38 75 B0 C3 46 9D 05 00 00 00 00 00 00 00 00 00 00 00 00 00 00 00 00 00 00 00 00 00 00 00 00 00 00 00 00 00 00 00  

 --- 04-00-----DFEF4B = E8 T1+T3+PAN+Only First Element Found

2026/5/15 11:34:22.236 [TX] - 56 69 56 4F 74 65 63 68 32 00 04 00 00 07 DF EF 4B 03 E8 00 00 9D 4D 
2026/5/15 11:34:22.304 [RX] - 56 69 56 4F 74 65 63 68 32 00 04 00 00 00 AE 16 00 00 00 00 00 00 00 00 00 00 00 00 00 00 00 00 00 00 00 00 00 00 00 00 00 00 00 00 00 00 00 00 00 00 00 00 00 00 00 00 00 00 00 00 00 00 00  

 --- 02-40 Activate Transaction

2026/5/15 11:34:22.606 [TX] - 56 69 56 4F 74 65 63 68 32 00 02 40 00 15 0A 9F 02 06 00 00 00 00 10 00 9A 03 07 11 21 9F 21 03 10 15 20 5E 34 
2026/5/15 11:34:22.637 [RX] - 56 69 56 4F 74 65 63 68 32 00 02 63 00 00 4B B4 00 00 00 00 00 00 00 00 00 00 00 00 00 00 00 00 00 00 00 00 00 00 00 00 00 00 00 00 00 00 00 00 00 00 00 00 00 00 00 00 00 00 00 00 00 00 00 56 69 56 4F 74 65 63 68 32 00 61 01 00 10 03 00 00 02 00 45 4E 03 00 82 57 1C 02 00 00 20 5E B3 00 00 00 00 00 00 00 00 00 00 00 00 00 00 00 00 00 00 00 00 00 00 00 00 00 00 00 00 00 00 00 56 69 56 4F 74 65 63 68 32 00 61 01 00 1A 04 00 00 02 00 45 4E 0D 00 84 01 1C 04 24 1C 04 31 30 2E 30 30 1C 02 00 F4 21 2B DF 00 00 00 00 00 00 00 00 00 00 00 00 00 00 00 00 00 00 00 00 00 56 69 56 4F 74 65 63 68 32 00 61 01 00 10 03 00 00 02 00 45 4E 03 00 82 15 1C 02 00 F4 21 2A 9D 00 00 00 00 00 00 00 00 00 00 00 00 00 00 00 00 00 00 00 00 00 00 00 00 00 00 00 00 00 00 00 56 69 56 4F 74 65 63 68 32 00 02 00 01 8A 28 DF EE 25 02 00 11 DF EE 23 81 F4 02 EE 00 80 3F 4D 27 69 87 00 25 42 34 35 34 37 35 37 30 30 30 31 30 37 30 30 30 30 5E 4C 4C 49 42 52 45 20 52 4F 42 45 52 54 2D 47 55 49 4C 4C 45 52 4D 4F 20 5E 31 31 30 32 31 30 31 30 30 30 30 30 30 30 34 30 30 30 30 30 30 30 33 30 36 30 30 30 30 30 30 3F 2E 3B 34 35 34 37 35 37 30 30 30 31 30 37 30 30 30 30 3D 31 31 30 32 31 30 31 30 30 30 30 30 33 30 36 30 30 30 30 3F 38 3B 30 31 34 35 34 37 35 37 30 30 30 31 30 37 30 30 30 30 3D 37 39 37 38 30 30 30 30 30 30 30 30 30 30 30 30 30 30 30 33 30 31 39 30 31 38 30 34 30 32 30 30 30 31 31 30 32 34 3D 33 30 32 35 30 30 30 31 31 34 31 34 30 31 30 35 38 35 39 38 3D 3D 31 3D 30 30 30 30 30 30 32 36 30 30 30 30 30 30 30 30 30 30 30 30 3F 35 35 30 36 54 34 31 31 34 33 31 7E F4 03 9F 39 01 90 FF EE 01 05 DF EE 30 01 0C DF EE 26 02 28 00 9F 02 06 00 00 00 00 10 00 9F 03 06 00 00 00 00 00 00 DF 5B 01 05 9A 03 26 05 15 9F 21 03 03 34 25 DF EF 4C 06 00 24 00 00 00 00 DF EF 4D 24 34 35 34 37 35 37 30 30 30 31 30 37 30 30 30 30 3D 31 31 30 32 31 30 31 30 30 30 30 30 33 30 36 30 30 30 30 DF EC 11 20 D5 97 7C 9A D9 F3 BE F0 D1 46 61 B2 FB 81 C1 78 93 1C 58 DC 38 41 6F 5B 08 89 D1 38 75 B0 C3 46 BC CC 00 00 00 00 00 00 00 00 00 00 00 00 00 00 00 00 00 00 00 00 00 00 00 00 00 00 00 00 00 00 00  

 --- 04-00-----DFEF4B = D8 T2+T3+PAN+Only First Element Found

2026/5/15 11:34:24.397 [TX] - 56 69 56 4F 74 65 63 68 32 00 04 00 00 07 DF EF 4B 03 D8 00 00 38 88 
2026/5/15 11:34:24.516 [RX] - 56 69 56 4F 74 65 63 68 32 00 04 00 00 00 AE 16 00 00 00 00 00 00 00 00 00 00 00 00 00 00 00 00 00 00 00 00 00 00 00 00 00 00 00 00 00 00 00 00 00 00 00 00 00 00 00 00 00 00 00 00 00 00 00  

 --- 02-40 Activate Transaction

2026/5/15 11:34:24.782 [TX] - 56 69 56 4F 74 65 63 68 32 00 02 40 00 15 0A 9F 02 06 00 00 00 00 10 00 9A 03 07 11 21 9F 21 03 10 15 20 5E 34 
2026/5/15 11:34:24.815 [RX] - 56 69 56 4F 74 65 63 68 32 00 02 63 00 00 4B B4 00 00 00 00 00 00 00 00 00 00 00 00 00 00 00 00 00 00 00 00 00 00 00 00 00 00 00 00 00 00 00 00 00 00 00 00 00 00 00 00 00 00 00 00 00 00 00 56 69 56 4F 74 65 63 68 32 00 61 01 00 10 03 00 00 02 00 45 4E 03 00 82 57 1C 02 00 00 20 5E B3 00 00 00 00 00 00 00 00 00 00 00 00 00 00 00 00 00 00 00 00 00 00 00 00 00 00 00 00 00 00 00 56 69 56 4F 74 65 63 68 32 00 61 01 00 1A 04 00 00 02 00 45 4E 0D 00 84 01 1C 04 24 1C 04 31 30 2E 30 30 1C 02 00 F4 21 2B DF 00 00 00 00 00 00 00 00 00 00 00 00 00 00 00 00 00 00 00 00 00 56 69 56 4F 74 65 63 68 32 00 61 01 00 10 03 00 00 02 00 45 4E 03 00 82 15 1C 02 00 F4 21 2A 9D 00 00 00 00 00 00 00 00 00 00 00 00 00 00 00 00 00 00 00 00 00 00 00 00 00 00 00 00 00 00 00 56 69 56 4F 74 65 63 68 32 00 02 00 01 8A 28 DF EE 25 02 00 11 DF EE 23 81 F4 02 EE 00 80 3F 4D 27 69 87 00 25 42 34 35 34 37 35 37 30 30 30 31 30 37 30 30 30 30 5E 4C 4C 49 42 52 45 20 52 4F 42 45 52 54 2D 47 55 49 4C 4C 45 52 4D 4F 20 5E 31 31 30 32 31 30 31 30 30 30 30 30 30 30 34 30 30 30 30 30 30 30 33 30 36 30 30 30 30 30 30 3F 2E 3B 34 35 34 37 35 37 30 30 30 31 30 37 30 30 30 30 3D 31 31 30 32 31 30 31 30 30 30 30 30 33 30 36 30 30 30 30 3F 38 3B 30 31 34 35 34 37 35 37 30 30 30 31 30 37 30 30 30 30 3D 37 39 37 38 30 30 30 30 30 30 30 30 30 30 30 30 30 30 30 33 30 31 39 30 31 38 30 34 30 32 30 30 30 31 31 30 32 34 3D 33 30 32 35 30 30 30 31 31 34 31 34 30 31 30 35 38 35 39 38 3D 3D 31 3D 30 30 30 30 30 30 32 36 30 30 30 30 30 30 30 30 30 30 30 30 3F 35 35 30 36 54 34 31 31 34 33 31 7E F4 03 9F 39 01 90 FF EE 01 05 DF EE 30 01 0C DF EE 26 02 28 00 9F 02 06 00 00 00 00 10 00 9F 03 06 00 00 00 00 00 00 DF 5B 01 05 9A 03 26 05 15 9F 21 03 03 34 27 DF EF 4C 06 00 24 00 00 00 00 DF EF 4D 24 34 35 34 37 35 37 30 30 30 31 30 37 30 30 30 30 3D 31 31 30 32 31 30 31 30 30 30 30 30 33 30 36 30 30 30 30 DF EC 11 20 D5 97 7C 9A D9 F3 BE F0 D1 46 61 B2 FB 81 C1 78 93 1C 58 DC 38 41 6F 5B 08 89 D1 38 75 B0 C3 46 A3 8B 00 00 00 00 00 00 00 00 00 00 00 00 00 00 00 00 00 00 00 00 00 00 00 00 00 00 00 00 00 00 00  

 --- 04-00-----DFEF4B = F8 T1+T2+T3+PAN+Only First Element Found

2026/5/15 11:34:26.560 [TX] - 56 69 56 4F 74 65 63 68 32 00 04 00 00 07 DF EF 4B 03 F8 00 00 FE 0E 
2026/5/15 11:34:26.623 [RX] - 56 69 56 4F 74 65 63 68 32 00 04 00 00 00 AE 16 00 00 00 00 00 00 00 00 00 00 00 00 00 00 00 00 00 00 00 00 00 00 00 00 00 00 00 00 00 00 00 00 00 00 00 00 00 00 00 00 00 00 00 00 00 00 00  

 --- 02-40 Activate Transaction

2026/5/15 11:34:26.989 [TX] - 56 69 56 4F 74 65 63 68 32 00 02 40 00 15 0A 9F 02 06 00 00 00 00 10 00 9A 03 07 11 21 9F 21 03 10 15 20 5E 34 
2026/5/15 11:34:27.020 [RX] - 56 69 56 4F 74 65 63 68 32 00 02 63 00 00 4B B4 00 00 00 00 00 00 00 00 00 00 00 00 00 00 00 00 00 00 00 00 00 00 00 00 00 00 00 00 00 00 00 00 00 00 00 00 00 00 00 00 00 00 00 00 00 00 00 56 69 56 4F 74 65 63 68 32 00 61 01 00 10 03 00 00 02 00 45 4E 03 00 82 57 1C 02 00 00 20 5E B3 00 00 00 00 00 00 00 00 00 00 00 00 00 00 00 00 00 00 00 00 00 00 00 00 00 00 00 00 00 00 00 56 69 56 4F 74 65 63 68 32 00 61 01 00 1A 04 00 00 02 00 45 4E 0D 00 84 01 1C 04 24 1C 04 31 30 2E 30 30 1C 02 00 F4 21 2B DF 00 00 00 00 00 00 00 00 00 00 00 00 00 00 00 00 00 00 00 00 00 56 69 56 4F 74 65 63 68 32 00 61 01 00 10 03 00 00 02 00 45 4E 03 00 82 15 1C 02 00 F4 21 2A 9D 00 00 00 00 00 00 00 00 00 00 00 00 00 00 00 00 00 00 00 00 00 00 00 00 00 00 00 00 00 00 00 56 69 56 4F 74 65 63 68 32 00 02 00 01 8A 28 DF EE 25 02 00 11 DF EE 23 81 F4 02 EE 00 80 3F 4D 27 69 87 00 25 42 34 35 34 37 35 37 30 30 30 31 30 37 30 30 30 30 5E 4C 4C 49 42 52 45 20 52 4F 42 45 52 54 2D 47 55 49 4C 4C 45 52 4D 4F 20 5E 31 31 30 32 31 30 31 30 30 30 30 30 30 30 34 30 30 30 30 30 30 30 33 30 36 30 30 30 30 30 30 3F 2E 3B 34 35 34 37 35 37 30 30 30 31 30 37 30 30 30 30 3D 31 31 30 32 31 30 31 30 30 30 30 30 33 30 36 30 30 30 30 3F 38 3B 30 31 34 35 34 37 35 37 30 30 30 31 30 37 30 30 30 30 3D 37 39 37 38 30 30 30 30 30 30 30 30 30 30 30 30 30 30 30 33 30 31 39 30 31 38 30 34 30 32 30 30 30 31 31 30 32 34 3D 33 30 32 35 30 30 30 31 31 34 31 34 30 31 30 35 38 35 39 38 3D 3D 31 3D 30 30 30 30 30 30 32 36 30 30 30 30 30 30 30 30 30 30 30 30 3F 35 35 30 36 54 34 31 31 34 33 31 7E F4 03 9F 39 01 90 FF EE 01 05 DF EE 30 01 0C DF EE 26 02 28 00 9F 02 06 00 00 00 00 10 00 9F 03 06 00 00 00 00 00 00 DF 5B 01 05 9A 03 26 05 15 9F 21 03 03 34 29 DF EF 4C 06 00 24 00 00 00 00 DF EF 4D 24 34 35 34 37 35 37 30 30 30 31 30 37 30 30 30 30 3D 31 31 30 32 31 30 31 30 30 30 30 30 33 30 36 30 30 30 30 DF EC 11 20 D5 97 7C 9A D9 F3 BE F0 D1 46 61 B2 FB 81 C1 78 93 1C 58 DC 38 41 6F 5B 08 89 D1 38 75 B0 C3 46 FF 5E 00 00 00 00 00 00 00 00 00 00 00 00 00 00 00 00 00 00 00 00 00 00 00 00 00 00 00 00 00 00 00  
---------- END OF TEST ----------

 Result = PASSED
 

 MASTER RESULT = PASSED


Docklight Log File (HEX) - Stopped 2026/5/15 11:34:29.068 

