Docklight Log File (HEX) - Started 2017/1/20 11:26:33.133 
 TEST CASE: EMA_TTK001

 --- Set POS COM PORT Settings
 Set POS COM PORT...
 POS operating on COM91 @ 9600 baud...
 Set POS COM PORT - COMPLETE

 

Burst mode Off

2017/1/20 11:26:34.489 [TX] - 56 69 56 4F 74 65 63 68 32 00 04 00 00 04 FF F7 01 00 B9 2E 
2017/1/20 11:26:34.502 [RX] - 56 69 56 4F 74 65 63 68 32 00 04 00 00 00 AE 16  pass pass 00 00 00 00 00 00 00 00 00 00 00 00 00 00 00 00 00 00 00 00 00 00 00 00 00 00 00 00 00 00 00 00 00 00 00 00 00 00 00 00 00 00 00 00 00 00 00  

Poll on Demand

2017/1/20 11:26:34.510 [TX] - 56 69 56 4F 74 65 63 68 32 00 01 01 00 01 01 D7 34 
2017/1/20 11:26:34.542 [RX] - 56 69 56 4F 74 65 63 68 32 00 01 00 00 00 12 53  pass 00 00 00 00 00 00 00 00 00 00 00 00 00 00 00 00 00 00 00 00 00 00 00 00 00 00 00 00 00 00 00 00 00 00 00 00 00 00 00 00 00 00 00 00 00 00 00  

Poll on Demand

2017/1/20 11:26:34.551 [TX] - 56 69 56 4F 74 65 63 68 32 00 01 01 00 01 01 D7 34 
2017/1/20 11:26:34.582 [RX] - 56 69 56 4F 74 65 63 68 32 00 01 00 00 00 12 53  pass 00 00 00 00 00 00 00 00 00 00 00 00 00 00 00 00 00 00 00 00 00 00 00 00 00 00 00 00 00 00 00 00 00 00 00 00 00 00 00 00 00 00 00 00 00 00 00  

 Erase All Keys...

2017/1/20 11:26:34.593 [TX] - 56 69 56 4F 74 65 63 68 32 00 83 00 00 00 03 22 
2017/1/20 11:26:34.622 [RX] - 56 69 56 4F 74 65 63 68 32 00 83 00 00 00 22 03  pass 00 00 00 00 00 00 00 00 00 00 00 00 00 00 00 00 00 00 00 00 00 00 00 00 00 00 00 00 00 00 00 00 00 00 00 00 00 00 00 00 00 00 00 00 00 00 00  

 Set DUKPT Key Encryption Type...

2017/1/20 11:26:34.831 [TX] - 56 69 56 4F 74 65 63 68 32 00 C7 32 00 01 01 7D DF 
2017/1/20 11:26:34.862 [RX] - 56 69 56 4F 74 65 63 68 32 00 C7 00 00 00 86 6E  pass pass pass 00 00 00 00 00 00 00 00 00 00 00 00 00 00 00 00 00 00 00 00 00 00 00 00 00 00 00 00 00 00 00 00 00 00 00 00 00 00 00 00 00 00 00 00 00 00 00  

 Get DUKPT Key Encryption Type...

2017/1/20 11:26:35.075 [TX] - 56 69 56 4F 74 65 63 68 32 00 C7 33 00 00 1A 9B 
2017/1/20 11:26:35.102 [RX] - 56 69 56 4F 74 65 63 68 32 00 C7 00 00 01 01 BC 5E  pass 00 00 00 00 00 00 00 00 00 00 00 00 00 00 00 00 00 00 00 00 00 00 00 00 00 00 00 00 00 00 00 00 00 00 00 00 00 00 00 00 00 00 00 00 00 00  

 Loading DUKPT key...

2017/1/20 11:26:35.317 [TX] - 56 69 56 4F 74 65 63 68 32 00 80 00 00 65 30 45 43 36 30 46 33 35 31 34 37 45 43 41 30 30 38 38 4B 30 54 44 30 30 4E 30 30 30 30 30 30 38 30 39 43 30 37 41 39 39 31 44 43 38 30 33 34 45 43 31 32 45 31 36 39 43 30 44 35 34 35 35 44 45 41 32 39 34 35 31 34 32 34 37 38 30 38 30 35 36 38 32 33 34 39 38 37 31 32 30 32 33 34 30 30 30 30 30 30 30 30 12 43 
2017/1/20 11:26:35.350 [RX] - 56 69 56 4F 74 65 63 68 32 00 80 00 00 00 B9 DF  pass 00 00 00 00 00 00 00 00 00 00 00 00 00 00 00 00 00 00 00 00 00 00 00 00 00 00 00 00 00 00 00 00 00 00 00 00 00 00 00 00 00 00 00 00 00 00 00 
2017/1/20 11:26:35.557 [TX] - 56 69 56 4F 74 65 63 68 32 00 80 00 00 65 31 34 43 45 32 35 35 35 31 34 37 45 43 41 30 30 38 38 4B 30 54 44 30 30 4E 30 30 30 30 30 30 38 30 46 35 30 36 46 36 41 33 44 34 30 38 39 39 45 30 35 35 42 42 35 42 39 45 33 41 44 44 36 30 30 42 38 38 35 33 32 37 37 39 32 32 34 36 30 39 32 36 32 33 41 39 39 37 31 32 36 32 33 34 30 30 30 30 30 30 30 30 35 7F 
2017/1/20 11:26:35.598 [RX] - 56 69 56 4F 74 65 63 68 32 00 80 00 00 00 B9 DF  pass 00 00 00 00 00 00 00 00 00 00 00 00 00 00 00 00 00 00 00 00 00 00 00 00 00 00 00 00 00 00 00 00 00 00 00 00 00 00 00 00 00 00 00 00 00 00 00 
2017/1/20 11:26:35.806 [TX] - 56 69 56 4F 74 65 63 68 32 00 80 01 00 58 41 30 30 38 38 4B 30 54 44 30 30 4E 30 30 30 30 43 44 32 46 43 43 36 44 37 39 32 44 33 42 32 34 46 30 38 33 37 42 30 33 32 44 30 38 36 38 46 45 43 39 46 44 44 43 39 43 32 36 33 31 31 35 46 30 44 43 43 34 42 44 42 35 37 43 36 30 33 43 34 32 46 34 41 35 30 34 34 39 97 D5 
2017/1/20 11:26:35.846 [RX] - 56 69 56 4F 74 65 63 68 32 00 80 00 00 00 B9 DF  pass 00 00 00 00 00 00 00 00 00 00 00 00 00 00 00 00 00 00 00 00 00 00 00 00 00 00 00 00 00 00 00 00 00 00 00 00 00 00 00 00 00 00 00 00 00 00 00 
2017/1/20 11:26:36.056 [TX] - 56 69 56 4F 74 65 63 68 32 00 81 00 00 71 05 41 30 31 31 32 44 30 54 45 30 30 4E 30 31 30 30 4B 53 31 38 36 32 39 39 34 39 30 31 32 43 30 30 30 34 36 30 30 30 30 31 39 34 34 38 36 43 33 31 36 38 43 41 31 46 42 34 41 38 30 39 45 36 33 39 46 46 39 43 33 42 37 32 36 45 32 34 37 43 35 39 30 42 32 32 38 43 35 44 32 32 36 35 30 46 36 36 39 37 45 38 34 37 41 32 46 38 41 32 37 33 39 33 47 AE 
2017/1/20 11:26:36.106 [RX] - 56 69 56 4F 74 65 63 68 32 00 81 00 00 00 CF 6B  pass 00 00 00 00 00 00 00 00 00 00 00 00 00 00 00 00 00 00 00 00 00 00 00 00 00 00 00 00 00 00 00 00 00 00 00 00 00 00 00 00 00 00 00 00 00 00 00 
2017/1/20 11:26:36.316 [TX] - 56 69 56 4F 74 65 63 68 32 00 C7 36 00 01 02 4D 87 
2017/1/20 11:26:36.342 [RX] - 56 69 56 4F 74 65 63 68 32 00 C7 00 00 00 86 6E  pass pass pass 00 00 00 00 00 00 00 00 00 00 00 00 00 00 00 00 00 00 00 00 00 00 00 00 00 00 00 00 00 00 00 00 00 00 00 00 00 00 00 00 00 00 00 00 00 00 00  

--- TTK1

2017/1/20 11:26:36.557 [TX] - 56 69 56 4F 74 65 63 68 32 00 02 40 00 0A 0A 9F 02 06 00 00 00 00 10 00 18 73 
2017/1/20 11:26:38.434 [RX] - 56 69 56 4F 74 65 63 68 32 00 02 00 00 52 4A DF EE 25 02 00 11 DF 4B 18 00 00 00 13 3B 37 37 30 33 30 32 30 32 36 31 35 32 32 37 34 39 3F 3F 00 9F 39 01 90 FF EE 01 04 DF 30 01 0C DF EE 26 01 4A DF 4D 05 05 00 00 50 00 DF 4F 01 00 DF 34 10 55 31 35 54 54 4B 4E 45 4F 56 31 30 32 30 32 38 F2 4C  Discover MagStripe card - pass 00 00 00 00 00 00 00 00 00 00 00 00 00 00 00 00 00 00 00 00 00 00 00 00 00 00 00 00  

 Erase All Keys...

2017/1/20 11:26:38.650 [TX] - 56 69 56 4F 74 65 63 68 32 00 83 00 00 00 03 22 
2017/1/20 11:26:38.670 [RX] - 56 69 56 4F 74 65 63 68 32 00 83 00 00 00 22 03  pass 00 00 00 00 00 00 00 00 00 00 00 00 00 00 00 00 00 00 00 00 00 00 00 00 00 00 00 00 00 00 00 00 00 00 00 00 00 00 00 00 00 00 00 00 00 00 00  

 Set DUKPT Key Encryption Type...

2017/1/20 11:26:38.881 [TX] - 56 69 56 4F 74 65 63 68 32 00 C7 32 00 01 01 7D DF 
2017/1/20 11:26:38.914 [RX] - 56 69 56 4F 74 65 63 68 32 00 C7 00 00 00 86 6E  pass pass pass 00 00 00 00 00 00 00 00 00 00 00 00 00 00 00 00 00 00 00 00 00 00 00 00 00 00 00 00 00 00 00 00 00 00 00 00 00 00 00 00 00 00 00 00 00 00 00  

 Get DUKPT Key Encryption Type...

2017/1/20 11:26:39.127 [TX] - 56 69 56 4F 74 65 63 68 32 00 C7 33 00 00 1A 9B 
2017/1/20 11:26:39.158 [RX] - 56 69 56 4F 74 65 63 68 32 00 C7 00 00 01 01 BC 5E  pass 00 00 00 00 00 00 00 00 00 00 00 00 00 00 00 00 00 00 00 00 00 00 00 00 00 00 00 00 00 00 00 00 00 00 00 00 00 00 00 00 00 00 00 00 00 00  

 Loading DUKPT key...

2017/1/20 11:26:39.372 [TX] - 56 69 56 4F 74 65 63 68 32 00 80 00 00 65 30 45 43 36 30 46 33 35 31 34 37 45 43 41 30 30 38 38 4B 30 54 44 30 30 4E 30 30 30 30 30 30 38 30 39 43 30 37 41 39 39 31 44 43 38 30 33 34 45 43 31 32 45 31 36 39 43 30 44 35 34 35 35 44 45 41 32 39 34 35 31 34 32 34 37 38 30 38 30 35 36 38 32 33 34 39 38 37 31 32 30 32 33 34 30 30 30 30 30 30 30 30 12 43 
2017/1/20 11:26:39.406 [RX] - 56 69 56 4F 74 65 63 68 32 00 80 00 00 00 B9 DF  pass 00 00 00 00 00 00 00 00 00 00 00 00 00 00 00 00 00 00 00 00 00 00 00 00 00 00 00 00 00 00 00 00 00 00 00 00 00 00 00 00 00 00 00 00 00 00 00 
2017/1/20 11:26:39.614 [TX] - 56 69 56 4F 74 65 63 68 32 00 80 00 00 65 31 34 43 45 32 35 35 35 31 34 37 45 43 41 30 30 38 38 4B 30 54 44 30 30 4E 30 30 30 30 30 30 38 30 46 35 30 36 46 36 41 33 44 34 30 38 39 39 45 30 35 35 42 42 35 42 39 45 33 41 44 44 36 30 30 42 38 38 35 33 32 37 37 39 32 32 34 36 30 39 32 36 32 33 41 39 39 37 31 32 36 32 33 34 30 30 30 30 30 30 30 30 35 7F 
2017/1/20 11:26:39.654 [RX] - 56 69 56 4F 74 65 63 68 32 00 80 00 00 00 B9 DF  pass 00 00 00 00 00 00 00 00 00 00 00 00 00 00 00 00 00 00 00 00 00 00 00 00 00 00 00 00 00 00 00 00 00 00 00 00 00 00 00 00 00 00 00 00 00 00 00 
2017/1/20 11:26:39.863 [TX] - 56 69 56 4F 74 65 63 68 32 00 80 01 00 58 41 30 30 38 38 4B 30 54 44 30 30 4E 30 30 30 30 43 44 32 46 43 43 36 44 37 39 32 44 33 42 32 34 46 30 38 33 37 42 30 33 32 44 30 38 36 38 46 45 43 39 46 44 44 43 39 43 32 36 33 31 31 35 46 30 44 43 43 34 42 44 42 35 37 43 36 30 33 43 34 32 46 34 41 35 30 34 34 39 97 D5 
2017/1/20 11:26:39.902 [RX] - 56 69 56 4F 74 65 63 68 32 00 80 00 00 00 B9 DF  pass 00 00 00 00 00 00 00 00 00 00 00 00 00 00 00 00 00 00 00 00 00 00 00 00 00 00 00 00 00 00 00 00 00 00 00 00 00 00 00 00 00 00 00 00 00 00 00 
2017/1/20 11:26:40.111 [TX] - 56 69 56 4F 74 65 63 68 32 00 81 00 00 71 05 41 30 31 31 32 44 30 54 45 30 30 4E 30 31 30 30 4B 53 31 38 36 32 39 39 34 39 30 31 32 43 30 30 30 34 36 30 30 30 30 31 39 34 34 38 36 43 33 31 36 38 43 41 31 46 42 34 41 38 30 39 45 36 33 39 46 46 39 43 33 42 37 32 36 45 32 34 37 43 35 39 30 42 32 32 38 43 35 44 32 32 36 35 30 46 36 36 39 37 45 38 34 37 41 32 46 38 41 32 37 33 39 33 47 AE 
2017/1/20 11:26:40.162 [RX] - 56 69 56 4F 74 65 63 68 32 00 81 00 00 00 CF 6B  pass 00 00 00 00 00 00 00 00 00 00 00 00 00 00 00 00 00 00 00 00 00 00 00 00 00 00 00 00 00 00 00 00 00 00 00 00 00 00 00 00 00 00 00 00 00 00 00 
2017/1/20 11:26:40.372 [TX] - 56 69 56 4F 74 65 63 68 32 00 C7 36 00 01 02 4D 87 
2017/1/20 11:26:40.398 [RX] - 56 69 56 4F 74 65 63 68 32 00 C7 00 00 00 86 6E  pass pass pass 00 00 00 00 00 00 00 00 00 00 00 00 00 00 00 00 00 00 00 00 00 00 00 00 00 00 00 00 00 00 00 00 00 00 00 00 00 00 00 00 00 00 00 00 00 00 00  

--- TTK2

2017/1/20 11:26:40.613 [TX] - 56 69 56 4F 74 65 63 68 32 00 02 40 00 0A 0A 9F 02 06 00 00 00 00 10 00 18 73 
2017/1/20 11:26:41.810 [RX] - 56 69 56 4F 74 65 63 68 32 00 02 00 00 55 4A DF EE 25 02 00 11 DF 4B 1B 00 00 00 16 3B 31 35 34 34 32 30 32 30 38 36 30 31 39 32 36 32 31 34 3D 3F 38 00 9F 39 01 90 FF EE 01 04 DF 30 01 0C DF EE 26 01 4A DF 4D 05 05 00 00 50 00 DF 4F 01 00 DF 34 10 55 31 35 54 54 4B 4E 45 4F 56 31 30 32 30 32 38 45 03 00 00 00 00 00 00 00 00 00 00 00 00 00 00 00 00 00 00 00 00 00 00 00 00 00  

 Erase All Keys...

2017/1/20 11:26:42.028 [TX] - 56 69 56 4F 74 65 63 68 32 00 83 00 00 00 03 22 
2017/1/20 11:26:42.046 [RX] - 56 69 56 4F 74 65 63 68 32 00 83 00 00 00 22 03  pass 00 00 00 00 00 00 00 00 00 00 00 00 00 00 00 00 00 00 00 00 00 00 00 00 00 00 00 00 00 00 00 00 00 00 00 00 00 00 00 00 00 00 00 00 00 00 00  

 Set DUKPT Key Encryption Type...

2017/1/20 11:26:42.258 [TX] - 56 69 56 4F 74 65 63 68 32 00 C7 32 00 01 01 7D DF 
2017/1/20 11:26:42.290 [RX] - 56 69 56 4F 74 65 63 68 32 00 C7 00 00 00 86 6E  pass pass pass 00 00 00 00 00 00 00 00 00 00 00 00 00 00 00 00 00 00 00 00 00 00 00 00 00 00 00 00 00 00 00 00 00 00 00 00 00 00 00 00 00 00 00 00 00 00 00  

 Get DUKPT Key Encryption Type...

2017/1/20 11:26:42.502 [TX] - 56 69 56 4F 74 65 63 68 32 00 C7 33 00 00 1A 9B 
2017/1/20 11:26:42.534 [RX] - 56 69 56 4F 74 65 63 68 32 00 C7 00 00 01 01 BC 5E  pass 00 00 00 00 00 00 00 00 00 00 00 00 00 00 00 00 00 00 00 00 00 00 00 00 00 00 00 00 00 00 00 00 00 00 00 00 00 00 00 00 00 00 00 00 00 00  

 Loading DUKPT key...

2017/1/20 11:26:42.748 [TX] - 56 69 56 4F 74 65 63 68 32 00 80 00 00 65 30 45 43 36 30 46 33 35 31 34 37 45 43 41 30 30 38 38 4B 30 54 44 30 30 4E 30 30 30 30 30 30 38 30 39 43 30 37 41 39 39 31 44 43 38 30 33 34 45 43 31 32 45 31 36 39 43 30 44 35 34 35 35 44 45 41 32 39 34 35 31 34 32 34 37 38 30 38 30 35 36 38 32 33 34 39 38 37 31 32 30 32 33 34 30 30 30 30 30 30 30 30 12 43 
2017/1/20 11:26:42.782 [RX] - 56 69 56 4F 74 65 63 68 32 00 80 00 00 00 B9 DF  pass 00 00 00 00 00 00 00 00 00 00 00 00 00 00 00 00 00 00 00 00 00 00 00 00 00 00 00 00 00 00 00 00 00 00 00 00 00 00 00 00 00 00 00 00 00 00 00 
2017/1/20 11:26:42.990 [TX] - 56 69 56 4F 74 65 63 68 32 00 80 00 00 65 31 34 43 45 32 35 35 35 31 34 37 45 43 41 30 30 38 38 4B 30 54 44 30 30 4E 30 30 30 30 30 30 38 30 46 35 30 36 46 36 41 33 44 34 30 38 39 39 45 30 35 35 42 42 35 42 39 45 33 41 44 44 36 30 30 42 38 38 35 33 32 37 37 39 32 32 34 36 30 39 32 36 32 33 41 39 39 37 31 32 36 32 33 34 30 30 30 30 30 30 30 30 35 7F 
2017/1/20 11:26:43.030 [RX] - 56 69 56 4F 74 65 63 68 32 00 80 00 00 00 B9 DF  pass 00 00 00 00 00 00 00 00 00 00 00 00 00 00 00 00 00 00 00 00 00 00 00 00 00 00 00 00 00 00 00 00 00 00 00 00 00 00 00 00 00 00 00 00 00 00 00 
2017/1/20 11:26:43.240 [TX] - 56 69 56 4F 74 65 63 68 32 00 80 01 00 58 41 30 30 38 38 4B 30 54 44 30 30 4E 30 30 30 30 43 44 32 46 43 43 36 44 37 39 32 44 33 42 32 34 46 30 38 33 37 42 30 33 32 44 30 38 36 38 46 45 43 39 46 44 44 43 39 43 32 36 33 31 31 35 46 30 44 43 43 34 42 44 42 35 37 43 36 30 33 43 34 32 46 34 41 35 30 34 34 39 97 D5 
2017/1/20 11:26:43.278 [RX] - 56 69 56 4F 74 65 63 68 32 00 80 00 00 00 B9 DF  pass 00 00 00 00 00 00 00 00 00 00 00 00 00 00 00 00 00 00 00 00 00 00 00 00 00 00 00 00 00 00 00 00 00 00 00 00 00 00 00 00 00 00 00 00 00 00 00 
2017/1/20 11:26:43.487 [TX] - 56 69 56 4F 74 65 63 68 32 00 81 00 00 71 05 41 30 31 31 32 44 30 54 45 30 30 4E 30 31 30 30 4B 53 31 38 36 32 39 39 34 39 30 31 32 43 30 30 30 34 36 30 30 30 30 31 39 34 34 38 36 43 33 31 36 38 43 41 31 46 42 34 41 38 30 39 45 36 33 39 46 46 39 43 33 42 37 32 36 45 32 34 37 43 35 39 30 42 32 32 38 43 35 44 32 32 36 35 30 46 36 36 39 37 45 38 34 37 41 32 46 38 41 32 37 33 39 33 47 AE 
2017/1/20 11:26:43.538 [RX] - 56 69 56 4F 74 65 63 68 32 00 81 00 00 00 CF 6B  pass 00 00 00 00 00 00 00 00 00 00 00 00 00 00 00 00 00 00 00 00 00 00 00 00 00 00 00 00 00 00 00 00 00 00 00 00 00 00 00 00 00 00 00 00 00 00 00 
2017/1/20 11:26:43.749 [TX] - 56 69 56 4F 74 65 63 68 32 00 C7 36 00 01 02 4D 87 
2017/1/20 11:26:43.774 [RX] - 56 69 56 4F 74 65 63 68 32 00 C7 00 00 00 86 6E  pass pass pass 00 00 00 00 00 00 00 00 00 00 00 00 00 00 00 00 00 00 00 00 00 00 00 00 00 00 00 00 00 00 00 00 00 00 00 00 00 00 00 00 00 00 00 00 00 00 00  

--- TTK3

2017/1/20 11:26:43.990 [TX] - 56 69 56 4F 74 65 63 68 32 00 02 40 00 0A 0A 9F 02 06 00 00 00 00 10 00 18 73 
2017/1/20 11:26:45.138 [RX] - 56 69 56 4F 74 65 63 68 32 00 02 00 01 22 4A DF EE 25 02 00 11 DF 4B 81 E7 00 00 4F 25 42 30 30 30 30 30 30 30 30 30 30 30 30 30 30 30 30 5E 30 30 30 30 30 30 30 30 30 30 30 30 30 30 30 30 30 30 30 30 30 30 30 30 30 30 5E 30 30 30 30 30 30 30 30 30 30 30 30 30 30 30 30 30 30 30 30 30 30 30 30 30 30 30 30 30 30 30 3F 48 28 3B 37 35 37 38 31 31 37 30 34 39 38 37 35 39 31 30 3D 30 30 30 30 30 30 30 30 30 30 30 30 30 30 30 30 30 30 37 30 3F 3B 6B 3B 30 30 30 30 30 30 30 30 30 30 30 30 30 30 30 30 30 30 30 30 30 30 30 30 30 30 30 30 30 30 30 30 30 30 30 30 30 30 30 30 30 30 30 30 30 30 30 30 30 30 30 30 30 30 30 30 30 30 30 30 30 30 30 30 30 30 30 30 30 30 30 30 30 30 30 30 30 30 30 30 30 30 30 30 30 30 30 30 30 30 30 30 30 30 30 30 30 30 30 30 30 30 30 30 3F 34 9F 39 01 90 FF EE 01 04 DF 30 01 0C DF EE 26 01 4A DF 4D 05 05 00 00 50 00 DF 4F 01 00 DF 34 10 55 31 35 54 54 4B 4E 45 4F 56 31 30 32 30 32 38 35 1E 00 00 00 00 00 00 00 00 00  

 Erase All Keys...

2017/1/20 11:26:45.367 [TX] - 56 69 56 4F 74 65 63 68 32 00 83 00 00 00 03 22 
2017/1/20 11:26:45.381 [RX] - 56 69 56 4F 74 65 63 68 32 00 83 00 00 00 22 03  pass 00 00 00 00 00 00 00 00 00 00 00 00 00 00 00 00 00 00 00 00 00 00 00 00 00 00 00 00 00 00 00 00 00 00 00 00 00 00 00 00 00 00 00 00 00 00 00  

 Set DUKPT Key Encryption Type...

2017/1/20 11:26:45.593 [TX] - 56 69 56 4F 74 65 63 68 32 00 C7 32 00 01 01 7D DF 
2017/1/20 11:26:45.626 [RX] - 56 69 56 4F 74 65 63 68 32 00 C7 00 00 00 86 6E  pass pass pass 00 00 00 00 00 00 00 00 00 00 00 00 00 00 00 00 00 00 00 00 00 00 00 00 00 00 00 00 00 00 00 00 00 00 00 00 00 00 00 00 00 00 00 00 00 00 00  

 Get DUKPT Key Encryption Type...

2017/1/20 11:26:45.839 [TX] - 56 69 56 4F 74 65 63 68 32 00 C7 33 00 00 1A 9B 
2017/1/20 11:26:45.870 [RX] - 56 69 56 4F 74 65 63 68 32 00 C7 00 00 01 01 BC 5E  pass 00 00 00 00 00 00 00 00 00 00 00 00 00 00 00 00 00 00 00 00 00 00 00 00 00 00 00 00 00 00 00 00 00 00 00 00 00 00 00 00 00 00 00 00 00 00  

 Loading DUKPT key...

2017/1/20 11:26:46.084 [TX] - 56 69 56 4F 74 65 63 68 32 00 80 00 00 65 30 45 43 36 30 46 33 35 31 34 37 45 43 41 30 30 38 38 4B 30 54 44 30 30 4E 30 30 30 30 30 30 38 30 39 43 30 37 41 39 39 31 44 43 38 30 33 34 45 43 31 32 45 31 36 39 43 30 44 35 34 35 35 44 45 41 32 39 34 35 31 34 32 34 37 38 30 38 30 35 36 38 32 33 34 39 38 37 31 32 30 32 33 34 30 30 30 30 30 30 30 30 12 43 
2017/1/20 11:26:46.117 [RX] - 56 69 56 4F 74 65 63 68 32 00 80 00 00 00 B9 DF  pass 00 00 00 00 00 00 00 00 00 00 00 00 00 00 00 00 00 00 00 00 00 00 00 00 00 00 00 00 00 00 00 00 00 00 00 00 00 00 00 00 00 00 00 00 00 00 00 
2017/1/20 11:26:46.327 [TX] - 56 69 56 4F 74 65 63 68 32 00 80 00 00 65 31 34 43 45 32 35 35 35 31 34 37 45 43 41 30 30 38 38 4B 30 54 44 30 30 4E 30 30 30 30 30 30 38 30 46 35 30 36 46 36 41 33 44 34 30 38 39 39 45 30 35 35 42 42 35 42 39 45 33 41 44 44 36 30 30 42 38 38 35 33 32 37 37 39 32 32 34 36 30 39 32 36 32 33 41 39 39 37 31 32 36 32 33 34 30 30 30 30 30 30 30 30 35 7F 
2017/1/20 11:26:46.365 [RX] - 56 69 56 4F 74 65 63 68 32 00 80 00 00 00 B9 DF  pass 00 00 00 00 00 00 00 00 00 00 00 00 00 00 00 00 00 00 00 00 00 00 00 00 00 00 00 00 00 00 00 00 00 00 00 00 00 00 00 00 00 00 00 00 00 00 00 
2017/1/20 11:26:46.575 [TX] - 56 69 56 4F 74 65 63 68 32 00 80 01 00 58 41 30 30 38 38 4B 30 54 44 30 30 4E 30 30 30 30 43 44 32 46 43 43 36 44 37 39 32 44 33 42 32 34 46 30 38 33 37 42 30 33 32 44 30 38 36 38 46 45 43 39 46 44 44 43 39 43 32 36 33 31 31 35 46 30 44 43 43 34 42 44 42 35 37 43 36 30 33 43 34 32 46 34 41 35 30 34 34 39 97 D5 
2017/1/20 11:26:46.613 [RX] - 56 69 56 4F 74 65 63 68 32 00 80 00 00 00 B9 DF  pass 00 00 00 00 00 00 00 00 00 00 00 00 00 00 00 00 00 00 00 00 00 00 00 00 00 00 00 00 00 00 00 00 00 00 00 00 00 00 00 00 00 00 00 00 00 00 00 
2017/1/20 11:26:46.824 [TX] - 56 69 56 4F 74 65 63 68 32 00 81 00 00 71 05 41 30 31 31 32 44 30 54 45 30 30 4E 30 31 30 30 4B 53 31 38 36 32 39 39 34 39 30 31 32 43 30 30 30 34 36 30 30 30 30 31 39 34 34 38 36 43 33 31 36 38 43 41 31 46 42 34 41 38 30 39 45 36 33 39 46 46 39 43 33 42 37 32 36 45 32 34 37 43 35 39 30 42 32 32 38 43 35 44 32 32 36 35 30 46 36 36 39 37 45 38 34 37 41 32 46 38 41 32 37 33 39 33 47 AE 
2017/1/20 11:26:46.873 [RX] - 56 69 56 4F 74 65 63 68 32 00 81 00 00 00 CF 6B  pass 00 00 00 00 00 00 00 00 00 00 00 00 00 00 00 00 00 00 00 00 00 00 00 00 00 00 00 00 00 00 00 00 00 00 00 00 00 00 00 00 00 00 00 00 00 00 00 
2017/1/20 11:26:47.084 [TX] - 56 69 56 4F 74 65 63 68 32 00 C7 36 00 01 02 4D 87 
2017/1/20 11:26:47.109 [RX] - 56 69 56 4F 74 65 63 68 32 00 C7 00 00 00 86 6E  pass pass pass 00 00 00 00 00 00 00 00 00 00 00 00 00 00 00 00 00 00 00 00 00 00 00 00 00 00 00 00 00 00 00 00 00 00 00 00 00 00 00 00 00 00 00 00 00 00 00  

--- TTK4

2017/1/20 11:26:47.326 [TX] - 56 69 56 4F 74 65 63 68 32 00 02 40 00 0A 0A 9F 02 06 00 00 00 00 10 00 18 73 
2017/1/20 11:26:48.365 [RX] - 56 69 56 4F 74 65 63 68 32 00 02 00 00 67 4A DF EE 25 02 00 11 DF 4B 2D 00 00 00 28 3B 32 30 31 33 30 31 34 30 33 37 30 39 33 30 31 36 3D 39 39 39 39 39 39 39 39 39 39 39 39 39 39 39 39 39 39 39 39 3F 35 00 9F 39 01 90 FF EE 01 04 DF 30 01 0C DF EE 26 01 4A DF 4D 05 05 00 00 50 00 DF 4F 01 00 DF 34 10 55 31 35 54 54 4B 4E 45 4F 56 31 30 32 30 32 38 32 E4 00 00 00 00 00 00 00  

 Erase All Keys...

2017/1/20 11:26:48.580 [TX] - 56 69 56 4F 74 65 63 68 32 00 83 00 00 00 03 22 
2017/1/20 11:26:48.589 [RX] - 56 69 56 4F 74 65 63 68 32 00 83 00 00 00 22 03  pass 00 00 00 00 00 00 00 00 00 00 00 00 00 00 00 00 00 00 00 00 00 00 00 00 00 00 00 00 00 00 00 00 00 00 00 00 00 00 00 00 00 00 00 00 00 00 00  

 Set DUKPT Key Encryption Type...

2017/1/20 11:26:48.802 [TX] - 56 69 56 4F 74 65 63 68 32 00 C7 32 00 01 01 7D DF 
2017/1/20 11:26:48.829 [RX] - 56 69 56 4F 74 65 63 68 32 00 C7 00 00 00 86 6E  pass pass pass 00 00 00 00 00 00 00 00 00 00 00 00 00 00 00 00 00 00 00 00 00 00 00 00 00 00 00 00 00 00 00 00 00 00 00 00 00 00 00 00 00 00 00 00 00 00 00  

 Get DUKPT Key Encryption Type...

2017/1/20 11:26:49.042 [TX] - 56 69 56 4F 74 65 63 68 32 00 C7 33 00 00 1A 9B 
2017/1/20 11:26:49.069 [RX] - 56 69 56 4F 74 65 63 68 32 00 C7 00 00 01 01 BC 5E  pass 00 00 00 00 00 00 00 00 00 00 00 00 00 00 00 00 00 00 00 00 00 00 00 00 00 00 00 00 00 00 00 00 00 00 00 00 00 00 00 00 00 00 00 00 00 00  

 Loading DUKPT key...

2017/1/20 11:26:49.282 [TX] - 56 69 56 4F 74 65 63 68 32 00 80 00 00 65 30 45 43 36 30 46 33 35 31 34 37 45 43 41 30 30 38 38 4B 30 54 44 30 30 4E 30 30 30 30 30 30 38 30 39 43 30 37 41 39 39 31 44 43 38 30 33 34 45 43 31 32 45 31 36 39 43 30 44 35 34 35 35 44 45 41 32 39 34 35 31 34 32 34 37 38 30 38 30 35 36 38 32 33 34 39 38 37 31 32 30 32 33 34 30 30 30 30 30 30 30 30 12 43 
2017/1/20 11:26:49.313 [RX] - 56 69 56 4F 74 65 63 68 32 00 80 00 00 00 B9 DF  pass 00 00 00 00 00 00 00 00 00 00 00 00 00 00 00 00 00 00 00 00 00 00 00 00 00 00 00 00 00 00 00 00 00 00 00 00 00 00 00 00 00 00 00 00 00 00 00 
2017/1/20 11:26:49.520 [TX] - 56 69 56 4F 74 65 63 68 32 00 80 00 00 65 31 34 43 45 32 35 35 35 31 34 37 45 43 41 30 30 38 38 4B 30 54 44 30 30 4E 30 30 30 30 30 30 38 30 46 35 30 36 46 36 41 33 44 34 30 38 39 39 45 30 35 35 42 42 35 42 39 45 33 41 44 44 36 30 30 42 38 38 35 33 32 37 37 39 32 32 34 36 30 39 32 36 32 33 41 39 39 37 31 32 36 32 33 34 30 30 30 30 30 30 30 30 35 7F 
2017/1/20 11:26:49.557 [RX] - 56 69 56 4F 74 65 63 68 32 00 80 00 00 00 B9 DF  pass 00 00 00 00 00 00 00 00 00 00 00 00 00 00 00 00 00 00 00 00 00 00 00 00 00 00 00 00 00 00 00 00 00 00 00 00 00 00 00 00 00 00 00 00 00 00 00 
2017/1/20 11:26:49.765 [TX] - 56 69 56 4F 74 65 63 68 32 00 80 01 00 58 41 30 30 38 38 4B 30 54 44 30 30 4E 30 30 30 30 43 44 32 46 43 43 36 44 37 39 32 44 33 42 32 34 46 30 38 33 37 42 30 33 32 44 30 38 36 38 46 45 43 39 46 44 44 43 39 43 32 36 33 31 31 35 46 30 44 43 43 34 42 44 42 35 37 43 36 30 33 43 34 32 46 34 41 35 30 34 34 39 97 D5 
2017/1/20 11:26:49.805 [RX] - 56 69 56 4F 74 65 63 68 32 00 80 00 00 00 B9 DF  pass 00 00 00 00 00 00 00 00 00 00 00 00 00 00 00 00 00 00 00 00 00 00 00 00 00 00 00 00 00 00 00 00 00 00 00 00 00 00 00 00 00 00 00 00 00 00 00 
2017/1/20 11:26:50.021 [TX] - 56 69 56 4F 74 65 63 68 32 00 81 00 00 71 05 41 30 31 31 32 44 30 54 45 30 30 4E 30 31 30 30 4B 53 31 38 36 32 39 39 34 39 30 31 32 43 30 30 30 34 36 30 30 30 30 31 39 34 34 38 36 43 33 31 36 38 43 41 31 46 42 34 41 38 30 39 45 36 33 39 46 46 39 43 33 42 37 32 36 45 32 34 37 43 35 39 30 42 32 32 38 43 35 44 32 32 36 35 30 46 36 36 39 37 45 38 34 37 41 32 46 38 41 32 37 33 39 33 47 AE 
2017/1/20 11:26:50.061 [RX] - 56 69 56 4F 74 65 63 68 32 00 81 00 00 00 CF 6B  pass 00 00 00 00 00 00 00 00 00 00 00 00 00 00 00 00 00 00 00 00 00 00 00 00 00 00 00 00 00 00 00 00 00 00 00 00 00 00 00 00 00 00 00 00 00 00 00 
2017/1/20 11:26:50.270 [TX] - 56 69 56 4F 74 65 63 68 32 00 C7 36 00 01 02 4D 87 
2017/1/20 11:26:50.293 [RX] - 56 69 56 4F 74 65 63 68 32 00 C7 00 00 00 86 6E  pass pass pass 00 00 00 00 00 00 00 00 00 00 00 00 00 00 00 00 00 00 00 00 00 00 00 00 00 00 00 00 00 00 00 00 00 00 00 00 00 00 00 00 00 00 00 00 00 00 00  

--- TTK5

2017/1/20 11:26:50.507 [TX] - 56 69 56 4F 74 65 63 68 32 00 02 40 00 0A 0A 9F 02 06 00 00 00 00 10 00 18 73 
2017/1/20 11:26:51.637 [RX] - 56 69 56 4F 74 65 63 68 32 00 02 00 01 3E 4A DF EE 25 02 00 11 DF 4B 81 A5 00 01 00 30 8F 4A 6D 08 90 40 7A 0B 50 73 1E 59 8E 39 1C F9 D3 CE C5 62 41 56 BD 03 77 3B 46 7D FC 5B F5 A9 02 AE BB 53 1D A4 6F 40 31 69 83 A6 FB D0 C6 E9 70 56 1E 14 D9 93 07 93 E6 36 5E FE B8 A4 5F 9A 3C 71 A4 99 0D 09 DE 43 E4 23 EB D4 B6 F2 3B 56 FC 73 CB D2 BA 85 1F EE 17 C1 C6 7B 2C 83 65 02 4A 8D D1 5B 6C 50 00 7A 1A 93 B6 B6 5B 18 31 B3 C1 1C AD 5B D9 65 F6 24 29 B7 A0 0B 24 76 20 AE CE 43 98 94 7A DB 92 F0 C8 CE 9F B9 8C E1 28 4A F0 22 D8 54 7E 9C 6B 8C 6B 47 A2 D0 28 12 BE 5E C8 9F 39 01 90 FF EE 01 04 DF 30 01 0C DF EE 26 01 4A DF 4A 0A 62 99 49 01 2C 00 04 60 00 01 DF 4C 10 35 38 39 38 30 33 2A 2A 2A 2A 2A 2A 35 31 34 39 DF 4D 05 05 00 00 50 00 DF 4F 01 00 DF 34 10 55 31 35 54 54 4B 4E 45 4F 56 31 30 32 30 32 38 DF EF 4C 06 00 25 00 00 00 00 DF EF 4D 30 8F 4A 6D 08 90 40 7A 0B 50 73 1E 59 8E 39 1C F9 D3 CE C5 62 41 56 BD 03 77 3B 46 7D FC 5B F5 A9 E3 27 B5 29 06 49 56 57 34 8E 49 F0 69 5B 4A 51 FD 70 00 00 00 00 00 00 00 00 00 00 00 00 00 00 00 00 00 00 00 00 00 00 00 00 00 00 00 00 00 00 00 00 00 00 00 00 00 00 00 00 00 00 00 00  

Poll on Demand

2017/1/20 11:26:51.867 [TX] - 56 69 56 4F 74 65 63 68 32 00 01 01 00 01 01 D7 34 
2017/1/20 11:26:51.901 [RX] - 56 69 56 4F 74 65 63 68 32 00 01 00 00 00 12 53  pass 00 00 00 00 00 00 00 00 00 00 00 00 00 00 00 00 00 00 00 00 00 00 00 00 00 00 00 00 00 00 00 00 00 00 00 00 00 00 00 00 00 00 00 00 00 00 00  

 Erase All Keys...

2017/1/20 11:26:51.911 [TX] - 56 69 56 4F 74 65 63 68 32 00 83 00 00 00 03 22 
2017/1/20 11:26:51.945 [RX] - 56 69 56 4F 74 65 63 68 32 00 83 00 00 00 22 03  pass 00 00 00 00 00 00 00 00 00 00 00 00 00 00 00 00 00 00 00 00 00 00 00 00 00 00 00 00 00 00 00 00 00 00 00 00 00 00 00 00 00 00 00 00 00 00 00  

 Set DUKPT Key Encryption Type...

2017/1/20 11:26:52.157 [TX] - 56 69 56 4F 74 65 63 68 32 00 C7 32 00 01 01 7D DF 
2017/1/20 11:26:52.189 [RX] - 56 69 56 4F 74 65 63 68 32 00 C7 00 00 00 86 6E  pass pass pass 00 00 00 00 00 00 00 00 00 00 00 00 00 00 00 00 00 00 00 00 00 00 00 00 00 00 00 00 00 00 00 00 00 00 00 00 00 00 00 00 00 00 00 00 00 00 00  

 Get DUKPT Key Encryption Type...

2017/1/20 11:26:52.402 [TX] - 56 69 56 4F 74 65 63 68 32 00 C7 33 00 00 1A 9B 
2017/1/20 11:26:52.433 [RX] - 56 69 56 4F 74 65 63 68 32 00 C7 00 00 01 01 BC 5E  pass 00 00 00 00 00 00 00 00 00 00 00 00 00 00 00 00 00 00 00 00 00 00 00 00 00 00 00 00 00 00 00 00 00 00 00 00 00 00 00 00 00 00 00 00 00 00  

 Loading DUKPT key...

2017/1/20 11:26:52.648 [TX] - 56 69 56 4F 74 65 63 68 32 00 80 00 00 65 30 45 43 36 30 46 33 35 31 34 37 45 43 41 30 30 38 38 4B 30 54 44 30 30 4E 30 30 30 30 30 30 38 30 39 43 30 37 41 39 39 31 44 43 38 30 33 34 45 43 31 32 45 31 36 39 43 30 44 35 34 35 35 44 45 41 32 39 34 35 31 34 32 34 37 38 30 38 30 35 36 38 32 33 34 39 38 37 31 32 30 32 33 34 30 30 30 30 30 30 30 30 12 43 
2017/1/20 11:26:52.681 [RX] - 56 69 56 4F 74 65 63 68 32 00 80 00 00 00 B9 DF  pass 00 00 00 00 00 00 00 00 00 00 00 00 00 00 00 00 00 00 00 00 00 00 00 00 00 00 00 00 00 00 00 00 00 00 00 00 00 00 00 00 00 00 00 00 00 00 00 
2017/1/20 11:26:52.889 [TX] - 56 69 56 4F 74 65 63 68 32 00 80 00 00 65 31 34 43 45 32 35 35 35 31 34 37 45 43 41 30 30 38 38 4B 30 54 44 30 30 4E 30 30 30 30 30 30 38 30 46 35 30 36 46 36 41 33 44 34 30 38 39 39 45 30 35 35 42 42 35 42 39 45 33 41 44 44 36 30 30 42 38 38 35 33 32 37 37 39 32 32 34 36 30 39 32 36 32 33 41 39 39 37 31 32 36 32 33 34 30 30 30 30 30 30 30 30 35 7F 
2017/1/20 11:26:52.929 [RX] - 56 69 56 4F 74 65 63 68 32 00 80 00 00 00 B9 DF  pass 00 00 00 00 00 00 00 00 00 00 00 00 00 00 00 00 00 00 00 00 00 00 00 00 00 00 00 00 00 00 00 00 00 00 00 00 00 00 00 00 00 00 00 00 00 00 00 
2017/1/20 11:26:53.137 [TX] - 56 69 56 4F 74 65 63 68 32 00 80 01 00 58 41 30 30 38 38 4B 30 54 44 30 30 4E 30 30 30 30 43 44 32 46 43 43 36 44 37 39 32 44 33 42 32 34 46 30 38 33 37 42 30 33 32 44 30 38 36 38 46 45 43 39 46 44 44 43 39 43 32 36 33 31 31 35 46 30 44 43 43 34 42 44 42 35 37 43 36 30 33 43 34 32 46 34 41 35 30 34 34 39 97 D5 
2017/1/20 11:26:53.177 [RX] - 56 69 56 4F 74 65 63 68 32 00 80 00 00 00 B9 DF  pass 00 00 00 00 00 00 00 00 00 00 00 00 00 00 00 00 00 00 00 00 00 00 00 00 00 00 00 00 00 00 00 00 00 00 00 00 00 00 00 00 00 00 00 00 00 00 00 
2017/1/20 11:26:53.386 [TX] - 56 69 56 4F 74 65 63 68 32 00 81 00 00 71 05 41 30 31 31 32 44 30 54 45 30 30 4E 30 31 30 30 4B 53 31 38 36 32 39 39 34 39 30 31 32 43 30 30 30 34 36 30 30 30 30 31 39 34 34 38 36 43 33 31 36 38 43 41 31 46 42 34 41 38 30 39 45 36 33 39 46 46 39 43 33 42 37 32 36 45 32 34 37 43 35 39 30 42 32 32 38 43 35 44 32 32 36 35 30 46 36 36 39 37 45 38 34 37 41 32 46 38 41 32 37 33 39 33 47 AE 
2017/1/20 11:26:53.437 [RX] - 56 69 56 4F 74 65 63 68 32 00 81 00 00 00 CF 6B  pass 00 00 00 00 00 00 00 00 00 00 00 00 00 00 00 00 00 00 00 00 00 00 00 00 00 00 00 00 00 00 00 00 00 00 00 00 00 00 00 00 00 00 00 00 00 00 00 
2017/1/20 11:26:53.648 [TX] - 56 69 56 4F 74 65 63 68 32 00 C7 36 00 01 02 4D 87 
2017/1/20 11:26:53.673 [RX] - 56 69 56 4F 74 65 63 68 32 00 C7 00 00 00 86 6E  pass pass pass 00 00 00 00 00 00 00 00 00 00 00 00 00 00 00 00 00 00 00 00 00 00 00 00 00 00 00 00 00 00 00 00 00 00 00 00 00 00 00 00 00 00 00 00 00 00 00  

Auto Poll

2017/1/20 11:26:53.891 [TX] - 56 69 56 4F 74 65 63 68 32 00 01 01 00 01 00 F6 24 
2017/1/20 11:26:53.917 [RX] - 56 69 56 4F 74 65 63 68 32 00 01 00 00 00 12 53  pass 00 00 00 00 00 00 00 00 00 00 00 00 00 00 00 00 00 00 00 00 00 00 00 00 00 00 00 00 00 00 00 00 00 00 00 00 00 00 00 00 00 00 00 00 00 00 00  

---  TTK1

2017/1/20 11:26:57.927 [TX] - 56 69 56 4F 74 65 63 68 32 00 03 40 00 00 96 E2 
2017/1/20 11:26:57.961 [RX] - 56 69 56 4F 74 65 63 68 32 00 03 00 00 52 4A DF EE 25 02 00 11 DF 4B 18 00 00 00 13 3B 37 37 30 33 30 32 30 32 36 31 35 32 32 37 34 39 3F 3F 00 9F 39 01 90 FF EE 01 04 DF 30 01 0C DF EE 26 01 4A DF 4D 05 05 00 00 50 00 DF 4F 01 00 DF 34 10 55 31 35 54 54 4B 4E 45 4F 56 31 30 32 30 32 38 2C E1 00 00 00 00 00 00 00 00 00 00 00 00 00 00 00 00 00 00 00 00 00 00 00 00 00 00 00 00  

Poll on Demand

2017/1/20 11:26:58.176 [TX] - 56 69 56 4F 74 65 63 68 32 00 01 01 00 01 01 D7 34 
2017/1/20 11:26:58.205 [RX] - 56 69 56 4F 74 65 63 68 32 00 01 00 00 00 12 53  pass 00 00 00 00 00 00 00 00 00 00 00 00 00 00 00 00 00 00 00 00 00 00 00 00 00 00 00 00 00 00 00 00 00 00 00 00 00 00 00 00 00 00 00 00 00 00 00  

 Erase All Keys...

2017/1/20 11:26:58.216 [TX] - 56 69 56 4F 74 65 63 68 32 00 83 00 00 00 03 22 
2017/1/20 11:26:58.249 [RX] - 56 69 56 4F 74 65 63 68 32 00 83 00 00 00 22 03  pass 00 00 00 00 00 00 00 00 00 00 00 00 00 00 00 00 00 00 00 00 00 00 00 00 00 00 00 00 00 00 00 00 00 00 00 00 00 00 00 00 00 00 00 00 00 00 00  

 Set DUKPT Key Encryption Type...

2017/1/20 11:26:58.461 [TX] - 56 69 56 4F 74 65 63 68 32 00 C7 32 00 01 01 7D DF 
2017/1/20 11:26:58.493 [RX] - 56 69 56 4F 74 65 63 68 32 00 C7 00 00 00 86 6E  pass pass pass 00 00 00 00 00 00 00 00 00 00 00 00 00 00 00 00 00 00 00 00 00 00 00 00 00 00 00 00 00 00 00 00 00 00 00 00 00 00 00 00 00 00 00 00 00 00 00  

 Get DUKPT Key Encryption Type...

2017/1/20 11:26:58.708 [TX] - 56 69 56 4F 74 65 63 68 32 00 C7 33 00 00 1A 9B 
2017/1/20 11:26:58.737 [RX] - 56 69 56 4F 74 65 63 68 32 00 C7 00 00 01 01 BC 5E  pass 00 00 00 00 00 00 00 00 00 00 00 00 00 00 00 00 00 00 00 00 00 00 00 00 00 00 00 00 00 00 00 00 00 00 00 00 00 00 00 00 00 00 00 00 00 00  

 Loading DUKPT key...

2017/1/20 11:26:58.957 [TX] - 56 69 56 4F 74 65 63 68 32 00 80 00 00 65 30 45 43 36 30 46 33 35 31 34 37 45 43 41 30 30 38 38 4B 30 54 44 30 30 4E 30 30 30 30 30 30 38 30 39 43 30 37 41 39 39 31 44 43 38 30 33 34 45 43 31 32 45 31 36 39 43 30 44 35 34 35 35 44 45 41 32 39 34 35 31 34 32 34 37 38 30 38 30 35 36 38 32 33 34 39 38 37 31 32 30 32 33 34 30 30 30 30 30 30 30 30 12 43 
2017/1/20 11:26:58.985 [RX] - 56 69 56 4F 74 65 63 68 32 00 80 00 00 00 B9 DF  pass 00 00 00 00 00 00 00 00 00 00 00 00 00 00 00 00 00 00 00 00 00 00 00 00 00 00 00 00 00 00 00 00 00 00 00 00 00 00 00 00 00 00 00 00 00 00 00 
2017/1/20 11:26:59.193 [TX] - 56 69 56 4F 74 65 63 68 32 00 80 00 00 65 31 34 43 45 32 35 35 35 31 34 37 45 43 41 30 30 38 38 4B 30 54 44 30 30 4E 30 30 30 30 30 30 38 30 46 35 30 36 46 36 41 33 44 34 30 38 39 39 45 30 35 35 42 42 35 42 39 45 33 41 44 44 36 30 30 42 38 38 35 33 32 37 37 39 32 32 34 36 30 39 32 36 32 33 41 39 39 37 31 32 36 32 33 34 30 30 30 30 30 30 30 30 35 7F 
2017/1/20 11:26:59.233 [RX] - 56 69 56 4F 74 65 63 68 32 00 80 00 00 00 B9 DF  pass 00 00 00 00 00 00 00 00 00 00 00 00 00 00 00 00 00 00 00 00 00 00 00 00 00 00 00 00 00 00 00 00 00 00 00 00 00 00 00 00 00 00 00 00 00 00 00 
2017/1/20 11:26:59.442 [TX] - 56 69 56 4F 74 65 63 68 32 00 80 01 00 58 41 30 30 38 38 4B 30 54 44 30 30 4E 30 30 30 30 43 44 32 46 43 43 36 44 37 39 32 44 33 42 32 34 46 30 38 33 37 42 30 33 32 44 30 38 36 38 46 45 43 39 46 44 44 43 39 43 32 36 33 31 31 35 46 30 44 43 43 34 42 44 42 35 37 43 36 30 33 43 34 32 46 34 41 35 30 34 34 39 97 D5 
2017/1/20 11:26:59.481 [RX] - 56 69 56 4F 74 65 63 68 32 00 80 00 00 00 B9 DF  pass 00 00 00 00 00 00 00 00 00 00 00 00 00 00 00 00 00 00 00 00 00 00 00 00 00 00 00 00 00 00 00 00 00 00 00 00 00 00 00 00 00 00 00 00 00 00 00 
2017/1/20 11:26:59.690 [TX] - 56 69 56 4F 74 65 63 68 32 00 81 00 00 71 05 41 30 31 31 32 44 30 54 45 30 30 4E 30 31 30 30 4B 53 31 38 36 32 39 39 34 39 30 31 32 43 30 30 30 34 36 30 30 30 30 31 39 34 34 38 36 43 33 31 36 38 43 41 31 46 42 34 41 38 30 39 45 36 33 39 46 46 39 43 33 42 37 32 36 45 32 34 37 43 35 39 30 42 32 32 38 43 35 44 32 32 36 35 30 46 36 36 39 37 45 38 34 37 41 32 46 38 41 32 37 33 39 33 47 AE 
2017/1/20 11:26:59.741 [RX] - 56 69 56 4F 74 65 63 68 32 00 81 00 00 00 CF 6B  pass 00 00 00 00 00 00 00 00 00 00 00 00 00 00 00 00 00 00 00 00 00 00 00 00 00 00 00 00 00 00 00 00 00 00 00 00 00 00 00 00 00 00 00 00 00 00 00 
2017/1/20 11:26:59.951 [TX] - 56 69 56 4F 74 65 63 68 32 00 C7 36 00 01 02 4D 87 
2017/1/20 11:26:59.977 [RX] - 56 69 56 4F 74 65 63 68 32 00 C7 00 00 00 86 6E  pass pass pass 00 00 00 00 00 00 00 00 00 00 00 00 00 00 00 00 00 00 00 00 00 00 00 00 00 00 00 00 00 00 00 00 00 00 00 00 00 00 00 00 00 00 00 00 00 00 00  

Auto Poll

2017/1/20 11:27:00.195 [TX] - 56 69 56 4F 74 65 63 68 32 00 01 01 00 01 00 F6 24 
2017/1/20 11:27:00.221 [RX] - 56 69 56 4F 74 65 63 68 32 00 01 00 00 00 12 53  pass 00 00 00 00 00 00 00 00 00 00 00 00 00 00 00 00 00 00 00 00 00 00 00 00 00 00 00 00 00 00 00 00 00 00 00 00 00 00 00 00 00 00 00 00 00 00 00  

--- TTK2

2017/1/20 11:27:04.233 [TX] - 56 69 56 4F 74 65 63 68 32 00 03 40 00 00 96 E2 
2017/1/20 11:27:04.265 [RX] - 56 69 56 4F 74 65 63 68 32 00 03 00 00 55 4A DF EE 25 02 00 11 DF 4B 1B 00 00 00 16 3B 31 35 34 34 32 30 32 30 38 36 30 31 39 32 36 32 31 34 3D 3F 38 00 9F 39 01 90 FF EE 01 04 DF 30 01 0C DF EE 26 01 4A DF 4D 05 05 00 00 50 00 DF 4F 01 00 DF 34 10 55 31 35 54 54 4B 4E 45 4F 56 31 30 32 30 32 38 50 B4 00 00 00 00 00 00 00 00 00 00 00 00 00 00 00 00 00 00 00 00 00 00 00 00 00  

Poll on Demand

2017/1/20 11:27:04.479 [TX] - 56 69 56 4F 74 65 63 68 32 00 01 01 00 01 01 D7 34 
2017/1/20 11:27:04.505 [RX] - 56 69 56 4F 74 65 63 68 32 00 01 00 00 00 12 53  pass 00 00 00 00 00 00 00 00 00 00 00 00 00 00 00 00 00 00 00 00 00 00 00 00 00 00 00 00 00 00 00 00 00 00 00 00 00 00 00 00 00 00 00 00 00 00 00  

 Erase All Keys...

2017/1/20 11:27:04.515 [TX] - 56 69 56 4F 74 65 63 68 32 00 83 00 00 00 03 22 
2017/1/20 11:27:04.545 [RX] - 56 69 56 4F 74 65 63 68 32 00 83 00 00 00 22 03  pass 00 00 00 00 00 00 00 00 00 00 00 00 00 00 00 00 00 00 00 00 00 00 00 00 00 00 00 00 00 00 00 00 00 00 00 00 00 00 00 00 00 00 00 00 00 00 00  

 Set DUKPT Key Encryption Type...

2017/1/20 11:27:04.757 [TX] - 56 69 56 4F 74 65 63 68 32 00 C7 32 00 01 01 7D DF 
2017/1/20 11:27:04.785 [RX] - 56 69 56 4F 74 65 63 68 32 00 C7 00 00 00 86 6E  pass pass pass 00 00 00 00 00 00 00 00 00 00 00 00 00 00 00 00 00 00 00 00 00 00 00 00 00 00 00 00 00 00 00 00 00 00 00 00 00 00 00 00 00 00 00 00 00 00 00  

 Get DUKPT Key Encryption Type...

2017/1/20 11:27:04.999 [TX] - 56 69 56 4F 74 65 63 68 32 00 C7 33 00 00 1A 9B 
2017/1/20 11:27:05.025 [RX] - 56 69 56 4F 74 65 63 68 32 00 C7 00 00 01 01 BC 5E  pass 00 00 00 00 00 00 00 00 00 00 00 00 00 00 00 00 00 00 00 00 00 00 00 00 00 00 00 00 00 00 00 00 00 00 00 00 00 00 00 00 00 00 00 00 00 00  

 Loading DUKPT key...

2017/1/20 11:27:05.249 [TX] - 56 69 56 4F 74 65 63 68 32 00 80 00 00 65 30 45 43 36 30 46 33 35 31 34 37 45 43 41 30 30 38 38 4B 30 54 44 30 30 4E 30 30 30 30 30 30 38 30 39 43 30 37 41 39 39 31 44 43 38 30 33 34 45 43 31 32 45 31 36 39 43 30 44 35 34 35 35 44 45 41 32 39 34 35 31 34 32 34 37 38 30 38 30 35 36 38 32 33 34 39 38 37 31 32 30 32 33 34 30 30 30 30 30 30 30 30 12 43 
2017/1/20 11:27:05.269 [RX] - 56 69 56 4F 74 65 63 68 32 00 80 00 00 00 B9 DF  pass 00 00 00 00 00 00 00 00 00 00 00 00 00 00 00 00 00 00 00 00 00 00 00 00 00 00 00 00 00 00 00 00 00 00 00 00 00 00 00 00 00 00 00 00 00 00 00 
2017/1/20 11:27:05.477 [TX] - 56 69 56 4F 74 65 63 68 32 00 80 00 00 65 31 34 43 45 32 35 35 35 31 34 37 45 43 41 30 30 38 38 4B 30 54 44 30 30 4E 30 30 30 30 30 30 38 30 46 35 30 36 46 36 41 33 44 34 30 38 39 39 45 30 35 35 42 42 35 42 39 45 33 41 44 44 36 30 30 42 38 38 35 33 32 37 37 39 32 32 34 36 30 39 32 36 32 33 41 39 39 37 31 32 36 32 33 34 30 30 30 30 30 30 30 30 35 7F 
2017/1/20 11:27:05.513 [RX] - 56 69 56 4F 74 65 63 68 32 00 80 00 00 00 B9 DF  pass 00 00 00 00 00 00 00 00 00 00 00 00 00 00 00 00 00 00 00 00 00 00 00 00 00 00 00 00 00 00 00 00 00 00 00 00 00 00 00 00 00 00 00 00 00 00 00 
2017/1/20 11:27:05.723 [TX] - 56 69 56 4F 74 65 63 68 32 00 80 01 00 58 41 30 30 38 38 4B 30 54 44 30 30 4E 30 30 30 30 43 44 32 46 43 43 36 44 37 39 32 44 33 42 32 34 46 30 38 33 37 42 30 33 32 44 30 38 36 38 46 45 43 39 46 44 44 43 39 43 32 36 33 31 31 35 46 30 44 43 43 34 42 44 42 35 37 43 36 30 33 43 34 32 46 34 41 35 30 34 34 39 97 D5 
2017/1/20 11:27:05.761 [RX] - 56 69 56 4F 74 65 63 68 32 00 80 00 00 00 B9 DF  pass 00 00 00 00 00 00 00 00 00 00 00 00 00 00 00 00 00 00 00 00 00 00 00 00 00 00 00 00 00 00 00 00 00 00 00 00 00 00 00 00 00 00 00 00 00 00 00 
2017/1/20 11:27:05.971 [TX] - 56 69 56 4F 74 65 63 68 32 00 81 00 00 71 05 41 30 31 31 32 44 30 54 45 30 30 4E 30 31 30 30 4B 53 31 38 36 32 39 39 34 39 30 31 32 43 30 30 30 34 36 30 30 30 30 31 39 34 34 38 36 43 33 31 36 38 43 41 31 46 42 34 41 38 30 39 45 36 33 39 46 46 39 43 33 42 37 32 36 45 32 34 37 43 35 39 30 42 32 32 38 43 35 44 32 32 36 35 30 46 36 36 39 37 45 38 34 37 41 32 46 38 41 32 37 33 39 33 47 AE 
2017/1/20 11:27:06.021 [RX] - 56 69 56 4F 74 65 63 68 32 00 81 00 00 00 CF 6B  pass 00 00 00 00 00 00 00 00 00 00 00 00 00 00 00 00 00 00 00 00 00 00 00 00 00 00 00 00 00 00 00 00 00 00 00 00 00 00 00 00 00 00 00 00 00 00 00 
2017/1/20 11:27:06.233 [TX] - 56 69 56 4F 74 65 63 68 32 00 C7 36 00 01 02 4D 87 
2017/1/20 11:27:06.253 [RX] - 56 69 56 4F 74 65 63 68 32 00 C7 00 00 00 86 6E  pass pass pass 00 00 00 00 00 00 00 00 00 00 00 00 00 00 00 00 00 00 00 00 00 00 00 00 00 00 00 00 00 00 00 00 00 00 00 00 00 00 00 00 00 00 00 00 00 00 00  

Auto Poll

2017/1/20 11:27:06.477 [TX] - 56 69 56 4F 74 65 63 68 32 00 01 01 00 01 00 F6 24 
2017/1/20 11:27:06.493 [RX] - 56 69 56 4F 74 65 63 68 32 00 01 00 00 00 12 53  pass 00 00 00 00 00 00 00 00 00 00 00 00 00 00 00 00 00 00 00 00 00 00 00 00 00 00 00 00 00 00 00 00 00 00 00 00 00 00 00 00 00 00 00 00 00 00 00  

--- TTK3

2017/1/20 11:27:10.508 [TX] - 56 69 56 4F 74 65 63 68 32 00 03 40 00 00 96 E2 
2017/1/20 11:27:10.537 [RX] - 56 69 56 4F 74 65 63 68 32 00 03 00 01 22 4A DF EE 25 02 00 11 DF 4B 81 E7 00 00 4F 25 42 30 30 30 30 30 30 30 30 30 30 30 30 30 30 30 30 5E 30 30 30 30 30 30 30 30 30 30 30 30 30 30 30 30 30 30 30 30 30 30 30 30 30 30 5E 30 30 30 30 30 30 30 30 30 30 30 30 30 30 30 30 30 30 30 30 30 30 30 30 30 30 30 30 30 30 30 3F 48 28 3B 37 35 37 38 31 31 37 30 34 39 38 37 35 39 31 30 3D 30 30 30 30 30 30 30 30 30 30 30 30 30 30 30 30 30 30 37 30 3F 3B 6B 3B 30 30 30 30 30 30 30 30 30 30 30 30 30 30 30 30 30 30 30 30 30 30 30 30 30 30 30 30 30 30 30 30 30 30 30 30 30 30 30 30 30 30 30 30 30 30 30 30 30 30 30 30 30 30 30 30 30 30 30 30 30 30 30 30 30 30 30 30 30 30 30 30 30 30 30 30 30 30 30 30 30 30 30 30 30 30 30 30 30 30 30 30 30 30 30 30 30 30 30 30 30 30 30 30 3F 34 9F 39 01 90 FF EE 01 04 DF 30 01 0C DF EE 26 01 4A DF 4D 05 05 00 00 50 00 DF 4F 01 00 DF 34 10 55 31 35 54 54 4B 4E 45 4F 56 31 30 32 30 32 38 16 74 00 00 00 00 00 00 00 00 00  

Poll on Demand

2017/1/20 11:27:10.762 [TX] - 56 69 56 4F 74 65 63 68 32 00 01 01 00 01 01 D7 34 
2017/1/20 11:27:10.781 [RX] - 56 69 56 4F 74 65 63 68 32 00 01 00 00 00 12 53  pass 00 00 00 00 00 00 00 00 00 00 00 00 00 00 00 00 00 00 00 00 00 00 00 00 00 00 00 00 00 00 00 00 00 00 00 00 00 00 00 00 00 00 00 00 00 00 00  

 Erase All Keys...

2017/1/20 11:27:10.792 [TX] - 56 69 56 4F 74 65 63 68 32 00 83 00 00 00 03 22 
2017/1/20 11:27:10.825 [RX] - 56 69 56 4F 74 65 63 68 32 00 83 00 00 00 22 03  pass 00 00 00 00 00 00 00 00 00 00 00 00 00 00 00 00 00 00 00 00 00 00 00 00 00 00 00 00 00 00 00 00 00 00 00 00 00 00 00 00 00 00 00 00 00 00 00  

 Set DUKPT Key Encryption Type...

2017/1/20 11:27:11.038 [TX] - 56 69 56 4F 74 65 63 68 32 00 C7 32 00 01 01 7D DF 
2017/1/20 11:27:11.069 [RX] - 56 69 56 4F 74 65 63 68 32 00 C7 00 00 00 86 6E  pass pass pass 00 00 00 00 00 00 00 00 00 00 00 00 00 00 00 00 00 00 00 00 00 00 00 00 00 00 00 00 00 00 00 00 00 00 00 00 00 00 00 00 00 00 00 00 00 00 00  

 Get DUKPT Key Encryption Type...

2017/1/20 11:27:11.282 [TX] - 56 69 56 4F 74 65 63 68 32 00 C7 33 00 00 1A 9B 
2017/1/20 11:27:11.313 [RX] - 56 69 56 4F 74 65 63 68 32 00 C7 00 00 01 01 BC 5E  pass 00 00 00 00 00 00 00 00 00 00 00 00 00 00 00 00 00 00 00 00 00 00 00 00 00 00 00 00 00 00 00 00 00 00 00 00 00 00 00 00 00 00 00 00 00 00  

 Loading DUKPT key...

2017/1/20 11:27:11.530 [TX] - 56 69 56 4F 74 65 63 68 32 00 80 00 00 65 30 45 43 36 30 46 33 35 31 34 37 45 43 41 30 30 38 38 4B 30 54 44 30 30 4E 30 30 30 30 30 30 38 30 39 43 30 37 41 39 39 31 44 43 38 30 33 34 45 43 31 32 45 31 36 39 43 30 44 35 34 35 35 44 45 41 32 39 34 35 31 34 32 34 37 38 30 38 30 35 36 38 32 33 34 39 38 37 31 32 30 32 33 34 30 30 30 30 30 30 30 30 12 43 
2017/1/20 11:27:11.561 [RX] - 56 69 56 4F 74 65 63 68 32 00 80 00 00 00 B9 DF  pass 00 00 00 00 00 00 00 00 00 00 00 00 00 00 00 00 00 00 00 00 00 00 00 00 00 00 00 00 00 00 00 00 00 00 00 00 00 00 00 00 00 00 00 00 00 00 00 
2017/1/20 11:27:11.769 [TX] - 56 69 56 4F 74 65 63 68 32 00 80 00 00 65 31 34 43 45 32 35 35 35 31 34 37 45 43 41 30 30 38 38 4B 30 54 44 30 30 4E 30 30 30 30 30 30 38 30 46 35 30 36 46 36 41 33 44 34 30 38 39 39 45 30 35 35 42 42 35 42 39 45 33 41 44 44 36 30 30 42 38 38 35 33 32 37 37 39 32 32 34 36 30 39 32 36 32 33 41 39 39 37 31 32 36 32 33 34 30 30 30 30 30 30 30 30 35 7F 
2017/1/20 11:27:11.809 [RX] - 56 69 56 4F 74 65 63 68 32 00 80 00 00 00 B9 DF  pass 00 00 00 00 00 00 00 00 00 00 00 00 00 00 00 00 00 00 00 00 00 00 00 00 00 00 00 00 00 00 00 00 00 00 00 00 00 00 00 00 00 00 00 00 00 00 00 
2017/1/20 11:27:12.018 [TX] - 56 69 56 4F 74 65 63 68 32 00 80 01 00 58 41 30 30 38 38 4B 30 54 44 30 30 4E 30 30 30 30 43 44 32 46 43 43 36 44 37 39 32 44 33 42 32 34 46 30 38 33 37 42 30 33 32 44 30 38 36 38 46 45 43 39 46 44 44 43 39 43 32 36 33 31 31 35 46 30 44 43 43 34 42 44 42 35 37 43 36 30 33 43 34 32 46 34 41 35 30 34 34 39 97 D5 
2017/1/20 11:27:12.057 [RX] - 56 69 56 4F 74 65 63 68 32 00 80 00 00 00 B9 DF  pass 00 00 00 00 00 00 00 00 00 00 00 00 00 00 00 00 00 00 00 00 00 00 00 00 00 00 00 00 00 00 00 00 00 00 00 00 00 00 00 00 00 00 00 00 00 00 00 
2017/1/20 11:27:12.266 [TX] - 56 69 56 4F 74 65 63 68 32 00 81 00 00 71 05 41 30 31 31 32 44 30 54 45 30 30 4E 30 31 30 30 4B 53 31 38 36 32 39 39 34 39 30 31 32 43 30 30 30 34 36 30 30 30 30 31 39 34 34 38 36 43 33 31 36 38 43 41 31 46 42 34 41 38 30 39 45 36 33 39 46 46 39 43 33 42 37 32 36 45 32 34 37 43 35 39 30 42 32 32 38 43 35 44 32 32 36 35 30 46 36 36 39 37 45 38 34 37 41 32 46 38 41 32 37 33 39 33 47 AE 
2017/1/20 11:27:12.317 [RX] - 56 69 56 4F 74 65 63 68 32 00 81 00 00 00 CF 6B  pass 00 00 00 00 00 00 00 00 00 00 00 00 00 00 00 00 00 00 00 00 00 00 00 00 00 00 00 00 00 00 00 00 00 00 00 00 00 00 00 00 00 00 00 00 00 00 00 
2017/1/20 11:27:12.527 [TX] - 56 69 56 4F 74 65 63 68 32 00 C7 36 00 01 02 4D 87 
2017/1/20 11:27:12.553 [RX] - 56 69 56 4F 74 65 63 68 32 00 C7 00 00 00 86 6E  pass pass pass 00 00 00 00 00 00 00 00 00 00 00 00 00 00 00 00 00 00 00 00 00 00 00 00 00 00 00 00 00 00 00 00 00 00 00 00 00 00 00 00 00 00 00 00 00 00 00  

Auto Poll

2017/1/20 11:27:12.771 [TX] - 56 69 56 4F 74 65 63 68 32 00 01 01 00 01 00 F6 24 
2017/1/20 11:27:12.797 [RX] - 56 69 56 4F 74 65 63 68 32 00 01 00 00 00 12 53  pass 00 00 00 00 00 00 00 00 00 00 00 00 00 00 00 00 00 00 00 00 00 00 00 00 00 00 00 00 00 00 00 00 00 00 00 00 00 00 00 00 00 00 00 00 00 00 00  

--- TTK4

2017/1/20 11:27:16.812 [TX] - 56 69 56 4F 74 65 63 68 32 00 03 40 00 00 96 E2 
2017/1/20 11:27:16.841 [RX] - 56 69 56 4F 74 65 63 68 32 00 03 00 00 67 4A DF EE 25 02 00 11 DF 4B 2D 00 00 00 28 3B 32 30 31 33 30 31 34 30 33 37 30 39 33 30 31 36 3D 39 39 39 39 39 39 39 39 39 39 39 39 39 39 39 39 39 39 39 39 3F 35 00 9F 39 01 90 FF EE 01 04 DF 30 01 0C DF EE 26 01 4A DF 4D 05 05 00 00 50 00 DF 4F 01 00 DF 34 10 55 31 35 54 54 4B 4E 45 4F 56 31 30 32 30 32 38 60 28  pass 00 00 00 00 00 00 00  

Poll on Demand

2017/1/20 11:27:17.054 [TX] - 56 69 56 4F 74 65 63 68 32 00 01 01 00 01 01 D7 34 
2017/1/20 11:27:17.085 [RX] - 56 69 56 4F 74 65 63 68 32 00 01 00 00 00 12 53  pass 00 00 00 00 00 00 00 00 00 00 00 00 00 00 00 00 00 00 00 00 00 00 00 00 00 00 00 00 00 00 00 00 00 00 00 00 00 00 00 00 00 00 00 00 00 00 00  

 Erase All Keys...

2017/1/20 11:27:17.096 [TX] - 56 69 56 4F 74 65 63 68 32 00 83 00 00 00 03 22 
2017/1/20 11:27:17.129 [RX] - 56 69 56 4F 74 65 63 68 32 00 83 00 00 00 22 03  pass 00 00 00 00 00 00 00 00 00 00 00 00 00 00 00 00 00 00 00 00 00 00 00 00 00 00 00 00 00 00 00 00 00 00 00 00 00 00 00 00 00 00 00 00 00 00 00  

 Set DUKPT Key Encryption Type...

2017/1/20 11:27:17.343 [TX] - 56 69 56 4F 74 65 63 68 32 00 C7 32 00 01 01 7D DF 
2017/1/20 11:27:17.373 [RX] - 56 69 56 4F 74 65 63 68 32 00 C7 00 00 00 86 6E  pass pass pass 00 00 00 00 00 00 00 00 00 00 00 00 00 00 00 00 00 00 00 00 00 00 00 00 00 00 00 00 00 00 00 00 00 00 00 00 00 00 00 00 00 00 00 00 00 00 00  

 Get DUKPT Key Encryption Type...

2017/1/20 11:27:17.587 [TX] - 56 69 56 4F 74 65 63 68 32 00 C7 33 00 00 1A 9B 
2017/1/20 11:27:17.613 [RX] - 56 69 56 4F 74 65 63 68 32 00 C7 00 00 01 01 BC 5E  pass 00 00 00 00 00 00 00 00 00 00 00 00 00 00 00 00 00 00 00 00 00 00 00 00 00 00 00 00 00 00 00 00 00 00 00 00 00 00 00 00 00 00 00 00 00 00  

 Loading DUKPT key...

2017/1/20 11:27:17.831 [TX] - 56 69 56 4F 74 65 63 68 32 00 80 00 00 65 30 45 43 36 30 46 33 35 31 34 37 45 43 41 30 30 38 38 4B 30 54 44 30 30 4E 30 30 30 30 30 30 38 30 39 43 30 37 41 39 39 31 44 43 38 30 33 34 45 43 31 32 45 31 36 39 43 30 44 35 34 35 35 44 45 41 32 39 34 35 31 34 32 34 37 38 30 38 30 35 36 38 32 33 34 39 38 37 31 32 30 32 33 34 30 30 30 30 30 30 30 30 12 43 
2017/1/20 11:27:17.857 [RX] - 56 69 56 4F 74 65 63 68 32 00 80 00 00 00 B9 DF  pass 00 00 00 00 00 00 00 00 00 00 00 00 00 00 00 00 00 00 00 00 00 00 00 00 00 00 00 00 00 00 00 00 00 00 00 00 00 00 00 00 00 00 00 00 00 00 00 
2017/1/20 11:27:18.065 [TX] - 56 69 56 4F 74 65 63 68 32 00 80 00 00 65 31 34 43 45 32 35 35 35 31 34 37 45 43 41 30 30 38 38 4B 30 54 44 30 30 4E 30 30 30 30 30 30 38 30 46 35 30 36 46 36 41 33 44 34 30 38 39 39 45 30 35 35 42 42 35 42 39 45 33 41 44 44 36 30 30 42 38 38 35 33 32 37 37 39 32 32 34 36 30 39 32 36 32 33 41 39 39 37 31 32 36 32 33 34 30 30 30 30 30 30 30 30 35 7F 
2017/1/20 11:27:18.101 [RX] - 56 69 56 4F 74 65 63 68 32 00 80 00 00 00 B9 DF  pass 00 00 00 00 00 00 00 00 00 00 00 00 00 00 00 00 00 00 00 00 00 00 00 00 00 00 00 00 00 00 00 00 00 00 00 00 00 00 00 00 00 00 00 00 00 00 00 
2017/1/20 11:27:18.311 [TX] - 56 69 56 4F 74 65 63 68 32 00 80 01 00 58 41 30 30 38 38 4B 30 54 44 30 30 4E 30 30 30 30 43 44 32 46 43 43 36 44 37 39 32 44 33 42 32 34 46 30 38 33 37 42 30 33 32 44 30 38 36 38 46 45 43 39 46 44 44 43 39 43 32 36 33 31 31 35 46 30 44 43 43 34 42 44 42 35 37 43 36 30 33 43 34 32 46 34 41 35 30 34 34 39 97 D5 
2017/1/20 11:27:18.349 [RX] - 56 69 56 4F 74 65 63 68 32 00 80 00 00 00 B9 DF  pass 00 00 00 00 00 00 00 00 00 00 00 00 00 00 00 00 00 00 00 00 00 00 00 00 00 00 00 00 00 00 00 00 00 00 00 00 00 00 00 00 00 00 00 00 00 00 00 
2017/1/20 11:27:18.560 [TX] - 56 69 56 4F 74 65 63 68 32 00 81 00 00 71 05 41 30 31 31 32 44 30 54 45 30 30 4E 30 31 30 30 4B 53 31 38 36 32 39 39 34 39 30 31 32 43 30 30 30 34 36 30 30 30 30 31 39 34 34 38 36 43 33 31 36 38 43 41 31 46 42 34 41 38 30 39 45 36 33 39 46 46 39 43 33 42 37 32 36 45 32 34 37 43 35 39 30 42 32 32 38 43 35 44 32 32 36 35 30 46 36 36 39 37 45 38 34 37 41 32 46 38 41 32 37 33 39 33 47 AE 
2017/1/20 11:27:18.605 [RX] - 56 69 56 4F 74 65 63 68 32 00 81 00 00 00 CF 6B  pass 00 00 00 00 00 00 00 00 00 00 00 00 00 00 00 00 00 00 00 00 00 00 00 00 00 00 00 00 00 00 00 00 00 00 00 00 00 00 00 00 00 00 00 00 00 00 00 
2017/1/20 11:27:18.816 [TX] - 56 69 56 4F 74 65 63 68 32 00 C7 36 00 01 02 4D 87 
2017/1/20 11:27:18.841 [RX] - 56 69 56 4F 74 65 63 68 32 00 C7 00 00 00 86 6E  pass pass pass 00 00 00 00 00 00 00 00 00 00 00 00 00 00 00 00 00 00 00 00 00 00 00 00 00 00 00 00 00 00 00 00 00 00 00 00 00 00 00 00 00 00 00 00 00 00 00  

Auto Poll

2017/1/20 11:27:19.060 [TX] - 56 69 56 4F 74 65 63 68 32 00 01 01 00 01 00 F6 24 
2017/1/20 11:27:19.081 [RX] - 56 69 56 4F 74 65 63 68 32 00 01 00 00 00 12 53  pass 00 00 00 00 00 00 00 00 00 00 00 00 00 00 00 00 00 00 00 00 00 00 00 00 00 00 00 00 00 00 00 00 00 00 00 00 00 00 00 00 00 00 00 00 00 00 00  

--- TTK5

2017/1/20 11:27:23.097 [TX] - 56 69 56 4F 74 65 63 68 32 00 03 40 00 00 96 E2 
2017/1/20 11:27:23.125 [RX] - 56 69 56 4F 74 65 63 68 32 00 03 00 01 3E 4A DF EE 25 02 00 11 DF 4B 81 A5 00 01 00 30 8F 4A 6D 08 90 40 7A 0B 50 73 1E 59 8E 39 1C F9 D3 CE C5 62 41 56 BD 03 77 3B 46 7D FC 5B F5 A9 02 AE BB 53 1D A4 6F 40 31 69 83 A6 FB D0 C6 E9 70 56 1E 14 D9 93 07 93 E6 36 5E FE B8 A4 5F 9A 3C 71 A4 99 0D 09 DE 43 E4 23 EB D4 B6 F2 3B 56 FC 73 CB D2 BA 85 1F EE 17 C1 C6 7B 2C 83 65 02 4A 8D D1 5B 6C 50 00 7A 1A 93 B6 B6 5B 18 31 B3 C1 1C AD 5B D9 65 F6 24 29 B7 A0 0B 24 76 20 AE CE 43 98 94 7A DB 92 F0 C8 CE 9F B9 8C E1 28 4A F0 22 D8 54 7E 9C 6B 8C 6B 47 A2 D0 28 12 BE 5E C8 9F 39 01 90 FF EE 01 04 DF 30 01 0C DF EE 26 01 4A DF 4A 0A 62 99 49 01 2C 00 04 60 00 01 DF 4C 10 35 38 39 38 30 33 2A 2A 2A 2A 2A 2A 35 31 34 39 DF 4D 05 05 00 00 50 00 DF 4F 01 00 DF 34 10 55 31 35 54 54 4B 4E 45 4F 56 31 30 32 30 32 38 DF EF 4C 06 00 25 00 00 00 00 DF EF 4D 30 8F 4A 6D 08 90 40 7A 0B 50 73 1E 59 8E 39 1C F9 D3 CE C5 62 41 56 BD 03 77 3B 46 7D FC 5B F5 A9 E3 27 B5 29 06 49 56 57 34 8E 49 F0 69 5B 4A 51 46 93  pass 00 00 00 00 00 00 00 00 00 00 00 00 00 00 00 00 00 00 00 00 00 00 00 00 00 00 00 00 00 00 00 00 00 00 00 00 00 00 00 00 00 00 00 00  

 ---------- END OF TEST ----------

 Result = PASSED
 

 MASTER RESULT = PASSED


Docklight Log File (HEX) - Stopped 2017/1/20 11:27:24.442 

