Docklight Log File (HEX) - Started 2021/12/2 08:58:07.889 
 TEST CASE: GTR003

 --- Set POS COM PORT Settings
 Set POS COM PORT...
 POS operating on COM90 @ 9600 baud...
 Set POS COM PORT - COMPLETE

 --- Auto Poll

2021/12/2 08:58:10.844 [TX] - 56 69 56 4F 74 65 63 68 32 00 01 01 00 01 00 F6 24 
2021/12/2 08:58:10.851 [RX] - 56 69 56 4F 74 65 63 68 32 00 01 00 00 00 12 53 00 00 00 00 00 00 00 00 00 00 00 00 00 00 00 00 00 00 00 00 00 00 00 00 00 00 00 00 00 00 00 00 00 00 00 00 00 00 00 00 00 00 00 00 00 00 00  

 --- Burst Mode Off

2021/12/2 08:58:10.856 [TX] - 56 69 56 4F 74 65 63 68 32 00 04 00 00 04 FF F7 01 00 B9 2E 
2021/12/2 08:58:10.863 [RX] - 56 69 56 4F 74 65 63 68 32 00 04 00 00 00 AE 16 00 00 00 00 00 00 00 00 00 00 00 00 00 00 00 00 00 00 00 00 00 00 00 00 00 00 00 00 00 00 00 00 00 00 00 00 00 00 00 00 00 00 00 00 00 00 00  

 --- Set TTQ = 20 *** GR

2021/12/2 08:58:10.869 [TX] - 56 69 56 4F 74 65 63 68 32 00 04 00 00 07 9F 66 04 20 00 40 00 EC D0 
2021/12/2 08:58:10.875 [RX] - 56 69 56 4F 74 65 63 68 32 00 04 00 00 00 AE 16 00 00 00 00 00 00 00 00 00 00 00 00 00 00 00 00 00 00 00 00 00 00 00 00 00 00 00 00 00 00 00 00 00 00 00 00 00 00 00 00 00 00 00 00 00 00 00  

 --- Get Transaction Result (03-40)

2021/12/2 08:58:19.117 [TX] - 56 69 56 4F 74 65 63 68 32 00 03 40 00 00 96 E2 
2021/12/2 08:58:19.123 [RX] - 56 69 56 4F 74 65 63 68 32 00 03 23 01 3F 01 E1 7D 4F 07 A0 00 00 00 03 10 10 9F 66 04 20 00 40 00 82 02 20 20 95 05 00 00 00 00 00 5F 2A 02 08 40 50 0C 56 49 53 41 20 54 45 53 54 20 30 31 9F 26 08 AA BB CC DD EE FF 11 22 9F 27 01 40 9F 02 06 00 00 00 00 00 01 9F 03 06 00 00 00 00 00 00 9F 10 07 06 01 11 03 90 00 00 9F 1A 02 08 40 9F 36 02 00 03 9F 37 04 59 35 30 57 5A 08 47 61 73 90 01 01 00 10 84 07 A0 00 00 00 03 10 10 57 13 47 61 73 90 01 01 00 10 D3 01 21 20 00 12 33 99 00 03 1F 5F 24 03 30 12 31 5F 34 01 01 9A 03 14 08 10 9B 02 00 00 9C 01 00 9F 06 07 A0 00 00 00 03 10 10 9F 09 02 00 02 FF F2 08 32 33 34 35 36 37 38 39 9F 21 03 12 59 15 9F 33 03 00 08 E8 9F 41 04 00 00 00 01 9F 5D 06 00 00 00 01 00 00 9F 39 01 07 9F 6C 02 20 00 5F 2D 04 65 73 65 6E 9F 35 01 22 FF EE 01 0C DF 52 01 00 DF 30 01 00 DF 5B 01 08 DF EE 26 01 01 DF EF 4C 06 00 27 00 00 00 00 DF EF 4D 27 3B 34 37 36 31 37 33 39 30 30 31 30 31 30 30 31 30 3D 33 30 31 32 31 32 30 30 30 31 32 33 33 39 39 30 30 30 33 31 3F 8C 87 00 00 00 00 00 00 00 00 00 00 00 00 00 00 00 00 00 00 00 00 00 00 00 00 00 00 00 00 00 00 00 00 00 00 00 00 00 00 00 00 00 00 00  

 --- Set TTQ = 80 *** GR

2021/12/2 08:58:19.152 [TX] - 56 69 56 4F 74 65 63 68 32 00 04 00 00 07 9F 66 04 80 00 40 00 9A 3A 
2021/12/2 08:58:19.159 [RX] - 56 69 56 4F 74 65 63 68 32 00 04 00 00 00 AE 16 00 00 00 00 00 00 00 00 00 00 00 00 00 00 00 00 00 00 00 00 00 00 00 00 00 00 00 00 00 00 00 00 00 00 00 00 00 00 00 00 00 00 00 00 00 00 00  

 --- Get Transaction Result (03-40)

2021/12/2 08:58:22.063 [TX] - 56 69 56 4F 74 65 63 68 32 00 03 40 00 00 96 E2 
2021/12/2 08:58:22.071 [RX] - 56 69 56 4F 74 65 63 68 32 00 03 23 01 8E 11 FF EE 13 2D 42 34 37 36 31 37 33 39 30 30 31 30 31 30 30 31 30 5E 20 2F 5E 33 30 31 32 31 32 30 30 30 31 32 33 31 30 30 33 39 39 30 33 30 30 30 30 FF EE 14 25 34 37 36 31 37 33 39 30 30 31 30 31 30 30 31 30 3D 33 30 31 32 31 32 30 30 30 31 32 33 33 39 39 30 30 30 33 31 E1 7E 4F 07 A0 00 00 00 03 10 10 9F 66 04 80 00 40 00 82 02 20 20 5F 2A 02 08 40 50 0C 56 49 53 41 20 54 45 53 54 20 30 31 9F 26 08 AA BB CC DD EE FF 11 22 9F 27 01 40 9F 02 06 00 00 00 00 00 01 9F 03 06 00 00 00 00 00 00 9F 10 07 06 01 11 03 90 00 00 9F 1A 02 08 40 9F 36 02 00 03 9F 37 04 8B 01 63 26 5A 08 47 61 73 90 01 01 00 10 84 07 A0 00 00 00 03 10 10 9A 03 14 08 10 9C 01 00 57 13 47 61 73 90 01 01 00 10 D3 01 21 20 00 12 33 99 00 03 1F 5F 24 03 30 12 31 5F 34 01 01 9B 02 00 00 9F 06 07 A0 00 00 00 03 10 10 9F 09 02 00 02 FF F2 08 32 33 34 35 36 37 38 39 9F 21 03 12 59 18 9F 33 03 00 08 E8 9F 41 04 00 00 00 02 9F 5D 06 00 00 00 01 00 00 9F 39 01 91 9F 6C 02 20 00 5F 2D 04 65 73 65 6E 9F 35 01 22 FF EE 01 08 DF 30 01 00 DF 5B 01 08 DF EE 26 01 11 DF EF 4C 06 00 27 00 00 00 00 DF EF 4D 27 3B 34 37 36 31 37 33 39 30 30 31 30 31 30 30 31 30 3D 33 30 31 32 31 32 30 30 30 31 32 33 33 39 39 30 30 30 33 31 3F 30 B1 00 00 00 00 00 00 00 00 00 00 00 00 00 00 00 00 00 00 00 00 00 00 00 00 00 00 00  

 Result = PASSED
 ---------- END OF TEST ----------

 

 MASTER RESULT = PASSED


Docklight Log File (HEX) - Stopped 2021/12/2 08:58:23.298 

