Docklight Log File (HEX) - Started 2017/6/14 16:14:49.138 
 TEST CASE: EMA0410

 --- Set POS COM PORT Settings
 Set POS COM PORT...
 POS operating on COM1 @ 9600 baud...
 Set POS COM PORT - COMPLETE

 

Set MSR Secure Parameters (C7-38)- 0A

2017/6/14 16:14:50.302 [TX] - 56 69 56 4F 74 65 63 68 32 00 C7 38 00 05 DF DE 04 01 0A 23 19 
2017/6/14 16:14:50.333 [RX] - 56 69 56 4F 74 65 63 68 32 00 C7 00 00 00 86 6E  pass pass pass  

Get MSR Secure Parameters (C7-39)

2017/6/14 16:14:50.349 [TX] - 56 69 56 4F 74 65 63 68 32 00 C7 39 00 03 DF DE 04 64 62 
2017/6/14 16:14:50.378 [RX] - 56 69 56 4F 74 65 63 68 32 00 C7 00 00 05 DF DE 04 01 0A 41 25  pass  

Burst mode Off

2017/6/14 16:14:50.405 [TX] - 56 69 56 4F 74 65 63 68 32 00 04 00 00 04 FF F7 01 00 B9 2E 
2017/6/14 16:14:50.434 [RX] - 56 69 56 4F 74 65 63 68 32 00 04 00 00 00 AE 16  pass pass  

Poll on Demand

2017/6/14 16:14:50.454 [TX] - 56 69 56 4F 74 65 63 68 32 00 01 01 00 01 01 D7 34 
2017/6/14 16:14:50.481 [RX] - 56 69 56 4F 74 65 63 68 32 00 01 00 00 00 12 53  pass  

Poll on Demand

2017/6/14 16:14:50.501 [TX] - 56 69 56 4F 74 65 63 68 32 00 01 01 00 01 01 D7 34 
2017/6/14 16:14:50.528 [RX] - 56 69 56 4F 74 65 63 68 32 00 01 00 00 00 12 53  pass  

 Erase All Keys...

2017/6/14 16:14:50.557 [TX] - 56 69 56 4F 74 65 63 68 32 00 83 00 00 00 03 22 
2017/6/14 16:14:50.583 [RX] - 56 69 56 4F 74 65 63 68 32 00 83 00 00 00 22 03  pass  

 Set DUKPT Key Encryption Type...

2017/6/14 16:14:50.801 [TX] - 56 69 56 4F 74 65 63 68 32 00 C7 32 00 01 01 7D DF 
2017/6/14 16:14:50.828 [RX] - 56 69 56 4F 74 65 63 68 32 00 C7 00 00 00 86 6E  pass pass pass  

 Get DUKPT Key Encryption Type...

2017/6/14 16:14:51.049 [TX] - 56 69 56 4F 74 65 63 68 32 00 C7 33 00 00 1A 9B 
2017/6/14 16:14:51.074 [RX] - 56 69 56 4F 74 65 63 68 32 00 C7 00 00 01 01 BC 5E  pass  

 Loading DUKPT key...

2017/6/14 16:14:51.301 [TX] - 56 69 56 4F 74 65 63 68 32 00 80 00 00 65 30 45 43 36 30 46 33 35 31 34 37 45 43 41 30 30 38 38 4B 30 54 44 30 30 4E 30 30 30 30 30 30 38 30 39 43 30 37 41 39 39 31 44 43 38 30 33 34 45 43 31 32 45 31 36 39 43 30 44 35 34 35 35 44 45 41 32 39 34 35 31 34 32 34 37 38 30 38 30 35 36 38 32 33 34 39 38 37 31 32 30 32 33 34 30 30 30 30 30 30 30 30 12 43 
2017/6/14 16:14:51.432 [RX] - 56 69 56 4F 74 65 63 68 32 00 80 00 00 00 B9 DF  pass 
2017/6/14 16:14:51.646 [TX] - 56 69 56 4F 74 65 63 68 32 00 80 00 00 65 31 34 43 45 32 35 35 35 31 34 37 45 43 41 30 30 38 38 4B 30 54 44 30 30 4E 30 30 30 30 30 30 38 30 46 35 30 36 46 36 41 33 44 34 30 38 39 39 45 30 35 35 42 42 35 42 39 45 33 41 44 44 36 30 30 42 38 38 35 33 32 37 37 39 32 32 34 36 30 39 32 36 32 33 41 39 39 37 31 32 36 32 33 34 30 30 30 30 30 30 30 30 35 7F 
2017/6/14 16:14:51.778 [RX] - 56 69 56 4F 74 65 63 68 32 00 80 00 00 00 B9 DF  pass 
2017/6/14 16:14:51.992 [TX] - 56 69 56 4F 74 65 63 68 32 00 80 01 00 58 41 30 30 38 38 4B 30 54 44 30 30 4E 30 30 30 30 43 44 32 46 43 43 36 44 37 39 32 44 33 42 32 34 46 30 38 33 37 42 30 33 32 44 30 38 36 38 46 45 43 39 46 44 44 43 39 43 32 36 33 31 31 35 46 30 44 43 43 34 42 44 42 35 37 43 36 30 33 43 34 32 46 34 41 35 30 34 34 39 97 D5 
2017/6/14 16:14:52.112 [RX] - 56 69 56 4F 74 65 63 68 32 00 80 00 00 00 B9 DF  pass 
2017/6/14 16:14:52.327 [TX] - 56 69 56 4F 74 65 63 68 32 00 81 00 00 71 05 41 30 31 31 32 44 30 54 45 30 30 4E 30 31 30 30 4B 53 31 38 36 32 39 39 34 39 30 31 32 43 30 30 30 34 36 30 30 30 30 31 39 34 34 38 36 43 33 31 36 38 43 41 31 46 42 34 41 38 30 39 45 36 33 39 46 46 39 43 33 42 37 32 36 45 32 34 37 43 35 39 30 42 32 32 38 43 35 44 32 32 36 35 30 46 36 36 39 37 45 38 34 37 41 32 46 38 41 32 37 33 39 33 47 AE 
2017/6/14 16:14:52.484 [RX] - 56 69 56 4F 74 65 63 68 32 00 81 00 00 00 CF 6B  pass 
2017/6/14 16:14:52.700 [TX] - 56 69 56 4F 74 65 63 68 32 00 C7 36 00 01 03 6C 97 
2017/6/14 16:14:52.727 [RX] - 56 69 56 4F 74 65 63 68 32 00 C7 00 00 00 86 6E  pass pass pass  

--- IDT

2017/6/14 16:14:52.947 [TX] - 56 69 56 4F 74 65 63 68 32 00 02 40 00 0A 0A 9F 02 06 00 00 00 00 10 00 18 73 
2017/6/14 16:14:53.714 [RX] - 56 69 56 4F 74 65 63 68 32 00 02 00 00 D1 CA DF EE 25 02 00 11 DF EE 23 81 B4 02 AE 00 83 1F 4F 28 00 91 92 25 54 52 41 43 4B 31 37 36 37 36 37 36 30 37 30 37 30 37 37 36 37 36 37 36 30 37 30 37 30 37 37 36 37 36 37 36 30 37 30 37 30 37 37 36 37 36 37 36 30 37 30 37 30 37 37 36 37 36 37 36 30 37 30 37 30 37 37 36 37 36 37 36 30 37 30 37 3F 43 CE 2E 41 6A A3 D1 24 D8 10 7C 70 9C A7 EF 78 02 CF 85 F1 E3 F6 4B D4 E3 2B 90 B6 CC A4 3A 26 50 F7 FE 71 E4 6B 42 95 67 4A 3E E2 93 32 32 80 1C B4 BE BA 5E 9A C8 4F CF 5C F2 4B 10 B9 72 1D A8 8F 82 59 C6 36 30 36 54 31 32 33 34 35 36 62 99 49 01 2C 00 04 60 00 01 B6 38 03 9F 39 01 90 FF EE 01 04 DF 30 01 0C DF EE 26 01 CA 9E D5  

 Erase All Keys...

2017/6/14 16:14:54.457 [TX] - 56 69 56 4F 74 65 63 68 32 00 83 00 00 00 03 22 
2017/6/14 16:14:54.483 [RX] - 56 69 56 4F 74 65 63 68 32 00 83 00 00 00 22 03  pass  

 Set DUKPT Key Encryption Type...

2017/6/14 16:14:54.702 [TX] - 56 69 56 4F 74 65 63 68 32 00 C7 32 00 01 01 7D DF 
2017/6/14 16:14:54.729 [RX] - 56 69 56 4F 74 65 63 68 32 00 C7 00 00 00 86 6E  pass pass pass  

 Get DUKPT Key Encryption Type...

2017/6/14 16:14:54.949 [TX] - 56 69 56 4F 74 65 63 68 32 00 C7 33 00 00 1A 9B 
2017/6/14 16:14:54.975 [RX] - 56 69 56 4F 74 65 63 68 32 00 C7 00 00 01 01 BC 5E  pass  

 Loading DUKPT key...

2017/6/14 16:14:55.204 [TX] - 56 69 56 4F 74 65 63 68 32 00 80 00 00 65 30 45 43 36 30 46 33 35 31 34 37 45 43 41 30 30 38 38 4B 30 54 44 30 30 4E 30 30 30 30 30 30 38 30 39 43 30 37 41 39 39 31 44 43 38 30 33 34 45 43 31 32 45 31 36 39 43 30 44 35 34 35 35 44 45 41 32 39 34 35 31 34 32 34 37 38 30 38 30 35 36 38 32 33 34 39 38 37 31 32 30 32 33 34 30 30 30 30 30 30 30 30 12 43 
2017/6/14 16:14:55.335 [RX] - 56 69 56 4F 74 65 63 68 32 00 80 00 00 00 B9 DF  pass 
2017/6/14 16:14:55.549 [TX] - 56 69 56 4F 74 65 63 68 32 00 80 00 00 65 31 34 43 45 32 35 35 35 31 34 37 45 43 41 30 30 38 38 4B 30 54 44 30 30 4E 30 30 30 30 30 30 38 30 46 35 30 36 46 36 41 33 44 34 30 38 39 39 45 30 35 35 42 42 35 42 39 45 33 41 44 44 36 30 30 42 38 38 35 33 32 37 37 39 32 32 34 36 30 39 32 36 32 33 41 39 39 37 31 32 36 32 33 34 30 30 30 30 30 30 30 30 35 7F 
2017/6/14 16:14:55.681 [RX] - 56 69 56 4F 74 65 63 68 32 00 80 00 00 00 B9 DF  pass 
2017/6/14 16:14:55.896 [TX] - 56 69 56 4F 74 65 63 68 32 00 80 01 00 58 41 30 30 38 38 4B 30 54 44 30 30 4E 30 30 30 30 43 44 32 46 43 43 36 44 37 39 32 44 33 42 32 34 46 30 38 33 37 42 30 33 32 44 30 38 36 38 46 45 43 39 46 44 44 43 39 43 32 36 33 31 31 35 46 30 44 43 43 34 42 44 42 35 37 43 36 30 33 43 34 32 46 34 41 35 30 34 34 39 97 D5 
2017/6/14 16:14:56.016 [RX] - 56 69 56 4F 74 65 63 68 32 00 80 00 00 00 B9 DF  pass 
2017/6/14 16:14:56.238 [TX] - 56 69 56 4F 74 65 63 68 32 00 81 00 00 71 05 41 30 31 31 32 44 30 54 45 30 30 4E 30 31 30 30 4B 53 31 38 36 32 39 39 34 39 30 31 32 43 30 30 30 34 36 30 30 30 30 31 39 34 34 38 36 43 33 31 36 38 43 41 31 46 42 34 41 38 30 39 45 36 33 39 46 46 39 43 33 42 37 32 36 45 32 34 37 43 35 39 30 42 32 32 38 43 35 44 32 32 36 35 30 46 36 36 39 37 45 38 34 37 41 32 46 38 41 32 37 33 39 33 47 AE 
2017/6/14 16:14:56.395 [RX] - 56 69 56 4F 74 65 63 68 32 00 81 00 00 00 CF 6B  pass 
2017/6/14 16:14:56.610 [TX] - 56 69 56 4F 74 65 63 68 32 00 C7 36 00 01 03 6C 97 
2017/6/14 16:14:56.637 [RX] - 56 69 56 4F 74 65 63 68 32 00 C7 00 00 00 86 6E  pass pass pass  

--- Discover

2017/6/14 16:14:56.859 [TX] - 56 69 56 4F 74 65 63 68 32 00 02 40 00 0A 0A 9F 02 06 00 00 00 00 10 00 18 73 
2017/6/14 16:14:57.670 [RX] - 56 69 56 4F 74 65 63 68 32 00 02 00 01 69 CA DF EE 25 02 00 11 DF EE 23 82 01 0D 02 07 01 80 1F 44 28 00 B1 9B 25 2A 36 35 31 30 2A 2A 2A 2A 2A 2A 2A 2A 30 30 32 36 5E 43 41 52 44 2F 49 4D 41 47 45 20 30 33 20 20 20 20 20 20 20 20 20 20 20 20 20 5E 31 37 31 32 2A 2A 2A 2A 2A 2A 2A 2A 2A 2A 2A 2A 2A 2A 2A 2A 3F 2A EB AB 97 04 89 00 E7 C6 5D BC FB BC F9 B3 B5 CA FC 1F 2C A0 AF 39 EC D2 C0 84 15 E4 E9 B9 9D 06 A3 BB B0 91 70 E1 76 B2 C2 17 90 88 84 22 A8 3C D7 12 EA B5 DC A4 A7 0B 5D A0 65 9B C1 73 09 31 92 1F 7B 23 2E F6 FA 1D A4 0A 65 19 BB E1 39 4D 80 EC E5 50 73 BB BD 82 99 65 D2 EF E2 91 26 97 BA 56 C4 62 C8 18 70 F2 DE 1C AC 97 95 6C 0E 48 5E 8C 9F BB 62 EE 55 E7 47 B1 43 94 B2 D7 F4 31 51 48 AB 78 7E 8B 8D 05 DC 8A C9 07 9E FC 98 53 27 0B ED B9 10 02 52 D6 AA D8 46 CB 85 69 24 FE 7C 93 52 0B 36 DA D9 25 36 30 36 54 31 32 33 34 35 36 62 99 49 01 2C 00 04 60 00 01 08 7C 03 9F 39 01 90 FF EE 01 04 DF 30 01 0C DF EE 26 01 CA DF EF  Discover MagStripe card - pass 4C 06 00 27 00 00 00 00 DF EF 4D 30 80 EC E5 50 73 BB BD 82 99 65 D2 EF E2 91 26 97 BA 56 C4 62 C8 18 70 F2 DE 1C AC 97 95 6C 0E 48 B7 1A B8 7F AC E6 E2 4A C3 20 46 B2 D2 5A 73 9F 15 3F  

 Erase All Keys...

2017/6/14 16:14:58.572 [TX] - 56 69 56 4F 74 65 63 68 32 00 83 00 00 00 03 22 
2017/6/14 16:14:58.598 [RX] - 56 69 56 4F 74 65 63 68 32 00 83 00 00 00 22 03  pass  

 Set DUKPT Key Encryption Type...

2017/6/14 16:14:58.818 [TX] - 56 69 56 4F 74 65 63 68 32 00 C7 32 00 01 01 7D DF 
2017/6/14 16:14:58.844 [RX] - 56 69 56 4F 74 65 63 68 32 00 C7 00 00 00 86 6E  pass pass pass  

 Get DUKPT Key Encryption Type...

2017/6/14 16:14:59.071 [TX] - 56 69 56 4F 74 65 63 68 32 00 C7 33 00 00 1A 9B 
2017/6/14 16:14:59.096 [RX] - 56 69 56 4F 74 65 63 68 32 00 C7 00 00 01 01 BC 5E  pass  

 Loading DUKPT key...

2017/6/14 16:14:59.323 [TX] - 56 69 56 4F 74 65 63 68 32 00 80 00 00 65 30 45 43 36 30 46 33 35 31 34 37 45 43 41 30 30 38 38 4B 30 54 44 30 30 4E 30 30 30 30 30 30 38 30 39 43 30 37 41 39 39 31 44 43 38 30 33 34 45 43 31 32 45 31 36 39 43 30 44 35 34 35 35 44 45 41 32 39 34 35 31 34 32 34 37 38 30 38 30 35 36 38 32 33 34 39 38 37 31 32 30 32 33 34 30 30 30 30 30 30 30 30 12 43 
2017/6/14 16:14:59.454 [RX] - 56 69 56 4F 74 65 63 68 32 00 80 00 00 00 B9 DF  pass 
2017/6/14 16:14:59.668 [TX] - 56 69 56 4F 74 65 63 68 32 00 80 00 00 65 31 34 43 45 32 35 35 35 31 34 37 45 43 41 30 30 38 38 4B 30 54 44 30 30 4E 30 30 30 30 30 30 38 30 46 35 30 36 46 36 41 33 44 34 30 38 39 39 45 30 35 35 42 42 35 42 39 45 33 41 44 44 36 30 30 42 38 38 35 33 32 37 37 39 32 32 34 36 30 39 32 36 32 33 41 39 39 37 31 32 36 32 33 34 30 30 30 30 30 30 30 30 35 7F 
2017/6/14 16:14:59.800 [RX] - 56 69 56 4F 74 65 63 68 32 00 80 00 00 00 B9 DF  pass 
2017/6/14 16:15:00.015 [TX] - 56 69 56 4F 74 65 63 68 32 00 80 01 00 58 41 30 30 38 38 4B 30 54 44 30 30 4E 30 30 30 30 43 44 32 46 43 43 36 44 37 39 32 44 33 42 32 34 46 30 38 33 37 42 30 33 32 44 30 38 36 38 46 45 43 39 46 44 44 43 39 43 32 36 33 31 31 35 46 30 44 43 43 34 42 44 42 35 37 43 36 30 33 43 34 32 46 34 41 35 30 34 34 39 97 D5 
2017/6/14 16:15:00.135 [RX] - 56 69 56 4F 74 65 63 68 32 00 80 00 00 00 B9 DF  pass 
2017/6/14 16:15:00.350 [TX] - 56 69 56 4F 74 65 63 68 32 00 81 00 00 71 05 41 30 31 31 32 44 30 54 45 30 30 4E 30 31 30 30 4B 53 31 38 36 32 39 39 34 39 30 31 32 43 30 30 30 34 36 30 30 30 30 31 39 34 34 38 36 43 33 31 36 38 43 41 31 46 42 34 41 38 30 39 45 36 33 39 46 46 39 43 33 42 37 32 36 45 32 34 37 43 35 39 30 42 32 32 38 43 35 44 32 32 36 35 30 46 36 36 39 37 45 38 34 37 41 32 46 38 41 32 37 33 39 33 47 AE 
2017/6/14 16:15:00.507 [RX] - 56 69 56 4F 74 65 63 68 32 00 81 00 00 00 CF 6B  pass 
2017/6/14 16:15:00.722 [TX] - 56 69 56 4F 74 65 63 68 32 00 C7 36 00 01 03 6C 97 
2017/6/14 16:15:00.749 [RX] - 56 69 56 4F 74 65 63 68 32 00 C7 00 00 00 86 6E  pass pass pass  

--- JIS1

2017/6/14 16:15:00.971 [TX] - 56 69 56 4F 74 65 63 68 32 00 02 40 00 0A 0A 9F 02 06 00 00 00 00 10 00 18 73 
2017/6/14 16:15:01.842 [RX] - 56 69 56 4F 74 65 63 68 32 00 02 00 00 CA CA DF EE 25 02 00 11 DF EE 23 81 AD 02 A7 00 86 1F 48 28 00 91 92 7F 61 39 30 30 30 30 30 30 30 32 31 31 31 31 31 32 33 34 35 36 37 38 39 30 31 32 32 32 32 32 33 33 33 33 33 34 34 34 34 34 35 35 35 35 35 36 36 36 36 36 37 37 37 37 37 38 38 38 38 38 39 39 39 39 39 30 30 30 30 7F 15 4D 19 79 DD 8B A6 19 6F 3D E5 D8 E0 3B 61 32 7E 83 A4 5C 5A ED 44 3F ED B5 BA CE D4 D6 75 C9 8D 11 1F 33 90 E5 AC 58 02 00 23 DB 9F E1 90 46 8E 69 E4 C5 3F F7 53 B0 2E 12 21 1F 5E 75 13 6C 76 51 C4 63 62 36 30 36 54 31 32 33 34 35 36 62 99 49 01 2C 00 04 60 00 01 5E 34 03 9F 39 01 90 FF EE 01 04 DF 30 01 0C DF EE 26 01 CA A6 34  

 Erase All Keys...

2017/6/14 16:15:02.577 [TX] - 56 69 56 4F 74 65 63 68 32 00 83 00 00 00 03 22 
2017/6/14 16:15:02.602 [RX] - 56 69 56 4F 74 65 63 68 32 00 83 00 00 00 22 03  pass  

 Set DUKPT Key Encryption Type...

2017/6/14 16:15:02.822 [TX] - 56 69 56 4F 74 65 63 68 32 00 C7 32 00 01 01 7D DF 
2017/6/14 16:15:02.849 [RX] - 56 69 56 4F 74 65 63 68 32 00 C7 00 00 00 86 6E  pass pass pass  

 Get DUKPT Key Encryption Type...

2017/6/14 16:15:03.069 [TX] - 56 69 56 4F 74 65 63 68 32 00 C7 33 00 00 1A 9B 
2017/6/14 16:15:03.094 [RX] - 56 69 56 4F 74 65 63 68 32 00 C7 00 00 01 01 BC 5E  pass  

 Loading DUKPT key...

2017/6/14 16:15:03.327 [TX] - 56 69 56 4F 74 65 63 68 32 00 80 00 00 65 30 45 43 36 30 46 33 35 31 34 37 45 43 41 30 30 38 38 4B 30 54 44 30 30 4E 30 30 30 30 30 30 38 30 39 43 30 37 41 39 39 31 44 43 38 30 33 34 45 43 31 32 45 31 36 39 43 30 44 35 34 35 35 44 45 41 32 39 34 35 31 34 32 34 37 38 30 38 30 35 36 38 32 33 34 39 38 37 31 32 30 32 33 34 30 30 30 30 30 30 30 30 12 43 
2017/6/14 16:15:03.458 [RX] - 56 69 56 4F 74 65 63 68 32 00 80 00 00 00 B9 DF  pass 
2017/6/14 16:15:03.675 [TX] - 56 69 56 4F 74 65 63 68 32 00 80 00 00 65 31 34 43 45 32 35 35 35 31 34 37 45 43 41 30 30 38 38 4B 30 54 44 30 30 4E 30 30 30 30 30 30 38 30 46 35 30 36 46 36 41 33 44 34 30 38 39 39 45 30 35 35 42 42 35 42 39 45 33 41 44 44 36 30 30 42 38 38 35 33 32 37 37 39 32 32 34 36 30 39 32 36 32 33 41 39 39 37 31 32 36 32 33 34 30 30 30 30 30 30 30 30 35 7F 
2017/6/14 16:15:03.807 [RX] - 56 69 56 4F 74 65 63 68 32 00 80 00 00 00 B9 DF  pass 
2017/6/14 16:15:04.024 [TX] - 56 69 56 4F 74 65 63 68 32 00 80 01 00 58 41 30 30 38 38 4B 30 54 44 30 30 4E 30 30 30 30 43 44 32 46 43 43 36 44 37 39 32 44 33 42 32 34 46 30 38 33 37 42 30 33 32 44 30 38 36 38 46 45 43 39 46 44 44 43 39 43 32 36 33 31 31 35 46 30 44 43 43 34 42 44 42 35 37 43 36 30 33 43 34 32 46 34 41 35 30 34 34 39 97 D5 
2017/6/14 16:15:04.143 [RX] - 56 69 56 4F 74 65 63 68 32 00 80 00 00 00 B9 DF  pass 
2017/6/14 16:15:04.359 [TX] - 56 69 56 4F 74 65 63 68 32 00 81 00 00 71 05 41 30 31 31 32 44 30 54 45 30 30 4E 30 31 30 30 4B 53 31 38 36 32 39 39 34 39 30 31 32 43 30 30 30 34 36 30 30 30 30 31 39 34 34 38 36 43 33 31 36 38 43 41 31 46 42 34 41 38 30 39 45 36 33 39 46 46 39 43 33 42 37 32 36 45 32 34 37 43 35 39 30 42 32 32 38 43 35 44 32 32 36 35 30 46 36 36 39 37 45 38 34 37 41 32 46 38 41 32 37 33 39 33 47 AE 
2017/6/14 16:15:04.515 [RX] - 56 69 56 4F 74 65 63 68 32 00 81 00 00 00 CF 6B  pass 
2017/6/14 16:15:04.732 [TX] - 56 69 56 4F 74 65 63 68 32 00 C7 36 00 01 03 6C 97 
2017/6/14 16:15:04.758 [RX] - 56 69 56 4F 74 65 63 68 32 00 C7 00 00 00 86 6E  pass pass pass  

--- JIS2

2017/6/14 16:15:04.981 [TX] - 56 69 56 4F 74 65 63 68 32 00 02 40 00 0A 0A 9F 02 06 00 00 00 00 10 00 18 73 
2017/6/14 16:15:05.794 [RX] - 56 69 56 4F 74 65 63 68 32 00 02 00 00 A2 CA DF EE 25 02 00 11 DF EE 23 81 85 02 7F 00 85 17 00 48 00 90 92 AD 3C 22 E2 C6 2F 85 92 BC 92 E0 02 49 84 BF 76 01 B7 56 66 82 79 1E 13 A9 8C E7 D5 80 D3 5E DB BE 08 75 39 E5 B4 56 B8 AF BC 64 19 0C 41 86 84 AB CA 43 D6 3C BB 07 34 CE E5 C2 2D 4E 01 1E AD 31 3D E0 85 16 26 87 CA 3B 0F 45 BD 6D BB 78 CC 22 53 BB 7F 5A 95 59 55 40 72 53 C1 06 B4 33 86 42 44 BF EC 36 30 36 54 31 32 33 34 35 36 62 99 49 01 2C 00 04 60 00 01 B5 ED 03 9F 39 01 90 FF EE 01 04 DF 30 01 0C DF EE 26 01 CA DD CE  

 Erase All Keys...

2017/6/14 16:15:06.488 [TX] - 56 69 56 4F 74 65 63 68 32 00 83 00 00 00 03 22 
2017/6/14 16:15:06.513 [RX] - 56 69 56 4F 74 65 63 68 32 00 83 00 00 00 22 03  pass  

 Set DUKPT Key Encryption Type...

2017/6/14 16:15:06.730 [TX] - 56 69 56 4F 74 65 63 68 32 00 C7 32 00 01 01 7D DF 
2017/6/14 16:15:06.757 [RX] - 56 69 56 4F 74 65 63 68 32 00 C7 00 00 00 86 6E  pass pass pass  

 Get DUKPT Key Encryption Type...

2017/6/14 16:15:06.983 [TX] - 56 69 56 4F 74 65 63 68 32 00 C7 33 00 00 1A 9B 
2017/6/14 16:15:07.008 [RX] - 56 69 56 4F 74 65 63 68 32 00 C7 00 00 01 01 BC 5E  pass  

 Loading DUKPT key...

2017/6/14 16:15:07.236 [TX] - 56 69 56 4F 74 65 63 68 32 00 80 00 00 65 30 45 43 36 30 46 33 35 31 34 37 45 43 41 30 30 38 38 4B 30 54 44 30 30 4E 30 30 30 30 30 30 38 30 39 43 30 37 41 39 39 31 44 43 38 30 33 34 45 43 31 32 45 31 36 39 43 30 44 35 34 35 35 44 45 41 32 39 34 35 31 34 32 34 37 38 30 38 30 35 36 38 32 33 34 39 38 37 31 32 30 32 33 34 30 30 30 30 30 30 30 30 12 43 
2017/6/14 16:15:07.367 [RX] - 56 69 56 4F 74 65 63 68 32 00 80 00 00 00 B9 DF  pass 
2017/6/14 16:15:07.585 [TX] - 56 69 56 4F 74 65 63 68 32 00 80 00 00 65 31 34 43 45 32 35 35 35 31 34 37 45 43 41 30 30 38 38 4B 30 54 44 30 30 4E 30 30 30 30 30 30 38 30 46 35 30 36 46 36 41 33 44 34 30 38 39 39 45 30 35 35 42 42 35 42 39 45 33 41 44 44 36 30 30 42 38 38 35 33 32 37 37 39 32 32 34 36 30 39 32 36 32 33 41 39 39 37 31 32 36 32 33 34 30 30 30 30 30 30 30 30 35 7F 
2017/6/14 16:15:07.716 [RX] - 56 69 56 4F 74 65 63 68 32 00 80 00 00 00 B9 DF  pass 
2017/6/14 16:15:07.932 [TX] - 56 69 56 4F 74 65 63 68 32 00 80 01 00 58 41 30 30 38 38 4B 30 54 44 30 30 4E 30 30 30 30 43 44 32 46 43 43 36 44 37 39 32 44 33 42 32 34 46 30 38 33 37 42 30 33 32 44 30 38 36 38 46 45 43 39 46 44 44 43 39 43 32 36 33 31 31 35 46 30 44 43 43 34 42 44 42 35 37 43 36 30 33 43 34 32 46 34 41 35 30 34 34 39 97 D5 
2017/6/14 16:15:08.052 [RX] - 56 69 56 4F 74 65 63 68 32 00 80 00 00 00 B9 DF  pass 
2017/6/14 16:15:08.267 [TX] - 56 69 56 4F 74 65 63 68 32 00 81 00 00 71 05 41 30 31 31 32 44 30 54 45 30 30 4E 30 31 30 30 4B 53 31 38 36 32 39 39 34 39 30 31 32 43 30 30 30 34 36 30 30 30 30 31 39 34 34 38 36 43 33 31 36 38 43 41 31 46 42 34 41 38 30 39 45 36 33 39 46 46 39 43 33 42 37 32 36 45 32 34 37 43 35 39 30 42 32 32 38 43 35 44 32 32 36 35 30 46 36 36 39 37 45 38 34 37 41 32 46 38 41 32 37 33 39 33 47 AE 
2017/6/14 16:15:08.423 [RX] - 56 69 56 4F 74 65 63 68 32 00 81 00 00 00 CF 6B  pass 
2017/6/14 16:15:08.640 [TX] - 56 69 56 4F 74 65 63 68 32 00 C7 36 00 01 03 6C 97 
2017/6/14 16:15:08.666 [RX] - 56 69 56 4F 74 65 63 68 32 00 C7 00 00 00 86 6E  pass pass pass  

--- AAMVA

2017/6/14 16:15:08.889 [TX] - 56 69 56 4F 74 65 63 68 32 00 02 40 00 0A 0A 9F 02 06 00 00 00 00 10 00 18 73 
2017/6/14 16:15:09.696 [RX] - 56 69 56 4F 74 65 63 68 32 00 02 00 00 B2 CA DF EE 25 02 00 11 DF EE 23 81 95 02 8F 00 81 1F 30 23 00 91 92 25 4E 59 4E 45 57 20 59 4F 52 4B 5E 4C 45 45 24 42 52 55 43 45 24 4A 52 5E 36 35 35 20 4E 2E 20 42 45 52 52 59 20 53 54 2E 2C 20 23 4B 5E 3F 52 0B E0 70 18 8B 57 3E 1A 9B FD D2 6A 2A 2D 21 52 27 B3 A8 C8 BB 41 E9 64 DA 9F EA C9 16 A2 E7 83 2E A3 DE 89 E9 68 29 23 87 39 4D D2 C3 FD 40 50 C6 43 6C 69 1F 94 5A A3 C8 0D A2 0E 46 A0 28 5F 0C BA 2A 32 36 30 36 54 31 32 33 34 35 36 62 99 49 01 2C 00 04 60 00 01 09 63 03 9F 39 01 90 FF EE 01 04 DF 30 01 0C DF EE 26 01 CA E1 CE  

 Erase All Keys...

2017/6/14 16:15:10.407 [TX] - 56 69 56 4F 74 65 63 68 32 00 83 00 00 00 03 22 
2017/6/14 16:15:10.433 [RX] - 56 69 56 4F 74 65 63 68 32 00 83 00 00 00 22 03  pass  

 Set DUKPT Key Encryption Type...

2017/6/14 16:15:10.654 [TX] - 56 69 56 4F 74 65 63 68 32 00 C7 32 00 01 01 7D DF 
2017/6/14 16:15:10.681 [RX] - 56 69 56 4F 74 65 63 68 32 00 C7 00 00 00 86 6E  pass pass pass  

 Get DUKPT Key Encryption Type...

2017/6/14 16:15:10.903 [TX] - 56 69 56 4F 74 65 63 68 32 00 C7 33 00 00 1A 9B 
2017/6/14 16:15:10.929 [RX] - 56 69 56 4F 74 65 63 68 32 00 C7 00 00 01 01 BC 5E  pass  

 Loading DUKPT key...

2017/6/14 16:15:11.158 [TX] - 56 69 56 4F 74 65 63 68 32 00 80 00 00 65 30 45 43 36 30 46 33 35 31 34 37 45 43 41 30 30 38 38 4B 30 54 44 30 30 4E 30 30 30 30 30 30 38 30 39 43 30 37 41 39 39 31 44 43 38 30 33 34 45 43 31 32 45 31 36 39 43 30 44 35 34 35 35 44 45 41 32 39 34 35 31 34 32 34 37 38 30 38 30 35 36 38 32 33 34 39 38 37 31 32 30 32 33 34 30 30 30 30 30 30 30 30 12 43 
2017/6/14 16:15:11.289 [RX] - 56 69 56 4F 74 65 63 68 32 00 80 00 00 00 B9 DF  pass 
2017/6/14 16:15:11.505 [TX] - 56 69 56 4F 74 65 63 68 32 00 80 00 00 65 31 34 43 45 32 35 35 35 31 34 37 45 43 41 30 30 38 38 4B 30 54 44 30 30 4E 30 30 30 30 30 30 38 30 46 35 30 36 46 36 41 33 44 34 30 38 39 39 45 30 35 35 42 42 35 42 39 45 33 41 44 44 36 30 30 42 38 38 35 33 32 37 37 39 32 32 34 36 30 39 32 36 32 33 41 39 39 37 31 32 36 32 33 34 30 30 30 30 30 30 30 30 35 7F 
2017/6/14 16:15:11.636 [RX] - 56 69 56 4F 74 65 63 68 32 00 80 00 00 00 B9 DF  pass 
2017/6/14 16:15:11.852 [TX] - 56 69 56 4F 74 65 63 68 32 00 80 01 00 58 41 30 30 38 38 4B 30 54 44 30 30 4E 30 30 30 30 43 44 32 46 43 43 36 44 37 39 32 44 33 42 32 34 46 30 38 33 37 42 30 33 32 44 30 38 36 38 46 45 43 39 46 44 44 43 39 43 32 36 33 31 31 35 46 30 44 43 43 34 42 44 42 35 37 43 36 30 33 43 34 32 46 34 41 35 30 34 34 39 97 D5 
2017/6/14 16:15:11.972 [RX] - 56 69 56 4F 74 65 63 68 32 00 80 00 00 00 B9 DF  pass 
2017/6/14 16:15:12.188 [TX] - 56 69 56 4F 74 65 63 68 32 00 81 00 00 71 05 41 30 31 31 32 44 30 54 45 30 30 4E 30 31 30 30 4B 53 31 38 36 32 39 39 34 39 30 31 32 43 30 30 30 34 36 30 30 30 30 31 39 34 34 38 36 43 33 31 36 38 43 41 31 46 42 34 41 38 30 39 45 36 33 39 46 46 39 43 33 42 37 32 36 45 32 34 37 43 35 39 30 42 32 32 38 43 35 44 32 32 36 35 30 46 36 36 39 37 45 38 34 37 41 32 46 38 41 32 37 33 39 33 47 AE 
2017/6/14 16:15:12.345 [RX] - 56 69 56 4F 74 65 63 68 32 00 81 00 00 00 CF 6B  pass 
2017/6/14 16:15:12.561 [TX] - 56 69 56 4F 74 65 63 68 32 00 C7 36 00 01 03 6C 97 
2017/6/14 16:15:12.587 [RX] - 56 69 56 4F 74 65 63 68 32 00 C7 00 00 00 86 6E  pass pass pass  

--- Gift card

2017/6/14 16:15:12.810 [TX] - 56 69 56 4F 74 65 63 68 32 00 02 40 00 0A 0A 9F 02 06 00 00 00 00 10 00 18 73 
2017/6/14 16:15:13.637 [RX] - 56 69 56 4F 74 65 63 68 32 00 02 00 01 51 CA DF EE 25 02 00 11 DF EE 23 81 F6 02 F0 00 80 1F 3D 26 00 91 9B 25 2A 36 30 30 36 2A 2A 2A 2A 2A 2A 2A 2A 2A 2A 2A 37 31 34 37 5E 30 37 36 37 35 30 30 39 39 30 32 24 30 30 30 30 30 24 20 20 20 20 20 20 20 20 5E 38 30 31 32 2A 2A 2A 2A 2A 2A 3F 2A E0 4D 8F BE B3 93 13 D2 2C 08 74 3D A8 CE 58 33 B7 78 FC 72 B7 25 08 0F 5E 8C 6F 1C 76 C8 39 DA 3C E5 1F E5 54 C5 F1 84 54 2D 58 6B 7B CC 70 A9 B7 5C 96 BE 0B 1F B9 A6 6A 5C 98 19 79 36 C9 F4 F3 5B 62 F8 16 11 B5 DE B1 1E 8B 5F 66 A1 3E 68 3E D5 52 15 E3 A7 46 0E 15 C4 20 92 B0 9C 85 3C 9C 8B B6 6E 9E B2 28 FE D6 F8 FA 04 D4 1A D6 E9 4F 96 8D 11 4A 72 0C 4F 3F 7F 90 8C E8 2E DC 54 F5 7D EE DF F5 7B 99 7B D5 25 11 FE 3A 50 34 80 4E 98 D6 B4 D6 2C C9 45 36 30 36 54 31 32 33 34 35 36 62 99 49 01 2C 00 04 60 00 01 FF 87 03 9F 39 01 90 FF EE 01 04 DF 30 01 0C DF EE 26 01 CA DF EF 4C 06 00 25 00 00 00 00 DF EF 4D 30 F3 5B 62 F8 16 11 B5 DE B1 1E 8B 5F 66 A1 3E 68 3E D5 52 15 E3 A7 46 0E 15 C4 20 92 B0 9C 85 3C 6B C0 1C 66 91 2B EB 34 3F D4 2F 6D 65 61 32 23 EA 78  

 Erase All Keys...

2017/6/14 16:15:14.449 [TX] - 56 69 56 4F 74 65 63 68 32 00 83 00 00 00 03 22 
2017/6/14 16:15:14.474 [RX] - 56 69 56 4F 74 65 63 68 32 00 83 00 00 00 22 03  pass  

 Set DUKPT Key Encryption Type...

2017/6/14 16:15:14.694 [TX] - 56 69 56 4F 74 65 63 68 32 00 C7 32 00 01 01 7D DF 
2017/6/14 16:15:14.721 [RX] - 56 69 56 4F 74 65 63 68 32 00 C7 00 00 00 86 6E  pass pass pass  

 Get DUKPT Key Encryption Type...

2017/6/14 16:15:14.940 [TX] - 56 69 56 4F 74 65 63 68 32 00 C7 33 00 00 1A 9B 
2017/6/14 16:15:14.966 [RX] - 56 69 56 4F 74 65 63 68 32 00 C7 00 00 01 01 BC 5E  pass  

 Loading DUKPT key...

2017/6/14 16:15:15.193 [TX] - 56 69 56 4F 74 65 63 68 32 00 80 00 00 65 30 45 43 36 30 46 33 35 31 34 37 45 43 41 30 30 38 38 4B 30 54 44 30 30 4E 30 30 30 30 30 30 38 30 39 43 30 37 41 39 39 31 44 43 38 30 33 34 45 43 31 32 45 31 36 39 43 30 44 35 34 35 35 44 45 41 32 39 34 35 31 34 32 34 37 38 30 38 30 35 36 38 32 33 34 39 38 37 31 32 30 32 33 34 30 30 30 30 30 30 30 30 12 43 
2017/6/14 16:15:15.324 [RX] - 56 69 56 4F 74 65 63 68 32 00 80 00 00 00 B9 DF  pass 
2017/6/14 16:15:15.539 [TX] - 56 69 56 4F 74 65 63 68 32 00 80 00 00 65 31 34 43 45 32 35 35 35 31 34 37 45 43 41 30 30 38 38 4B 30 54 44 30 30 4E 30 30 30 30 30 30 38 30 46 35 30 36 46 36 41 33 44 34 30 38 39 39 45 30 35 35 42 42 35 42 39 45 33 41 44 44 36 30 30 42 38 38 35 33 32 37 37 39 32 32 34 36 30 39 32 36 32 33 41 39 39 37 31 32 36 32 33 34 30 30 30 30 30 30 30 30 35 7F 
2017/6/14 16:15:15.671 [RX] - 56 69 56 4F 74 65 63 68 32 00 80 00 00 00 B9 DF  pass 
2017/6/14 16:15:15.886 [TX] - 56 69 56 4F 74 65 63 68 32 00 80 01 00 58 41 30 30 38 38 4B 30 54 44 30 30 4E 30 30 30 30 43 44 32 46 43 43 36 44 37 39 32 44 33 42 32 34 46 30 38 33 37 42 30 33 32 44 30 38 36 38 46 45 43 39 46 44 44 43 39 43 32 36 33 31 31 35 46 30 44 43 43 34 42 44 42 35 37 43 36 30 33 43 34 32 46 34 41 35 30 34 34 39 97 D5 
2017/6/14 16:15:16.006 [RX] - 56 69 56 4F 74 65 63 68 32 00 80 00 00 00 B9 DF  pass 
2017/6/14 16:15:16.222 [TX] - 56 69 56 4F 74 65 63 68 32 00 81 00 00 71 05 41 30 31 31 32 44 30 54 45 30 30 4E 30 31 30 30 4B 53 31 38 36 32 39 39 34 39 30 31 32 43 30 30 30 34 36 30 30 30 30 31 39 34 34 38 36 43 33 31 36 38 43 41 31 46 42 34 41 38 30 39 45 36 33 39 46 46 39 43 33 42 37 32 36 45 32 34 37 43 35 39 30 42 32 32 38 43 35 44 32 32 36 35 30 46 36 36 39 37 45 38 34 37 41 32 46 38 41 32 37 33 39 33 47 AE 
2017/6/14 16:15:16.379 [RX] - 56 69 56 4F 74 65 63 68 32 00 81 00 00 00 CF 6B  pass 
2017/6/14 16:15:16.595 [TX] - 56 69 56 4F 74 65 63 68 32 00 C7 36 00 01 03 6C 97 
2017/6/14 16:15:16.622 [RX] - 56 69 56 4F 74 65 63 68 32 00 C7 00 00 00 86 6E  pass pass pass  

--- Real card (PAN=11)

2017/6/14 16:15:16.844 [TX] - 56 69 56 4F 74 65 63 68 32 00 02 40 00 0A 0A 9F 02 06 00 00 00 00 10 00 18 73 
2017/6/14 16:15:17.744 [RX] - 56 69 56 4F 74 65 63 68 32 00 02 00 00 6E CA DF EE 25 02 00 11 DF EE 23 52 02 4C 00 83 0F 3B 00 00 91 00 25 42 34 30 37 31 36 36 32 31 30 34 36 5E 44 4F 57 2F 4A 4F 48 4E 20 5E 31 37 31 31 32 30 31 31 32 37 38 37 31 31 30 30 30 30 30 30 30 30 38 34 39 30 30 30 30 30 30 3F 20 3F 3F 36 30 36 54 31 32 33 34 35 36 65 2D 03 9F 39 01 90 FF EE 01 04 DF 30 01 0C DF EE 26 01 CA AD 3A  

 Erase All Keys...

2017/6/14 16:15:18.382 [TX] - 56 69 56 4F 74 65 63 68 32 00 83 00 00 00 03 22 
2017/6/14 16:15:18.407 [RX] - 56 69 56 4F 74 65 63 68 32 00 83 00 00 00 22 03  pass  

 Set DUKPT Key Encryption Type...

2017/6/14 16:15:18.629 [TX] - 56 69 56 4F 74 65 63 68 32 00 C7 32 00 01 01 7D DF 
2017/6/14 16:15:18.656 [RX] - 56 69 56 4F 74 65 63 68 32 00 C7 00 00 00 86 6E  pass pass pass  

 Get DUKPT Key Encryption Type...

2017/6/14 16:15:18.876 [TX] - 56 69 56 4F 74 65 63 68 32 00 C7 33 00 00 1A 9B 
2017/6/14 16:15:18.902 [RX] - 56 69 56 4F 74 65 63 68 32 00 C7 00 00 01 01 BC 5E  pass  

 Loading DUKPT key...

2017/6/14 16:15:19.128 [TX] - 56 69 56 4F 74 65 63 68 32 00 80 00 00 65 30 45 43 36 30 46 33 35 31 34 37 45 43 41 30 30 38 38 4B 30 54 44 30 30 4E 30 30 30 30 30 30 38 30 39 43 30 37 41 39 39 31 44 43 38 30 33 34 45 43 31 32 45 31 36 39 43 30 44 35 34 35 35 44 45 41 32 39 34 35 31 34 32 34 37 38 30 38 30 35 36 38 32 33 34 39 38 37 31 32 30 32 33 34 30 30 30 30 30 30 30 30 12 43 
2017/6/14 16:15:19.259 [RX] - 56 69 56 4F 74 65 63 68 32 00 80 00 00 00 B9 DF  pass 
2017/6/14 16:15:19.473 [TX] - 56 69 56 4F 74 65 63 68 32 00 80 00 00 65 31 34 43 45 32 35 35 35 31 34 37 45 43 41 30 30 38 38 4B 30 54 44 30 30 4E 30 30 30 30 30 30 38 30 46 35 30 36 46 36 41 33 44 34 30 38 39 39 45 30 35 35 42 42 35 42 39 45 33 41 44 44 36 30 30 42 38 38 35 33 32 37 37 39 32 32 34 36 30 39 32 36 32 33 41 39 39 37 31 32 36 32 33 34 30 30 30 30 30 30 30 30 35 7F 
2017/6/14 16:15:19.605 [RX] - 56 69 56 4F 74 65 63 68 32 00 80 00 00 00 B9 DF  pass 
2017/6/14 16:15:19.819 [TX] - 56 69 56 4F 74 65 63 68 32 00 80 01 00 58 41 30 30 38 38 4B 30 54 44 30 30 4E 30 30 30 30 43 44 32 46 43 43 36 44 37 39 32 44 33 42 32 34 46 30 38 33 37 42 30 33 32 44 30 38 36 38 46 45 43 39 46 44 44 43 39 43 32 36 33 31 31 35 46 30 44 43 43 34 42 44 42 35 37 43 36 30 33 43 34 32 46 34 41 35 30 34 34 39 97 D5 
2017/6/14 16:15:19.939 [RX] - 56 69 56 4F 74 65 63 68 32 00 80 00 00 00 B9 DF  pass 
2017/6/14 16:15:20.154 [TX] - 56 69 56 4F 74 65 63 68 32 00 81 00 00 71 05 41 30 31 31 32 44 30 54 45 30 30 4E 30 31 30 30 4B 53 31 38 36 32 39 39 34 39 30 31 32 43 30 30 30 34 36 30 30 30 30 31 39 34 34 38 36 43 33 31 36 38 43 41 31 46 42 34 41 38 30 39 45 36 33 39 46 46 39 43 33 42 37 32 36 45 32 34 37 43 35 39 30 42 32 32 38 43 35 44 32 32 36 35 30 46 36 36 39 37 45 38 34 37 41 32 46 38 41 32 37 33 39 33 47 AE 
2017/6/14 16:15:20.311 [RX] - 56 69 56 4F 74 65 63 68 32 00 81 00 00 00 CF 6B  pass 
2017/6/14 16:15:20.527 [TX] - 56 69 56 4F 74 65 63 68 32 00 C7 36 00 01 03 6C 97 
2017/6/14 16:15:20.554 [RX] - 56 69 56 4F 74 65 63 68 32 00 C7 00 00 00 86 6E  pass pass pass  

--- Real card (PAN=12)

2017/6/14 16:15:20.775 [TX] - 56 69 56 4F 74 65 63 68 32 00 02 40 00 0A 0A 9F 02 06 00 00 00 00 10 00 18 73 
2017/6/14 16:15:21.634 [RX] - 56 69 56 4F 74 65 63 68 32 00 02 00 00 DA CA DF EE 25 02 00 11 DF EE 23 81 AF 02 A9 00 80 0F 3A 00 00 B1 89 25 2A 34 30 37 31 2A 2A 2A 2A 30 34 36 39 5E 44 4F 57 2F 4A 4F 48 4E 20 5E 31 37 31 31 2A 2A 2A 2A 2A 2A 2A 2A 2A 2A 2A 2A 2A 2A 2A 2A 2A 2A 2A 2A 2A 2A 2A 2A 2A 2A 2A 3F 2A F0 0E FF E6 79 1D 1A E1 DB C2 A6 AE FF 6A E1 B5 B1 9F AD DA 2C 90 CD 5B 71 AC EA CC AD 6F 05 1B C0 C9 15 01 B2 6E B3 29 18 44 51 C5 9E 6B 65 1F 50 55 55 75 8C D8 26 E9 4D 70 7B AF 8E E1 FF 11 2C D5 16 64 84 CA B1 DF 2A 0A 61 CB CB 1A 0C 82 05 67 C2 64 36 30 36 54 31 32 33 34 35 36 62 99 49 01 2C 00 04 60 00 01 F7 27 03 9F 39 01 90 FF EE 01 04 DF 30 01 0C DF EE 26 01 CA DF EF 4C 06 00 00 00 00 00 00 DF EF 4D 00 A8 B3  

 Erase All Keys...

2017/6/14 16:15:22.372 [TX] - 56 69 56 4F 74 65 63 68 32 00 83 00 00 00 03 22 
2017/6/14 16:15:22.398 [RX] - 56 69 56 4F 74 65 63 68 32 00 83 00 00 00 22 03  pass  

 Set DUKPT Key Encryption Type...

2017/6/14 16:15:22.618 [TX] - 56 69 56 4F 74 65 63 68 32 00 C7 32 00 01 01 7D DF 
2017/6/14 16:15:22.645 [RX] - 56 69 56 4F 74 65 63 68 32 00 C7 00 00 00 86 6E  pass pass pass  

 Get DUKPT Key Encryption Type...

2017/6/14 16:15:22.866 [TX] - 56 69 56 4F 74 65 63 68 32 00 C7 33 00 00 1A 9B 
2017/6/14 16:15:22.891 [RX] - 56 69 56 4F 74 65 63 68 32 00 C7 00 00 01 01 BC 5E  pass  

 Loading DUKPT key...

2017/6/14 16:15:23.118 [TX] - 56 69 56 4F 74 65 63 68 32 00 80 00 00 65 30 45 43 36 30 46 33 35 31 34 37 45 43 41 30 30 38 38 4B 30 54 44 30 30 4E 30 30 30 30 30 30 38 30 39 43 30 37 41 39 39 31 44 43 38 30 33 34 45 43 31 32 45 31 36 39 43 30 44 35 34 35 35 44 45 41 32 39 34 35 31 34 32 34 37 38 30 38 30 35 36 38 32 33 34 39 38 37 31 32 30 32 33 34 30 30 30 30 30 30 30 30 12 43 
2017/6/14 16:15:23.248 [RX] - 56 69 56 4F 74 65 63 68 32 00 80 00 00 00 B9 DF  pass 
2017/6/14 16:15:23.463 [TX] - 56 69 56 4F 74 65 63 68 32 00 80 00 00 65 31 34 43 45 32 35 35 35 31 34 37 45 43 41 30 30 38 38 4B 30 54 44 30 30 4E 30 30 30 30 30 30 38 30 46 35 30 36 46 36 41 33 44 34 30 38 39 39 45 30 35 35 42 42 35 42 39 45 33 41 44 44 36 30 30 42 38 38 35 33 32 37 37 39 32 32 34 36 30 39 32 36 32 33 41 39 39 37 31 32 36 32 33 34 30 30 30 30 30 30 30 30 35 7F 
2017/6/14 16:15:23.595 [RX] - 56 69 56 4F 74 65 63 68 32 00 80 00 00 00 B9 DF  pass 
2017/6/14 16:15:23.810 [TX] - 56 69 56 4F 74 65 63 68 32 00 80 01 00 58 41 30 30 38 38 4B 30 54 44 30 30 4E 30 30 30 30 43 44 32 46 43 43 36 44 37 39 32 44 33 42 32 34 46 30 38 33 37 42 30 33 32 44 30 38 36 38 46 45 43 39 46 44 44 43 39 43 32 36 33 31 31 35 46 30 44 43 43 34 42 44 42 35 37 43 36 30 33 43 34 32 46 34 41 35 30 34 34 39 97 D5 
2017/6/14 16:15:23.930 [RX] - 56 69 56 4F 74 65 63 68 32 00 80 00 00 00 B9 DF  pass 
2017/6/14 16:15:24.145 [TX] - 56 69 56 4F 74 65 63 68 32 00 81 00 00 71 05 41 30 31 31 32 44 30 54 45 30 30 4E 30 31 30 30 4B 53 31 38 36 32 39 39 34 39 30 31 32 43 30 30 30 34 36 30 30 30 30 31 39 34 34 38 36 43 33 31 36 38 43 41 31 46 42 34 41 38 30 39 45 36 33 39 46 46 39 43 33 42 37 32 36 45 32 34 37 43 35 39 30 42 32 32 38 43 35 44 32 32 36 35 30 46 36 36 39 37 45 38 34 37 41 32 46 38 41 32 37 33 39 33 47 AE 
2017/6/14 16:15:24.302 [RX] - 56 69 56 4F 74 65 63 68 32 00 81 00 00 00 CF 6B  pass 
2017/6/14 16:15:24.518 [TX] - 56 69 56 4F 74 65 63 68 32 00 C7 36 00 01 03 6C 97 
2017/6/14 16:15:24.545 [RX] - 56 69 56 4F 74 65 63 68 32 00 C7 00 00 00 86 6E  pass pass pass  

--- Real card (PAN=20)

2017/6/14 16:15:24.767 [TX] - 56 69 56 4F 74 65 63 68 32 00 02 40 00 0A 0A 9F 02 06 00 00 00 00 10 00 18 73 
2017/6/14 16:15:25.630 [RX] - 56 69 56 4F 74 65 63 68 32 00 02 00 00 75 CA DF EE 25 02 00 11 DF EE 23 59 02 53 00 83 0F 42 00 00 91 00 25 42 34 30 37 31 36 36 32 31 30 34 36 39 31 32 33 34 35 36 37 38 5E 44 4F 57 2F 4A 4F 48 4E 20 5E 31 37 31 31 32 30 31 31 32 37 38 37 31 31 30 30 30 30 30 30 30 30 38 34 39 30 30 30 30 30 30 3F 31 36 30 36 54 31 32 33 34 35 36 3C A4 03 9F 39 01 90 FF EE 01 04 DF 30 01 0C DF EE 26 01 CA 59 6F  

 Erase All Keys...

2017/6/14 16:15:26.280 [TX] - 56 69 56 4F 74 65 63 68 32 00 83 00 00 00 03 22 
2017/6/14 16:15:26.306 [RX] - 56 69 56 4F 74 65 63 68 32 00 83 00 00 00 22 03  pass  

 Set DUKPT Key Encryption Type...

2017/6/14 16:15:26.525 [TX] - 56 69 56 4F 74 65 63 68 32 00 C7 32 00 01 01 7D DF 
2017/6/14 16:15:26.552 [RX] - 56 69 56 4F 74 65 63 68 32 00 C7 00 00 00 86 6E  pass pass pass  

 Get DUKPT Key Encryption Type...

2017/6/14 16:15:26.773 [TX] - 56 69 56 4F 74 65 63 68 32 00 C7 33 00 00 1A 9B 
2017/6/14 16:15:26.798 [RX] - 56 69 56 4F 74 65 63 68 32 00 C7 00 00 01 01 BC 5E  pass  

 Loading DUKPT key...

2017/6/14 16:15:27.024 [TX] - 56 69 56 4F 74 65 63 68 32 00 80 00 00 65 30 45 43 36 30 46 33 35 31 34 37 45 43 41 30 30 38 38 4B 30 54 44 30 30 4E 30 30 30 30 30 30 38 30 39 43 30 37 41 39 39 31 44 43 38 30 33 34 45 43 31 32 45 31 36 39 43 30 44 35 34 35 35 44 45 41 32 39 34 35 31 34 32 34 37 38 30 38 30 35 36 38 32 33 34 39 38 37 31 32 30 32 33 34 30 30 30 30 30 30 30 30 12 43 
2017/6/14 16:15:27.155 [RX] - 56 69 56 4F 74 65 63 68 32 00 80 00 00 00 B9 DF  pass 
2017/6/14 16:15:27.370 [TX] - 56 69 56 4F 74 65 63 68 32 00 80 00 00 65 31 34 43 45 32 35 35 35 31 34 37 45 43 41 30 30 38 38 4B 30 54 44 30 30 4E 30 30 30 30 30 30 38 30 46 35 30 36 46 36 41 33 44 34 30 38 39 39 45 30 35 35 42 42 35 42 39 45 33 41 44 44 36 30 30 42 38 38 35 33 32 37 37 39 32 32 34 36 30 39 32 36 32 33 41 39 39 37 31 32 36 32 33 34 30 30 30 30 30 30 30 30 35 7F 
2017/6/14 16:15:27.501 [RX] - 56 69 56 4F 74 65 63 68 32 00 80 00 00 00 B9 DF  pass 
2017/6/14 16:15:27.717 [TX] - 56 69 56 4F 74 65 63 68 32 00 80 01 00 58 41 30 30 38 38 4B 30 54 44 30 30 4E 30 30 30 30 43 44 32 46 43 43 36 44 37 39 32 44 33 42 32 34 46 30 38 33 37 42 30 33 32 44 30 38 36 38 46 45 43 39 46 44 44 43 39 43 32 36 33 31 31 35 46 30 44 43 43 34 42 44 42 35 37 43 36 30 33 43 34 32 46 34 41 35 30 34 34 39 97 D5 
2017/6/14 16:15:27.837 [RX] - 56 69 56 4F 74 65 63 68 32 00 80 00 00 00 B9 DF  pass 
2017/6/14 16:15:28.055 [TX] - 56 69 56 4F 74 65 63 68 32 00 81 00 00 71 05 41 30 31 31 32 44 30 54 45 30 30 4E 30 31 30 30 4B 53 31 38 36 32 39 39 34 39 30 31 32 43 30 30 30 34 36 30 30 30 30 31 39 34 34 38 36 43 33 31 36 38 43 41 31 46 42 34 41 38 30 39 45 36 33 39 46 46 39 43 33 42 37 32 36 45 32 34 37 43 35 39 30 42 32 32 38 43 35 44 32 32 36 35 30 46 36 36 39 37 45 38 34 37 41 32 46 38 41 32 37 33 39 33 47 AE 
2017/6/14 16:15:28.211 [RX] - 56 69 56 4F 74 65 63 68 32 00 81 00 00 00 CF 6B  pass 
2017/6/14 16:15:28.428 [TX] - 56 69 56 4F 74 65 63 68 32 00 C7 36 00 01 03 6C 97 
2017/6/14 16:15:28.454 [RX] - 56 69 56 4F 74 65 63 68 32 00 C7 00 00 00 86 6E  pass pass pass  

--- ISO4909

2017/6/14 16:15:28.677 [TX] - 56 69 56 4F 74 65 63 68 32 00 02 40 00 0A 0A 9F 02 06 00 00 00 00 10 00 18 73 
2017/6/14 16:15:29.538 [RX] - 56 69 56 4F 74 65 63 68 32 00 02 00 01 72 CA DF EE 25 02 00 11 DF EE 23 82 01 16 02 10 01 80 1F 4D 27 00 91 9B 25 2A 34 35 34 37 2A 2A 2A 2A 2A 2A 2A 2A 30 30 30 30 5E 4C 4C 49 42 52 45 20 52 4F 42 45 52 54 2D 47 55 49 4C 4C 45 52 4D 4F 20 5E 31 31 30 32 2A 2A 2A 2A 2A 2A 2A 2A 2A 2A 2A 2A 2A 2A 2A 2A 2A 2A 2A 2A 2A 2A 2A 2A 2A 2A 2A 3F 2A 0A AF 41 FC AC B1 35 DC 25 D9 3B 4B 5B CB 73 B4 ED EE BD F3 AB 37 E6 39 9F 4F 17 F2 76 F8 DE 8D 59 93 BA 43 29 4C 5B 52 DC 92 7D 1D 9D ED 14 F8 51 58 0C 07 96 07 AB 28 01 80 18 BC D3 B7 0F 65 29 71 BD 69 3E DC 75 07 E5 E5 D8 6F 5B 39 E9 C1 AC 2A 4C 6E 5F EE A7 69 00 B1 4F B0 91 7E 68 83 82 84 EB 2B 4A 1F CD E3 89 DD 5E 4C BB F0 A7 E8 1C 29 C6 D8 A4 23 CB 79 F6 45 29 36 E8 4D 0B E6 BC 6D B0 09 54 4A 8E 4D B4 6B E2 83 32 3D 79 6E B0 13 AF 65 DF AF 57 85 96 18 2E D3 93 78 61 C2 BD 7D 77 E1 44 D2 BE 7C 36 30 36 54 31 32 33 34 35 36 62 99 49 01 2C 00 04 60 00 01 A6 C0 03 9F 39 01 90 FF EE 01 04 DF 30 01 0C DF EE 26 01 CA DF EF  pass 4C 06 00 26 00 00 00 00 DF EF 4D 30 AC 2A 4C 6E 5F EE A7 69 00 B1 4F B0 91 7E 68 83 82 84 EB 2B 4A 1F CD E3 89 DD 5E 4C BB F0 A7 E8 C6 74 07 E1 E7 5A 26 0C 84 30 70 6F 77 B9 7A 45 E1 60  

Poll on Demand

2017/6/14 16:15:30.381 [TX] - 56 69 56 4F 74 65 63 68 32 00 01 01 00 01 01 D7 34 
2017/6/14 16:15:30.408 [RX] - 56 69 56 4F 74 65 63 68 32 00 01 00 00 00 12 53  pass  

 Erase All Keys...

2017/6/14 16:15:30.427 [TX] - 56 69 56 4F 74 65 63 68 32 00 83 00 00 00 03 22 
2017/6/14 16:15:30.452 [RX] - 56 69 56 4F 74 65 63 68 32 00 83 00 00 00 22 03  pass  

 Set DUKPT Key Encryption Type...

2017/6/14 16:15:30.674 [TX] - 56 69 56 4F 74 65 63 68 32 00 C7 32 00 01 01 7D DF 
2017/6/14 16:15:30.701 [RX] - 56 69 56 4F 74 65 63 68 32 00 C7 00 00 00 86 6E  pass pass pass  

 Get DUKPT Key Encryption Type...

2017/6/14 16:15:30.923 [TX] - 56 69 56 4F 74 65 63 68 32 00 C7 33 00 00 1A 9B 
2017/6/14 16:15:30.949 [RX] - 56 69 56 4F 74 65 63 68 32 00 C7 00 00 01 01 BC 5E  pass  

 Loading DUKPT key...

2017/6/14 16:15:31.177 [TX] - 56 69 56 4F 74 65 63 68 32 00 80 00 00 65 30 45 43 36 30 46 33 35 31 34 37 45 43 41 30 30 38 38 4B 30 54 44 30 30 4E 30 30 30 30 30 30 38 30 39 43 30 37 41 39 39 31 44 43 38 30 33 34 45 43 31 32 45 31 36 39 43 30 44 35 34 35 35 44 45 41 32 39 34 35 31 34 32 34 37 38 30 38 30 35 36 38 32 33 34 39 38 37 31 32 30 32 33 34 30 30 30 30 30 30 30 30 12 43 
2017/6/14 16:15:31.308 [RX] - 56 69 56 4F 74 65 63 68 32 00 80 00 00 00 B9 DF  pass 
2017/6/14 16:15:31.524 [TX] - 56 69 56 4F 74 65 63 68 32 00 80 00 00 65 31 34 43 45 32 35 35 35 31 34 37 45 43 41 30 30 38 38 4B 30 54 44 30 30 4E 30 30 30 30 30 30 38 30 46 35 30 36 46 36 41 33 44 34 30 38 39 39 45 30 35 35 42 42 35 42 39 45 33 41 44 44 36 30 30 42 38 38 35 33 32 37 37 39 32 32 34 36 30 39 32 36 32 33 41 39 39 37 31 32 36 32 33 34 30 30 30 30 30 30 30 30 35 7F 
2017/6/14 16:15:31.655 [RX] - 56 69 56 4F 74 65 63 68 32 00 80 00 00 00 B9 DF  pass 
2017/6/14 16:15:31.871 [TX] - 56 69 56 4F 74 65 63 68 32 00 80 01 00 58 41 30 30 38 38 4B 30 54 44 30 30 4E 30 30 30 30 43 44 32 46 43 43 36 44 37 39 32 44 33 42 32 34 46 30 38 33 37 42 30 33 32 44 30 38 36 38 46 45 43 39 46 44 44 43 39 43 32 36 33 31 31 35 46 30 44 43 43 34 42 44 42 35 37 43 36 30 33 43 34 32 46 34 41 35 30 34 34 39 97 D5 
2017/6/14 16:15:31.991 [RX] - 56 69 56 4F 74 65 63 68 32 00 80 00 00 00 B9 DF  pass 
2017/6/14 16:15:32.207 [TX] - 56 69 56 4F 74 65 63 68 32 00 81 00 00 71 05 41 30 31 31 32 44 30 54 45 30 30 4E 30 31 30 30 4B 53 31 38 36 32 39 39 34 39 30 31 32 43 30 30 30 34 36 30 30 30 30 31 39 34 34 38 36 43 33 31 36 38 43 41 31 46 42 34 41 38 30 39 45 36 33 39 46 46 39 43 33 42 37 32 36 45 32 34 37 43 35 39 30 42 32 32 38 43 35 44 32 32 36 35 30 46 36 36 39 37 45 38 34 37 41 32 46 38 41 32 37 33 39 33 47 AE 
2017/6/14 16:15:32.364 [RX] - 56 69 56 4F 74 65 63 68 32 00 81 00 00 00 CF 6B  pass 
2017/6/14 16:15:32.580 [TX] - 56 69 56 4F 74 65 63 68 32 00 C7 36 00 01 03 6C 97 
2017/6/14 16:15:32.606 [RX] - 56 69 56 4F 74 65 63 68 32 00 C7 00 00 00 86 6E  pass pass pass  

Auto Poll

2017/6/14 16:15:32.829 [TX] - 56 69 56 4F 74 65 63 68 32 00 01 01 00 01 00 F6 24 
2017/6/14 16:15:32.856 [RX] - 56 69 56 4F 74 65 63 68 32 00 01 00 00 00 12 53  pass  

---  IDT

2017/6/14 16:15:36.878 [TX] - 56 69 56 4F 74 65 63 68 32 00 03 40 00 00 96 E2 
2017/6/14 16:15:36.911 [RX] - 56 69 56 4F 74 65 63 68 32 00 03 00 00 D1 CA DF EE 25 02 00 11 DF EE 23 81 B4 02 AE 00 83 1F 4F 28 00 91 92 25 54 52 41 43 4B 31 37 36 37 36 37 36 30 37 30 37 30 37 37 36 37 36 37 36 30 37 30 37 30 37 37 36 37 36 37 36 30 37 30 37 30 37 37 36 37 36 37 36 30 37 30 37 30 37 37 36 37 36 37 36 30 37 30 37 30 37 37 36 37 36 37 36 30 37 30 37 3F 43 CE 2E 41 6A A3 D1 24 D8 10 7C 70 9C A7 EF 78 02 CF 85 F1 E3 F6 4B D4 E3 2B 90 B6 CC A4 3A 26 50 F7 FE 71 E4 6B 42 95 67 4A 3E E2 93 32 32 80 1C B4 BE BA 5E 9A C8 4F CF 5C F2 4B 10 B9 72 1D A8 8F 82 59 C6 36 30 36 54 31 32 33 34 35 36 62 99 49 01 2C 00 04 60 00 01 B6 38 03 9F 39 01 90 FF EE 01 04 DF 30 01 0C DF EE 26 01 CA 94 27  

Poll on Demand

2017/6/14 16:15:37.651 [TX] - 56 69 56 4F 74 65 63 68 32 00 01 01 00 01 01 D7 34 
2017/6/14 16:15:37.678 [RX] - 56 69 56 4F 74 65 63 68 32 00 01 00 00 00 12 53  pass  

 Erase All Keys...

2017/6/14 16:15:37.697 [TX] - 56 69 56 4F 74 65 63 68 32 00 83 00 00 00 03 22 
2017/6/14 16:15:37.722 [RX] - 56 69 56 4F 74 65 63 68 32 00 83 00 00 00 22 03  pass  

 Set DUKPT Key Encryption Type...

2017/6/14 16:15:37.943 [TX] - 56 69 56 4F 74 65 63 68 32 00 C7 32 00 01 01 7D DF 
2017/6/14 16:15:37.970 [RX] - 56 69 56 4F 74 65 63 68 32 00 C7 00 00 00 86 6E  pass pass pass  

 Get DUKPT Key Encryption Type...

2017/6/14 16:15:38.191 [TX] - 56 69 56 4F 74 65 63 68 32 00 C7 33 00 00 1A 9B 
2017/6/14 16:15:38.216 [RX] - 56 69 56 4F 74 65 63 68 32 00 C7 00 00 01 01 BC 5E  pass  

 Loading DUKPT key...

2017/6/14 16:15:38.444 [TX] - 56 69 56 4F 74 65 63 68 32 00 80 00 00 65 30 45 43 36 30 46 33 35 31 34 37 45 43 41 30 30 38 38 4B 30 54 44 30 30 4E 30 30 30 30 30 30 38 30 39 43 30 37 41 39 39 31 44 43 38 30 33 34 45 43 31 32 45 31 36 39 43 30 44 35 34 35 35 44 45 41 32 39 34 35 31 34 32 34 37 38 30 38 30 35 36 38 32 33 34 39 38 37 31 32 30 32 33 34 30 30 30 30 30 30 30 30 12 43 
2017/6/14 16:15:38.575 [RX] - 56 69 56 4F 74 65 63 68 32 00 80 00 00 00 B9 DF  pass 
2017/6/14 16:15:38.790 [TX] - 56 69 56 4F 74 65 63 68 32 00 80 00 00 65 31 34 43 45 32 35 35 35 31 34 37 45 43 41 30 30 38 38 4B 30 54 44 30 30 4E 30 30 30 30 30 30 38 30 46 35 30 36 46 36 41 33 44 34 30 38 39 39 45 30 35 35 42 42 35 42 39 45 33 41 44 44 36 30 30 42 38 38 35 33 32 37 37 39 32 32 34 36 30 39 32 36 32 33 41 39 39 37 31 32 36 32 33 34 30 30 30 30 30 30 30 30 35 7F 
2017/6/14 16:15:38.922 [RX] - 56 69 56 4F 74 65 63 68 32 00 80 00 00 00 B9 DF  pass 
2017/6/14 16:15:39.137 [TX] - 56 69 56 4F 74 65 63 68 32 00 80 01 00 58 41 30 30 38 38 4B 30 54 44 30 30 4E 30 30 30 30 43 44 32 46 43 43 36 44 37 39 32 44 33 42 32 34 46 30 38 33 37 42 30 33 32 44 30 38 36 38 46 45 43 39 46 44 44 43 39 43 32 36 33 31 31 35 46 30 44 43 43 34 42 44 42 35 37 43 36 30 33 43 34 32 46 34 41 35 30 34 34 39 97 D5 
2017/6/14 16:15:39.257 [RX] - 56 69 56 4F 74 65 63 68 32 00 80 00 00 00 B9 DF  pass 
2017/6/14 16:15:39.473 [TX] - 56 69 56 4F 74 65 63 68 32 00 81 00 00 71 05 41 30 31 31 32 44 30 54 45 30 30 4E 30 31 30 30 4B 53 31 38 36 32 39 39 34 39 30 31 32 43 30 30 30 34 36 30 30 30 30 31 39 34 34 38 36 43 33 31 36 38 43 41 31 46 42 34 41 38 30 39 45 36 33 39 46 46 39 43 33 42 37 32 36 45 32 34 37 43 35 39 30 42 32 32 38 43 35 44 32 32 36 35 30 46 36 36 39 37 45 38 34 37 41 32 46 38 41 32 37 33 39 33 47 AE 
2017/6/14 16:15:39.630 [RX] - 56 69 56 4F 74 65 63 68 32 00 81 00 00 00 CF 6B  pass 
2017/6/14 16:15:39.845 [TX] - 56 69 56 4F 74 65 63 68 32 00 C7 36 00 01 03 6C 97 
2017/6/14 16:15:39.872 [RX] - 56 69 56 4F 74 65 63 68 32 00 C7 00 00 00 86 6E  pass pass pass  

Auto Poll

2017/6/14 16:15:40.093 [TX] - 56 69 56 4F 74 65 63 68 32 00 01 01 00 01 00 F6 24 
2017/6/14 16:15:40.120 [RX] - 56 69 56 4F 74 65 63 68 32 00 01 00 00 00 12 53  pass  

--- Discover

2017/6/14 16:15:44.142 [TX] - 56 69 56 4F 74 65 63 68 32 00 03 40 00 00 96 E2 
2017/6/14 16:15:44.176 [RX] - 56 69 56 4F 74 65 63 68 32 00 03 00 01 69 CA DF EE 25 02 00 11 DF EE 23 82 01 0D 02 07 01 80 1F 44 28 00 B1 9B 25 2A 36 35 31 30 2A 2A 2A 2A 2A 2A 2A 2A 30 30 32 36 5E 43 41 52 44 2F 49 4D 41 47 45 20 30 33 20 20 20 20 20 20 20 20 20 20 20 20 20 5E 31 37 31 32 2A 2A 2A 2A 2A 2A 2A 2A 2A 2A 2A 2A 2A 2A 2A 2A 3F 2A EB AB 97 04 89 00 E7 C6 5D BC FB BC F9 B3 B5 CA FC 1F 2C A0 AF 39 EC D2 C0 84 15 E4 E9 B9 9D 06 A3 BB B0 91 70 E1 76 B2 C2 17 90 88 84 22 A8 3C D7 12 EA B5 DC A4 A7 0B 5D A0 65 9B C1 73 09 31 92 1F 7B 23 2E F6 FA 1D A4 0A 65 19 BB E1 39 4D 80 EC E5 50 73 BB BD 82 99 65 D2 EF E2 91 26 97 BA 56 C4 62 C8 18 70 F2 DE 1C AC 97 95 6C 0E 48 5E 8C 9F BB 62 EE 55 E7 47 B1 43 94 B2 D7 F4 31 51 48 AB 78 7E 8B 8D 05 DC 8A C9 07 9E FC 98 53 27 0B ED B9 10 02 52 D6 AA D8 46 CB 85 69 24 FE 7C 93 52 0B 36 DA D9 25 36 30 36 54 31 32 33 34 35 36 62 99 49 01 2C 00 04 60 00 01 08 7C 03 9F 39 01 90 FF EE 01 04 DF 30 01 0C DF EE 26 01 CA DF EF 4C 06 00 27 00 00 00 00 DF EF 4D 30 80 EC E5 50 73 BB BD 82 99 65 D2 EF E2 91 26 97 BA 56 C4 62 C8 18 70 F2 DE 1C AC 97 95 6C 0E 48 B7 1A B8 7F AC E6 E2 4A C3 20 46 B2 D2 5A 73 9F 10 15  

Poll on Demand

2017/6/14 16:15:45.077 [TX] - 56 69 56 4F 74 65 63 68 32 00 01 01 00 01 01 D7 34 
2017/6/14 16:15:45.104 [RX] - 56 69 56 4F 74 65 63 68 32 00 01 00 00 00 12 53  pass  

 Erase All Keys...

2017/6/14 16:15:45.123 [TX] - 56 69 56 4F 74 65 63 68 32 00 83 00 00 00 03 22 
2017/6/14 16:15:45.149 [RX] - 56 69 56 4F 74 65 63 68 32 00 83 00 00 00 22 03  pass  

 Set DUKPT Key Encryption Type...

2017/6/14 16:15:45.369 [TX] - 56 69 56 4F 74 65 63 68 32 00 C7 32 00 01 01 7D DF 
2017/6/14 16:15:45.396 [RX] - 56 69 56 4F 74 65 63 68 32 00 C7 00 00 00 86 6E  pass pass pass  

 Get DUKPT Key Encryption Type...

2017/6/14 16:15:45.617 [TX] - 56 69 56 4F 74 65 63 68 32 00 C7 33 00 00 1A 9B 
2017/6/14 16:15:45.642 [RX] - 56 69 56 4F 74 65 63 68 32 00 C7 00 00 01 01 BC 5E  pass  

 Loading DUKPT key...

2017/6/14 16:15:45.870 [TX] - 56 69 56 4F 74 65 63 68 32 00 80 00 00 65 30 45 43 36 30 46 33 35 31 34 37 45 43 41 30 30 38 38 4B 30 54 44 30 30 4E 30 30 30 30 30 30 38 30 39 43 30 37 41 39 39 31 44 43 38 30 33 34 45 43 31 32 45 31 36 39 43 30 44 35 34 35 35 44 45 41 32 39 34 35 31 34 32 34 37 38 30 38 30 35 36 38 32 33 34 39 38 37 31 32 30 32 33 34 30 30 30 30 30 30 30 30 12 43 
2017/6/14 16:15:46.000 [RX] - 56 69 56 4F 74 65 63 68 32 00 80 00 00 00 B9 DF  pass 
2017/6/14 16:15:46.216 [TX] - 56 69 56 4F 74 65 63 68 32 00 80 00 00 65 31 34 43 45 32 35 35 35 31 34 37 45 43 41 30 30 38 38 4B 30 54 44 30 30 4E 30 30 30 30 30 30 38 30 46 35 30 36 46 36 41 33 44 34 30 38 39 39 45 30 35 35 42 42 35 42 39 45 33 41 44 44 36 30 30 42 38 38 35 33 32 37 37 39 32 32 34 36 30 39 32 36 32 33 41 39 39 37 31 32 36 32 33 34 30 30 30 30 30 30 30 30 35 7F 
2017/6/14 16:15:46.347 [RX] - 56 69 56 4F 74 65 63 68 32 00 80 00 00 00 B9 DF  pass 
2017/6/14 16:15:46.563 [TX] - 56 69 56 4F 74 65 63 68 32 00 80 01 00 58 41 30 30 38 38 4B 30 54 44 30 30 4E 30 30 30 30 43 44 32 46 43 43 36 44 37 39 32 44 33 42 32 34 46 30 38 33 37 42 30 33 32 44 30 38 36 38 46 45 43 39 46 44 44 43 39 43 32 36 33 31 31 35 46 30 44 43 43 34 42 44 42 35 37 43 36 30 33 43 34 32 46 34 41 35 30 34 34 39 97 D5 
2017/6/14 16:15:46.682 [RX] - 56 69 56 4F 74 65 63 68 32 00 80 00 00 00 B9 DF  pass 
2017/6/14 16:15:46.901 [TX] - 56 69 56 4F 74 65 63 68 32 00 81 00 00 71 05 41 30 31 31 32 44 30 54 45 30 30 4E 30 31 30 30 4B 53 31 38 36 32 39 39 34 39 30 31 32 43 30 30 30 34 36 30 30 30 30 31 39 34 34 38 36 43 33 31 36 38 43 41 31 46 42 34 41 38 30 39 45 36 33 39 46 46 39 43 33 42 37 32 36 45 32 34 37 43 35 39 30 42 32 32 38 43 35 44 32 32 36 35 30 46 36 36 39 37 45 38 34 37 41 32 46 38 41 32 37 33 39 33 47 AE 
2017/6/14 16:15:47.057 [RX] - 56 69 56 4F 74 65 63 68 32 00 81 00 00 00 CF 6B  pass 
2017/6/14 16:15:47.274 [TX] - 56 69 56 4F 74 65 63 68 32 00 C7 36 00 01 03 6C 97 
2017/6/14 16:15:47.300 [RX] - 56 69 56 4F 74 65 63 68 32 00 C7 00 00 00 86 6E  pass pass pass  

Auto Poll

2017/6/14 16:15:47.523 [TX] - 56 69 56 4F 74 65 63 68 32 00 01 01 00 01 00 F6 24 
2017/6/14 16:15:47.550 [RX] - 56 69 56 4F 74 65 63 68 32 00 01 00 00 00 12 53  pass  

--- JIS1

2017/6/14 16:15:51.572 [TX] - 56 69 56 4F 74 65 63 68 32 00 03 40 00 00 96 E2 
2017/6/14 16:15:51.605 [RX] - 56 69 56 4F 74 65 63 68 32 00 03 00 00 CA CA DF EE 25 02 00 11 DF EE 23 81 AD 02 A7 00 86 1F 48 28 00 91 92 7F 61 39 30 30 30 30 30 30 30 32 31 31 31 31 31 32 33 34 35 36 37 38 39 30 31 32 32 32 32 32 33 33 33 33 33 34 34 34 34 34 35 35 35 35 35 36 36 36 36 36 37 37 37 37 37 38 38 38 38 38 39 39 39 39 39 30 30 30 30 7F 15 4D 19 79 DD 8B A6 19 6F 3D E5 D8 E0 3B 61 32 7E 83 A4 5C 5A ED 44 3F ED B5 BA CE D4 D6 75 C9 8D 11 1F 33 90 E5 AC 58 02 00 23 DB 9F E1 90 46 8E 69 E4 C5 3F F7 53 B0 2E 12 21 1F 5E 75 13 6C 76 51 C4 63 62 36 30 36 54 31 32 33 34 35 36 62 99 49 01 2C 00 04 60 00 01 5E 34 03 9F 39 01 90 FF EE 01 04 DF 30 01 0C DF EE 26 01 CA 08 62  

Poll on Demand

2017/6/14 16:15:52.337 [TX] - 56 69 56 4F 74 65 63 68 32 00 01 01 00 01 01 D7 34 
2017/6/14 16:15:52.364 [RX] - 56 69 56 4F 74 65 63 68 32 00 01 00 00 00 12 53  pass  

 Erase All Keys...

2017/6/14 16:15:52.383 [TX] - 56 69 56 4F 74 65 63 68 32 00 83 00 00 00 03 22 
2017/6/14 16:15:52.409 [RX] - 56 69 56 4F 74 65 63 68 32 00 83 00 00 00 22 03  pass  

 Set DUKPT Key Encryption Type...

2017/6/14 16:15:52.630 [TX] - 56 69 56 4F 74 65 63 68 32 00 C7 32 00 01 01 7D DF 
2017/6/14 16:15:52.657 [RX] - 56 69 56 4F 74 65 63 68 32 00 C7 00 00 00 86 6E  pass pass pass  

 Get DUKPT Key Encryption Type...

2017/6/14 16:15:52.879 [TX] - 56 69 56 4F 74 65 63 68 32 00 C7 33 00 00 1A 9B 
2017/6/14 16:15:52.905 [RX] - 56 69 56 4F 74 65 63 68 32 00 C7 00 00 01 01 BC 5E  pass  

 Loading DUKPT key...

2017/6/14 16:15:53.132 [TX] - 56 69 56 4F 74 65 63 68 32 00 80 00 00 65 30 45 43 36 30 46 33 35 31 34 37 45 43 41 30 30 38 38 4B 30 54 44 30 30 4E 30 30 30 30 30 30 38 30 39 43 30 37 41 39 39 31 44 43 38 30 33 34 45 43 31 32 45 31 36 39 43 30 44 35 34 35 35 44 45 41 32 39 34 35 31 34 32 34 37 38 30 38 30 35 36 38 32 33 34 39 38 37 31 32 30 32 33 34 30 30 30 30 30 30 30 30 12 43 
2017/6/14 16:15:53.263 [RX] - 56 69 56 4F 74 65 63 68 32 00 80 00 00 00 B9 DF  pass 
2017/6/14 16:15:53.477 [TX] - 56 69 56 4F 74 65 63 68 32 00 80 00 00 65 31 34 43 45 32 35 35 35 31 34 37 45 43 41 30 30 38 38 4B 30 54 44 30 30 4E 30 30 30 30 30 30 38 30 46 35 30 36 46 36 41 33 44 34 30 38 39 39 45 30 35 35 42 42 35 42 39 45 33 41 44 44 36 30 30 42 38 38 35 33 32 37 37 39 32 32 34 36 30 39 32 36 32 33 41 39 39 37 31 32 36 32 33 34 30 30 30 30 30 30 30 30 35 7F 
2017/6/14 16:15:53.609 [RX] - 56 69 56 4F 74 65 63 68 32 00 80 00 00 00 B9 DF  pass 
2017/6/14 16:15:53.824 [TX] - 56 69 56 4F 74 65 63 68 32 00 80 01 00 58 41 30 30 38 38 4B 30 54 44 30 30 4E 30 30 30 30 43 44 32 46 43 43 36 44 37 39 32 44 33 42 32 34 46 30 38 33 37 42 30 33 32 44 30 38 36 38 46 45 43 39 46 44 44 43 39 43 32 36 33 31 31 35 46 30 44 43 43 34 42 44 42 35 37 43 36 30 33 43 34 32 46 34 41 35 30 34 34 39 97 D5 
2017/6/14 16:15:53.944 [RX] - 56 69 56 4F 74 65 63 68 32 00 80 00 00 00 B9 DF  pass 
2017/6/14 16:15:54.160 [TX] - 56 69 56 4F 74 65 63 68 32 00 81 00 00 71 05 41 30 31 31 32 44 30 54 45 30 30 4E 30 31 30 30 4B 53 31 38 36 32 39 39 34 39 30 31 32 43 30 30 30 34 36 30 30 30 30 31 39 34 34 38 36 43 33 31 36 38 43 41 31 46 42 34 41 38 30 39 45 36 33 39 46 46 39 43 33 42 37 32 36 45 32 34 37 43 35 39 30 42 32 32 38 43 35 44 32 32 36 35 30 46 36 36 39 37 45 38 34 37 41 32 46 38 41 32 37 33 39 33 47 AE 
2017/6/14 16:15:54.317 [RX] - 56 69 56 4F 74 65 63 68 32 00 81 00 00 00 CF 6B  pass 
2017/6/14 16:15:54.532 [TX] - 56 69 56 4F 74 65 63 68 32 00 C7 36 00 01 03 6C 97 
2017/6/14 16:15:54.559 [RX] - 56 69 56 4F 74 65 63 68 32 00 C7 00 00 00 86 6E  pass pass pass  

Auto Poll

2017/6/14 16:15:54.782 [TX] - 56 69 56 4F 74 65 63 68 32 00 01 01 00 01 00 F6 24 
2017/6/14 16:15:54.809 [RX] - 56 69 56 4F 74 65 63 68 32 00 01 00 00 00 12 53  pass  

--- JIS2

2017/6/14 16:15:58.831 [TX] - 56 69 56 4F 74 65 63 68 32 00 03 40 00 00 96 E2 
2017/6/14 16:15:58.864 [RX] - 56 69 56 4F 74 65 63 68 32 00 03 00 00 A2 CA DF EE 25 02 00 11 DF EE 23 81 85 02 7F 00 85 17 00 48 00 90 92 AD 3C 22 E2 C6 2F 85 92 BC 92 E0 02 49 84 BF 76 01 B7 56 66 82 79 1E 13 A9 8C E7 D5 80 D3 5E DB BE 08 75 39 E5 B4 56 B8 AF BC 64 19 0C 41 86 84 AB CA 43 D6 3C BB 07 34 CE E5 C2 2D 4E 01 1E AD 31 3D E0 85 16 26 87 CA 3B 0F 45 BD 6D BB 78 CC 22 53 BB 7F 5A 95 59 55 40 72 53 C1 06 B4 33 86 42 44 BF EC 36 30 36 54 31 32 33 34 35 36 62 99 49 01 2C 00 04 60 00 01 B5 ED 03 9F 39 01 90 FF EE 01 04 DF 30 01 0C DF EE 26 01 CA E5 F4  

Poll on Demand

2017/6/14 16:15:59.556 [TX] - 56 69 56 4F 74 65 63 68 32 00 01 01 00 01 01 D7 34 
2017/6/14 16:15:59.583 [RX] - 56 69 56 4F 74 65 63 68 32 00 01 00 00 00 12 53  pass  

 Erase All Keys...

2017/6/14 16:15:59.602 [TX] - 56 69 56 4F 74 65 63 68 32 00 83 00 00 00 03 22 
2017/6/14 16:15:59.628 [RX] - 56 69 56 4F 74 65 63 68 32 00 83 00 00 00 22 03  pass  

 Set DUKPT Key Encryption Type...

2017/6/14 16:15:59.848 [TX] - 56 69 56 4F 74 65 63 68 32 00 C7 32 00 01 01 7D DF 
2017/6/14 16:15:59.875 [RX] - 56 69 56 4F 74 65 63 68 32 00 C7 00 00 00 86 6E  pass pass pass  

 Get DUKPT Key Encryption Type...

2017/6/14 16:16:00.095 [TX] - 56 69 56 4F 74 65 63 68 32 00 C7 33 00 00 1A 9B 
2017/6/14 16:16:00.121 [RX] - 56 69 56 4F 74 65 63 68 32 00 C7 00 00 01 01 BC 5E  pass  

 Loading DUKPT key...

2017/6/14 16:16:00.348 [TX] - 56 69 56 4F 74 65 63 68 32 00 80 00 00 65 30 45 43 36 30 46 33 35 31 34 37 45 43 41 30 30 38 38 4B 30 54 44 30 30 4E 30 30 30 30 30 30 38 30 39 43 30 37 41 39 39 31 44 43 38 30 33 34 45 43 31 32 45 31 36 39 43 30 44 35 34 35 35 44 45 41 32 39 34 35 31 34 32 34 37 38 30 38 30 35 36 38 32 33 34 39 38 37 31 32 30 32 33 34 30 30 30 30 30 30 30 30 12 43 
2017/6/14 16:16:00.479 [RX] - 56 69 56 4F 74 65 63 68 32 00 80 00 00 00 B9 DF  pass 
2017/6/14 16:16:00.693 [TX] - 56 69 56 4F 74 65 63 68 32 00 80 00 00 65 31 34 43 45 32 35 35 35 31 34 37 45 43 41 30 30 38 38 4B 30 54 44 30 30 4E 30 30 30 30 30 30 38 30 46 35 30 36 46 36 41 33 44 34 30 38 39 39 45 30 35 35 42 42 35 42 39 45 33 41 44 44 36 30 30 42 38 38 35 33 32 37 37 39 32 32 34 36 30 39 32 36 32 33 41 39 39 37 31 32 36 32 33 34 30 30 30 30 30 30 30 30 35 7F 
2017/6/14 16:16:00.825 [RX] - 56 69 56 4F 74 65 63 68 32 00 80 00 00 00 B9 DF  pass 
2017/6/14 16:16:01.042 [TX] - 56 69 56 4F 74 65 63 68 32 00 80 01 00 58 41 30 30 38 38 4B 30 54 44 30 30 4E 30 30 30 30 43 44 32 46 43 43 36 44 37 39 32 44 33 42 32 34 46 30 38 33 37 42 30 33 32 44 30 38 36 38 46 45 43 39 46 44 44 43 39 43 32 36 33 31 31 35 46 30 44 43 43 34 42 44 42 35 37 43 36 30 33 43 34 32 46 34 41 35 30 34 34 39 97 D5 
2017/6/14 16:16:01.161 [RX] - 56 69 56 4F 74 65 63 68 32 00 80 00 00 00 B9 DF  pass 
2017/6/14 16:16:01.377 [TX] - 56 69 56 4F 74 65 63 68 32 00 81 00 00 71 05 41 30 31 31 32 44 30 54 45 30 30 4E 30 31 30 30 4B 53 31 38 36 32 39 39 34 39 30 31 32 43 30 30 30 34 36 30 30 30 30 31 39 34 34 38 36 43 33 31 36 38 43 41 31 46 42 34 41 38 30 39 45 36 33 39 46 46 39 43 33 42 37 32 36 45 32 34 37 43 35 39 30 42 32 32 38 43 35 44 32 32 36 35 30 46 36 36 39 37 45 38 34 37 41 32 46 38 41 32 37 33 39 33 47 AE 
2017/6/14 16:16:01.533 [RX] - 56 69 56 4F 74 65 63 68 32 00 81 00 00 00 CF 6B  pass 
2017/6/14 16:16:01.750 [TX] - 56 69 56 4F 74 65 63 68 32 00 C7 36 00 01 03 6C 97 
2017/6/14 16:16:01.776 [RX] - 56 69 56 4F 74 65 63 68 32 00 C7 00 00 00 86 6E  pass pass pass  

Auto Poll

2017/6/14 16:16:01.998 [TX] - 56 69 56 4F 74 65 63 68 32 00 01 01 00 01 00 F6 24 
2017/6/14 16:16:02.025 [RX] - 56 69 56 4F 74 65 63 68 32 00 01 00 00 00 12 53  pass  

--- AAMVA

2017/6/14 16:16:06.046 [TX] - 56 69 56 4F 74 65 63 68 32 00 03 40 00 00 96 E2 
2017/6/14 16:16:06.079 [RX] - 56 69 56 4F 74 65 63 68 32 00 03 00 00 B2 CA DF EE 25 02 00 11 DF EE 23 81 95 02 8F 00 81 1F 30 23 00 91 92 25 4E 59 4E 45 57 20 59 4F 52 4B 5E 4C 45 45 24 42 52 55 43 45 24 4A 52 5E 36 35 35 20 4E 2E 20 42 45 52 52 59 20 53 54 2E 2C 20 23 4B 5E 3F 52 0B E0 70 18 8B 57 3E 1A 9B FD D2 6A 2A 2D 21 52 27 B3 A8 C8 BB 41 E9 64 DA 9F EA C9 16 A2 E7 83 2E A3 DE 89 E9 68 29 23 87 39 4D D2 C3 FD 40 50 C6 43 6C 69 1F 94 5A A3 C8 0D A2 0E 46 A0 28 5F 0C BA 2A 32 36 30 36 54 31 32 33 34 35 36 62 99 49 01 2C 00 04 60 00 01 09 63 03 9F 39 01 90 FF EE 01 04 DF 30 01 0C DF EE 26 01 CA 2C 57  

Poll on Demand

2017/6/14 16:16:06.787 [TX] - 56 69 56 4F 74 65 63 68 32 00 01 01 00 01 01 D7 34 
2017/6/14 16:16:06.813 [RX] - 56 69 56 4F 74 65 63 68 32 00 01 00 00 00 12 53  pass  

 Erase All Keys...

2017/6/14 16:16:06.833 [TX] - 56 69 56 4F 74 65 63 68 32 00 83 00 00 00 03 22 
2017/6/14 16:16:06.859 [RX] - 56 69 56 4F 74 65 63 68 32 00 83 00 00 00 22 03  pass  

 Set DUKPT Key Encryption Type...

2017/6/14 16:16:07.079 [TX] - 56 69 56 4F 74 65 63 68 32 00 C7 32 00 01 01 7D DF 
2017/6/14 16:16:07.106 [RX] - 56 69 56 4F 74 65 63 68 32 00 C7 00 00 00 86 6E  pass pass pass  

 Get DUKPT Key Encryption Type...

2017/6/14 16:16:07.329 [TX] - 56 69 56 4F 74 65 63 68 32 00 C7 33 00 00 1A 9B 
2017/6/14 16:16:07.354 [RX] - 56 69 56 4F 74 65 63 68 32 00 C7 00 00 01 01 BC 5E  pass  

 Loading DUKPT key...

2017/6/14 16:16:07.582 [TX] - 56 69 56 4F 74 65 63 68 32 00 80 00 00 65 30 45 43 36 30 46 33 35 31 34 37 45 43 41 30 30 38 38 4B 30 54 44 30 30 4E 30 30 30 30 30 30 38 30 39 43 30 37 41 39 39 31 44 43 38 30 33 34 45 43 31 32 45 31 36 39 43 30 44 35 34 35 35 44 45 41 32 39 34 35 31 34 32 34 37 38 30 38 30 35 36 38 32 33 34 39 38 37 31 32 30 32 33 34 30 30 30 30 30 30 30 30 12 43 
2017/6/14 16:16:07.713 [RX] - 56 69 56 4F 74 65 63 68 32 00 80 00 00 00 B9 DF  pass 
2017/6/14 16:16:07.928 [TX] - 56 69 56 4F 74 65 63 68 32 00 80 00 00 65 31 34 43 45 32 35 35 35 31 34 37 45 43 41 30 30 38 38 4B 30 54 44 30 30 4E 30 30 30 30 30 30 38 30 46 35 30 36 46 36 41 33 44 34 30 38 39 39 45 30 35 35 42 42 35 42 39 45 33 41 44 44 36 30 30 42 38 38 35 33 32 37 37 39 32 32 34 36 30 39 32 36 32 33 41 39 39 37 31 32 36 32 33 34 30 30 30 30 30 30 30 30 35 7F 
2017/6/14 16:16:08.059 [RX] - 56 69 56 4F 74 65 63 68 32 00 80 00 00 00 B9 DF  pass 
2017/6/14 16:16:08.275 [TX] - 56 69 56 4F 74 65 63 68 32 00 80 01 00 58 41 30 30 38 38 4B 30 54 44 30 30 4E 30 30 30 30 43 44 32 46 43 43 36 44 37 39 32 44 33 42 32 34 46 30 38 33 37 42 30 33 32 44 30 38 36 38 46 45 43 39 46 44 44 43 39 43 32 36 33 31 31 35 46 30 44 43 43 34 42 44 42 35 37 43 36 30 33 43 34 32 46 34 41 35 30 34 34 39 97 D5 
2017/6/14 16:16:08.395 [RX] - 56 69 56 4F 74 65 63 68 32 00 80 00 00 00 B9 DF  pass 
2017/6/14 16:16:08.611 [TX] - 56 69 56 4F 74 65 63 68 32 00 81 00 00 71 05 41 30 31 31 32 44 30 54 45 30 30 4E 30 31 30 30 4B 53 31 38 36 32 39 39 34 39 30 31 32 43 30 30 30 34 36 30 30 30 30 31 39 34 34 38 36 43 33 31 36 38 43 41 31 46 42 34 41 38 30 39 45 36 33 39 46 46 39 43 33 42 37 32 36 45 32 34 37 43 35 39 30 42 32 32 38 43 35 44 32 32 36 35 30 46 36 36 39 37 45 38 34 37 41 32 46 38 41 32 37 33 39 33 47 AE 
2017/6/14 16:16:08.768 [RX] - 56 69 56 4F 74 65 63 68 32 00 81 00 00 00 CF 6B  pass 
2017/6/14 16:16:08.984 [TX] - 56 69 56 4F 74 65 63 68 32 00 C7 36 00 01 03 6C 97 
2017/6/14 16:16:09.010 [RX] - 56 69 56 4F 74 65 63 68 32 00 C7 00 00 00 86 6E  pass pass pass  

Auto Poll

2017/6/14 16:16:09.240 [TX] - 56 69 56 4F 74 65 63 68 32 00 01 01 00 01 00 F6 24 
2017/6/14 16:16:09.267 [RX] - 56 69 56 4F 74 65 63 68 32 00 01 00 00 00 12 53  pass  

--- Gift card

2017/6/14 16:16:13.289 [TX] - 56 69 56 4F 74 65 63 68 32 00 03 40 00 00 96 E2 
2017/6/14 16:16:13.322 [RX] - 56 69 56 4F 74 65 63 68 32 00 03 00 01 51 CA DF EE 25 02 00 11 DF EE 23 81 F6 02 F0 00 80 1F 3D 26 00 91 9B 25 2A 36 30 30 36 2A 2A 2A 2A 2A 2A 2A 2A 2A 2A 2A 37 31 34 37 5E 30 37 36 37 35 30 30 39 39 30 32 24 30 30 30 30 30 24 20 20 20 20 20 20 20 20 5E 38 30 31 32 2A 2A 2A 2A 2A 2A 3F 2A E0 4D 8F BE B3 93 13 D2 2C 08 74 3D A8 CE 58 33 B7 78 FC 72 B7 25 08 0F 5E 8C 6F 1C 76 C8 39 DA 3C E5 1F E5 54 C5 F1 84 54 2D 58 6B 7B CC 70 A9 B7 5C 96 BE 0B 1F B9 A6 6A 5C 98 19 79 36 C9 F4 F3 5B 62 F8 16 11 B5 DE B1 1E 8B 5F 66 A1 3E 68 3E D5 52 15 E3 A7 46 0E 15 C4 20 92 B0 9C 85 3C 9C 8B B6 6E 9E B2 28 FE D6 F8 FA 04 D4 1A D6 E9 4F 96 8D 11 4A 72 0C 4F 3F 7F 90 8C E8 2E DC 54 F5 7D EE DF F5 7B 99 7B D5 25 11 FE 3A 50 34 80 4E 98 D6 B4 D6 2C C9 45 36 30 36 54 31 32 33 34 35 36 62 99 49 01 2C 00 04 60 00 01 FF 87 03 9F 39 01 90 FF EE 01 04 DF 30 01 0C DF EE 26 01 CA DF EF 4C 06 00 25 00 00 00 00 DF EF 4D 30 F3 5B 62 F8 16 11 B5 DE B1 1E 8B 5F 66 A1 3E 68 3E D5 52 15 E3 A7 46 0E 15 C4 20 92 B0 9C 85 3C 6B C0 1C 66 91 2B EB 34 3F D4 2F 6D 65 61 32 23 23 45  

Poll on Demand

2017/6/14 16:16:14.130 [TX] - 56 69 56 4F 74 65 63 68 32 00 01 01 00 01 01 D7 34 
2017/6/14 16:16:14.157 [RX] - 56 69 56 4F 74 65 63 68 32 00 01 00 00 00 12 53  pass  

 Erase All Keys...

2017/6/14 16:16:14.176 [TX] - 56 69 56 4F 74 65 63 68 32 00 83 00 00 00 03 22 
2017/6/14 16:16:14.202 [RX] - 56 69 56 4F 74 65 63 68 32 00 83 00 00 00 22 03  pass  

 Set DUKPT Key Encryption Type...

2017/6/14 16:16:14.423 [TX] - 56 69 56 4F 74 65 63 68 32 00 C7 32 00 01 01 7D DF 
2017/6/14 16:16:14.450 [RX] - 56 69 56 4F 74 65 63 68 32 00 C7 00 00 00 86 6E  pass pass pass  

 Get DUKPT Key Encryption Type...

2017/6/14 16:16:14.671 [TX] - 56 69 56 4F 74 65 63 68 32 00 C7 33 00 00 1A 9B 
2017/6/14 16:16:14.696 [RX] - 56 69 56 4F 74 65 63 68 32 00 C7 00 00 01 01 BC 5E  pass  

 Loading DUKPT key...

2017/6/14 16:16:14.923 [TX] - 56 69 56 4F 74 65 63 68 32 00 80 00 00 65 30 45 43 36 30 46 33 35 31 34 37 45 43 41 30 30 38 38 4B 30 54 44 30 30 4E 30 30 30 30 30 30 38 30 39 43 30 37 41 39 39 31 44 43 38 30 33 34 45 43 31 32 45 31 36 39 43 30 44 35 34 35 35 44 45 41 32 39 34 35 31 34 32 34 37 38 30 38 30 35 36 38 32 33 34 39 38 37 31 32 30 32 33 34 30 30 30 30 30 30 30 30 12 43 
2017/6/14 16:16:15.054 [RX] - 56 69 56 4F 74 65 63 68 32 00 80 00 00 00 B9 DF  pass 
2017/6/14 16:16:15.268 [TX] - 56 69 56 4F 74 65 63 68 32 00 80 00 00 65 31 34 43 45 32 35 35 35 31 34 37 45 43 41 30 30 38 38 4B 30 54 44 30 30 4E 30 30 30 30 30 30 38 30 46 35 30 36 46 36 41 33 44 34 30 38 39 39 45 30 35 35 42 42 35 42 39 45 33 41 44 44 36 30 30 42 38 38 35 33 32 37 37 39 32 32 34 36 30 39 32 36 32 33 41 39 39 37 31 32 36 32 33 34 30 30 30 30 30 30 30 30 35 7F 
2017/6/14 16:16:15.400 [RX] - 56 69 56 4F 74 65 63 68 32 00 80 00 00 00 B9 DF  pass 
2017/6/14 16:16:15.615 [TX] - 56 69 56 4F 74 65 63 68 32 00 80 01 00 58 41 30 30 38 38 4B 30 54 44 30 30 4E 30 30 30 30 43 44 32 46 43 43 36 44 37 39 32 44 33 42 32 34 46 30 38 33 37 42 30 33 32 44 30 38 36 38 46 45 43 39 46 44 44 43 39 43 32 36 33 31 31 35 46 30 44 43 43 34 42 44 42 35 37 43 36 30 33 43 34 32 46 34 41 35 30 34 34 39 97 D5 
2017/6/14 16:16:15.735 [RX] - 56 69 56 4F 74 65 63 68 32 00 80 00 00 00 B9 DF  pass 
2017/6/14 16:16:15.950 [TX] - 56 69 56 4F 74 65 63 68 32 00 81 00 00 71 05 41 30 31 31 32 44 30 54 45 30 30 4E 30 31 30 30 4B 53 31 38 36 32 39 39 34 39 30 31 32 43 30 30 30 34 36 30 30 30 30 31 39 34 34 38 36 43 33 31 36 38 43 41 31 46 42 34 41 38 30 39 45 36 33 39 46 46 39 43 33 42 37 32 36 45 32 34 37 43 35 39 30 42 32 32 38 43 35 44 32 32 36 35 30 46 36 36 39 37 45 38 34 37 41 32 46 38 41 32 37 33 39 33 47 AE 
2017/6/14 16:16:16.107 [RX] - 56 69 56 4F 74 65 63 68 32 00 81 00 00 00 CF 6B  pass 
2017/6/14 16:16:16.322 [TX] - 56 69 56 4F 74 65 63 68 32 00 C7 36 00 01 03 6C 97 
2017/6/14 16:16:16.349 [RX] - 56 69 56 4F 74 65 63 68 32 00 C7 00 00 00 86 6E  pass pass pass  

Auto Poll

2017/6/14 16:16:16.571 [TX] - 56 69 56 4F 74 65 63 68 32 00 01 01 00 01 00 F6 24 
2017/6/14 16:16:16.598 [RX] - 56 69 56 4F 74 65 63 68 32 00 01 00 00 00 12 53  pass  

--- Real card (PAN=11)

2017/6/14 16:16:20.637 [TX] - 56 69 56 4F 74 65 63 68 32 00 03 40 00 00 96 E2 
2017/6/14 16:16:20.670 [RX] - 56 69 56 4F 74 65 63 68 32 00 03 00 00 6E CA DF EE 25 02 00 11 DF EE 23 52 02 4C 00 83 0F 3B 00 00 91 00 25 42 34 30 37 31 36 36 32 31 30 34 36 5E 44 4F 57 2F 4A 4F 48 4E 20 5E 31 37 31 31 32 30 31 31 32 37 38 37 31 31 30 30 30 30 30 30 30 30 38 34 39 30 30 30 30 30 30 3F 20 3F 3F 36 30 36 54 31 32 33 34 35 36 65 2D 03 9F 39 01 90 FF EE 01 04 DF 30 01 0C DF EE 26 01 CA 92 9D  

Poll on Demand

2017/6/14 16:16:21.305 [TX] - 56 69 56 4F 74 65 63 68 32 00 01 01 00 01 01 D7 34 
2017/6/14 16:16:21.332 [RX] - 56 69 56 4F 74 65 63 68 32 00 01 00 00 00 12 53  pass  

 Erase All Keys...

2017/6/14 16:16:21.349 [TX] - 56 69 56 4F 74 65 63 68 32 00 83 00 00 00 03 22 
2017/6/14 16:16:21.375 [RX] - 56 69 56 4F 74 65 63 68 32 00 83 00 00 00 22 03  pass  

 Set DUKPT Key Encryption Type...

2017/6/14 16:16:21.592 [TX] - 56 69 56 4F 74 65 63 68 32 00 C7 32 00 01 01 7D DF 
2017/6/14 16:16:21.619 [RX] - 56 69 56 4F 74 65 63 68 32 00 C7 00 00 00 86 6E  pass pass pass  

 Get DUKPT Key Encryption Type...

2017/6/14 16:16:21.839 [TX] - 56 69 56 4F 74 65 63 68 32 00 C7 33 00 00 1A 9B 
2017/6/14 16:16:21.864 [RX] - 56 69 56 4F 74 65 63 68 32 00 C7 00 00 01 01 BC 5E  pass  

 Loading DUKPT key...

2017/6/14 16:16:22.090 [TX] - 56 69 56 4F 74 65 63 68 32 00 80 00 00 65 30 45 43 36 30 46 33 35 31 34 37 45 43 41 30 30 38 38 4B 30 54 44 30 30 4E 30 30 30 30 30 30 38 30 39 43 30 37 41 39 39 31 44 43 38 30 33 34 45 43 31 32 45 31 36 39 43 30 44 35 34 35 35 44 45 41 32 39 34 35 31 34 32 34 37 38 30 38 30 35 36 38 32 33 34 39 38 37 31 32 30 32 33 34 30 30 30 30 30 30 30 30 12 43 
2017/6/14 16:16:22.220 [RX] - 56 69 56 4F 74 65 63 68 32 00 80 00 00 00 B9 DF  pass 
2017/6/14 16:16:22.435 [TX] - 56 69 56 4F 74 65 63 68 32 00 80 00 00 65 31 34 43 45 32 35 35 35 31 34 37 45 43 41 30 30 38 38 4B 30 54 44 30 30 4E 30 30 30 30 30 30 38 30 46 35 30 36 46 36 41 33 44 34 30 38 39 39 45 30 35 35 42 42 35 42 39 45 33 41 44 44 36 30 30 42 38 38 35 33 32 37 37 39 32 32 34 36 30 39 32 36 32 33 41 39 39 37 31 32 36 32 33 34 30 30 30 30 30 30 30 30 35 7F 
2017/6/14 16:16:22.566 [RX] - 56 69 56 4F 74 65 63 68 32 00 80 00 00 00 B9 DF  pass 
2017/6/14 16:16:22.782 [TX] - 56 69 56 4F 74 65 63 68 32 00 80 01 00 58 41 30 30 38 38 4B 30 54 44 30 30 4E 30 30 30 30 43 44 32 46 43 43 36 44 37 39 32 44 33 42 32 34 46 30 38 33 37 42 30 33 32 44 30 38 36 38 46 45 43 39 46 44 44 43 39 43 32 36 33 31 31 35 46 30 44 43 43 34 42 44 42 35 37 43 36 30 33 43 34 32 46 34 41 35 30 34 34 39 97 D5 
2017/6/14 16:16:22.902 [RX] - 56 69 56 4F 74 65 63 68 32 00 80 00 00 00 B9 DF  pass 
2017/6/14 16:16:23.117 [TX] - 56 69 56 4F 74 65 63 68 32 00 81 00 00 71 05 41 30 31 31 32 44 30 54 45 30 30 4E 30 31 30 30 4B 53 31 38 36 32 39 39 34 39 30 31 32 43 30 30 30 34 36 30 30 30 30 31 39 34 34 38 36 43 33 31 36 38 43 41 31 46 42 34 41 38 30 39 45 36 33 39 46 46 39 43 33 42 37 32 36 45 32 34 37 43 35 39 30 42 32 32 38 43 35 44 32 32 36 35 30 46 36 36 39 37 45 38 34 37 41 32 46 38 41 32 37 33 39 33 47 AE 
2017/6/14 16:16:23.273 [RX] - 56 69 56 4F 74 65 63 68 32 00 81 00 00 00 CF 6B  pass 
2017/6/14 16:16:23.489 [TX] - 56 69 56 4F 74 65 63 68 32 00 C7 36 00 01 03 6C 97 
2017/6/14 16:16:23.515 [RX] - 56 69 56 4F 74 65 63 68 32 00 C7 00 00 00 86 6E  pass pass pass  

Auto Poll

2017/6/14 16:16:23.737 [TX] - 56 69 56 4F 74 65 63 68 32 00 01 01 00 01 00 F6 24 
2017/6/14 16:16:23.764 [RX] - 56 69 56 4F 74 65 63 68 32 00 01 00 00 00 12 53  pass  

--- Real card (PAN=12)

2017/6/14 16:16:27.786 [TX] - 56 69 56 4F 74 65 63 68 32 00 03 40 00 00 96 E2 
2017/6/14 16:16:27.819 [RX] - 56 69 56 4F 74 65 63 68 32 00 03 00 00 DA CA DF EE 25 02 00 11 DF EE 23 81 AF 02 A9 00 80 0F 3A 00 00 B1 89 25 2A 34 30 37 31 2A 2A 2A 2A 30 34 36 39 5E 44 4F 57 2F 4A 4F 48 4E 20 5E 31 37 31 31 2A 2A 2A 2A 2A 2A 2A 2A 2A 2A 2A 2A 2A 2A 2A 2A 2A 2A 2A 2A 2A 2A 2A 2A 2A 2A 2A 3F 2A F0 0E FF E6 79 1D 1A E1 DB C2 A6 AE FF 6A E1 B5 B1 9F AD DA 2C 90 CD 5B 71 AC EA CC AD 6F 05 1B C0 C9 15 01 B2 6E B3 29 18 44 51 C5 9E 6B 65 1F 50 55 55 75 8C D8 26 E9 4D 70 7B AF 8E E1 FF 11 2C D5 16 64 84 CA B1 DF 2A 0A 61 CB CB 1A 0C 82 05 67 C2 64 36 30 36 54 31 32 33 34 35 36 62 99 49 01 2C 00 04 60 00 01 F7 27 03 9F 39 01 90 FF EE 01 04 DF 30 01 0C DF EE 26 01 CA DF EF 4C 06 00 00 00 00 00 00 DF EF 4D 00 85 00  

Poll on Demand

2017/6/14 16:16:28.552 [TX] - 56 69 56 4F 74 65 63 68 32 00 01 01 00 01 01 D7 34 
2017/6/14 16:16:28.579 [RX] - 56 69 56 4F 74 65 63 68 32 00 01 00 00 00 12 53  pass  

 Erase All Keys...

2017/6/14 16:16:28.595 [TX] - 56 69 56 4F 74 65 63 68 32 00 83 00 00 00 03 22 
2017/6/14 16:16:28.621 [RX] - 56 69 56 4F 74 65 63 68 32 00 83 00 00 00 22 03  pass  

 Set DUKPT Key Encryption Type...

2017/6/14 16:16:28.839 [TX] - 56 69 56 4F 74 65 63 68 32 00 C7 32 00 01 01 7D DF 
2017/6/14 16:16:28.866 [RX] - 56 69 56 4F 74 65 63 68 32 00 C7 00 00 00 86 6E  pass pass pass  

 Get DUKPT Key Encryption Type...

2017/6/14 16:16:29.086 [TX] - 56 69 56 4F 74 65 63 68 32 00 C7 33 00 00 1A 9B 
2017/6/14 16:16:29.111 [RX] - 56 69 56 4F 74 65 63 68 32 00 C7 00 00 01 01 BC 5E  pass  

 Loading DUKPT key...

2017/6/14 16:16:29.335 [TX] - 56 69 56 4F 74 65 63 68 32 00 80 00 00 65 30 45 43 36 30 46 33 35 31 34 37 45 43 41 30 30 38 38 4B 30 54 44 30 30 4E 30 30 30 30 30 30 38 30 39 43 30 37 41 39 39 31 44 43 38 30 33 34 45 43 31 32 45 31 36 39 43 30 44 35 34 35 35 44 45 41 32 39 34 35 31 34 32 34 37 38 30 38 30 35 36 38 32 33 34 39 38 37 31 32 30 32 33 34 30 30 30 30 30 30 30 30 12 43 
2017/6/14 16:16:29.466 [RX] - 56 69 56 4F 74 65 63 68 32 00 80 00 00 00 B9 DF  pass 
2017/6/14 16:16:29.679 [TX] - 56 69 56 4F 74 65 63 68 32 00 80 00 00 65 31 34 43 45 32 35 35 35 31 34 37 45 43 41 30 30 38 38 4B 30 54 44 30 30 4E 30 30 30 30 30 30 38 30 46 35 30 36 46 36 41 33 44 34 30 38 39 39 45 30 35 35 42 42 35 42 39 45 33 41 44 44 36 30 30 42 38 38 35 33 32 37 37 39 32 32 34 36 30 39 32 36 32 33 41 39 39 37 31 32 36 32 33 34 30 30 30 30 30 30 30 30 35 7F 
2017/6/14 16:16:29.811 [RX] - 56 69 56 4F 74 65 63 68 32 00 80 00 00 00 B9 DF  pass 
2017/6/14 16:16:30.025 [TX] - 56 69 56 4F 74 65 63 68 32 00 80 01 00 58 41 30 30 38 38 4B 30 54 44 30 30 4E 30 30 30 30 43 44 32 46 43 43 36 44 37 39 32 44 33 42 32 34 46 30 38 33 37 42 30 33 32 44 30 38 36 38 46 45 43 39 46 44 44 43 39 43 32 36 33 31 31 35 46 30 44 43 43 34 42 44 42 35 37 43 36 30 33 43 34 32 46 34 41 35 30 34 34 39 97 D5 
2017/6/14 16:16:30.145 [RX] - 56 69 56 4F 74 65 63 68 32 00 80 00 00 00 B9 DF  pass 
2017/6/14 16:16:30.359 [TX] - 56 69 56 4F 74 65 63 68 32 00 81 00 00 71 05 41 30 31 31 32 44 30 54 45 30 30 4E 30 31 30 30 4B 53 31 38 36 32 39 39 34 39 30 31 32 43 30 30 30 34 36 30 30 30 30 31 39 34 34 38 36 43 33 31 36 38 43 41 31 46 42 34 41 38 30 39 45 36 33 39 46 46 39 43 33 42 37 32 36 45 32 34 37 43 35 39 30 42 32 32 38 43 35 44 32 32 36 35 30 46 36 36 39 37 45 38 34 37 41 32 46 38 41 32 37 33 39 33 47 AE 
2017/6/14 16:16:30.516 [RX] - 56 69 56 4F 74 65 63 68 32 00 81 00 00 00 CF 6B  pass 
2017/6/14 16:16:30.730 [TX] - 56 69 56 4F 74 65 63 68 32 00 C7 36 00 01 03 6C 97 
2017/6/14 16:16:30.757 [RX] - 56 69 56 4F 74 65 63 68 32 00 C7 00 00 00 86 6E  pass pass pass  

Auto Poll

2017/6/14 16:16:30.977 [TX] - 56 69 56 4F 74 65 63 68 32 00 01 01 00 01 00 F6 24 
2017/6/14 16:16:31.004 [RX] - 56 69 56 4F 74 65 63 68 32 00 01 00 00 00 12 53  pass  

--- Real card (PAN=20)

2017/6/14 16:16:35.024 [TX] - 56 69 56 4F 74 65 63 68 32 00 03 40 00 00 96 E2 
2017/6/14 16:16:35.058 [RX] - 56 69 56 4F 74 65 63 68 32 00 03 00 00 75 CA DF EE 25 02 00 11 DF EE 23 59 02 53 00 83 0F 42 00 00 91 00 25 42 34 30 37 31 36 36 32 31 30 34 36 39 31 32 33 34 35 36 37 38 5E 44 4F 57 2F 4A 4F 48 4E 20 5E 31 37 31 31 32 30 31 31 32 37 38 37 31 31 30 30 30 30 30 30 30 30 38 34 39 30 30 30 30 30 30 3F 31 36 30 36 54 31 32 33 34 35 36 3C A4 03 9F 39 01 90 FF EE 01 04 DF 30 01 0C DF EE 26 01 CA A3 62  

Poll on Demand

2017/6/14 16:16:35.700 [TX] - 56 69 56 4F 74 65 63 68 32 00 01 01 00 01 01 D7 34 
2017/6/14 16:16:35.727 [RX] - 56 69 56 4F 74 65 63 68 32 00 01 00 00 00 12 53  pass  

 Erase All Keys...

2017/6/14 16:16:35.743 [TX] - 56 69 56 4F 74 65 63 68 32 00 83 00 00 00 03 22 
2017/6/14 16:16:35.769 [RX] - 56 69 56 4F 74 65 63 68 32 00 83 00 00 00 22 03  pass  

 Set DUKPT Key Encryption Type...

2017/6/14 16:16:35.987 [TX] - 56 69 56 4F 74 65 63 68 32 00 C7 32 00 01 01 7D DF 
2017/6/14 16:16:36.014 [RX] - 56 69 56 4F 74 65 63 68 32 00 C7 00 00 00 86 6E  pass pass pass  

 Get DUKPT Key Encryption Type...

2017/6/14 16:16:36.233 [TX] - 56 69 56 4F 74 65 63 68 32 00 C7 33 00 00 1A 9B 
2017/6/14 16:16:36.258 [RX] - 56 69 56 4F 74 65 63 68 32 00 C7 00 00 01 01 BC 5E  pass  

 Loading DUKPT key...

2017/6/14 16:16:36.483 [TX] - 56 69 56 4F 74 65 63 68 32 00 80 00 00 65 30 45 43 36 30 46 33 35 31 34 37 45 43 41 30 30 38 38 4B 30 54 44 30 30 4E 30 30 30 30 30 30 38 30 39 43 30 37 41 39 39 31 44 43 38 30 33 34 45 43 31 32 45 31 36 39 43 30 44 35 34 35 35 44 45 41 32 39 34 35 31 34 32 34 37 38 30 38 30 35 36 38 32 33 34 39 38 37 31 32 30 32 33 34 30 30 30 30 30 30 30 30 12 43 
2017/6/14 16:16:36.614 [RX] - 56 69 56 4F 74 65 63 68 32 00 80 00 00 00 B9 DF  pass 
2017/6/14 16:16:36.829 [TX] - 56 69 56 4F 74 65 63 68 32 00 80 00 00 65 31 34 43 45 32 35 35 35 31 34 37 45 43 41 30 30 38 38 4B 30 54 44 30 30 4E 30 30 30 30 30 30 38 30 46 35 30 36 46 36 41 33 44 34 30 38 39 39 45 30 35 35 42 42 35 42 39 45 33 41 44 44 36 30 30 42 38 38 35 33 32 37 37 39 32 32 34 36 30 39 32 36 32 33 41 39 39 37 31 32 36 32 33 34 30 30 30 30 30 30 30 30 35 7F 
2017/6/14 16:16:36.960 [RX] - 56 69 56 4F 74 65 63 68 32 00 80 00 00 00 B9 DF  pass 
2017/6/14 16:16:37.175 [TX] - 56 69 56 4F 74 65 63 68 32 00 80 01 00 58 41 30 30 38 38 4B 30 54 44 30 30 4E 30 30 30 30 43 44 32 46 43 43 36 44 37 39 32 44 33 42 32 34 46 30 38 33 37 42 30 33 32 44 30 38 36 38 46 45 43 39 46 44 44 43 39 43 32 36 33 31 31 35 46 30 44 43 43 34 42 44 42 35 37 43 36 30 33 43 34 32 46 34 41 35 30 34 34 39 97 D5 
2017/6/14 16:16:37.295 [RX] - 56 69 56 4F 74 65 63 68 32 00 80 00 00 00 B9 DF  pass 
2017/6/14 16:16:37.509 [TX] - 56 69 56 4F 74 65 63 68 32 00 81 00 00 71 05 41 30 31 31 32 44 30 54 45 30 30 4E 30 31 30 30 4B 53 31 38 36 32 39 39 34 39 30 31 32 43 30 30 30 34 36 30 30 30 30 31 39 34 34 38 36 43 33 31 36 38 43 41 31 46 42 34 41 38 30 39 45 36 33 39 46 46 39 43 33 42 37 32 36 45 32 34 37 43 35 39 30 42 32 32 38 43 35 44 32 32 36 35 30 46 36 36 39 37 45 38 34 37 41 32 46 38 41 32 37 33 39 33 47 AE 
2017/6/14 16:16:37.665 [RX] - 56 69 56 4F 74 65 63 68 32 00 81 00 00 00 CF 6B  pass 
2017/6/14 16:16:37.881 [TX] - 56 69 56 4F 74 65 63 68 32 00 C7 36 00 01 03 6C 97 
2017/6/14 16:16:37.907 [RX] - 56 69 56 4F 74 65 63 68 32 00 C7 00 00 00 86 6E  pass pass pass  

Auto Poll

2017/6/14 16:16:38.129 [TX] - 56 69 56 4F 74 65 63 68 32 00 01 01 00 01 00 F6 24 
2017/6/14 16:16:38.156 [RX] - 56 69 56 4F 74 65 63 68 32 00 01 00 00 00 12 53  pass  

--- ISO4909

2017/6/14 16:16:42.194 [TX] - 56 69 56 4F 74 65 63 68 32 00 03 40 00 00 96 E2 
2017/6/14 16:16:42.227 [RX] - 56 69 56 4F 74 65 63 68 32 00 03 00 01 72 CA DF EE 25 02 00 11 DF EE 23 82 01 16 02 10 01 80 1F 4D 27 00 91 9B 25 2A 34 35 34 37 2A 2A 2A 2A 2A 2A 2A 2A 30 30 30 30 5E 4C 4C 49 42 52 45 20 52 4F 42 45 52 54 2D 47 55 49 4C 4C 45 52 4D 4F 20 5E 31 31 30 32 2A 2A 2A 2A 2A 2A 2A 2A 2A 2A 2A 2A 2A 2A 2A 2A 2A 2A 2A 2A 2A 2A 2A 2A 2A 2A 2A 3F 2A 0A AF 41 FC AC B1 35 DC 25 D9 3B 4B 5B CB 73 B4 ED EE BD F3 AB 37 E6 39 9F 4F 17 F2 76 F8 DE 8D 59 93 BA 43 29 4C 5B 52 DC 92 7D 1D 9D ED 14 F8 51 58 0C 07 96 07 AB 28 01 80 18 BC D3 B7 0F 65 29 71 BD 69 3E DC 75 07 E5 E5 D8 6F 5B 39 E9 C1 AC 2A 4C 6E 5F EE A7 69 00 B1 4F B0 91 7E 68 83 82 84 EB 2B 4A 1F CD E3 89 DD 5E 4C BB F0 A7 E8 1C 29 C6 D8 A4 23 CB 79 F6 45 29 36 E8 4D 0B E6 BC 6D B0 09 54 4A 8E 4D B4 6B E2 83 32 3D 79 6E B0 13 AF 65 DF AF 57 85 96 18 2E D3 93 78 61 C2 BD 7D 77 E1 44 D2 BE 7C 36 30 36 54 31 32 33 34 35 36 62 99 49 01 2C 00 04 60 00 01 A6 C0 03 9F 39 01 90 FF EE 01 04 DF 30 01 0C DF EE 26 01 CA DF EF  pass 4C 06 00 26 00 00 00 00 DF EF 4D 30 AC 2A 4C 6E 5F EE A7 69 00 B1 4F B0 91 7E 68 83 82 84 EB 2B 4A 1F CD E3 89 DD 5E 4C BB F0 A7 E8 C6 74 07 E1 E7 5A 26 0C 84 30 70 6F 77 B9 7A 45 7C B8  

 ---------- END OF TEST ----------

 Result = PASSED
 

 MASTER RESULT = PASSED


Docklight Log File (HEX) - Stopped 2017/6/14 16:16:44.170 

