Docklight Log File (HEX) - Started 2020/5/6 16:27:45.361 
 TEST CASE: EDMT01-1

 --- Set POS COM PORT Settings
 Set POS COM PORT...
 POS operating on COM90 @ 9600 baud...
 Set POS COM PORT - COMPLETE

 

 --- Poll on Demand

2020/5/6 16:27:46.599 [TX] - 56 69 56 4F 74 65 63 68 32 00 01 01 00 01 01 D7 34 
2020/5/6 16:27:46.608 [RX] - 56 69 56 4F 74 65 63 68 32 00 01 00 00 00 12 53 00 00 00 00 00 00 00 00 00 00 00 00 00 00 00 00 00 00 00 00 00 00 00 00 00 00 00 00 00 00 00 00 00 00 00 00 00 00 00 00 00 00 00 00 00 00 00  

 --- Burst mode Off

2020/5/6 16:27:47.114 [TX] - 56 69 56 4F 74 65 63 68 32 00 04 00 00 04 FF F7 01 00 B9 2E 
2020/5/6 16:27:47.120 [RX] - 56 69 56 4F 74 65 63 68 32 00 04 00 00 00 AE 16 00 00 00 00 00 00 00 00 00 00 00 00 00 00 00 00 00 00 00 00 00 00 00 00 00 00 00 00 00 00 00 00 00 00 00 00 00 00 00 00 00 00 00 00 00 00 00  

 Erase All Keys...

2020/5/6 16:27:47.626 [TX] - 56 69 56 4F 74 65 63 68 32 00 83 00 00 00 03 22 
2020/5/6 16:27:47.632 [RX] - 56 69 56 4F 74 65 63 68 32 00 83 00 00 00 22 03 00 00 00 00 00 00 00 00 00 00 00 00 00 00 00 00 00 00 00 00 00 00 00 00 00 00 00 00 00 00 00 00 00 00 00 00 00 00 00 00 00 00 00 00 00 00 00  

 Set DUKPT Key Encryption Type...

2020/5/6 16:27:48.138 [TX] - 56 69 56 4F 74 65 63 68 32 00 C7 32 00 01 00 FE 6D 
2020/5/6 16:27:48.144 [RX] - 56 69 56 4F 74 65 63 68 32 00 C7 00 00 00 86 6E 00 00 00 00 00 00 00 00 00 00 00 00 00 00 00 00 00 00 00 00 00 00 00 00 00 00 00 00 00 00 00 00 00 00 00 00 00 00 00 00 00 00 00 00 00 00 00  

 Get DUKPT Key Encryption Type...

2020/5/6 16:27:48.651 [TX] - 56 69 56 4F 74 65 63 68 32 00 C7 33 00 00 9B 1A 
2020/5/6 16:27:48.656 [RX] - 56 69 56 4F 74 65 63 68 32 00 C7 00 00 01 00 AC 7F 00 00 00 00 00 00 00 00 00 00 00 00 00 00 00 00 00 00 00 00 00 00 00 00 00 00 00 00 00 00 00 00 00 00 00 00 00 00 00 00 00 00 00 00 00 00  
OK!
 

 Loading DUKPT key...

2020/5/6 16:27:49.169 [TX] - 56 69 56 4F 74 65 63 68 32 00 80 00 00 65 30 45 43 36 30 46 33 35 31 34 37 45 43 41 30 30 38 38 4B 30 54 44 30 30 4E 30 30 30 30 30 30 38 30 39 43 30 37 41 39 39 31 44 43 38 30 33 34 45 43 31 32 45 31 36 39 43 30 44 35 34 35 35 44 45 41 32 39 34 35 31 34 32 34 37 38 30 38 30 35 36 38 32 33 34 39 38 37 31 32 30 32 33 34 30 30 30 30 30 30 30 30 12 43 
2020/5/6 16:27:49.180 [RX] - 56 69 56 4F 74 65 63 68 32 00 80 00 00 00 B9 DF 00 00 00 00 00 00 00 00 00 00 00 00 00 00 00 00 00 00 00 00 00 00 00 00 00 00 00 00 00 00 00 00 00 00 00 00 00 00 00 00 00 00 00 00 00 00 00 
2020/5/6 16:27:49.685 [TX] - 56 69 56 4F 74 65 63 68 32 00 80 00 00 65 31 34 43 45 32 35 35 35 31 34 37 45 43 41 30 30 38 38 4B 30 54 44 30 30 4E 30 30 30 30 30 30 38 30 46 35 30 36 46 36 41 33 44 34 30 38 39 39 45 30 35 35 42 42 35 42 39 45 33 41 44 44 36 30 30 42 38 38 35 33 32 37 37 39 32 32 34 36 30 39 32 36 32 33 41 39 39 37 31 32 36 32 33 34 30 30 30 30 30 30 30 30 35 7F 
2020/5/6 16:27:49.696 [RX] - 56 69 56 4F 74 65 63 68 32 00 80 00 00 00 B9 DF 00 00 00 00 00 00 00 00 00 00 00 00 00 00 00 00 00 00 00 00 00 00 00 00 00 00 00 00 00 00 00 00 00 00 00 00 00 00 00 00 00 00 00 00 00 00 00 
2020/5/6 16:27:50.201 [TX] - 56 69 56 4F 74 65 63 68 32 00 80 01 00 58 41 30 30 38 38 4B 30 54 44 30 30 4E 30 30 30 30 43 44 32 46 43 43 36 44 37 39 32 44 33 42 32 34 46 30 38 33 37 42 30 33 32 44 30 38 36 38 46 45 43 39 46 44 44 43 39 43 32 36 33 31 31 35 46 30 44 43 43 34 42 44 42 35 37 43 36 30 33 43 34 32 46 34 41 35 30 34 34 39 97 D5 
2020/5/6 16:27:50.212 [RX] - 56 69 56 4F 74 65 63 68 32 00 80 00 00 00 B9 DF 00 00 00 00 00 00 00 00 00 00 00 00 00 00 00 00 00 00 00 00 00 00 00 00 00 00 00 00 00 00 00 00 00 00 00 00 00 00 00 00 00 00 00 00 00 00 00 
2020/5/6 16:27:50.717 [TX] - 56 69 56 4F 74 65 63 68 32 00 81 00 00 71 05 41 30 31 31 32 44 30 54 45 30 30 4E 30 31 30 30 4B 53 31 38 36 32 39 39 34 39 30 31 32 43 30 30 30 34 36 30 30 30 30 31 39 34 34 38 36 43 33 31 36 38 43 41 31 46 42 34 41 38 30 39 45 36 33 39 46 46 39 43 33 42 37 32 36 45 32 34 37 43 35 39 30 42 32 32 38 43 35 44 32 32 36 35 30 46 36 36 39 37 45 38 34 37 41 32 46 38 41 32 37 33 39 33 47 AE 
2020/5/6 16:27:50.740 [RX] - 56 69 56 4F 74 65 63 68 32 00 81 00 00 00 CF 6B 00 00 00 00 00 00 00 00 00 00 00 00 00 00 00 00 00 00 00 00 00 00 00 00 00 00 00 00 00 00 00 00 00 00 00 00 00 00 00 00 00 00 00 00 00 00 00  
OK!
 

 --- Data Encryption: Enable

2020/5/6 16:27:51.255 [TX] - 56 69 56 4F 74 65 63 68 32 00 C7 36 00 01 03 6C 97 
2020/5/6 16:27:51.260 [RX] - 56 69 56 4F 74 65 63 68 32 00 C7 00 00 00 86 6E 00 00 00 00 00 00 00 00 00 00 00 00 00 00 00 00 00 00 00 00 00 00 00 00 00 00 00 00 00 00 00 00 00 00 00 00 00 00 00 00 00 00 00 00 00 00 00  

 --- 04-00-----DFEF4B = 20 T1

2020/5/6 16:27:51.273 [TX] - 56 69 56 4F 74 65 63 68 32 00 04 00 00 07 DF EF 4B 03 20 00 00 CB C2 
2020/5/6 16:27:51.280 [RX] - 56 69 56 4F 74 65 63 68 32 00 04 00 00 00 AE 16 00 00 00 00 00 00 00 00 00 00 00 00 00 00 00 00 00 00 00 00 00 00 00 00 00 00 00 00 00 00 00 00 00 00 00 00 00 00 00 00 00 00 00 00 00 00 00  

 --- 02-40 Activate Transaction

2020/5/6 16:27:58.184 [TX] - 56 69 56 4F 74 65 63 68 32 00 02 40 00 15 0A 9F 02 06 00 00 00 00 10 00 9A 03 07 11 21 9F 21 03 10 15 20 5E 34 
2020/5/6 16:27:59.744 [RX] - 56 69 56 4F 74 65 63 68 32 00 02 00 02 42 C8 DF EE 25 02 00 11 DF EE 23 82 01 B9 02 B3 01 80 3F 4D 27 69 83 BF 25 2A 34 35 34 37 2A 2A 2A 2A 2A 2A 2A 2A 30 30 30 30 5E 4C 4C 49 42 52 45 20 52 4F 42 45 52 54 2D 47 55 49 4C 4C 45 52 4D 4F 20 5E 31 31 30 32 2A 2A 2A 2A 2A 2A 2A 2A 2A 2A 2A 2A 2A 2A 2A 2A 2A 2A 2A 2A 2A 2A 2A 2A 2A 2A 2A 3F 2A 3B 34 35 34 37 2A 2A 2A 2A 2A 2A 2A 2A 30 30 30 30 3D 31 31 30 32 2A 2A 2A 2A 2A 2A 2A 2A 2A 2A 2A 2A 2A 2A 2A 3F 2A DE 04 D2 DB BB F9 AA 18 EC 56 B9 DC 8C 3F 27 5F 5A B2 91 41 41 38 04 5F EE 1E 72 01 5B 35 30 E2 EC 75 97 64 E5 62 F9 BA 6E D0 3C 7D 7C 59 11 A0 7A 63 77 FB D6 DA DB A2 9B 3B A6 15 7A B2 92 09 4B 62 8C 26 8E A3 55 92 27 C4 20 64 EA 81 19 7A FC BB A4 7C FC 22 D8 2C 80 ED D4 1E 2C 4D DF B5 D9 A5 18 39 AC 9B 27 02 AA 76 41 75 77 9D D0 C0 89 25 0C D0 4A 03 E4 2C F2 8B DE 73 F9 81 4D A3 76 8A A6 F3 D5 D4 84 4C 10 D6 77 D3 63 32 C4 40 ED EC 69 F2 56 EB 03 56 B5 A9 43 13 3E F4 63 37 18 F6 D6 5F 29 ED 81 61 DE 75 20 EA A8 94 29 EE 9E 53 36 F2 87 84 01 7F 20 1D 4A 98 C0 91 7F F1 37 CF BF 64 5F 63 16 A6 A6 22 A7 19 5B 45 F9 04 77 06 E0 A0 DE 84 BB 59 5B 9F 2C 07 AF CC CB 1A 4D 4F BF FA 85 F3 52 A7 BC 6D B0 09 54 4A 8E 4D B4 6B E2 83 32 3D 79 6E B0 13 AF 65 DF AF 57 85 96 18 2E D3 93 78 61 C2 BD 7D 77 E1 44 D2 BE 7C 75 B7 AD 34 1D 23 80 EC 5A 2A F0 4A 2E 9E 8D 84 56 D2 8E C1 00 00 00 00 00 00 00 00 00 00 62 99 49 01 2C 00 04 60 00 01 8A DC 03 9F 39 01 90 FF EE 01 04 DF 30 01 0C DF EE 26 01 C8 9F 02 06 00 00 00 00 10 00 DF 5B 01 08 DF EF 4C 06 4A 00 00 00 00 00 DF EF 4D 50 05 EF 60 CE 9F 0B E8 78 71 40 BA C5 3E 01 F0 6C 00 0B 41 59 4D 69 6D 04 08 1B 35 F4 EA 52 CB 60 A9 37 D3 27 C9 5B 1B B4 D7 C1 28 45 39 FC 7E F6 DF B8 F8 0F 0C 44 24 7C 5D A0 33 BE F7 FE CA EF 6B 6C 78 31 E2 28 8F F7 9B 27 0C 69 D2 17 33 4F 93 D3 00 00 00 00 00 00 00 00 00 00 00 00 00 00 00 00 00 00 00 00 00 00 00 00 00 00 00 00 00 00 00 00 00 00 00 00  

 Erase All Keys...

2020/5/6 16:28:00.292 [TX] - 56 69 56 4F 74 65 63 68 32 00 83 00 00 00 03 22 
2020/5/6 16:28:00.300 [RX] - 56 69 56 4F 74 65 63 68 32 00 83 00 00 00 22 03 00 00 00 00 00 00 00 00 00 00 00 00 00 00 00 00 00 00 00 00 00 00 00 00 00 00 00 00 00 00 00 00 00 00 00 00 00 00 00 00 00 00 00 00 00 00 00  

 Set DUKPT Key Encryption Type...

2020/5/6 16:28:00.805 [TX] - 56 69 56 4F 74 65 63 68 32 00 C7 32 00 01 00 FE 6D 
2020/5/6 16:28:00.812 [RX] - 56 69 56 4F 74 65 63 68 32 00 C7 00 00 00 86 6E 00 00 00 00 00 00 00 00 00 00 00 00 00 00 00 00 00 00 00 00 00 00 00 00 00 00 00 00 00 00 00 00 00 00 00 00 00 00 00 00 00 00 00 00 00 00 00  

 Get DUKPT Key Encryption Type...

2020/5/6 16:28:01.320 [TX] - 56 69 56 4F 74 65 63 68 32 00 C7 33 00 00 9B 1A 
2020/5/6 16:28:01.328 [RX] - 56 69 56 4F 74 65 63 68 32 00 C7 00 00 01 00 AC 7F 00 00 00 00 00 00 00 00 00 00 00 00 00 00 00 00 00 00 00 00 00 00 00 00 00 00 00 00 00 00 00 00 00 00 00 00 00 00 00 00 00 00 00 00 00 00  
OK!
 

 Loading DUKPT key...

2020/5/6 16:28:01.839 [TX] - 56 69 56 4F 74 65 63 68 32 00 80 00 00 65 30 45 43 36 30 46 33 35 31 34 37 45 43 41 30 30 38 38 4B 30 54 44 30 30 4E 30 30 30 30 30 30 38 30 39 43 30 37 41 39 39 31 44 43 38 30 33 34 45 43 31 32 45 31 36 39 43 30 44 35 34 35 35 44 45 41 32 39 34 35 31 34 32 34 37 38 30 38 30 35 36 38 32 33 34 39 38 37 31 32 30 32 33 34 30 30 30 30 30 30 30 30 12 43 
2020/5/6 16:28:01.848 [RX] - 56 69 56 4F 74 65 63 68 32 00 80 00 00 00 B9 DF 00 00 00 00 00 00 00 00 00 00 00 00 00 00 00 00 00 00 00 00 00 00 00 00 00 00 00 00 00 00 00 00 00 00 00 00 00 00 00 00 00 00 00 00 00 00 00 
2020/5/6 16:28:02.353 [TX] - 56 69 56 4F 74 65 63 68 32 00 80 00 00 65 31 34 43 45 32 35 35 35 31 34 37 45 43 41 30 30 38 38 4B 30 54 44 30 30 4E 30 30 30 30 30 30 38 30 46 35 30 36 46 36 41 33 44 34 30 38 39 39 45 30 35 35 42 42 35 42 39 45 33 41 44 44 36 30 30 42 38 38 35 33 32 37 37 39 32 32 34 36 30 39 32 36 32 33 41 39 39 37 31 32 36 32 33 34 30 30 30 30 30 30 30 30 35 7F 
2020/5/6 16:28:02.364 [RX] - 56 69 56 4F 74 65 63 68 32 00 80 00 00 00 B9 DF 00 00 00 00 00 00 00 00 00 00 00 00 00 00 00 00 00 00 00 00 00 00 00 00 00 00 00 00 00 00 00 00 00 00 00 00 00 00 00 00 00 00 00 00 00 00 00 
2020/5/6 16:28:02.869 [TX] - 56 69 56 4F 74 65 63 68 32 00 80 01 00 58 41 30 30 38 38 4B 30 54 44 30 30 4E 30 30 30 30 43 44 32 46 43 43 36 44 37 39 32 44 33 42 32 34 46 30 38 33 37 42 30 33 32 44 30 38 36 38 46 45 43 39 46 44 44 43 39 43 32 36 33 31 31 35 46 30 44 43 43 34 42 44 42 35 37 43 36 30 33 43 34 32 46 34 41 35 30 34 34 39 97 D5 
2020/5/6 16:28:02.880 [RX] - 56 69 56 4F 74 65 63 68 32 00 80 00 00 00 B9 DF 00 00 00 00 00 00 00 00 00 00 00 00 00 00 00 00 00 00 00 00 00 00 00 00 00 00 00 00 00 00 00 00 00 00 00 00 00 00 00 00 00 00 00 00 00 00 00 
2020/5/6 16:28:03.387 [TX] - 56 69 56 4F 74 65 63 68 32 00 81 00 00 71 05 41 30 31 31 32 44 30 54 45 30 30 4E 30 31 30 30 4B 53 31 38 36 32 39 39 34 39 30 31 32 43 30 30 30 34 36 30 30 30 30 31 39 34 34 38 36 43 33 31 36 38 43 41 31 46 42 34 41 38 30 39 45 36 33 39 46 46 39 43 33 42 37 32 36 45 32 34 37 43 35 39 30 42 32 32 38 43 35 44 32 32 36 35 30 46 36 36 39 37 45 38 34 37 41 32 46 38 41 32 37 33 39 33 47 AE 
2020/5/6 16:28:03.407 [RX] - 56 69 56 4F 74 65 63 68 32 00 81 00 00 00 CF 6B 00 00 00 00 00 00 00 00 00 00 00 00 00 00 00 00 00 00 00 00 00 00 00 00 00 00 00 00 00 00 00 00 00 00 00 00 00 00 00 00 00 00 00 00 00 00 00  
OK!
 

 --- Data Encryption: Enable

2020/5/6 16:28:03.924 [TX] - 56 69 56 4F 74 65 63 68 32 00 C7 36 00 01 03 6C 97 
2020/5/6 16:28:03.931 [RX] - 56 69 56 4F 74 65 63 68 32 00 C7 00 00 00 86 6E 00 00 00 00 00 00 00 00 00 00 00 00 00 00 00 00 00 00 00 00 00 00 00 00 00 00 00 00 00 00 00 00 00 00 00 00 00 00 00 00 00 00 00 00 00 00 00  

 --- 04-00-----DFEF4B = 10 T2

2020/5/6 16:28:03.944 [TX] - 56 69 56 4F 74 65 63 68 32 00 04 00 00 07 DF EF 4B 03 10 00 00 6E 07 
2020/5/6 16:28:03.951 [RX] - 56 69 56 4F 74 65 63 68 32 00 04 00 00 00 AE 16 00 00 00 00 00 00 00 00 00 00 00 00 00 00 00 00 00 00 00 00 00 00 00 00 00 00 00 00 00 00 00 00 00 00 00 00 00 00 00 00 00 00 00 00 00 00 00  

 --- 02-40 Activate Transaction

2020/5/6 16:28:04.664 [TX] - 56 69 56 4F 74 65 63 68 32 00 02 40 00 15 0A 9F 02 06 00 00 00 00 10 00 9A 03 07 11 21 9F 21 03 10 15 20 5E 34 
2020/5/6 16:28:05.912 [RX] - 56 69 56 4F 74 65 63 68 32 00 02 00 02 1A C8 DF EE 25 02 00 11 DF EE 23 82 01 B9 02 B3 01 80 3F 4D 27 69 83 BF 25 2A 34 35 34 37 2A 2A 2A 2A 2A 2A 2A 2A 30 30 30 30 5E 4C 4C 49 42 52 45 20 52 4F 42 45 52 54 2D 47 55 49 4C 4C 45 52 4D 4F 20 5E 31 31 30 32 2A 2A 2A 2A 2A 2A 2A 2A 2A 2A 2A 2A 2A 2A 2A 2A 2A 2A 2A 2A 2A 2A 2A 2A 2A 2A 2A 3F 2A 3B 34 35 34 37 2A 2A 2A 2A 2A 2A 2A 2A 30 30 30 30 3D 31 31 30 32 2A 2A 2A 2A 2A 2A 2A 2A 2A 2A 2A 2A 2A 2A 2A 3F 2A DE 04 D2 DB BB F9 AA 18 EC 56 B9 DC 8C 3F 27 5F 5A B2 91 41 41 38 04 5F EE 1E 72 01 5B 35 30 E2 EC 75 97 64 E5 62 F9 BA 6E D0 3C 7D 7C 59 11 A0 7A 63 77 FB D6 DA DB A2 9B 3B A6 15 7A B2 92 09 4B 62 8C 26 8E A3 55 92 27 C4 20 64 EA 81 19 7A FC BB A4 7C FC 22 D8 2C 80 ED D4 1E 2C 4D DF B5 D9 A5 18 39 AC 9B 27 02 AA 76 41 75 77 9D D0 C0 89 25 0C D0 4A 03 E4 2C F2 8B DE 73 F9 81 4D A3 76 8A A6 F3 D5 D4 84 4C 10 D6 77 D3 63 32 C4 40 ED EC 69 F2 56 EB 03 56 B5 A9 43 13 3E F4 63 37 18 F6 D6 5F 29 ED 81 61 DE 75 20 EA A8 94 29 EE 9E 53 36 F2 87 84 01 7F 20 1D 4A 98 C0 91 7F F1 37 CF BF 64 5F 63 16 A6 A6 22 A7 19 5B 45 F9 04 77 06 E0 A0 DE 84 BB 59 5B 9F 2C 07 AF CC CB 1A 4D 4F BF FA 85 F3 52 A7 BC 6D B0 09 54 4A 8E 4D B4 6B E2 83 32 3D 79 6E B0 13 AF 65 DF AF 57 85 96 18 2E D3 93 78 61 C2 BD 7D 77 E1 44 D2 BE 7C 75 B7 AD 34 1D 23 80 EC 5A 2A F0 4A 2E 9E 8D 84 56 D2 8E C1 00 00 00 00 00 00 00 00 00 00 62 99 49 01 2C 00 04 60 00 01 8A DC 03 9F 39 01 90 FF EE 01 04 DF 30 01 0C DF EE 26 01 C8 9F 02 06 00 00 00 00 10 00 DF 5B 01 08 DF EF 4C 06 00 24 00 00 00 00 DF EF 4D 28 6E C9 E1 F6 C1 57 DC 8F 6B 35 97 7F 94 34 F5 00 B5 24 96 3D 45 95 AD FA 99 1F 4B 00 7F 42 49 18 50 5F 3B 1A 09 F6 84 8B 40 95 00 00 00 00 00 00 00 00 00 00 00 00 00  

 Erase All Keys...

2020/5/6 16:28:06.456 [TX] - 56 69 56 4F 74 65 63 68 32 00 83 00 00 00 03 22 
2020/5/6 16:28:06.463 [RX] - 56 69 56 4F 74 65 63 68 32 00 83 00 00 00 22 03 00 00 00 00 00 00 00 00 00 00 00 00 00 00 00 00 00 00 00 00 00 00 00 00 00 00 00 00 00 00 00 00 00 00 00 00 00 00 00 00 00 00 00 00 00 00 00  

 Set DUKPT Key Encryption Type...

2020/5/6 16:28:06.969 [TX] - 56 69 56 4F 74 65 63 68 32 00 C7 32 00 01 00 FE 6D 
2020/5/6 16:28:06.975 [RX] - 56 69 56 4F 74 65 63 68 32 00 C7 00 00 00 86 6E 00 00 00 00 00 00 00 00 00 00 00 00 00 00 00 00 00 00 00 00 00 00 00 00 00 00 00 00 00 00 00 00 00 00 00 00 00 00 00 00 00 00 00 00 00 00 00  

 Get DUKPT Key Encryption Type...

2020/5/6 16:28:07.481 [TX] - 56 69 56 4F 74 65 63 68 32 00 C7 33 00 00 9B 1A 
2020/5/6 16:28:07.487 [RX] - 56 69 56 4F 74 65 63 68 32 00 C7 00 00 01 00 AC 7F 00 00 00 00 00 00 00 00 00 00 00 00 00 00 00 00 00 00 00 00 00 00 00 00 00 00 00 00 00 00 00 00 00 00 00 00 00 00 00 00 00 00 00 00 00 00  
OK!
 

 Loading DUKPT key...

2020/5/6 16:28:07.996 [TX] - 56 69 56 4F 74 65 63 68 32 00 80 00 00 65 30 45 43 36 30 46 33 35 31 34 37 45 43 41 30 30 38 38 4B 30 54 44 30 30 4E 30 30 30 30 30 30 38 30 39 43 30 37 41 39 39 31 44 43 38 30 33 34 45 43 31 32 45 31 36 39 43 30 44 35 34 35 35 44 45 41 32 39 34 35 31 34 32 34 37 38 30 38 30 35 36 38 32 33 34 39 38 37 31 32 30 32 33 34 30 30 30 30 30 30 30 30 12 43 
2020/5/6 16:28:08.007 [RX] - 56 69 56 4F 74 65 63 68 32 00 80 00 00 00 B9 DF 00 00 00 00 00 00 00 00 00 00 00 00 00 00 00 00 00 00 00 00 00 00 00 00 00 00 00 00 00 00 00 00 00 00 00 00 00 00 00 00 00 00 00 00 00 00 00 
2020/5/6 16:28:08.512 [TX] - 56 69 56 4F 74 65 63 68 32 00 80 00 00 65 31 34 43 45 32 35 35 35 31 34 37 45 43 41 30 30 38 38 4B 30 54 44 30 30 4E 30 30 30 30 30 30 38 30 46 35 30 36 46 36 41 33 44 34 30 38 39 39 45 30 35 35 42 42 35 42 39 45 33 41 44 44 36 30 30 42 38 38 35 33 32 37 37 39 32 32 34 36 30 39 32 36 32 33 41 39 39 37 31 32 36 32 33 34 30 30 30 30 30 30 30 30 35 7F 
2020/5/6 16:28:08.523 [RX] - 56 69 56 4F 74 65 63 68 32 00 80 00 00 00 B9 DF 00 00 00 00 00 00 00 00 00 00 00 00 00 00 00 00 00 00 00 00 00 00 00 00 00 00 00 00 00 00 00 00 00 00 00 00 00 00 00 00 00 00 00 00 00 00 00 
2020/5/6 16:28:09.028 [TX] - 56 69 56 4F 74 65 63 68 32 00 80 01 00 58 41 30 30 38 38 4B 30 54 44 30 30 4E 30 30 30 30 43 44 32 46 43 43 36 44 37 39 32 44 33 42 32 34 46 30 38 33 37 42 30 33 32 44 30 38 36 38 46 45 43 39 46 44 44 43 39 43 32 36 33 31 31 35 46 30 44 43 43 34 42 44 42 35 37 43 36 30 33 43 34 32 46 34 41 35 30 34 34 39 97 D5 
2020/5/6 16:28:09.039 [RX] - 56 69 56 4F 74 65 63 68 32 00 80 00 00 00 B9 DF 00 00 00 00 00 00 00 00 00 00 00 00 00 00 00 00 00 00 00 00 00 00 00 00 00 00 00 00 00 00 00 00 00 00 00 00 00 00 00 00 00 00 00 00 00 00 00 
2020/5/6 16:28:09.545 [TX] - 56 69 56 4F 74 65 63 68 32 00 81 00 00 71 05 41 30 31 31 32 44 30 54 45 30 30 4E 30 31 30 30 4B 53 31 38 36 32 39 39 34 39 30 31 32 43 30 30 30 34 36 30 30 30 30 31 39 34 34 38 36 43 33 31 36 38 43 41 31 46 42 34 41 38 30 39 45 36 33 39 46 46 39 43 33 42 37 32 36 45 32 34 37 43 35 39 30 42 32 32 38 43 35 44 32 32 36 35 30 46 36 36 39 37 45 38 34 37 41 32 46 38 41 32 37 33 39 33 47 AE 
2020/5/6 16:28:09.567 [RX] - 56 69 56 4F 74 65 63 68 32 00 81 00 00 00 CF 6B 00 00 00 00 00 00 00 00 00 00 00 00 00 00 00 00 00 00 00 00 00 00 00 00 00 00 00 00 00 00 00 00 00 00 00 00 00 00 00 00 00 00 00 00 00 00 00  
OK!
 

 --- Data Encryption: Enable

2020/5/6 16:28:10.082 [TX] - 56 69 56 4F 74 65 63 68 32 00 C7 36 00 01 03 6C 97 
2020/5/6 16:28:10.087 [RX] - 56 69 56 4F 74 65 63 68 32 00 C7 00 00 00 86 6E 00 00 00 00 00 00 00 00 00 00 00 00 00 00 00 00 00 00 00 00 00 00 00 00 00 00 00 00 00 00 00 00 00 00 00 00 00 00 00 00 00 00 00 00 00 00 00  

 --- 04-00-----DFEF4B = 08 T3

2020/5/6 16:28:10.100 [TX] - 56 69 56 4F 74 65 63 68 32 00 04 00 00 07 DF EF 4B 03 08 00 00 AC ED 
2020/5/6 16:28:10.107 [RX] - 56 69 56 4F 74 65 63 68 32 00 04 00 00 00 AE 16 00 00 00 00 00 00 00 00 00 00 00 00 00 00 00 00 00 00 00 00 00 00 00 00 00 00 00 00 00 00 00 00 00 00 00 00 00 00 00 00 00 00 00 00 00 00 00  

 --- 02-40 Activate Transaction

2020/5/6 16:28:10.952 [TX] - 56 69 56 4F 74 65 63 68 32 00 02 40 00 15 0A 9F 02 06 00 00 00 00 10 00 9A 03 07 11 21 9F 21 03 10 15 20 5E 34 
2020/5/6 16:28:12.223 [RX] - 56 69 56 4F 74 65 63 68 32 00 02 00 02 5A C8 DF EE 25 02 00 11 DF EE 23 82 01 B9 02 B3 01 80 3F 4D 27 69 83 BF 25 2A 34 35 34 37 2A 2A 2A 2A 2A 2A 2A 2A 30 30 30 30 5E 4C 4C 49 42 52 45 20 52 4F 42 45 52 54 2D 47 55 49 4C 4C 45 52 4D 4F 20 5E 31 31 30 32 2A 2A 2A 2A 2A 2A 2A 2A 2A 2A 2A 2A 2A 2A 2A 2A 2A 2A 2A 2A 2A 2A 2A 2A 2A 2A 2A 3F 2A 3B 34 35 34 37 2A 2A 2A 2A 2A 2A 2A 2A 30 30 30 30 3D 31 31 30 32 2A 2A 2A 2A 2A 2A 2A 2A 2A 2A 2A 2A 2A 2A 2A 3F 2A DE 04 D2 DB BB F9 AA 18 EC 56 B9 DC 8C 3F 27 5F 5A B2 91 41 41 38 04 5F EE 1E 72 01 5B 35 30 E2 EC 75 97 64 E5 62 F9 BA 6E D0 3C 7D 7C 59 11 A0 7A 63 77 FB D6 DA DB A2 9B 3B A6 15 7A B2 92 09 4B 62 8C 26 8E A3 55 92 27 C4 20 64 EA 81 19 7A FC BB A4 7C FC 22 D8 2C 80 ED D4 1E 2C 4D DF B5 D9 A5 18 39 AC 9B 27 02 AA 76 41 75 77 9D D0 C0 89 25 0C D0 4A 03 E4 2C F2 8B DE 73 F9 81 4D A3 76 8A A6 F3 D5 D4 84 4C 10 D6 77 D3 63 32 C4 40 ED EC 69 F2 56 EB 03 56 B5 A9 43 13 3E F4 63 37 18 F6 D6 5F 29 ED 81 61 DE 75 20 EA A8 94 29 EE 9E 53 36 F2 87 84 01 7F 20 1D 4A 98 C0 91 7F F1 37 CF BF 64 5F 63 16 A6 A6 22 A7 19 5B 45 F9 04 77 06 E0 A0 DE 84 BB 59 5B 9F 2C 07 AF CC CB 1A 4D 4F BF FA 85 F3 52 A7 BC 6D B0 09 54 4A 8E 4D B4 6B E2 83 32 3D 79 6E B0 13 AF 65 DF AF 57 85 96 18 2E D3 93 78 61 C2 BD 7D 77 E1 44 D2 BE 7C 75 B7 AD 34 1D 23 80 EC 5A 2A F0 4A 2E 9E 8D 84 56 D2 8E C1 00 00 00 00 00 00 00 00 00 00 62 99 49 01 2C 00 04 60 00 01 8A DC 03 9F 39 01 90 FF EE 01 04 DF 30 01 0C DF EE 26 01 C8 9F 02 06 00 00 00 00 10 00 DF 5B 01 08 DF EF 4C 06 00 00 66 00 00 00 DF EF 4D 68 49 21 FA 1C 82 7E AA BB 36 16 C4 96 7C F7 5E 81 1C FF A2 FF 97 65 8D 14 08 17 6D 1B 13 0F B8 99 77 7E CE 0B 71 FE 81 76 64 DD 1E F0 0B F7 B8 6D CF 98 F6 CC B8 E0 77 9C 14 6E A2 95 48 E5 D7 37 55 BB 0B 89 26 AF 1F 6A FD E2 F9 24 00 BE 4C C0 DF 36 B8 61 C4 61 96 15 00 32 2E 88 A6 39 02 15 D2 09 6B DD E1 9F 66 13 D8 C7 00 00 00 00 00 00 00 00 00 00 00 00  

 Erase All Keys...

2020/5/6 16:28:12.771 [TX] - 56 69 56 4F 74 65 63 68 32 00 83 00 00 00 03 22 
2020/5/6 16:28:12.779 [RX] - 56 69 56 4F 74 65 63 68 32 00 83 00 00 00 22 03 00 00 00 00 00 00 00 00 00 00 00 00 00 00 00 00 00 00 00 00 00 00 00 00 00 00 00 00 00 00 00 00 00 00 00 00 00 00 00 00 00 00 00 00 00 00 00  

 Set DUKPT Key Encryption Type...

2020/5/6 16:28:13.286 [TX] - 56 69 56 4F 74 65 63 68 32 00 C7 32 00 01 00 FE 6D 
2020/5/6 16:28:13.291 [RX] - 56 69 56 4F 74 65 63 68 32 00 C7 00 00 00 86 6E 00 00 00 00 00 00 00 00 00 00 00 00 00 00 00 00 00 00 00 00 00 00 00 00 00 00 00 00 00 00 00 00 00 00 00 00 00 00 00 00 00 00 00 00 00 00 00  

 Get DUKPT Key Encryption Type...

2020/5/6 16:28:13.798 [TX] - 56 69 56 4F 74 65 63 68 32 00 C7 33 00 00 9B 1A 
2020/5/6 16:28:13.803 [RX] - 56 69 56 4F 74 65 63 68 32 00 C7 00 00 01 00 AC 7F 00 00 00 00 00 00 00 00 00 00 00 00 00 00 00 00 00 00 00 00 00 00 00 00 00 00 00 00 00 00 00 00 00 00 00 00 00 00 00 00 00 00 00 00 00 00  
OK!
 

 Loading DUKPT key...

2020/5/6 16:28:14.312 [TX] - 56 69 56 4F 74 65 63 68 32 00 80 00 00 65 30 45 43 36 30 46 33 35 31 34 37 45 43 41 30 30 38 38 4B 30 54 44 30 30 4E 30 30 30 30 30 30 38 30 39 43 30 37 41 39 39 31 44 43 38 30 33 34 45 43 31 32 45 31 36 39 43 30 44 35 34 35 35 44 45 41 32 39 34 35 31 34 32 34 37 38 30 38 30 35 36 38 32 33 34 39 38 37 31 32 30 32 33 34 30 30 30 30 30 30 30 30 12 43 
2020/5/6 16:28:14.323 [RX] - 56 69 56 4F 74 65 63 68 32 00 80 00 00 00 B9 DF 00 00 00 00 00 00 00 00 00 00 00 00 00 00 00 00 00 00 00 00 00 00 00 00 00 00 00 00 00 00 00 00 00 00 00 00 00 00 00 00 00 00 00 00 00 00 00 
2020/5/6 16:28:14.828 [TX] - 56 69 56 4F 74 65 63 68 32 00 80 00 00 65 31 34 43 45 32 35 35 35 31 34 37 45 43 41 30 30 38 38 4B 30 54 44 30 30 4E 30 30 30 30 30 30 38 30 46 35 30 36 46 36 41 33 44 34 30 38 39 39 45 30 35 35 42 42 35 42 39 45 33 41 44 44 36 30 30 42 38 38 35 33 32 37 37 39 32 32 34 36 30 39 32 36 32 33 41 39 39 37 31 32 36 32 33 34 30 30 30 30 30 30 30 30 35 7F 
2020/5/6 16:28:14.839 [RX] - 56 69 56 4F 74 65 63 68 32 00 80 00 00 00 B9 DF 00 00 00 00 00 00 00 00 00 00 00 00 00 00 00 00 00 00 00 00 00 00 00 00 00 00 00 00 00 00 00 00 00 00 00 00 00 00 00 00 00 00 00 00 00 00 00 
2020/5/6 16:28:15.345 [TX] - 56 69 56 4F 74 65 63 68 32 00 80 01 00 58 41 30 30 38 38 4B 30 54 44 30 30 4E 30 30 30 30 43 44 32 46 43 43 36 44 37 39 32 44 33 42 32 34 46 30 38 33 37 42 30 33 32 44 30 38 36 38 46 45 43 39 46 44 44 43 39 43 32 36 33 31 31 35 46 30 44 43 43 34 42 44 42 35 37 43 36 30 33 43 34 32 46 34 41 35 30 34 34 39 97 D5 
2020/5/6 16:28:15.355 [RX] - 56 69 56 4F 74 65 63 68 32 00 80 00 00 00 B9 DF 00 00 00 00 00 00 00 00 00 00 00 00 00 00 00 00 00 00 00 00 00 00 00 00 00 00 00 00 00 00 00 00 00 00 00 00 00 00 00 00 00 00 00 00 00 00 00 
2020/5/6 16:28:15.861 [TX] - 56 69 56 4F 74 65 63 68 32 00 81 00 00 71 05 41 30 31 31 32 44 30 54 45 30 30 4E 30 31 30 30 4B 53 31 38 36 32 39 39 34 39 30 31 32 43 30 30 30 34 36 30 30 30 30 31 39 34 34 38 36 43 33 31 36 38 43 41 31 46 42 34 41 38 30 39 45 36 33 39 46 46 39 43 33 42 37 32 36 45 32 34 37 43 35 39 30 42 32 32 38 43 35 44 32 32 36 35 30 46 36 36 39 37 45 38 34 37 41 32 46 38 41 32 37 33 39 33 47 AE 
2020/5/6 16:28:15.887 [RX] - 56 69 56 4F 74 65 63 68 32 00 81 00 00 00 CF 6B 00 00 00 00 00 00 00 00 00 00 00 00 00 00 00 00 00 00 00 00 00 00 00 00 00 00 00 00 00 00 00 00 00 00 00 00 00 00 00 00 00 00 00 00 00 00 00  
OK!
 

 --- Data Encryption: Enable

2020/5/6 16:28:16.403 [TX] - 56 69 56 4F 74 65 63 68 32 00 C7 36 00 01 03 6C 97 
2020/5/6 16:28:16.411 [RX] - 56 69 56 4F 74 65 63 68 32 00 C7 00 00 00 86 6E 00 00 00 00 00 00 00 00 00 00 00 00 00 00 00 00 00 00 00 00 00 00 00 00 00 00 00 00 00 00 00 00 00 00 00 00 00 00 00 00 00 00 00 00 00 00 00  

 --- 04-00-----DFEF4B = 30 T1+T2

2020/5/6 16:28:16.424 [TX] - 56 69 56 4F 74 65 63 68 32 00 04 00 00 07 DF EF 4B 03 30 00 00 A8 81 
2020/5/6 16:28:16.431 [RX] - 56 69 56 4F 74 65 63 68 32 00 04 00 00 00 AE 16 00 00 00 00 00 00 00 00 00 00 00 00 00 00 00 00 00 00 00 00 00 00 00 00 00 00 00 00 00 00 00 00 00 00 00 00 00 00 00 00 00 00 00 00 00 00 00  

 --- 02-40 Activate Transaction

2020/5/6 16:28:17.000 [TX] - 56 69 56 4F 74 65 63 68 32 00 02 40 00 15 0A 9F 02 06 00 00 00 00 10 00 9A 03 07 11 21 9F 21 03 10 15 20 5E 34 
2020/5/6 16:28:18.371 [RX] - 56 69 56 4F 74 65 63 68 32 00 02 00 02 62 C8 DF EE 25 02 00 11 DF EE 23 82 01 B9 02 B3 01 80 3F 4D 27 69 83 BF 25 2A 34 35 34 37 2A 2A 2A 2A 2A 2A 2A 2A 30 30 30 30 5E 4C 4C 49 42 52 45 20 52 4F 42 45 52 54 2D 47 55 49 4C 4C 45 52 4D 4F 20 5E 31 31 30 32 2A 2A 2A 2A 2A 2A 2A 2A 2A 2A 2A 2A 2A 2A 2A 2A 2A 2A 2A 2A 2A 2A 2A 2A 2A 2A 2A 3F 2A 3B 34 35 34 37 2A 2A 2A 2A 2A 2A 2A 2A 30 30 30 30 3D 31 31 30 32 2A 2A 2A 2A 2A 2A 2A 2A 2A 2A 2A 2A 2A 2A 2A 3F 2A DE 04 D2 DB BB F9 AA 18 EC 56 B9 DC 8C 3F 27 5F 5A B2 91 41 41 38 04 5F EE 1E 72 01 5B 35 30 E2 EC 75 97 64 E5 62 F9 BA 6E D0 3C 7D 7C 59 11 A0 7A 63 77 FB D6 DA DB A2 9B 3B A6 15 7A B2 92 09 4B 62 8C 26 8E A3 55 92 27 C4 20 64 EA 81 19 7A FC BB A4 7C FC 22 D8 2C 80 ED D4 1E 2C 4D DF B5 D9 A5 18 39 AC 9B 27 02 AA 76 41 75 77 9D D0 C0 89 25 0C D0 4A 03 E4 2C F2 8B DE 73 F9 81 4D A3 76 8A A6 F3 D5 D4 84 4C 10 D6 77 D3 63 32 C4 40 ED EC 69 F2 56 EB 03 56 B5 A9 43 13 3E F4 63 37 18 F6 D6 5F 29 ED 81 61 DE 75 20 EA A8 94 29 EE 9E 53 36 F2 87 84 01 7F 20 1D 4A 98 C0 91 7F F1 37 CF BF 64 5F 63 16 A6 A6 22 A7 19 5B 45 F9 04 77 06 E0 A0 DE 84 BB 59 5B 9F 2C 07 AF CC CB 1A 4D 4F BF FA 85 F3 52 A7 BC 6D B0 09 54 4A 8E 4D B4 6B E2 83 32 3D 79 6E B0 13 AF 65 DF AF 57 85 96 18 2E D3 93 78 61 C2 BD 7D 77 E1 44 D2 BE 7C 75 B7 AD 34 1D 23 80 EC 5A 2A F0 4A 2E 9E 8D 84 56 D2 8E C1 00 00 00 00 00 00 00 00 00 00 62 99 49 01 2C 00 04 60 00 01 8A DC 03 9F 39 01 90 FF EE 01 04 DF 30 01 0C DF EE 26 01 C8 9F 02 06 00 00 00 00 10 00 DF 5B 01 08 DF EF 4C 06 4A 24 00 00 00 00 DF EF 4D 70 05 EF 60 CE 9F 0B E8 78 71 40 BA C5 3E 01 F0 6C 00 0B 41 59 4D 69 6D 04 08 1B 35 F4 EA 52 CB 60 A9 37 D3 27 C9 5B 1B B4 D7 C1 28 45 39 FC 7E F6 DF B8 F8 0F 0C 44 24 7C 5D A0 33 BE F7 FE CA EF 6B 6C 78 31 E2 28 8F F7 78 1F CD 2D 54 C4 DD AD 35 B5 0B 96 A8 F1 9F 1A E9 62 4B C8 0F 36 32 0C A3 6A E7 C9 C9 51 B5 3B B5 97 42 26 25 2D 05 31 84 68 00 00 00 00  

 Erase All Keys...

2020/5/6 16:28:18.919 [TX] - 56 69 56 4F 74 65 63 68 32 00 83 00 00 00 03 22 
2020/5/6 16:28:18.927 [RX] - 56 69 56 4F 74 65 63 68 32 00 83 00 00 00 22 03 00 00 00 00 00 00 00 00 00 00 00 00 00 00 00 00 00 00 00 00 00 00 00 00 00 00 00 00 00 00 00 00 00 00 00 00 00 00 00 00 00 00 00 00 00 00 00  

 Set DUKPT Key Encryption Type...

2020/5/6 16:28:19.433 [TX] - 56 69 56 4F 74 65 63 68 32 00 C7 32 00 01 00 FE 6D 
2020/5/6 16:28:19.439 [RX] - 56 69 56 4F 74 65 63 68 32 00 C7 00 00 00 86 6E 00 00 00 00 00 00 00 00 00 00 00 00 00 00 00 00 00 00 00 00 00 00 00 00 00 00 00 00 00 00 00 00 00 00 00 00 00 00 00 00 00 00 00 00 00 00 00  

 Get DUKPT Key Encryption Type...

2020/5/6 16:28:19.946 [TX] - 56 69 56 4F 74 65 63 68 32 00 C7 33 00 00 9B 1A 
2020/5/6 16:28:19.951 [RX] - 56 69 56 4F 74 65 63 68 32 00 C7 00 00 01 00 AC 7F 00 00 00 00 00 00 00 00 00 00 00 00 00 00 00 00 00 00 00 00 00 00 00 00 00 00 00 00 00 00 00 00 00 00 00 00 00 00 00 00 00 00 00 00 00 00  
OK!
 

 Loading DUKPT key...

2020/5/6 16:28:20.462 [TX] - 56 69 56 4F 74 65 63 68 32 00 80 00 00 65 30 45 43 36 30 46 33 35 31 34 37 45 43 41 30 30 38 38 4B 30 54 44 30 30 4E 30 30 30 30 30 30 38 30 39 43 30 37 41 39 39 31 44 43 38 30 33 34 45 43 31 32 45 31 36 39 43 30 44 35 34 35 35 44 45 41 32 39 34 35 31 34 32 34 37 38 30 38 30 35 36 38 32 33 34 39 38 37 31 32 30 32 33 34 30 30 30 30 30 30 30 30 12 43 
2020/5/6 16:28:20.471 [RX] - 56 69 56 4F 74 65 63 68 32 00 80 00 00 00 B9 DF 00 00 00 00 00 00 00 00 00 00 00 00 00 00 00 00 00 00 00 00 00 00 00 00 00 00 00 00 00 00 00 00 00 00 00 00 00 00 00 00 00 00 00 00 00 00 00 
2020/5/6 16:28:20.976 [TX] - 56 69 56 4F 74 65 63 68 32 00 80 00 00 65 31 34 43 45 32 35 35 35 31 34 37 45 43 41 30 30 38 38 4B 30 54 44 30 30 4E 30 30 30 30 30 30 38 30 46 35 30 36 46 36 41 33 44 34 30 38 39 39 45 30 35 35 42 42 35 42 39 45 33 41 44 44 36 30 30 42 38 38 35 33 32 37 37 39 32 32 34 36 30 39 32 36 32 33 41 39 39 37 31 32 36 32 33 34 30 30 30 30 30 30 30 30 35 7F 
2020/5/6 16:28:20.987 [RX] - 56 69 56 4F 74 65 63 68 32 00 80 00 00 00 B9 DF 00 00 00 00 00 00 00 00 00 00 00 00 00 00 00 00 00 00 00 00 00 00 00 00 00 00 00 00 00 00 00 00 00 00 00 00 00 00 00 00 00 00 00 00 00 00 00 
2020/5/6 16:28:21.493 [TX] - 56 69 56 4F 74 65 63 68 32 00 80 01 00 58 41 30 30 38 38 4B 30 54 44 30 30 4E 30 30 30 30 43 44 32 46 43 43 36 44 37 39 32 44 33 42 32 34 46 30 38 33 37 42 30 33 32 44 30 38 36 38 46 45 43 39 46 44 44 43 39 43 32 36 33 31 31 35 46 30 44 43 43 34 42 44 42 35 37 43 36 30 33 43 34 32 46 34 41 35 30 34 34 39 97 D5 
2020/5/6 16:28:21.503 [RX] - 56 69 56 4F 74 65 63 68 32 00 80 00 00 00 B9 DF 00 00 00 00 00 00 00 00 00 00 00 00 00 00 00 00 00 00 00 00 00 00 00 00 00 00 00 00 00 00 00 00 00 00 00 00 00 00 00 00 00 00 00 00 00 00 00 
2020/5/6 16:28:22.013 [TX] - 56 69 56 4F 74 65 63 68 32 00 81 00 00 71 05 41 30 31 31 32 44 30 54 45 30 30 4E 30 31 30 30 4B 53 31 38 36 32 39 39 34 39 30 31 32 43 30 30 30 34 36 30 30 30 30 31 39 34 34 38 36 43 33 31 36 38 43 41 31 46 42 34 41 38 30 39 45 36 33 39 46 46 39 43 33 42 37 32 36 45 32 34 37 43 35 39 30 42 32 32 38 43 35 44 32 32 36 35 30 46 36 36 39 37 45 38 34 37 41 32 46 38 41 32 37 33 39 33 47 AE 
2020/5/6 16:28:22.035 [RX] - 56 69 56 4F 74 65 63 68 32 00 81 00 00 00 CF 6B 00 00 00 00 00 00 00 00 00 00 00 00 00 00 00 00 00 00 00 00 00 00 00 00 00 00 00 00 00 00 00 00 00 00 00 00 00 00 00 00 00 00 00 00 00 00 00  
OK!
 

 --- Data Encryption: Enable

2020/5/6 16:28:22.551 [TX] - 56 69 56 4F 74 65 63 68 32 00 C7 36 00 01 03 6C 97 
2020/5/6 16:28:22.559 [RX] - 56 69 56 4F 74 65 63 68 32 00 C7 00 00 00 86 6E 00 00 00 00 00 00 00 00 00 00 00 00 00 00 00 00 00 00 00 00 00 00 00 00 00 00 00 00 00 00 00 00 00 00 00 00 00 00 00 00 00 00 00 00 00 00 00  

 --- 04-00-----DFEF4B = 28 T1+T3

2020/5/6 16:28:22.571 [TX] - 56 69 56 4F 74 65 63 68 32 00 04 00 00 07 DF EF 4B 03 28 00 00 6A 6B 
2020/5/6 16:28:22.579 [RX] - 56 69 56 4F 74 65 63 68 32 00 04 00 00 00 AE 16 00 00 00 00 00 00 00 00 00 00 00 00 00 00 00 00 00 00 00 00 00 00 00 00 00 00 00 00 00 00 00 00 00 00 00 00 00 00 00 00 00 00 00 00 00 00 00  

 --- 02-40 Activate Transaction

2020/5/6 16:28:23.176 [TX] - 56 69 56 4F 74 65 63 68 32 00 02 40 00 15 0A 9F 02 06 00 00 00 00 10 00 9A 03 07 11 21 9F 21 03 10 15 20 5E 34 
2020/5/6 16:28:24.523 [RX] - 56 69 56 4F 74 65 63 68 32 00 02 00 02 A3 C8 DF EE 25 02 00 11 DF EE 23 82 01 B9 02 B3 01 80 3F 4D 27 69 83 BF 25 2A 34 35 34 37 2A 2A 2A 2A 2A 2A 2A 2A 30 30 30 30 5E 4C 4C 49 42 52 45 20 52 4F 42 45 52 54 2D 47 55 49 4C 4C 45 52 4D 4F 20 5E 31 31 30 32 2A 2A 2A 2A 2A 2A 2A 2A 2A 2A 2A 2A 2A 2A 2A 2A 2A 2A 2A 2A 2A 2A 2A 2A 2A 2A 2A 3F 2A 3B 34 35 34 37 2A 2A 2A 2A 2A 2A 2A 2A 30 30 30 30 3D 31 31 30 32 2A 2A 2A 2A 2A 2A 2A 2A 2A 2A 2A 2A 2A 2A 2A 3F 2A DE 04 D2 DB BB F9 AA 18 EC 56 B9 DC 8C 3F 27 5F 5A B2 91 41 41 38 04 5F EE 1E 72 01 5B 35 30 E2 EC 75 97 64 E5 62 F9 BA 6E D0 3C 7D 7C 59 11 A0 7A 63 77 FB D6 DA DB A2 9B 3B A6 15 7A B2 92 09 4B 62 8C 26 8E A3 55 92 27 C4 20 64 EA 81 19 7A FC BB A4 7C FC 22 D8 2C 80 ED D4 1E 2C 4D DF B5 D9 A5 18 39 AC 9B 27 02 AA 76 41 75 77 9D D0 C0 89 25 0C D0 4A 03 E4 2C F2 8B DE 73 F9 81 4D A3 76 8A A6 F3 D5 D4 84 4C 10 D6 77 D3 63 32 C4 40 ED EC 69 F2 56 EB 03 56 B5 A9 43 13 3E F4 63 37 18 F6 D6 5F 29 ED 81 61 DE 75 20 EA A8 94 29 EE 9E 53 36 F2 87 84 01 7F 20 1D 4A 98 C0 91 7F F1 37 CF BF 64 5F 63 16 A6 A6 22 A7 19 5B 45 F9 04 77 06 E0 A0 DE 84 BB 59 5B 9F 2C 07 AF CC CB 1A 4D 4F BF FA 85 F3 52 A7 BC 6D B0 09 54 4A 8E 4D B4 6B E2 83 32 3D 79 6E B0 13 AF 65 DF AF 57 85 96 18 2E D3 93 78 61 C2 BD 7D 77 E1 44 D2 BE 7C 75 B7 AD 34 1D 23 80 EC 5A 2A F0 4A 2E 9E 8D 84 56 D2 8E C1 00 00 00 00 00 00 00 00 00 00 62 99 49 01 2C 00 04 60 00 01 8A DC 03 9F 39 01 90 FF EE 01 04 DF 30 01 0C DF EE 26 01 C8 9F 02 06 00 00 00 00 10 00 DF 5B 01 08 DF EF 4C 06 4A 00 66 00 00 00 DF EF 4D 81 B0 05 EF 60 CE 9F 0B E8 78 71 40 BA C5 3E 01 F0 6C 00 0B 41 59 4D 69 6D 04 08 1B 35 F4 EA 52 CB 60 A9 37 D3 27 C9 5B 1B B4 D7 C1 28 45 39 FC 7E F6 DF B8 F8 0F 0C 44 24 7C 5D A0 33 BE F7 FE CA EF 6B 6C 78 31 E2 28 8F F7 81 5D 2B C2 62 80 39 F1 21 8B 67 1C 51 53 9C A6 2D 88 65 A6 3E 2D 87 FB 20 AA 3B 91 E3 F4 63 F9 C0 8E 5B FC 11 04 7F D6 52 40 F7 15 FA 39 3C CB 65 4B 88 67 72 8C 9D EC 3C 41 CC C3 C9 5C 69 5C 6B 51 4E 67 73 AA 88 9E 6E 06 FA 6B C7 6A 63 21 DD EA 0C 04 D2 82 53 60 9C 30 21 F6 59 F1 71 C6 5E 0F 93 71 89 B7 C2 B4 D0 C1 00 00  

 Erase All Keys...

2020/5/6 16:28:25.078 [TX] - 56 69 56 4F 74 65 63 68 32 00 83 00 00 00 03 22 
2020/5/6 16:28:25.083 [RX] - 56 69 56 4F 74 65 63 68 32 00 83 00 00 00 22 03 00 00 00 00 00 00 00 00 00 00 00 00 00 00 00 00 00 00 00 00 00 00 00 00 00 00 00 00 00 00 00 00 00 00 00 00 00 00 00 00 00 00 00 00 00 00 00  

 Set DUKPT Key Encryption Type...

2020/5/6 16:28:25.588 [TX] - 56 69 56 4F 74 65 63 68 32 00 C7 32 00 01 00 FE 6D 
2020/5/6 16:28:25.595 [RX] - 56 69 56 4F 74 65 63 68 32 00 C7 00 00 00 86 6E 00 00 00 00 00 00 00 00 00 00 00 00 00 00 00 00 00 00 00 00 00 00 00 00 00 00 00 00 00 00 00 00 00 00 00 00 00 00 00 00 00 00 00 00 00 00 00  

 Get DUKPT Key Encryption Type...

2020/5/6 16:28:26.102 [TX] - 56 69 56 4F 74 65 63 68 32 00 C7 33 00 00 9B 1A 
2020/5/6 16:28:26.111 [RX] - 56 69 56 4F 74 65 63 68 32 00 C7 00 00 01 00 AC 7F 00 00 00 00 00 00 00 00 00 00 00 00 00 00 00 00 00 00 00 00 00 00 00 00 00 00 00 00 00 00 00 00 00 00 00 00 00 00 00 00 00 00 00 00 00 00  
OK!
 

 Loading DUKPT key...

2020/5/6 16:28:26.621 [TX] - 56 69 56 4F 74 65 63 68 32 00 80 00 00 65 30 45 43 36 30 46 33 35 31 34 37 45 43 41 30 30 38 38 4B 30 54 44 30 30 4E 30 30 30 30 30 30 38 30 39 43 30 37 41 39 39 31 44 43 38 30 33 34 45 43 31 32 45 31 36 39 43 30 44 35 34 35 35 44 45 41 32 39 34 35 31 34 32 34 37 38 30 38 30 35 36 38 32 33 34 39 38 37 31 32 30 32 33 34 30 30 30 30 30 30 30 30 12 43 
2020/5/6 16:28:26.631 [RX] - 56 69 56 4F 74 65 63 68 32 00 80 00 00 00 B9 DF 00 00 00 00 00 00 00 00 00 00 00 00 00 00 00 00 00 00 00 00 00 00 00 00 00 00 00 00 00 00 00 00 00 00 00 00 00 00 00 00 00 00 00 00 00 00 00 
2020/5/6 16:28:27.136 [TX] - 56 69 56 4F 74 65 63 68 32 00 80 00 00 65 31 34 43 45 32 35 35 35 31 34 37 45 43 41 30 30 38 38 4B 30 54 44 30 30 4E 30 30 30 30 30 30 38 30 46 35 30 36 46 36 41 33 44 34 30 38 39 39 45 30 35 35 42 42 35 42 39 45 33 41 44 44 36 30 30 42 38 38 35 33 32 37 37 39 32 32 34 36 30 39 32 36 32 33 41 39 39 37 31 32 36 32 33 34 30 30 30 30 30 30 30 30 35 7F 
2020/5/6 16:28:27.147 [RX] - 56 69 56 4F 74 65 63 68 32 00 80 00 00 00 B9 DF 00 00 00 00 00 00 00 00 00 00 00 00 00 00 00 00 00 00 00 00 00 00 00 00 00 00 00 00 00 00 00 00 00 00 00 00 00 00 00 00 00 00 00 00 00 00 00 
2020/5/6 16:28:27.652 [TX] - 56 69 56 4F 74 65 63 68 32 00 80 01 00 58 41 30 30 38 38 4B 30 54 44 30 30 4E 30 30 30 30 43 44 32 46 43 43 36 44 37 39 32 44 33 42 32 34 46 30 38 33 37 42 30 33 32 44 30 38 36 38 46 45 43 39 46 44 44 43 39 43 32 36 33 31 31 35 46 30 44 43 43 34 42 44 42 35 37 43 36 30 33 43 34 32 46 34 41 35 30 34 34 39 97 D5 
2020/5/6 16:28:27.663 [RX] - 56 69 56 4F 74 65 63 68 32 00 80 00 00 00 B9 DF 00 00 00 00 00 00 00 00 00 00 00 00 00 00 00 00 00 00 00 00 00 00 00 00 00 00 00 00 00 00 00 00 00 00 00 00 00 00 00 00 00 00 00 00 00 00 00 
2020/5/6 16:28:28.170 [TX] - 56 69 56 4F 74 65 63 68 32 00 81 00 00 71 05 41 30 31 31 32 44 30 54 45 30 30 4E 30 31 30 30 4B 53 31 38 36 32 39 39 34 39 30 31 32 43 30 30 30 34 36 30 30 30 30 31 39 34 34 38 36 43 33 31 36 38 43 41 31 46 42 34 41 38 30 39 45 36 33 39 46 46 39 43 33 42 37 32 36 45 32 34 37 43 35 39 30 42 32 32 38 43 35 44 32 32 36 35 30 46 36 36 39 37 45 38 34 37 41 32 46 38 41 32 37 33 39 33 47 AE 
2020/5/6 16:28:28.195 [RX] - 56 69 56 4F 74 65 63 68 32 00 81 00 00 00 CF 6B 00 00 00 00 00 00 00 00 00 00 00 00 00 00 00 00 00 00 00 00 00 00 00 00 00 00 00 00 00 00 00 00 00 00 00 00 00 00 00 00 00 00 00 00 00 00 00  
OK!
 

 --- Data Encryption: Enable

2020/5/6 16:28:28.711 [TX] - 56 69 56 4F 74 65 63 68 32 00 C7 36 00 01 03 6C 97 
2020/5/6 16:28:28.719 [RX] - 56 69 56 4F 74 65 63 68 32 00 C7 00 00 00 86 6E 00 00 00 00 00 00 00 00 00 00 00 00 00 00 00 00 00 00 00 00 00 00 00 00 00 00 00 00 00 00 00 00 00 00 00 00 00 00 00 00 00 00 00 00 00 00 00  

 --- 04-00-----DFEF4B = 18 T2+T3

2020/5/6 16:28:28.730 [TX] - 56 69 56 4F 74 65 63 68 32 00 04 00 00 07 DF EF 4B 03 18 00 00 CF AE 
2020/5/6 16:28:28.739 [RX] - 56 69 56 4F 74 65 63 68 32 00 04 00 00 00 AE 16 00 00 00 00 00 00 00 00 00 00 00 00 00 00 00 00 00 00 00 00 00 00 00 00 00 00 00 00 00 00 00 00 00 00 00 00 00 00 00 00 00 00 00 00 00 00 00  

 --- 02-40 Activate Transaction

2020/5/6 16:28:29.421 [TX] - 56 69 56 4F 74 65 63 68 32 00 02 40 00 15 0A 9F 02 06 00 00 00 00 10 00 9A 03 07 11 21 9F 21 03 10 15 20 5E 34 
2020/5/6 16:28:30.731 [RX] - 56 69 56 4F 74 65 63 68 32 00 02 00 02 83 C8 DF EE 25 02 00 11 DF EE 23 82 01 B9 02 B3 01 80 3F 4D 27 69 83 BF 25 2A 34 35 34 37 2A 2A 2A 2A 2A 2A 2A 2A 30 30 30 30 5E 4C 4C 49 42 52 45 20 52 4F 42 45 52 54 2D 47 55 49 4C 4C 45 52 4D 4F 20 5E 31 31 30 32 2A 2A 2A 2A 2A 2A 2A 2A 2A 2A 2A 2A 2A 2A 2A 2A 2A 2A 2A 2A 2A 2A 2A 2A 2A 2A 2A 3F 2A 3B 34 35 34 37 2A 2A 2A 2A 2A 2A 2A 2A 30 30 30 30 3D 31 31 30 32 2A 2A 2A 2A 2A 2A 2A 2A 2A 2A 2A 2A 2A 2A 2A 3F 2A DE 04 D2 DB BB F9 AA 18 EC 56 B9 DC 8C 3F 27 5F 5A B2 91 41 41 38 04 5F EE 1E 72 01 5B 35 30 E2 EC 75 97 64 E5 62 F9 BA 6E D0 3C 7D 7C 59 11 A0 7A 63 77 FB D6 DA DB A2 9B 3B A6 15 7A B2 92 09 4B 62 8C 26 8E A3 55 92 27 C4 20 64 EA 81 19 7A FC BB A4 7C FC 22 D8 2C 80 ED D4 1E 2C 4D DF B5 D9 A5 18 39 AC 9B 27 02 AA 76 41 75 77 9D D0 C0 89 25 0C D0 4A 03 E4 2C F2 8B DE 73 F9 81 4D A3 76 8A A6 F3 D5 D4 84 4C 10 D6 77 D3 63 32 C4 40 ED EC 69 F2 56 EB 03 56 B5 A9 43 13 3E F4 63 37 18 F6 D6 5F 29 ED 81 61 DE 75 20 EA A8 94 29 EE 9E 53 36 F2 87 84 01 7F 20 1D 4A 98 C0 91 7F F1 37 CF BF 64 5F 63 16 A6 A6 22 A7 19 5B 45 F9 04 77 06 E0 A0 DE 84 BB 59 5B 9F 2C 07 AF CC CB 1A 4D 4F BF FA 85 F3 52 A7 BC 6D B0 09 54 4A 8E 4D B4 6B E2 83 32 3D 79 6E B0 13 AF 65 DF AF 57 85 96 18 2E D3 93 78 61 C2 BD 7D 77 E1 44 D2 BE 7C 75 B7 AD 34 1D 23 80 EC 5A 2A F0 4A 2E 9E 8D 84 56 D2 8E C1 00 00 00 00 00 00 00 00 00 00 62 99 49 01 2C 00 04 60 00 01 8A DC 03 9F 39 01 90 FF EE 01 04 DF 30 01 0C DF EE 26 01 C8 9F 02 06 00 00 00 00 10 00 DF 5B 01 08 DF EF 4C 06 00 24 66 00 00 00 DF EF 4D 81 90 6E C9 E1 F6 C1 57 DC 8F 6B 35 97 7F 94 34 F5 00 B5 24 96 3D 45 95 AD FA 99 1F 4B 00 7F 42 49 18 53 94 10 3E 9B 3E AC 58 B5 A5 B5 3F ED 73 A4 1B 56 2D 1A E9 54 39 0C A7 98 FB 9A 46 5F 18 8F E8 EA 5C 99 06 1D 67 16 01 B0 0C 2F 9D DD 34 6B E8 2A 10 17 C9 8C 62 FE F9 82 44 3C EA 30 44 CB 5C 33 E7 BF 30 08 68 F0 D4 C9 B4 66 C1 94 19 0F BC A8 64 FD 2E 51 0E 4E 62 9F D3 B7 8C 62 49 29 85 30 A8 4D 4E C4 00 55 01 01 00 AC 35 34 BB 82 72 C3 B5 00 00 00 00 00 00 00 00 00 00 00 00 00 00 00 00 00 00 00 00 00 00 00 00 00 00 00 00 00 00 00 00 00 00  

 Erase All Keys...

2020/5/6 16:28:31.281 [TX] - 56 69 56 4F 74 65 63 68 32 00 83 00 00 00 03 22 
2020/5/6 16:28:31.287 [RX] - 56 69 56 4F 74 65 63 68 32 00 83 00 00 00 22 03 00 00 00 00 00 00 00 00 00 00 00 00 00 00 00 00 00 00 00 00 00 00 00 00 00 00 00 00 00 00 00 00 00 00 00 00 00 00 00 00 00 00 00 00 00 00 00  

 Set DUKPT Key Encryption Type...

2020/5/6 16:28:31.793 [TX] - 56 69 56 4F 74 65 63 68 32 00 C7 32 00 01 00 FE 6D 
2020/5/6 16:28:31.799 [RX] - 56 69 56 4F 74 65 63 68 32 00 C7 00 00 00 86 6E 00 00 00 00 00 00 00 00 00 00 00 00 00 00 00 00 00 00 00 00 00 00 00 00 00 00 00 00 00 00 00 00 00 00 00 00 00 00 00 00 00 00 00 00 00 00 00  

 Get DUKPT Key Encryption Type...

2020/5/6 16:28:32.305 [TX] - 56 69 56 4F 74 65 63 68 32 00 C7 33 00 00 9B 1A 
2020/5/6 16:28:32.311 [RX] - 56 69 56 4F 74 65 63 68 32 00 C7 00 00 01 00 AC 7F 00 00 00 00 00 00 00 00 00 00 00 00 00 00 00 00 00 00 00 00 00 00 00 00 00 00 00 00 00 00 00 00 00 00 00 00 00 00 00 00 00 00 00 00 00 00  
OK!
 

 Loading DUKPT key...

2020/5/6 16:28:32.820 [TX] - 56 69 56 4F 74 65 63 68 32 00 80 00 00 65 30 45 43 36 30 46 33 35 31 34 37 45 43 41 30 30 38 38 4B 30 54 44 30 30 4E 30 30 30 30 30 30 38 30 39 43 30 37 41 39 39 31 44 43 38 30 33 34 45 43 31 32 45 31 36 39 43 30 44 35 34 35 35 44 45 41 32 39 34 35 31 34 32 34 37 38 30 38 30 35 36 38 32 33 34 39 38 37 31 32 30 32 33 34 30 30 30 30 30 30 30 30 12 43 
2020/5/6 16:28:32.831 [RX] - 56 69 56 4F 74 65 63 68 32 00 80 00 00 00 B9 DF 00 00 00 00 00 00 00 00 00 00 00 00 00 00 00 00 00 00 00 00 00 00 00 00 00 00 00 00 00 00 00 00 00 00 00 00 00 00 00 00 00 00 00 00 00 00 00 
2020/5/6 16:28:33.336 [TX] - 56 69 56 4F 74 65 63 68 32 00 80 00 00 65 31 34 43 45 32 35 35 35 31 34 37 45 43 41 30 30 38 38 4B 30 54 44 30 30 4E 30 30 30 30 30 30 38 30 46 35 30 36 46 36 41 33 44 34 30 38 39 39 45 30 35 35 42 42 35 42 39 45 33 41 44 44 36 30 30 42 38 38 35 33 32 37 37 39 32 32 34 36 30 39 32 36 32 33 41 39 39 37 31 32 36 32 33 34 30 30 30 30 30 30 30 30 35 7F 
2020/5/6 16:28:33.347 [RX] - 56 69 56 4F 74 65 63 68 32 00 80 00 00 00 B9 DF 00 00 00 00 00 00 00 00 00 00 00 00 00 00 00 00 00 00 00 00 00 00 00 00 00 00 00 00 00 00 00 00 00 00 00 00 00 00 00 00 00 00 00 00 00 00 00 
2020/5/6 16:28:33.852 [TX] - 56 69 56 4F 74 65 63 68 32 00 80 01 00 58 41 30 30 38 38 4B 30 54 44 30 30 4E 30 30 30 30 43 44 32 46 43 43 36 44 37 39 32 44 33 42 32 34 46 30 38 33 37 42 30 33 32 44 30 38 36 38 46 45 43 39 46 44 44 43 39 43 32 36 33 31 31 35 46 30 44 43 43 34 42 44 42 35 37 43 36 30 33 43 34 32 46 34 41 35 30 34 34 39 97 D5 
2020/5/6 16:28:33.863 [RX] - 56 69 56 4F 74 65 63 68 32 00 80 00 00 00 B9 DF 00 00 00 00 00 00 00 00 00 00 00 00 00 00 00 00 00 00 00 00 00 00 00 00 00 00 00 00 00 00 00 00 00 00 00 00 00 00 00 00 00 00 00 00 00 00 00 
2020/5/6 16:28:34.369 [TX] - 56 69 56 4F 74 65 63 68 32 00 81 00 00 71 05 41 30 31 31 32 44 30 54 45 30 30 4E 30 31 30 30 4B 53 31 38 36 32 39 39 34 39 30 31 32 43 30 30 30 34 36 30 30 30 30 31 39 34 34 38 36 43 33 31 36 38 43 41 31 46 42 34 41 38 30 39 45 36 33 39 46 46 39 43 33 42 37 32 36 45 32 34 37 43 35 39 30 42 32 32 38 43 35 44 32 32 36 35 30 46 36 36 39 37 45 38 34 37 41 32 46 38 41 32 37 33 39 33 47 AE 
2020/5/6 16:28:34.391 [RX] - 56 69 56 4F 74 65 63 68 32 00 81 00 00 00 CF 6B 00 00 00 00 00 00 00 00 00 00 00 00 00 00 00 00 00 00 00 00 00 00 00 00 00 00 00 00 00 00 00 00 00 00 00 00 00 00 00 00 00 00 00 00 00 00 00  
OK!
 

 --- Data Encryption: Enable

2020/5/6 16:28:34.906 [TX] - 56 69 56 4F 74 65 63 68 32 00 C7 36 00 01 03 6C 97 
2020/5/6 16:28:34.915 [RX] - 56 69 56 4F 74 65 63 68 32 00 C7 00 00 00 86 6E 00 00 00 00 00 00 00 00 00 00 00 00 00 00 00 00 00 00 00 00 00 00 00 00 00 00 00 00 00 00 00 00 00 00 00 00 00 00 00 00 00 00 00 00 00 00 00  

 --- 04-00-----DFEF4B = 38 T1+T2+T3

2020/5/6 16:28:34.928 [TX] - 56 69 56 4F 74 65 63 68 32 00 04 00 00 07 DF EF 4B 03 38 00 00 09 28 
2020/5/6 16:28:34.935 [RX] - 56 69 56 4F 74 65 63 68 32 00 04 00 00 00 AE 16 00 00 00 00 00 00 00 00 00 00 00 00 00 00 00 00 00 00 00 00 00 00 00 00 00 00 00 00 00 00 00 00 00 00 00 00 00 00 00 00 00 00 00 00 00 00 00  

 --- 02-40 Activate Transaction

2020/5/6 16:28:35.544 [TX] - 56 69 56 4F 74 65 63 68 32 00 02 40 00 15 0A 9F 02 06 00 00 00 00 10 00 9A 03 07 11 21 9F 21 03 10 15 20 5E 34 
2020/5/6 16:28:36.835 [RX] - 56 69 56 4F 74 65 63 68 32 00 02 00 02 CB C8 DF EE 25 02 00 11 DF EE 23 82 01 B9 02 B3 01 80 3F 4D 27 69 83 BF 25 2A 34 35 34 37 2A 2A 2A 2A 2A 2A 2A 2A 30 30 30 30 5E 4C 4C 49 42 52 45 20 52 4F 42 45 52 54 2D 47 55 49 4C 4C 45 52 4D 4F 20 5E 31 31 30 32 2A 2A 2A 2A 2A 2A 2A 2A 2A 2A 2A 2A 2A 2A 2A 2A 2A 2A 2A 2A 2A 2A 2A 2A 2A 2A 2A 3F 2A 3B 34 35 34 37 2A 2A 2A 2A 2A 2A 2A 2A 30 30 30 30 3D 31 31 30 32 2A 2A 2A 2A 2A 2A 2A 2A 2A 2A 2A 2A 2A 2A 2A 3F 2A DE 04 D2 DB BB F9 AA 18 EC 56 B9 DC 8C 3F 27 5F 5A B2 91 41 41 38 04 5F EE 1E 72 01 5B 35 30 E2 EC 75 97 64 E5 62 F9 BA 6E D0 3C 7D 7C 59 11 A0 7A 63 77 FB D6 DA DB A2 9B 3B A6 15 7A B2 92 09 4B 62 8C 26 8E A3 55 92 27 C4 20 64 EA 81 19 7A FC BB A4 7C FC 22 D8 2C 80 ED D4 1E 2C 4D DF B5 D9 A5 18 39 AC 9B 27 02 AA 76 41 75 77 9D D0 C0 89 25 0C D0 4A 03 E4 2C F2 8B DE 73 F9 81 4D A3 76 8A A6 F3 D5 D4 84 4C 10 D6 77 D3 63 32 C4 40 ED EC 69 F2 56 EB 03 56 B5 A9 43 13 3E F4 63 37 18 F6 D6 5F 29 ED 81 61 DE 75 20 EA A8 94 29 EE 9E 53 36 F2 87 84 01 7F 20 1D 4A 98 C0 91 7F F1 37 CF BF 64 5F 63 16 A6 A6 22 A7 19 5B 45 F9 04 77 06 E0 A0 DE 84 BB 59 5B 9F 2C 07 AF CC CB 1A 4D 4F BF FA 85 F3 52 A7 BC 6D B0 09 54 4A 8E 4D B4 6B E2 83 32 3D 79 6E B0 13 AF 65 DF AF 57 85 96 18 2E D3 93 78 61 C2 BD 7D 77 E1 44 D2 BE 7C 75 B7 AD 34 1D 23 80 EC 5A 2A F0 4A 2E 9E 8D 84 56 D2 8E C1 00 00 00 00 00 00 00 00 00 00 62 99 49 01 2C 00 04 60 00 01 8A DC 03 9F 39 01 90 FF EE 01 04 DF 30 01 0C DF EE 26 01 C8 9F 02 06 00 00 00 00 10 00 DF 5B 01 08 DF EF 4C 06 4A 24 66 00 00 00 DF EF 4D 81 D8 05 EF 60 CE 9F 0B E8 78 71 40 BA C5 3E 01 F0 6C 00 0B 41 59 4D 69 6D 04 08 1B 35 F4 EA 52 CB 60 A9 37 D3 27 C9 5B 1B B4 D7 C1 28 45 39 FC 7E F6 DF B8 F8 0F 0C 44 24 7C 5D A0 33 BE F7 FE CA EF 6B 6C 78 31 E2 28 8F F7 78 1F CD 2D 54 C4 DD AD 35 B5 0B 96 A8 F1 9F 1A E9 62 4B C8 0F 36 32 0C A3 6A E7 C9 C9 51 B5 3B 46 47 52 F0 0A 64 7F 23 E2 46 49 3A E0 29 1F 8C 26 20 B1 CA D9 C3 38 F9 CA FB C1 CD BE 68 9F 9A 00 B2 36 CF F2 AA 27 20 08 65 2A D9 54 A0 5E E7 D3 58 84 C7 BD 8C 31 33 95 9F 13 E4 C6 6C AE BD 35 70 CB B5 2C 71 EB 67 9A 6F EC 16 2B 11 77 F0 28 2E 11 8C FB 0E 42 47 AA D1 70 26 7D 8A 1B 78 69 E6 AD 9E AF 17 22 D0 72 C2 3D E3 8E 8D 3D B2 E9 44 00 00 00 00 00 00 00 00 00 00 00 00 00 00 00 00 00 00 00 00 00 00 00 00 00  
---------- END OF TEST ----------

 Result = PASSED
 

 MASTER RESULT = PASSED


Docklight Log File (HEX) - Stopped 2020/5/6 16:28:37.469 

