Docklight Log File (HEX) - Started 10/15/2008 14:25:47.63 
 --- Row 1 Button1

10/15/2008 14:25:47.65 [TX] - 56 69 56 4F 74 65 63 68 32 00 83 05 00 12 30 00 30 00 37 38 00 37 38 00 31 00 32 00 33 00 31 00 4B 76 
10/15/2008 14:25:47.94 [RX] - 56 69 56 4F 74 65 63 68 32 00 83 00 00 00 22 03  --- Row 1 Button2

10/15/2008 14:25:48.66 [TX] - 56 69 56 4F 74 65 63 68 32 00 83 05 00 13 37 39 00 30 00 37 38 00 37 38 00 31 00 32 00 32 00 32 00 77 17 
10/15/2008 14:25:48.94 [RX] - 56 69 56 4F 74 65 63 68 32 00 83 00 00 00 22 03  --- Row 1 Button3

10/15/2008 14:25:49.68 [TX] - 56 69 56 4F 74 65 63 68 32 00 83 05 00 14 31 35 38 00 30 00 37 38 00 37 38 00 31 00 32 00 32 00 33 00 56 04 
10/15/2008 14:25:49.96 [RX] - 56 69 56 4F 74 65 63 68 32 00 83 00 00 00 22 03  --- Row 2 Button1

10/15/2008 14:25:50.70 [TX] - 56 69 56 4F 74 65 63 68 32 00 83 05 00 13 30 00 37 39 00 37 38 00 37 38 00 31 00 32 00 32 00 34 00 BC 68 
10/15/2008 14:25:50.98 [RX] - 56 69 56 4F 74 65 63 68 32 00 83 00 00 00 22 03  --- Row 2 Button2

10/15/2008 14:25:51.71 [TX] - 56 69 56 4F 74 65 63 68 32 00 83 05 00 14 37 39 00 37 39 00 37 38 00 37 38 00 31 00 32 00 32 00 35 00 38 D4 
10/15/2008 14:25:51.99 [RX] - 56 69 56 4F 74 65 63 68 32 00 83 00 00 00 22 03  --- Row 2 Button3

10/15/2008 14:25:52.73 [TX] - 56 69 56 4F 74 65 63 68 32 00 83 05 00 15 31 35 38 00 37 39 00 37 38 00 37 38 00 31 00 32 00 32 00 36 00 51 D1 
10/15/2008 14:25:53.01 [RX] - 56 69 56 4F 74 65 63 68 32 00 83 00 00 00 22 03 
10/15/2008 14:25:53.76 [TX] - 56 69 56 4F 74 65 63 68 32 00 83 06 00 0B 14 63 61 6E 63 65 6C 4B 65 79 00 F4 07    ----- Expecting DONE Button

10/15/2008 14:25:59.86 [RX] - 56 69 56 4F 74 65 63 68 32 00 83 00 00 0B 64 6F 6E 65 42 75 74 74 6F 6E 00 71 C2  DONE Button Pressed
 --- Row 1 Button1

10/15/2008 14:25:59.89 [TX] - 56 69 56 4F 74 65 63 68 32 00 83 05 00 12 30 00 30 00 37 38 00 37 38 00 31 00 32 00 33 00 31 00 4B 76 
10/15/2008 14:26:00.19 [RX] - 56 69 56 4F 74 65 63 68 32 00 83 00 00 00 22 03  --- Row 1 Button2

10/15/2008 14:26:00.94 [TX] - 56 69 56 4F 74 65 63 68 32 00 83 05 00 13 37 39 00 30 00 37 38 00 37 38 00 31 00 32 00 32 00 32 00 77 17 
10/15/2008 14:26:01.22 [RX] - 56 69 56 4F 74 65 63 68 32 00 83 00 00 00 22 03  --- Row 1 Button3

10/15/2008 14:26:01.98 [TX] - 56 69 56 4F 74 65 63 68 32 00 83 05 00 14 31 35 38 00 30 00 37 38 00 37 38 00 31 00 32 00 32 00 33 00 56 04 
10/15/2008 14:26:02.26 [RX] - 56 69 56 4F 74 65 63 68 32 00 83 00 00 00 22 03  --- Row 2 Button1

10/15/2008 14:26:03.00 [TX] - 56 69 56 4F 74 65 63 68 32 00 83 05 00 13 30 00 37 39 00 37 38 00 37 38 00 31 00 32 00 32 00 34 00 BC 68 
10/15/2008 14:26:03.28 [RX] - 56 69 56 4F 74 65 63 68 32 00 83 00 00 00 22 03  --- Row 2 Button2

10/15/2008 14:26:04.02 [TX] - 56 69 56 4F 74 65 63 68 32 00 83 05 00 14 37 39 00 37 39 00 37 38 00 37 38 00 31 00 32 00 32 00 35 00 38 D4 
10/15/2008 14:26:04.30 [RX] - 56 69 56 4F 74 65 63 68 32 00 83 00 00 00 22 03  --- Row 2 Button3

10/15/2008 14:26:05.03 [TX] - 56 69 56 4F 74 65 63 68 32 00 83 05 00 15 31 35 38 00 37 39 00 37 38 00 37 38 00 31 00 32 00 32 00 36 00 51 D1 
10/15/2008 14:26:05.30 [RX] - 56 69 56 4F 74 65 63 68 32 00 83 00 00 00 22 03 
10/15/2008 14:26:06.05 [TX] - 56 69 56 4F 74 65 63 68 32 00 83 06 00 0B 14 63 61 6E 63 65 6C 4B 65 79 00 F4 07    ----- Expecting CREDIT Button

10/15/2008 14:26:08.89 [RX] - 56 69 56 4F 74 65 63 68 32 00 83 00 00 0C 63 6C 65 61 72 42 75 74 74 6F 6E 00 28 7C  CLEAR Button Pressed
 Result = FAILED


Docklight Log File (HEX) - Stopped 10/15/2008 14:26:16.21 

