Docklight Log File (HEX) - Started 2021/12/28 09:32:50.143 
 TEST CASE: EMT0508

 --- Set POS COM PORT Settings
 Set POS COM PORT...
 POS operating on COM1 @ 9600 baud...
 Set POS COM PORT - COMPLETE

 
--- Tag FFEE1D = 04 04 7E 0C 31

2021/12/28 09:32:51.359 [TX] - 56 69 56 4F 74 65 63 68 32 00 04 00 00 09 FF EE 1D 05 04 04 7E 0C 31 CC EC 
2021/12/28 09:32:51.436 [RX] - 55 55 55 55 55 55 55 55 55 55 55 55 55 55 55 55 55 55 55 55 55 55 55 55 55 55 55 55 55 55 66 56 69 56 4F 74 65 63 68 32 00 04 00 00 00 AE 16  pass pass  


2021/12/28 09:32:51.529 [TX] - 56 69 56 4F 74 65 63 68 32 00 01 01 00 01 01 D7 34 
2021/12/28 09:32:51.587 [RX] - 55 55 55 55 55 55 55 55 55 55 55 55 55 55 55 55 55 55 55 55 55 55 55 55 55 55 55 55 55 55 66 56 69 56 4F 74 65 63 68 32 00 01 00 00 00 12 53  pass  

--- Erase all Key

2021/12/28 09:32:51.680 [TX] - 56 69 56 4F 74 65 63 68 32 00 83 00 00 00 03 22 
2021/12/28 09:32:51.736 [RX] - 55 55 55 55 55 55 55 55 55 55 55 55 55 55 55 55 55 55 55 55 55 55 55 55 55 55 55 55 55 55 66 56 69 56 4F 74 65 63 68 32 00 83 00 00 00 22 03  pass  

--- Encryption type = TDES 

2021/12/28 09:32:52.329 [TX] - 56 69 56 4F 74 65 63 68 32 00 C7 32 00 01 00 6D FE 
2021/12/28 09:32:52.388 [RX] - 55 55 55 55 55 55 55 55 55 55 55 55 55 55 55 55 55 55 55 55 55 55 55 55 55 55 55 55 55 55 66 56 69 56 4F 74 65 63 68 32 00 C7 00 00 00 86 6E  pass pass pass pass  

--- Check encryption

2021/12/28 09:32:52.983 [TX] - 56 69 56 4F 74 65 63 68 32 00 C7 33 00 00 1A 9B 
2021/12/28 09:32:53.039 [RX] - 55 55 55 55 55 55 55 55 55 55 55 55 55 55 55 55 55 55 55 55 55 55 55 55 55 55 55 55 55 55 66 56 69 56 4F 74 65 63 68 32 00 C7 00 00 01 00 AC 7F  pass  

--- Load Plaintext Key - command 1 (80-00)

2021/12/28 09:32:53.632 [TX] - 56 69 56 4F 74 65 63 68 32 00 80 00 00 65 30 45 43 36 30 46 33 35 31 34 37 45 43 41 30 30 38 38 4B 30 54 44 30 30 4E 30 30 30 30 30 30 38 30 39 43 30 37 41 39 39 31 44 43 38 30 33 34 45 43 31 32 45 31 36 39 43 30 44 35 34 35 35 44 45 41 32 39 34 35 31 34 32 34 37 38 30 38 30 35 36 38 32 33 34 39 38 37 31 32 30 32 33 34 30 30 30 30 30 30 30 30 12 43 
2021/12/28 09:32:53.920 [RX] - 55 55 55 55 55 55 55 55 55 55 55 55 55 55 55 55 55 55 55 55 55 55 55 55 55 55 55 55 55 55 66 56 69 56 4F 74 65 63 68 32 00 80 00 00 00 B9 DF  pass  

--- Load Plaintext Key - command 2  (80-00)

2021/12/28 09:32:54.518 [TX] - 56 69 56 4F 74 65 63 68 32 00 80 00 00 65 31 34 43 45 32 35 35 35 31 34 37 45 43 41 30 30 38 38 4B 30 54 44 30 30 4E 30 30 30 30 30 30 38 30 46 35 30 36 46 36 41 33 44 34 30 38 39 39 45 30 35 35 42 42 35 42 39 45 33 41 44 44 36 30 30 42 38 38 35 33 32 37 37 39 32 32 34 36 30 39 32 36 32 33 41 39 39 37 31 32 36 32 33 34 30 30 30 30 30 30 30 30 35 7F 
2021/12/28 09:32:54.806 [RX] - 55 55 55 55 55 55 55 55 55 55 55 55 55 55 55 55 55 55 55 55 55 55 55 55 55 55 55 55 55 55 66 56 69 56 4F 74 65 63 68 32 00 80 00 00 00 B9 DF  pass  

--- Load Encrypted KPK (80-01)

2021/12/28 09:32:55.031 [TX] - 56 69 56 4F 74 65 63 68 32 00 80 01 00 58 41 30 30 38 38 4B 30 54 44 30 30 4E 30 30 30 30 43 44 32 46 43 43 36 44 37 39 32 44 33 42 32 34 46 30 38 33 37 42 30 33 32 44 30 38 36 38 46 45 43 39 46 44 44 43 39 43 32 36 33 31 31 35 46 30 44 43 43 34 42 44 42 35 37 43 36 30 33 43 34 32 46 34 41 35 30 34 34 39 97 D5 
2021/12/28 09:32:55.291 [RX] - 55 55 55 55 55 55 55 55 55 55 55 55 55 55 55 55 55 55 55 55 55 55 55 55 55 55 55 55 55 55 66 56 69 56 4F 74 65 63 68 32 00 80 00 00 00 B9 DF  pass  

--- Enter DUKPT Key (81-00)

2021/12/28 09:32:55.546 [TX] - 56 69 56 4F 74 65 63 68 32 00 81 00 00 71 05 41 30 31 31 32 44 30 54 45 30 30 4E 30 31 30 30 4B 53 31 38 36 32 39 39 34 39 30 31 32 43 30 30 30 34 36 30 30 30 30 31 39 34 34 38 36 43 33 31 36 38 43 41 31 46 42 34 41 38 30 39 45 36 33 39 46 46 39 43 33 42 37 32 36 45 32 34 37 43 35 39 30 42 32 32 38 43 35 44 32 32 36 35 30 46 36 36 39 37 45 38 34 37 41 32 46 38 41 32 37 33 39 33 47 AE 
2021/12/28 09:32:55.872 [RX] - 55 55 55 55 55 55 55 55 55 55 55 55 55 55 55 55 55 55 55 55 55 55 55 55 55 55 55 55 55 55 66 56 69 56 4F 74 65 63 68 32 00 81 00 00 00 CF 6B  pass  

--- Enable Data Encryption  (C7-36)

2021/12/28 09:32:56.472 [TX] - 56 69 56 4F 74 65 63 68 32 00 C7 36 00 01 03 6C 97 
2021/12/28 09:32:56.530 [RX] - 55 55 55 55 55 55 55 55 55 55 55 55 55 55 55 55 55 55 55 55 55 55 55 55 55 55 55 55 55 55 66 56 69 56 4F 74 65 63 68 32 00 C7 00 00 00 86 6E  pass pass pass pass  
--- Set MSR Secure Parameters (C7-38)- 08 (Default)

2021/12/28 09:32:56.986 [TX] - 56 69 56 4F 74 65 63 68 32 00 C7 38 00 05 DF DE 04 01 08 61 39 
2021/12/28 09:32:57.054 [RX] - 55 55 55 55 55 55 55 55 55 55 55 55 55 55 55 55 55 55 55 55 55 55 55 55 55 55 55 55 55 55 66 56 69 56 4F 74 65 63 68 32 00 C7 00 00 00 86 6E  pass pass pass pass  


***Poll on Demand + Activate Transaction***
 

1. Poll on Demand

2021/12/28 09:32:57.305 [TX] - 56 69 56 4F 74 65 63 68 32 00 01 01 00 01 01 D7 34 
2021/12/28 09:32:57.364 [RX] - 55 55 55 55 55 55 55 55 55 55 55 55 55 55 55 55 55 55 55 55 55 55 55 55 55 55 55 55 55 55 66 56 69 56 4F 74 65 63 68 32 00 01 00 00 00 12 53  pass  

2. Burst Off

2021/12/28 09:32:57.763 [TX] - 56 69 56 4F 74 65 63 68 32 00 04 00 00 04 FF F7 01 00 B9 2E 
2021/12/28 09:32:57.828 [RX] - 55 55 55 55 55 55 55 55 55 55 55 55 55 55 55 55 55 55 55 55 55 55 55 55 55 55 55 55 55 55 66 56 69 56 4F 74 65 63 68 32 00 04 00 00 00 AE 16  pass pass  

3. Activate Transaction

2021/12/28 09:32:58.227 [TX] - 56 69 56 4F 74 65 63 68 32 00 02 40 00 0A 0A 9F 02 06 00 00 00 00 10 00 18 73  

4. Please swipe Card

2021/12/28 09:32:59.899 [RX] - 55 55 55 55 55 55 55 55 55 55 55 55 55 55 55 55 55 55 55 55 55 55 55 55 55 55 55 55 55 55 66 56 69 56 4F 74 65 63 68 32 00 02 00 01 A5 C8 DF EE 25 02 00 11 DF EE 23 82 01 25 02 1F 01 80 1F 44 28 00 A3 9B 25 7E 36 35 31 30 7E 7E 7E 7E 7E 7E 7E 7E 30 30 32 36 5E 43 41 52 44 2F 49 4D 41 47 45 20 30 33 20 20 20 20 20 20 20 20 20 20 20 20 20 5E 31 37 31 32 7E 7E 7E 7E 7E 7E 7E 7E 7E 7E 7E 7E 7E 7E 7E 7E 3F 7E 3B 36 35 31 30 7E 7E 7E 7E 7E 7E 7E 7E 30 30 32 36 3D 31 37 31 32 7E 7E 7E 7E 7E 7E 7E 7E 7E 7E 7E 7E 7E 7E 7E 7E 3F 7E C7 27 B0 60 AB FC 2B 62 4C 4D 6E 59 96 E2 2D 84 8D 87 D6 E3 82 0D 57 37 4F 6D 3F B3 1F 75 06 1A DC 17 89 FB C3 C7 50 C7 5D 06 65 00 04 08 CA B4 CA 0C 62 47 62 EE 86 0F BD 54 17 E0 FD D5 7E 1D A9 C9 FA 98 FB DF 49 CA CE 1B DC 33 AA 1A DD A5 D6 52 C6 FC CF C5 DC A9 46 A8 07 1F 1C 13 1B 7F E6 5F 75 06 01 CE C6 1E 8A 64 0E 1C 2B EC 80 D4 51 48 AB 78 7E 8B 8D 05 DC 8A C9 07 9E FC 98 53 27 0B ED B9 10 02 52 D6 AA D8 46 CB 85 69 24 FE 7C 93 52 0B 36 DA D9 25 31 32 33 54 31 32 33 34 35 36 62 99 49 01 2C 00 04 60 00 01 D6 4C 03 9F 39 01 90 FF EE 01 04 DF 30 01 0C DF EE 26 01 C8 9F 02 06 00 00 00 00 10 00 DF 5B 01 08 9A 03 14 08 10 9F 21 03 12 08 22 DF EF 4C 06 00 27 00 00 00 00 DF EF 4D 28 CE 1B DC 33 AA 1A DD A5 D6 52 C6 FC CF C5 DC A9 46 A8 07 1F 1C 13 1B 7F E6 5F 75 06 01 CE C6 1E 42 71 F3 A3 EF 56 39 CA DF EC  

--- Erase all Key

2021/12/28 09:33:00.827 [TX] - 56 69 56 4F 74 65 63 68 32 00 83 00 00 00 03 22 
2021/12/28 09:33:00.835 [RX] - 21 10 55 D9 10 79 B0 4F 41 62 A1 3D AD 22 25 42 88 D5 7F F7 55 55 55 55 55 55 55 55 55 55 55 55 55 55 55 55 55 55 55 55 55 55 55 55 55 55 55 55 55 55 66 56 69 56 4F 74 65 63 68 32 00 83 00 00 00 22 03  pass  

--- Encryption type = TDES 

2021/12/28 09:33:01.481 [TX] - 56 69 56 4F 74 65 63 68 32 00 C7 32 00 01 00 6D FE 
2021/12/28 09:33:01.540 [RX] - 55 55 55 55 55 55 55 55 55 55 55 55 55 55 55 55 55 55 55 55 55 55 55 55 55 55 55 55 55 55 66 56 69 56 4F 74 65 63 68 32 00 C7 00 00 00 86 6E  pass pass pass pass  

--- Check encryption

2021/12/28 09:33:02.136 [TX] - 56 69 56 4F 74 65 63 68 32 00 C7 33 00 00 1A 9B 
2021/12/28 09:33:02.192 [RX] - 55 55 55 55 55 55 55 55 55 55 55 55 55 55 55 55 55 55 55 55 55 55 55 55 55 55 55 55 55 55 66 56 69 56 4F 74 65 63 68 32 00 C7 00 00 01 00 AC 7F  pass  

--- Load Plaintext Key - command 1 (80-00)

2021/12/28 09:33:02.789 [TX] - 56 69 56 4F 74 65 63 68 32 00 80 00 00 65 30 45 43 36 30 46 33 35 31 34 37 45 43 41 30 30 38 38 4B 30 54 44 30 30 4E 30 30 30 30 30 30 38 30 39 43 30 37 41 39 39 31 44 43 38 30 33 34 45 43 31 32 45 31 36 39 43 30 44 35 34 35 35 44 45 41 32 39 34 35 31 34 32 34 37 38 30 38 30 35 36 38 32 33 34 39 38 37 31 32 30 32 33 34 30 30 30 30 30 30 30 30 12 43 
2021/12/28 09:33:03.077 [RX] - 55 55 55 55 55 55 55 55 55 55 55 55 55 55 55 55 55 55 55 55 55 55 55 55 55 55 55 55 55 55 66 56 69 56 4F 74 65 63 68 32 00 80 00 00 00 B9 DF  pass  

--- Load Plaintext Key - command 2  (80-00)

2021/12/28 09:33:03.678 [TX] - 56 69 56 4F 74 65 63 68 32 00 80 00 00 65 31 34 43 45 32 35 35 35 31 34 37 45 43 41 30 30 38 38 4B 30 54 44 30 30 4E 30 30 30 30 30 30 38 30 46 35 30 36 46 36 41 33 44 34 30 38 39 39 45 30 35 35 42 42 35 42 39 45 33 41 44 44 36 30 30 42 38 38 35 33 32 37 37 39 32 32 34 36 30 39 32 36 32 33 41 39 39 37 31 32 36 32 33 34 30 30 30 30 30 30 30 30 35 7F 
2021/12/28 09:33:03.966 [RX] - 55 55 55 55 55 55 55 55 55 55 55 55 55 55 55 55 55 55 55 55 55 55 55 55 55 55 55 55 55 55 66 56 69 56 4F 74 65 63 68 32 00 80 00 00 00 B9 DF  pass  

--- Load Encrypted KPK (80-01)

2021/12/28 09:33:04.193 [TX] - 56 69 56 4F 74 65 63 68 32 00 80 01 00 58 41 30 30 38 38 4B 30 54 44 30 30 4E 30 30 30 30 43 44 32 46 43 43 36 44 37 39 32 44 33 42 32 34 46 30 38 33 37 42 30 33 32 44 30 38 36 38 46 45 43 39 46 44 44 43 39 43 32 36 33 31 31 35 46 30 44 43 43 34 42 44 42 35 37 43 36 30 33 43 34 32 46 34 41 35 30 34 34 39 97 D5 
2021/12/28 09:33:04.453 [RX] - 55 55 55 55 55 55 55 55 55 55 55 55 55 55 55 55 55 55 55 55 55 55 55 55 55 55 55 55 55 55 66 56 69 56 4F 74 65 63 68 32 00 80 00 00 00 B9 DF  pass  

--- Enter DUKPT Key (81-00)

2021/12/28 09:33:04.708 [TX] - 56 69 56 4F 74 65 63 68 32 00 81 00 00 71 05 41 30 31 31 32 44 30 54 45 30 30 4E 30 31 30 30 4B 53 31 38 36 32 39 39 34 39 30 31 32 43 30 30 30 34 36 30 30 30 30 31 39 34 34 38 36 43 33 31 36 38 43 41 31 46 42 34 41 38 30 39 45 36 33 39 46 46 39 43 33 42 37 32 36 45 32 34 37 43 35 39 30 42 32 32 38 43 35 44 32 32 36 35 30 46 36 36 39 37 45 38 34 37 41 32 46 38 41 32 37 33 39 33 47 AE 
2021/12/28 09:33:05.034 [RX] - 55 55 55 55 55 55 55 55 55 55 55 55 55 55 55 55 55 55 55 55 55 55 55 55 55 55 55 55 55 55 66 56 69 56 4F 74 65 63 68 32 00 81 00 00 00 CF 6B  pass  

--- Enable Data Encryption  (C7-36)

2021/12/28 09:33:05.634 [TX] - 56 69 56 4F 74 65 63 68 32 00 C7 36 00 01 03 6C 97 
2021/12/28 09:33:05.693 [RX] - 55 55 55 55 55 55 55 55 55 55 55 55 55 55 55 55 55 55 55 55 55 55 55 55 55 55 55 55 55 55 66 56 69 56 4F 74 65 63 68 32 00 C7 00 00 00 86 6E  pass pass pass pass  
--- Set MSR Secure Parameters (C7-38)- 08 (Default)

2021/12/28 09:33:06.149 [TX] - 56 69 56 4F 74 65 63 68 32 00 C7 38 00 05 DF DE 04 01 08 61 39 
2021/12/28 09:33:06.216 [RX] - 55 55 55 55 55 55 55 55 55 55 55 55 55 55 55 55 55 55 55 55 55 55 55 55 55 55 55 55 55 55 66 56 69 56 4F 74 65 63 68 32 00 C7 00 00 00 86 6E  pass pass pass pass  

---Auto poll + burst mode off ---
 

1. Auto poll

2021/12/28 09:33:06.479 [TX] - 56 69 56 4F 74 65 63 68 32 00 01 01 00 01 00 F6 24 
2021/12/28 09:33:06.538 [RX] - 55 55 55 55 55 55 55 55 55 55 55 55 55 55 55 55 55 55 55 55 55 55 55 55 55 55 55 55 55 55 66 56 69 56 4F 74 65 63 68 32 00 01 00 00 00 12 53  pass  

2. Burst Off

2021/12/28 09:33:06.938 [TX] - 56 69 56 4F 74 65 63 68 32 00 04 00 00 04 FF F7 01 00 B9 2E 
2021/12/28 09:33:07.004 [RX] - 55 55 55 55 55 55 55 55 55 55 55 55 55 55 55 55 55 55 55 55 55 55 55 55 55 55 55 55 55 55 66 56 69 56 4F 74 65 63 68 32 00 04 00 00 00 AE 16  pass pass  

3. Please swipe Card
 

4. Get transaction result in AutoPoll

2021/12/28 09:33:10.412 [TX] - 56 69 56 4F 74 65 63 68 32 00 03 40 00 00 96 E2 
2021/12/28 09:33:10.468 [RX] - 55 55 55 55 55 55 55 55 55 55 55 55 55 55 55 55 55 55 55 55 55 55 55 55 55 55 55 55 55 55 66 56 69 56 4F 74 65 63 68 32 00 03 00 01 A5 C8 DF EE 25 02 00 11 DF EE 23 82 01 25 02 1F 01 80 1F 44 28 00 A3 9B 25 7E 36 35 31 30 7E 7E 7E 7E 7E 7E 7E 7E 30 30 32 36 5E 43 41 52 44 2F 49 4D 41 47 45 20 30 33 20 20 20 20 20 20 20 20 20 20 20 20 20 5E 31 37 31 32 7E 7E 7E 7E 7E 7E 7E 7E 7E 7E 7E 7E 7E 7E 7E 7E 3F 7E 3B 36 35 31 30 7E 7E 7E 7E 7E 7E 7E 7E 30 30 32 36 3D 31 37 31 32 7E 7E 7E 7E 7E 7E 7E 7E 7E 7E 7E 7E 7E 7E 7E 7E 3F 7E C7 27 B0 60 AB FC 2B 62 4C 4D 6E 59 96 E2 2D 84 8D 87 D6 E3 82 0D 57 37 4F 6D 3F B3 1F 75 06 1A DC 17 89 FB C3 C7 50 C7 5D 06 65 00 04 08 CA B4 CA 0C 62 47 62 EE 86 0F BD 54 17 E0 FD D5 7E 1D A9 C9 FA 98 FB DF 49 CA CE 1B DC 33 AA 1A DD A5 D6 52 C6 FC CF C5 DC A9 46 A8 07 1F 1C 13 1B 7F E6 5F 75 06 01 CE C6 1E 8A 64 0E 1C 2B EC 80 D4 51 48 AB 78 7E 8B 8D 05 DC 8A C9 07 9E FC 98 53 27 0B ED B9 10 02 52 D6 AA D8 46 CB 85 69 24 FE 7C 93 52 0B 36 DA D9 25 31 32 33 54 31 32 33 34 35 36 62 99 49 01 2C 00 04 60 00 01 D6 4C 03 9F  

--- PrePAN 04 04 2A 0C(Default)

2021/12/28 09:33:11.199 [TX] - 56 69 56 4F 74 65 63 68 32 00 04 00 00 09 FF EE 1D 05 04 04 2A 0C 31 C2 6E 
2021/12/28 09:33:11.201 [RX] - 39 01 90 FF EE 01 04 DF 30 01 0C DF EE 26 01 C8 9F 02 06 00 00 00 00 10 00 DF 5B 01 08 9A 03 14 08 10 9F 21 03 12 08 30 DF EF 4C 06 00 27 00 00 00 00 DF EF 4D 28 CE 1B DC 33 AA 1A DD A5 D6 52 C6 FC CF C5 DC A9 46 A8 07 1F 1C 13 1B 7F E6 5F 75 06 01 CE C6 1E 42 71 F3 A3 EF 56 39 CA DF EC 21 10 55 D9 10 79 B0 4F 41 62 A1 3D AD 22 25 42 88 D5 E4 29 55 55 55 55 55 55 55 55 55 55 55 55 55 55 55 55 55 55 55 55 55 55 55 55 55 55 55 55  

 ---------- END OF TEST ----------

55 55 66 56 69 56 4F 74  Result = PASSED
65 63 68 32 00 04 00 00 00 AE 16  pass pass  

 MASTER RESULT = PASSED


Docklight Log File (HEX) - Stopped 2021/12/28 09:33:12.611 

