Docklight Log File (HEX) - Started 2025/5/22 11:00:26.887 
 TEST CASE: MFC002-3

 --- Set POS COM PORT Settings
 Set POS COM PORT...
 POS operating on COM1 @ 9600 baud...
 Set POS COM PORT - COMPLETE

 --- 04-00_Fallback to CL enable

2025/5/22 11:00:28.049 [TX] - 56 69 56 4F 74 65 63 68 32 00 04 00 00 0C DF EC 53 08 01 02 00 00 00 00 00 00 BB E0 
2025/5/22 11:00:28.087 [RX] - 56 69 56 4F 74 65 63 68 32 00 04 00 00 00 AE 16  

--- Auto Poll (01-01)

2025/5/22 11:00:28.109 [TX] - 56 69 56 4F 74 65 63 68 32 00 01 01 00 01 00 F6 24 
2025/5/22 11:00:28.135 [RX] - 56 69 56 4F 74 65 63 68 32 00 01 00 00 00 12 53  
--- Burst Off (04-00)

2025/5/22 11:00:28.160 [TX] - 56 69 56 4F 74 65 63 68 32 00 04 00 00 04 FF F7 01 00 B9 2E 
2025/5/22 11:00:28.189 [RX] - 56 69 56 4F 74 65 63 68 32 00 04 00 00 00 AE 16  

--- 03-00

2025/5/22 11:00:36.683 [TX] - 56 69 56 4F 74 65 63 68 32 00 03 00 00 00 3B FF 
2025/5/22 11:00:36.708 [RX] - 56 69 56 4F 74 65 63 68 32 00 03 23 01 4F 2D 42 34 37 36 31 37 33 39 30 30 31 30 31 30 30 31 30 5E 20 2F 5E 33 30 31 32 31 32 30 30 30 31 32 33 31 30 30 33 39 39 30 33 30 30 30 30 25 34 37 36 31 37 33 39 30 30 31 30 31 30 30 31 30 3D 33 30 31 32 31 32 30 30 30 31 32 33 33 39 39 30 30 30 33 31 01 E1 7E 4F 07 A0 00 00 00 03 10 10 9F 66 04 80 00 40 00 82 02 20 20 5F 2A 02 08 40 50 0C 56 49 53 41 20 54 45 53 54 20 30 31 9F 26 08 AA BB CC DD EE FF 11 22 9F 27 01 40 9F 02 06 00 00 00 00 00 01 9F 03 06 00 00 00 00 00 00 9F 10 07 06 01 11 03 90 00 00 9F 1A 02 08 40 9F 36 02 00 03 9F 37 04 B0 52 CC 82 5A 08 47 61 73 90 01 01 00 10 84 07 A0 00 00 00 03 10 10 9A 03 01 01 01 9C 01 00 57 13 47 61 73 90 01 01 00 10 D3 01 21 20 00 12 33 99 00 03 1F 5F 24 03 30 12 31 5F 34 01 01 9F 06 07 A0 00 00 00 03 10 10 9F 09 02 00 02 9F 1E 08 33 54 30 30 30 30 30 31 9F 21 03 00 20 38 9F 33 03 00 08 E8 9F 41 04 00 00 01 52 9F 5D 06 00 00 00 01 00 00 9F 39 01 91 9F 6C 02 20 00 5F 2D 04 65 73 65 6E 9F 35 01 25 FF EE 01 08 DF 30 01 00 DF 5B 01 08 DF EE 26 01 11 06 4B  

--- 03-40

2025/5/22 11:00:46.860 [TX] - 56 69 56 4F 74 65 63 68 32 00 03 40 00 00 96 E2 
2025/5/22 11:00:46.887 [RX] - 56 69 56 4F 74 65 63 68 32 00 03 23 01 8A 11 FF EE 13 2D 42 34 37 36 31 37 33 39 30 30 31 30 31 30 30 31 30 5E 20 2F 5E 33 30 31 32 31 32 30 30 30 31 32 33 31 30 30 33 39 39 30 33 30 30 30 30 FF EE 14 25 34 37 36 31 37 33 39 30 30 31 30 31 30 30 31 30 3D 33 30 31 32 31 32 30 30 30 31 32 33 33 39 39 30 30 30 33 31 E1 7E 4F 07 A0 00 00 00 03 10 10 9F 66 04 80 00 40 00 82 02 20 20 5F 2A 02 08 40 50 0C 56 49 53 41 20 54 45 53 54 20 30 31 9F 26 08 AA BB CC DD EE FF 11 22 9F 27 01 40 9F 02 06 00 00 00 00 00 01 9F 03 06 00 00 00 00 00 00 9F 10 07 06 01 11 03 90 00 00 9F 1A 02 08 40 9F 36 02 00 03 9F 37 04 D2 30 EA AE 5A 08 47 61 73 90 01 01 00 10 84 07 A0 00 00 00 03 10 10 9A 03 01 01 01 9C 01 00 57 13 47 61 73 90 01 01 00 10 D3 01 21 20 00 12 33 99 00 03 1F 5F 24 03 30 12 31 5F 34 01 01 9F 06 07 A0 00 00 00 03 10 10 9F 09 02 00 02 9F 1E 08 33 54 30 30 30 30 30 31 9F 21 03 00 20 48 9F 33 03 00 08 E8 9F 41 04 00 00 01 53 9F 5D 06 00 00 00 01 00 00 9F 39 01 91 9F 6C 02 20 00 5F 2D 04 65 73 65 6E 9F 35 01 25 FF EE 01 08 DF 30 01 00 DF 5B 01 08 DF EF 4C 06 00 27 00 00 00 00 DF EF 4D 27 3B 34 37 36 31 37 33 39 30 30 31 30 31 30 30 31 30 3D 33 30 31 32 31 32 30 30 30 31 32 33 33 39 39 30 30 30 33 31 3F DF EE 26 01 11 2E 01  

 Result = PASSED
 ---------- END OF TEST ----------

 

 MASTER RESULT = PASSED


Docklight Log File (HEX) - Stopped 2025/5/22 11:00:48.457 

