Docklight Log File (HEX) - Started 2026/5/15 11:32:15.930 
 TEST CASE: EDM04-1

 --- Set POS COM PORT Settings
 Set POS COM PORT...
 POS operating on COM90 @ 9600 baud...
 Set POS COM PORT - COMPLETE

 

 --- Poll on Demand

2026/5/15 11:32:17.254 [TX] - 56 69 56 4F 74 65 63 68 32 00 01 01 00 01 01 D7 34 
2026/5/15 11:32:17.266 [RX] - 56 69 56 4F 74 65 63 68 32 00 01 00 00 00 12 53 00 00 00 00 00 00 00 00 00 00 00 00 00 00 00 00 00 00 00 00 00 00 00 00 00 00 00 00 00 00 00 00 00 00 00 00 00 00 00 00 00 00 00 00 00 00 00  

 --- Burst mode Off

2026/5/15 11:32:17.785 [TX] - 56 69 56 4F 74 65 63 68 32 00 04 00 00 05 DF EE 7E 01 00 60 1E 
2026/5/15 11:32:17.846 [RX] - 56 69 56 4F 74 65 63 68 32 00 04 00 00 00 AE 16 00 00 00 00 00 00 00 00 00 00 00 00 00 00 00 00 00 00 00 00 00 00 00 00 00 00 00 00 00 00 00 00 00 00 00 00 00 00 00 00 00 00 00 00 00 00 00  

 --- 04-00-----DFEF4B = 64 T1+T1 Sentinel+PAN

2026/5/15 11:32:18.369 [TX] - 56 69 56 4F 74 65 63 68 32 00 04 00 00 07 DF EF 4B 03 64 00 00 A6 03 
2026/5/15 11:32:18.485 [RX] - 56 69 56 4F 74 65 63 68 32 00 04 00 00 00 AE 16 00 00 00 00 00 00 00 00 00 00 00 00 00 00 00 00 00 00 00 00 00 00 00 00 00 00 00 00 00 00 00 00 00 00 00 00 00 00 00 00 00 00 00 00 00 00 00  

 --- 02-40 Activate Transaction

2026/5/15 11:32:19.037 [TX] - 56 69 56 4F 74 65 63 68 32 00 02 40 00 15 0A 9F 02 06 00 00 00 00 10 00 9A 03 07 11 21 9F 21 03 10 15 20 5E 34 
2026/5/15 11:32:19.069 [RX] - 56 69 56 4F 74 65 63 68 32 00 02 63 00 00 4B B4 00 00 00 00 00 00 00 00 00 00 00 00 00 00 00 00 00 00 00 00 00 00 00 00 00 00 00 00 00 00 00 00 00 00 00 00 00 00 00 00 00 00 00 00 00 00 00 56 69 56 4F 74 65 63 68 32 00 61 01 00 10 03 00 00 02 00 45 4E 03 00 82 57 1C 02 00 00 20 5E B3 00 00 00 00 00 00 00 00 00 00 00 00 00 00 00 00 00 00 00 00 00 00 00 00 00 00 00 00 00 00 00 56 69 56 4F 74 65 63 68 32 00 61 01 00 1A 04 00 00 02 00 45 4E 0D 00 84 01 1C 04 24 1C 04 31 30 2E 30 30 1C 02 00 F4 21 2B DF 00 00 00 00 00 00 00 00 00 00 00 00 00 00 00 00 00 00 00 00 00 56 69 56 4F 74 65 63 68 32 00 61 01 00 10 03 00 00 02 00 45 4E 03 00 82 15 1C 02 00 F4 21 2A 9D 00 00 00 00 00 00 00 00 00 00 00 00 00 00 00 00 00 00 00 00 00 00 00 00 00 00 00 00 00 00 00 56 69 56 4F 74 65 63 68 32 00 02 00 01 C2 28 DF EE 25 02 00 11 DF EE 23 81 F4 02 EE 00 80 3F 4D 27 69 87 00 25 42 34 35 34 37 35 37 30 30 30 31 30 37 30 30 30 30 5E 4C 4C 49 42 52 45 20 52 4F 42 45 52 54 2D 47 55 49 4C 4C 45 52 4D 4F 20 5E 31 31 30 32 31 30 31 30 30 30 30 30 30 30 34 30 30 30 30 30 30 30 33 30 36 30 30 30 30 30 30 3F 2E 3B 34 35 34 37 35 37 30 30 30 31 30 37 30 30 30 30 3D 31 31 30 32 31 30 31 30 30 30 30 30 33 30 36 30 30 30 30 3F 38 3B 30 31 34 35 34 37 35 37 30 30 30 31 30 37 30 30 30 30 3D 37 39 37 38 30 30 30 30 30 30 30 30 30 30 30 30 30 30 30 33 30 31 39 30 31 38 30 34 30 32 30 30 30 31 31 30 32 34 3D 33 30 32 35 30 30 30 31 31 34 31 34 30 31 30 35 38 35 39 38 3D 3D 31 3D 30 30 30 30 30 30 32 36 30 30 30 30 30 30 30 30 30 30 30 30 3F 35 35 30 36 54 34 31 31 34 33 31 7E F4 03 9F 39 01 90 FF EE 01 05 DF EE 30 01 0C DF EE 26 02 28 00 9F 02 06 00 00 00 00 10 00 9F 03 06 00 00 00 00 00 00 DF 5B 01 05 9A 03 26 05 15 9F 21 03 03 32 21 DF EF 4C 06 4C 00 00 10 00 00 DF EF 4D 5C 25 42 34 35 34 37 35 37 30 30 30 31 30 37 30 30 30 30 5E 4C 4C 49 42 52 45 20 52 4F 42 45 52 54 2D 47 55 49 4C 4C 45 52 4D 4F 20 5E 31 31 30 32 31 30 31 30 30 30 30 30 30 30 34 30 30 30 30 30 30 30 33 30 36 30 30 30 30 30 30 3F 34 35 34 37 35 37 30 30 30 31 30 37 30 30 30 30 DF EC 11 20 D5 97 7C 9A D9 F3 BE F0 D1 46 61 B2 FB 81 C1 78 93 1C 58 DC 38 41 6F 5B 08 89 D1 38 75 B0 C3 46 0C 4C 00 00 00 00 00 00 00 00 00 00 00 00 00 00 00 00 00 00 00 00 00 00 00 00 00 00 00 00 00 00 00 00 00 00 00 00 00 00  

 --- 04-00-----DFEF4B = 52 T2+T2 Sentinel+PAN

2026/5/15 11:32:20.774 [TX] - 56 69 56 4F 74 65 63 68 32 00 04 00 00 07 DF EF 4B 03 52 00 00 A3 74 
2026/5/15 11:32:20.841 [RX] - 56 69 56 4F 74 65 63 68 32 00 04 00 00 00 AE 16 00 00 00 00 00 00 00 00 00 00 00 00 00 00 00 00 00 00 00 00 00 00 00 00 00 00 00 00 00 00 00 00 00 00 00 00 00 00 00 00 00 00 00 00 00 00 00  

 --- 02-40 Activate Transaction

2026/5/15 11:32:21.167 [TX] - 56 69 56 4F 74 65 63 68 32 00 02 40 00 15 0A 9F 02 06 00 00 00 00 10 00 9A 03 07 11 21 9F 21 03 10 15 20 5E 34 
2026/5/15 11:32:21.198 [RX] - 56 69 56 4F 74 65 63 68 32 00 02 63 00 00 4B B4 00 00 00 00 00 00 00 00 00 00 00 00 00 00 00 00 00 00 00 00 00 00 00 00 00 00 00 00 00 00 00 00 00 00 00 00 00 00 00 00 00 00 00 00 00 00 00 56 69 56 4F 74 65 63 68 32 00 61 01 00 10 03 00 00 02 00 45 4E 03 00 82 57 1C 02 00 00 20 5E B3 00 00 00 00 00 00 00 00 00 00 00 00 00 00 00 00 00 00 00 00 00 00 00 00 00 00 00 00 00 00 00 56 69 56 4F 74 65 63 68 32 00 61 01 00 1A 04 00 00 02 00 45 4E 0D 00 84 01 1C 04 24 1C 04 31 30 2E 30 30 1C 02 00 F4 21 2B DF 00 00 00 00 00 00 00 00 00 00 00 00 00 00 00 00 00 00 00 00 00 56 69 56 4F 74 65 63 68 32 00 61 01 00 10 03 00 00 02 00 45 4E 03 00 82 15 1C 02 00 F4 21 2A 9D 00 00 00 00 00 00 00 00 00 00 00 00 00 00 00 00 00 00 00 00 00 00 00 00 00 00 00 00 00 00 00 56 69 56 4F 74 65 63 68 32 00 02 00 01 9C 28 DF EE 25 02 00 11 DF EE 23 81 F4 02 EE 00 80 3F 4D 27 69 87 00 25 42 34 35 34 37 35 37 30 30 30 31 30 37 30 30 30 30 5E 4C 4C 49 42 52 45 20 52 4F 42 45 52 54 2D 47 55 49 4C 4C 45 52 4D 4F 20 5E 31 31 30 32 31 30 31 30 30 30 30 30 30 30 34 30 30 30 30 30 30 30 33 30 36 30 30 30 30 30 30 3F 2E 3B 34 35 34 37 35 37 30 30 30 31 30 37 30 30 30 30 3D 31 31 30 32 31 30 31 30 30 30 30 30 33 30 36 30 30 30 30 3F 38 3B 30 31 34 35 34 37 35 37 30 30 30 31 30 37 30 30 30 30 3D 37 39 37 38 30 30 30 30 30 30 30 30 30 30 30 30 30 30 30 33 30 31 39 30 31 38 30 34 30 32 30 30 30 31 31 30 32 34 3D 33 30 32 35 30 30 30 31 31 34 31 34 30 31 30 35 38 35 39 38 3D 3D 31 3D 30 30 30 30 30 30 32 36 30 30 30 30 30 30 30 30 30 30 30 30 3F 35 35 30 36 54 34 31 31 34 33 31 7E F4 03 9F 39 01 90 FF EE 01 05 DF EE 30 01 0C DF EE 26 02 28 00 9F 02 06 00 00 00 00 10 00 9F 03 06 00 00 00 00 00 00 DF 5B 01 05 9A 03 26 05 15 9F 21 03 03 32 23 DF EF 4C 06 00 26 00 10 00 00 DF EF 4D 36 3B 34 35 34 37 35 37 30 30 30 31 30 37 30 30 30 30 3D 31 31 30 32 31 30 31 30 30 30 30 30 33 30 36 30 30 30 30 3F 34 35 34 37 35 37 30 30 30 31 30 37 30 30 30 30 DF EC 11 20 D5 97 7C 9A D9 F3 BE F0 D1 46 61 B2 FB 81 C1 78 93 1C 58 DC 38 41 6F 5B 08 89 D1 38 75 B0 C3 46 6E 42 00 00 00 00 00 00 00 00 00 00 00 00 00  

 --- 04-00-----DFEF4B = 49 T3+T3 Sentinel+PAN

2026/5/15 11:32:22.940 [TX] - 56 69 56 4F 74 65 63 68 32 00 04 00 00 07 DF EF 4B 03 49 00 00 31 C7 
2026/5/15 11:32:23.000 [RX] - 56 69 56 4F 74 65 63 68 32 00 04 00 00 00 AE 16 00 00 00 00 00 00 00 00 00 00 00 00 00 00 00 00 00 00 00 00 00 00 00 00 00 00 00 00 00 00 00 00 00 00 00 00 00 00 00 00 00 00 00 00 00 00 00  

 --- 02-40 Activate Transaction

2026/5/15 11:32:23.325 [TX] - 56 69 56 4F 74 65 63 68 32 00 02 40 00 15 0A 9F 02 06 00 00 00 00 10 00 9A 03 07 11 21 9F 21 03 10 15 20 5E 34 
2026/5/15 11:32:23.357 [RX] - 56 69 56 4F 74 65 63 68 32 00 02 63 00 00 4B B4 00 00 00 00 00 00 00 00 00 00 00 00 00 00 00 00 00 00 00 00 00 00 00 00 00 00 00 00 00 00 00 00 00 00 00 00 00 00 00 00 00 00 00 00 00 00 00 56 69 56 4F 74 65 63 68 32 00 61 01 00 10 03 00 00 02 00 45 4E 03 00 82 57 1C 02 00 00 20 5E B3 00 00 00 00 00 00 00 00 00 00 00 00 00 00 00 00 00 00 00 00 00 00 00 00 00 00 00 00 00 00 00 56 69 56 4F 74 65 63 68 32 00 61 01 00 1A 04 00 00 02 00 45 4E 0D 00 84 01 1C 04 24 1C 04 31 30 2E 30 30 1C 02 00 F4 21 2B DF 00 00 00 00 00 00 00 00 00 00 00 00 00 00 00 00 00 00 00 00 00 56 69 56 4F 74 65 63 68 32 00 61 01 00 10 03 00 00 02 00 45 4E 03 00 82 15 1C 02 00 F4 21 2A 9D 00 00 00 00 00 00 00 00 00 00 00 00 00 00 00 00 00 00 00 00 00 00 00 00 00 00 00 00 00 00 00 56 69 56 4F 74 65 63 68 32 00 02 00 01 DE 28 DF EE 25 02 00 11 DF EE 23 81 F4 02 EE 00 80 3F 4D 27 69 87 00 25 42 34 35 34 37 35 37 30 30 30 31 30 37 30 30 30 30 5E 4C 4C 49 42 52 45 20 52 4F 42 45 52 54 2D 47 55 49 4C 4C 45 52 4D 4F 20 5E 31 31 30 32 31 30 31 30 30 30 30 30 30 30 34 30 30 30 30 30 30 30 33 30 36 30 30 30 30 30 30 3F 2E 3B 34 35 34 37 35 37 30 30 30 31 30 37 30 30 30 30 3D 31 31 30 32 31 30 31 30 30 30 30 30 33 30 36 30 30 30 30 3F 38 3B 30 31 34 35 34 37 35 37 30 30 30 31 30 37 30 30 30 30 3D 37 39 37 38 30 30 30 30 30 30 30 30 30 30 30 30 30 30 30 33 30 31 39 30 31 38 30 34 30 32 30 30 30 31 31 30 32 34 3D 33 30 32 35 30 30 30 31 31 34 31 34 30 31 30 35 38 35 39 38 3D 3D 31 3D 30 30 30 30 30 30 32 36 30 30 30 30 30 30 30 30 30 30 30 30 3F 35 35 30 36 54 34 31 31 34 33 31 7E F4 03 9F 39 01 90 FF EE 01 05 DF EE 30 01 0C DF EE 26 02 28 00 9F 02 06 00 00 00 00 10 00 9F 03 06 00 00 00 00 00 00 DF 5B 01 05 9A 03 26 05 15 9F 21 03 03 32 25 DF EF 4C 06 00 00 68 10 00 00 DF EF 4D 78 3B 30 31 34 35 34 37 35 37 30 30 30 31 30 37 30 30 30 30 3D 37 39 37 38 30 30 30 30 30 30 30 30 30 30 30 30 30 30 30 33 30 31 39 30 31 38 30 34 30 32 30 30 30 31 31 30 32 34 3D 33 30 32 35 30 30 30 31 31 34 31 34 30 31 30 35 38 35 39 38 3D 3D 31 3D 30 30 30 30 30 30 32 36 30 30 30 30 30 30 30 30 30 30 30 30 3F 34 35 34 37 35 37 30 30 30 31 30 37 30 30 30 30 DF EC 11 20 D5 97 7C 9A D9 F3 BE F0 D1 46 61 B2 FB 81 C1 78 93 1C 58 DC 38 41 6F 5B 08 89 D1 38 75 B0 C3 46 1C 15 00 00 00 00 00 00 00 00 00 00  

 --- 04-00-----DFEF4B = 76 T1+T2+T1 Sentinel+T2 Sentinel+PAN

2026/5/15 11:32:25.018 [TX] - 56 69 56 4F 74 65 63 68 32 00 04 00 00 07 DF EF 4B 03 76 00 00 A5 2E 
2026/5/15 11:32:25.085 [RX] - 56 69 56 4F 74 65 63 68 32 00 04 00 00 00 AE 16 00 00 00 00 00 00 00 00 00 00 00 00 00 00 00 00 00 00 00 00 00 00 00 00 00 00 00 00 00 00 00 00 00 00 00 00 00 00 00 00 00 00 00 00 00 00 00  

 --- 02-40 Activate Transaction

2026/5/15 11:32:25.430 [TX] - 56 69 56 4F 74 65 63 68 32 00 02 40 00 15 0A 9F 02 06 00 00 00 00 10 00 9A 03 07 11 21 9F 21 03 10 15 20 5E 34 
2026/5/15 11:32:25.462 [RX] - 56 69 56 4F 74 65 63 68 32 00 02 63 00 00 4B B4 00 00 00 00 00 00 00 00 00 00 00 00 00 00 00 00 00 00 00 00 00 00 00 00 00 00 00 00 00 00 00 00 00 00 00 00 00 00 00 00 00 00 00 00 00 00 00 56 69 56 4F 74 65 63 68 32 00 61 01 00 10 03 00 00 02 00 45 4E 03 00 82 57 1C 02 00 00 20 5E B3 00 00 00 00 00 00 00 00 00 00 00 00 00 00 00 00 00 00 00 00 00 00 00 00 00 00 00 00 00 00 00 56 69 56 4F 74 65 63 68 32 00 61 01 00 1A 04 00 00 02 00 45 4E 0D 00 84 01 1C 04 24 1C 04 31 30 2E 30 30 1C 02 00 F4 21 2B DF 00 00 00 00 00 00 00 00 00 00 00 00 00 00 00 00 00 00 00 00 00 56 69 56 4F 74 65 63 68 32 00 61 01 00 10 03 00 00 02 00 45 4E 03 00 82 15 1C 02 00 F4 21 2A 9D 00 00 00 00 00 00 00 00 00 00 00 00 00 00 00 00 00 00 00 00 00 00 00 00 00 00 00 00 00 00 00 56 69 56 4F 74 65 63 68 32 00 02 00 01 E9 28 DF EE 25 02 00 11 DF EE 23 81 F4 02 EE 00 80 3F 4D 27 69 87 00 25 42 34 35 34 37 35 37 30 30 30 31 30 37 30 30 30 30 5E 4C 4C 49 42 52 45 20 52 4F 42 45 52 54 2D 47 55 49 4C 4C 45 52 4D 4F 20 5E 31 31 30 32 31 30 31 30 30 30 30 30 30 30 34 30 30 30 30 30 30 30 33 30 36 30 30 30 30 30 30 3F 2E 3B 34 35 34 37 35 37 30 30 30 31 30 37 30 30 30 30 3D 31 31 30 32 31 30 31 30 30 30 30 30 33 30 36 30 30 30 30 3F 38 3B 30 31 34 35 34 37 35 37 30 30 30 31 30 37 30 30 30 30 3D 37 39 37 38 30 30 30 30 30 30 30 30 30 30 30 30 30 30 30 33 30 31 39 30 31 38 30 34 30 32 30 30 30 31 31 30 32 34 3D 33 30 32 35 30 30 30 31 31 34 31 34 30 31 30 35 38 35 39 38 3D 3D 31 3D 30 30 30 30 30 30 32 36 30 30 30 30 30 30 30 30 30 30 30 30 3F 35 35 30 36 54 34 31 31 34 33 31 7E F4 03 9F 39 01 90 FF EE 01 05 DF EE 30 01 0C DF EE 26 02 28 00 9F 02 06 00 00 00 00 10 00 9F 03 06 00 00 00 00 00 00 DF 5B 01 05 9A 03 26 05 15 9F 21 03 03 32 28 DF EF 4C 06 4C 26 00 10 00 00 DF EF 4D 81 82 25 42 34 35 34 37 35 37 30 30 30 31 30 37 30 30 30 30 5E 4C 4C 49 42 52 45 20 52 4F 42 45 52 54 2D 47 55 49 4C 4C 45 52 4D 4F 20 5E 31 31 30 32 31 30 31 30 30 30 30 30 30 30 34 30 30 30 30 30 30 30 33 30 36 30 30 30 30 30 30 3F 3B 34 35 34 37 35 37 30 30 30 31 30 37 30 30 30 30 3D 31 31 30 32 31 30 31 30 30 30 30 30 33 30 36 30 30 30 30 3F 34 35 34 37 35 37 30 30 30 31 30 37 30 30 30 30 DF EC 11 20 D5 97 7C 9A D9 F3 BE F0 D1 46 61 B2 FB 81 C1 78 93 1C 58 DC 38 41 6F 5B 08 89 D1 38 75 B0 C3 46 F2 00 00 00 00 00 00 00 00 00 00 00 00 00 00 00 00 00 00 00 00 00 00 00 00 00 00 00 00 00 00 00 00 00 00 00 00 00 00 00 00 00 00 00 00 00 00 00 00 00 00 00 00 00 00 00 00 00 00 00 00 00 00 00  

 --- 04-00-----DFEF4B = 6D T1+T3+T1 Sentinel+T3 Sentinel+PAN

2026/5/15 11:32:27.394 [TX] - 56 69 56 4F 74 65 63 68 32 00 04 00 00 07 DF EF 4B 03 6D 00 00 37 9D 
2026/5/15 11:32:27.579 [RX] - 56 69 56 4F 74 65 63 68 32 00 04 00 00 00 AE 16 00 00 00 00 00 00 00 00 00 00 00 00 00 00 00 00 00 00 00 00 00 00 00 00 00 00 00 00 00 00 00 00 00 00 00 00 00 00 00 00 00 00 00 00 00 00 00  

 --- 02-40 Activate Transaction

2026/5/15 11:32:27.949 [TX] - 56 69 56 4F 74 65 63 68 32 00 02 40 00 15 0A 9F 02 06 00 00 00 00 10 00 9A 03 07 11 21 9F 21 03 10 15 20 5E 34 
2026/5/15 11:32:27.981 [RX] - 56 69 56 4F 74 65 63 68 32 00 02 63 00 00 4B B4 00 00 00 00 00 00 00 00 00 00 00 00 00 00 00 00 00 00 00 00 00 00 00 00 00 00 00 00 00 00 00 00 00 00 00 00 00 00 00 00 00 00 00 00 00 00 00 56 69 56 4F 74 65 63 68 32 00 61 01 00 10 03 00 00 02 00 45 4E 03 00 82 57 1C 02 00 00 20 5E B3 00 00 00 00 00 00 00 00 00 00 00 00 00 00 00 00 00 00 00 00 00 00 00 00 00 00 00 00 00 00 00 56 69 56 4F 74 65 63 68 32 00 61 01 00 1A 04 00 00 02 00 45 4E 0D 00 84 01 1C 04 24 1C 04 31 30 2E 30 30 1C 02 00 F4 21 2B DF 00 00 00 00 00 00 00 00 00 00 00 00 00 00 00 00 00 00 00 00 00 56 69 56 4F 74 65 63 68 32 00 61 01 00 10 03 00 00 02 00 45 4E 03 00 82 15 1C 02 00 F4 21 2A 9D 00 00 00 00 00 00 00 00 00 00 00 00 00 00 00 00 00 00 00 00 00 00 00 00 00 00 00 00 00 00 00 56 69 56 4F 74 65 63 68 32 00 02 00 02 2B 28 DF EE 25 02 00 11 DF EE 23 81 F4 02 EE 00 80 3F 4D 27 69 87 00 25 42 34 35 34 37 35 37 30 30 30 31 30 37 30 30 30 30 5E 4C 4C 49 42 52 45 20 52 4F 42 45 52 54 2D 47 55 49 4C 4C 45 52 4D 4F 20 5E 31 31 30 32 31 30 31 30 30 30 30 30 30 30 34 30 30 30 30 30 30 30 33 30 36 30 30 30 30 30 30 3F 2E 3B 34 35 34 37 35 37 30 30 30 31 30 37 30 30 30 30 3D 31 31 30 32 31 30 31 30 30 30 30 30 33 30 36 30 30 30 30 3F 38 3B 30 31 34 35 34 37 35 37 30 30 30 31 30 37 30 30 30 30 3D 37 39 37 38 30 30 30 30 30 30 30 30 30 30 30 30 30 30 30 33 30 31 39 30 31 38 30 34 30 32 30 30 30 31 31 30 32 34 3D 33 30 32 35 30 30 30 31 31 34 31 34 30 31 30 35 38 35 39 38 3D 3D 31 3D 30 30 30 30 30 30 32 36 30 30 30 30 30 30 30 30 30 30 30 30 3F 35 35 30 36 54 34 31 31 34 33 31 7E F4 03 9F 39 01 90 FF EE 01 05 DF EE 30 01 0C DF EE 26 02 28 00 9F 02 06 00 00 00 00 10 00 9F 03 06 00 00 00 00 00 00 DF 5B 01 05 9A 03 26 05 15 9F 21 03 03 32 30 DF EF 4C 06 4C 00 68 10 00 00 DF EF 4D 81 C4 25 42 34 35 34 37 35 37 30 30 30 31 30 37 30 30 30 30 5E 4C 4C 49 42 52 45 20 52 4F 42 45 52 54 2D 47 55 49 4C 4C 45 52 4D 4F 20 5E 31 31 30 32 31 30 31 30 30 30 30 30 30 30 34 30 30 30 30 30 30 30 33 30 36 30 30 30 30 30 30 3F 3B 30 31 34 35 34 37 35 37 30 30 30 31 30 37 30 30 30 30 3D 37 39 37 38 30 30 30 30 30 30 30 30 30 30 30 30 30 30 30 33 30 31 39 30 31 38 30 34 30 32 30 30 30 31 31 30 32 34 3D 33 30 32 35 30 30 30 31 31 34 31 34 30 31 30 35 38 35 39 38 3D 3D 31 3D 30 30 30 30 30 30 32 36 30 30 30 30 30 30 30 30 30 30 30 30 3F 34 35 34 37 35 37 30 30 30 31 30 37 30 30 30 30 DF EC 11 20 D5 97 7C 9A D9 F3 BE F0 D1 46 61 B2 FB 81 C1 78 93 1C 58 DC 38 41 6F 5B 08 89 D1 38 75 B0 C3 46 C9 03 00 00 00 00 00 00 00 00 00 00 00 00 00 00 00 00 00 00 00 00 00 00 00 00 00 00 00 00 00 00 00 00 00 00 00 00 00 00 00 00 00 00 00 00 00 00 00 00 00 00 00 00 00 00 00 00 00 00 00  

 --- 04-00-----DFEF4B = 5B T2+T3+T2 Sentinel+T3 Sentinel+PAN

2026/5/15 11:32:29.709 [TX] - 56 69 56 4F 74 65 63 68 32 00 04 00 00 07 DF EF 4B 03 5B 00 00 32 EA 
2026/5/15 11:32:29.767 [RX] - 56 69 56 4F 74 65 63 68 32 00 04 00 00 00 AE 16 00 00 00 00 00 00 00 00 00 00 00 00 00 00 00 00 00 00 00 00 00 00 00 00 00 00 00 00 00 00 00 00 00 00 00 00 00 00 00 00 00 00 00 00 00 00 00  

 --- 02-40 Activate Transaction

2026/5/15 11:32:30.125 [TX] - 56 69 56 4F 74 65 63 68 32 00 02 40 00 15 0A 9F 02 06 00 00 00 00 10 00 9A 03 07 11 21 9F 21 03 10 15 20 5E 34 
2026/5/15 11:32:30.157 [RX] - 56 69 56 4F 74 65 63 68 32 00 02 63 00 00 4B B4 00 00 00 00 00 00 00 00 00 00 00 00 00 00 00 00 00 00 00 00 00 00 00 00 00 00 00 00 00 00 00 00 00 00 00 00 00 00 00 00 00 00 00 00 00 00 00 56 69 56 4F 74 65 63 68 32 00 61 01 00 10 03 00 00 02 00 45 4E 03 00 82 57 1C 02 00 00 20 5E B3 00 00 00 00 00 00 00 00 00 00 00 00 00 00 00 00 00 00 00 00 00 00 00 00 00 00 00 00 00 00 00 56 69 56 4F 74 65 63 68 32 00 61 01 00 1A 04 00 00 02 00 45 4E 0D 00 84 01 1C 04 24 1C 04 31 30 2E 30 30 1C 02 00 F4 21 2B DF 00 00 00 00 00 00 00 00 00 00 00 00 00 00 00 00 00 00 00 00 00 56 69 56 4F 74 65 63 68 32 00 61 01 00 10 03 00 00 02 00 45 4E 03 00 82 15 1C 02 00 F4 21 2A 9D 00 00 00 00 00 00 00 00 00 00 00 00 00 00 00 00 00 00 00 00 00 00 00 00 00 00 00 00 00 00 00 56 69 56 4F 74 65 63 68 32 00 02 00 02 05 28 DF EE 25 02 00 11 DF EE 23 81 F4 02 EE 00 80 3F 4D 27 69 87 00 25 42 34 35 34 37 35 37 30 30 30 31 30 37 30 30 30 30 5E 4C 4C 49 42 52 45 20 52 4F 42 45 52 54 2D 47 55 49 4C 4C 45 52 4D 4F 20 5E 31 31 30 32 31 30 31 30 30 30 30 30 30 30 34 30 30 30 30 30 30 30 33 30 36 30 30 30 30 30 30 3F 2E 3B 34 35 34 37 35 37 30 30 30 31 30 37 30 30 30 30 3D 31 31 30 32 31 30 31 30 30 30 30 30 33 30 36 30 30 30 30 3F 38 3B 30 31 34 35 34 37 35 37 30 30 30 31 30 37 30 30 30 30 3D 37 39 37 38 30 30 30 30 30 30 30 30 30 30 30 30 30 30 30 33 30 31 39 30 31 38 30 34 30 32 30 30 30 31 31 30 32 34 3D 33 30 32 35 30 30 30 31 31 34 31 34 30 31 30 35 38 35 39 38 3D 3D 31 3D 30 30 30 30 30 30 32 36 30 30 30 30 30 30 30 30 30 30 30 30 3F 35 35 30 36 54 34 31 31 34 33 31 7E F4 03 9F 39 01 90 FF EE 01 05 DF EE 30 01 0C DF EE 26 02 28 00 9F 02 06 00 00 00 00 10 00 9F 03 06 00 00 00 00 00 00 DF 5B 01 05 9A 03 26 05 15 9F 21 03 03 32 32 DF EF 4C 06 00 26 68 10 00 00 DF EF 4D 81 9E 3B 34 35 34 37 35 37 30 30 30 31 30 37 30 30 30 30 3D 31 31 30 32 31 30 31 30 30 30 30 30 33 30 36 30 30 30 30 3F 3B 30 31 34 35 34 37 35 37 30 30 30 31 30 37 30 30 30 30 3D 37 39 37 38 30 30 30 30 30 30 30 30 30 30 30 30 30 30 30 33 30 31 39 30 31 38 30 34 30 32 30 30 30 31 31 30 32 34 3D 33 30 32 35 30 30 30 31 31 34 31 34 30 31 30 35 38 35 39 38 3D 3D 31 3D 30 30 30 30 30 30 32 36 30 30 30 30 30 30 30 30 30 30 30 30 3F 34 35 34 37 35 37 30 30 30 31 30 37 30 30 30 30 DF EC 11 20 D5 97 7C 9A D9 F3 BE F0 D1 46 61 B2 FB 81 C1 78 93 1C 58 DC 38 41 6F 5B 08 89 D1 38 75 B0 C3 46 05 4A 00 00 00 00 00 00 00 00 00 00 00 00 00 00 00 00 00 00 00 00 00 00 00 00 00 00 00 00 00 00 00 00 00 00  

 --- 04-00-----DFEF4B = 7F T1+T2+T3+T1 Sentinel+T2 Sentinel+T3 Sentinel+PAN

2026/5/15 11:32:31.889 [TX] - 56 69 56 4F 74 65 63 68 32 00 04 00 00 07 DF EF 4B 03 7F 00 00 34 B0 
2026/5/15 11:32:31.955 [RX] - 56 69 56 4F 74 65 63 68 32 00 04 00 00 00 AE 16 00 00 00 00 00 00 00 00 00 00 00 00 00 00 00 00 00 00 00 00 00 00 00 00 00 00 00 00 00 00 00 00 00 00 00 00 00 00 00 00 00 00 00 00 00 00 00  

 --- 02-40 Activate Transaction

2026/5/15 11:32:32.241 [TX] - 56 69 56 4F 74 65 63 68 32 00 02 40 00 15 0A 9F 02 06 00 00 00 00 10 00 9A 03 07 11 21 9F 21 03 10 15 20 5E 34 
2026/5/15 11:32:32.272 [RX] - 56 69 56 4F 74 65 63 68 32 00 02 63 00 00 4B B4 00 00 00 00 00 00 00 00 00 00 00 00 00 00 00 00 00 00 00 00 00 00 00 00 00 00 00 00 00 00 00 00 00 00 00 00 00 00 00 00 00 00 00 00 00 00 00 56 69 56 4F 74 65 63 68 32 00 61 01 00 10 03 00 00 02 00 45 4E 03 00 82 57 1C 02 00 00 20 5E B3 00 00 00 00 00 00 00 00 00 00 00 00 00 00 00 00 00 00 00 00 00 00 00 00 00 00 00 00 00 00 00 56 69 56 4F 74 65 63 68 32 00 61 01 00 1A 04 00 00 02 00 45 4E 0D 00 84 01 1C 04 24 1C 04 31 30 2E 30 30 1C 02 00 F4 21 2B DF 00 00 00 00 00 00 00 00 00 00 00 00 00 00 00 00 00 00 00 00 00 56 69 56 4F 74 65 63 68 32 00 61 01 00 10 03 00 00 02 00 45 4E 03 00 82 15 1C 02 00 F4 21 2A 9D 00 00 00 00 00 00 00 00 00 00 00 00 00 00 00 00 00 00 00 00 00 00 00 00 00 00 00 00 00 00 00 56 69 56 4F 74 65 63 68 32 00 02 00 02 51 28 DF EE 25 02 00 11 DF EE 23 81 F4 02 EE 00 80 3F 4D 27 69 87 00 25 42 34 35 34 37 35 37 30 30 30 31 30 37 30 30 30 30 5E 4C 4C 49 42 52 45 20 52 4F 42 45 52 54 2D 47 55 49 4C 4C 45 52 4D 4F 20 5E 31 31 30 32 31 30 31 30 30 30 30 30 30 30 34 30 30 30 30 30 30 30 33 30 36 30 30 30 30 30 30 3F 2E 3B 34 35 34 37 35 37 30 30 30 31 30 37 30 30 30 30 3D 31 31 30 32 31 30 31 30 30 30 30 30 33 30 36 30 30 30 30 3F 38 3B 30 31 34 35 34 37 35 37 30 30 30 31 30 37 30 30 30 30 3D 37 39 37 38 30 30 30 30 30 30 30 30 30 30 30 30 30 30 30 33 30 31 39 30 31 38 30 34 30 32 30 30 30 31 31 30 32 34 3D 33 30 32 35 30 30 30 31 31 34 31 34 30 31 30 35 38 35 39 38 3D 3D 31 3D 30 30 30 30 30 30 32 36 30 30 30 30 30 30 30 30 30 30 30 30 3F 35 35 30 36 54 34 31 31 34 33 31 7E F4 03 9F 39 01 90 FF EE 01 05 DF EE 30 01 0C DF EE 26 02 28 00 9F 02 06 00 00 00 00 10 00 9F 03 06 00 00 00 00 00 00 DF 5B 01 05 9A 03 26 05 15 9F 21 03 03 32 34 DF EF 4C 06 4C 26 68 10 00 00 DF EF 4D 81 EA 25 42 34 35 34 37 35 37 30 30 30 31 30 37 30 30 30 30 5E 4C 4C 49 42 52 45 20 52 4F 42 45 52 54 2D 47 55 49 4C 4C 45 52 4D 4F 20 5E 31 31 30 32 31 30 31 30 30 30 30 30 30 30 34 30 30 30 30 30 30 30 33 30 36 30 30 30 30 30 30 3F 3B 34 35 34 37 35 37 30 30 30 31 30 37 30 30 30 30 3D 31 31 30 32 31 30 31 30 30 30 30 30 33 30 36 30 30 30 30 3F 3B 30 31 34 35 34 37 35 37 30 30 30 31 30 37 30 30 30 30 3D 37 39 37 38 30 30 30 30 30 30 30 30 30 30 30 30 30 30 30 33 30 31 39 30 31 38 30 34 30 32 30 30 30 31 31 30 32 34 3D 33 30 32 35 30 30 30 31 31 34 31 34 30 31 30 35 38 35 39 38 3D 3D 31 3D 30 30 30 30 30 30 32 36 30 30 30 30 30 30 30 30 30 30 30 30 3F 34 35 34 37 35 37 30 30 30 31 30 37 30 30 30 30 DF EC 11 20 D5 97 7C 9A D9 F3 BE F0 D1 46 61 B2 FB 81 C1 78 93 1C 58 DC 38 41 6F 5B 08 89 D1 38 75 B0 C3 46 67 76 00 00 00 00 00 00 00 00 00 00 00 00 00 00 00 00 00 00 00 00 00  
---------- END OF TEST ----------

 Result = PASSED
 

 MASTER RESULT = PASSED


Docklight Log File (HEX) - Stopped 2026/5/15 11:32:34.123 

