Docklight Log File (HEX) - Started 2026/4/27 10:01:50.681 
 TEST CASE: VP6325 TS 4

 --- Set POS COM PORT Settings
 Set POS COM PORT...
 POS operating on COM90 @ 9600 baud...
 Set POS COM PORT - COMPLETE

 --- 90-07_UMFG Start Secure Task

2026/4/27 10:01:53.322 [TX] - 56 69 56 4F 74 65 63 68 32 00 90 07 00 01 00 B4 8F 
2026/4/27 10:01:53.325 [RX] - 56 69 56 4F 74 65 63 68 32 00 63 02 00 00 56 69 56 4F 74 65 63 68 32 00 90 00  OK 00 00 A2 78 00 00 00 00 00 00 00 00 00 00 00 00 00 00 00 00 00 00 00 00 00 00 00 00 00 00 00 00 00 00 00 00 00 00 00 00 00 00 00 00 00 00 00 00 00 00 00  

 --- LCD ON

2026/4/27 10:01:53.340 [TX] - 56 69 56 4F 74 65 63 68 32 00 90 13 00 02 01 01 7B 23 
2026/4/27 10:01:53.355 [RX] - 56 69 56 4F 74 65 63 68 32 00 90 00  OK 00 00 A2 78 00 00 00 00 00 00 00 00 00 00 00 00 00 00 00 00 00 00 00 00 00 00 00 00 00 00 00 00 00 00 00 00 00 00 00 00 00 00 00 00 00 00 00 00 00 00 00  

 --- LCD OFF

2026/4/27 10:01:55.897 [TX] - 56 69 56 4F 74 65 63 68 32 00 90 13 00 02 01 00 5A 33 
2026/4/27 10:01:55.909 [RX] - 56 69 56 4F 74 65 63 68 32 00 90 00  OK 00 00 A2 78 00 00 00 00 00 00 00 00 00 00 00 00 00 00 00 00 00 00 00 00 00 00 00 00 00 00 00 00 00 00 00 00 00 00 00 00 00 00 00 00 00 00 00 00 00 00 00  

 --- Transaction msg ID 14 (TRY AGAIN)

2026/4/27 10:01:57.267 [TX] - 56 69 56 4F 74 65 63 68 32 00 90 13 00 04 0D 45 4E 14 E5 A3 
2026/4/27 10:01:57.283 [RX] - 56 69 56 4F 74 65 63 68 32 00 90 00  OK 00 00 A2 78 00 00 00 00 00 00 00 00 00 00 00 00 00 00 00 00 00 00 00 00 00 00 00 00 00 00 00 00 00 00 00 00 00 00 00 00 00 00 00 00 00 00 00 00 00 00 00  

 --- 90-07_UMFG Start Secure Task

2026/4/27 10:02:02.019 [TX] - 56 69 56 4F 74 65 63 68 32 00 90 07 00 01 01 95 9F 
2026/4/27 10:02:02.025 [RX] - 56 69 56 4F 74 65 63 68 32 00 90 00  OK 00 00 A2 78 00 00 00 00 00 00 00 00 00 00 00 00 00 00 00 00 00 00 00 00 00 00 00 00 00 00 00 00 00 00 00 00 00 00 00 00 00 00 00 00 00 00 00 00 00 00 00  

 ---------- END OF TEST ----------

 Result = PASSED


Docklight Log File (HEX) - Stopped 2026/4/27 10:02:02.157 

