Docklight Log File (HEX) - Started 2023/3/27 10:05:41.314 
 TEST CASE: AC016

 --- Set POS COM PORT Settings
 Set POS COM PORT...
 POS operating on COM90 @ 9600 baud...
 Set POS COM PORT - COMPLETE

 --- Burst Off *** NEO1

2023/3/27 10:05:42.609 [TX] - 56 69 56 4F 74 65 63 68 32 00 04 00 00 04 FF F7 01 00 B9 2E 
2023/3/27 10:05:42.617 [RX] - 56 69 56 4F 74 65 63 68 32 00 04 00 00 00 AE 16 00 00 00 00 00 00 00 00 00 00 00 00 00 00 00 00 00 00 00 00 00 00 00 00 00 00 00 00 00 00 00 00 00 00 00 00 00 00 00 00 00 00 00 00 00 00 00  

 --- 04-09

2023/3/27 10:05:43.645 [TX] - 56 69 56 4F 74 65 63 68 32 00 04 09 00 00 87 30 
2023/3/27 10:05:45.893 [RX] - 56 69 56 4F 74 65 63 68 32 00 04 00 00 00 AE 16 00 00 00 00 00 00 00 00 00 00 00 00 00 00 00 00 00 00 00 00 00 00 00 00 00 00 00 00 00 00 00 00 00 00 00 00 00 00 00 00 00 00 00 00 00 00 00  

 --- Auto Poll

2023/3/27 10:05:46.913 [TX] - 56 69 56 4F 74 65 63 68 32 00 01 01 00 01 00 F6 24 
2023/3/27 10:05:46.921 [RX] - 56 69 56 4F 74 65 63 68 32 00 01 00 00 00 12 53 00 00 00 00 00 00 00 00 00 00 00 00 00 00 00 00 00 00 00 00 00 00 00 00 00 00 00 00 00 00 00 00 00 00 00 00 00 00 00 00 00 00 00 00 00 00 00  

 --- Activate Transaction

2023/3/27 10:05:58.369 [TX] - 56 69 56 4F 74 65 63 68 32 00 02 01 00 15 0A 9F 02 06 00 00 00 00 10 00 9A 03 07 11 21 9F 21 03 10 15 20 30 12 
2023/3/27 10:05:59.641 [RX] - 56 69 56 4F 74 65 63 68 32 00 02 23 01 13 00 00 00 9A 03 07 11 21 9F 21 03 10 15 20 9F 37 04 C7 F4 4D 2D 9F 6A 04 00 00 00 94 9C 01 00 9F 39 01 91 FF EE 01 04 DF 30 01 00 9F 1E 08 00 00 00 00 00 00 00 00 DF 81 16 16 1E 04 00 00 00 00 00 00 00 00 00 00 00 00 00 00 00 00 00 00 00 00 DF 81 29 08 30 F0 F0 00 30 F0 FF 00 FF 81 06 31 DF 81 15 06 00 00 00 00 00 FF DF 81 2A 18 30 30 30 31 30 30 30 30 30 31 30 30 31 31 31 31 31 31 31 31 31 31 31 32 DF 81 2B 07 00 01 00 00 01 00 2F FF 81 05 79 9F 02 06 00 00 00 00 10 00 9F 6D 02 00 01 50 0A 4D 61 73 74 65 72 43 61 72 64 84 07 A0 00 00 00 04 10 10 56 3E 42 35 32 35 36 38 33 32 30 33 30 30 30 30 30 30 30 5E 53 75 70 70 6C 69 65 64 2F 4E 6F 74 5E 31 32 31 32 35 30 32 33 34 39 31 31 30 32 34 36 31 39 34 31 31 31 31 31 31 31 31 31 31 31 32 9F 6B 13 52 56 83 20 30 00 00 00 D1 21 25 02 99 81 10 24 61 94 2F DF EE 26 01 11 41 9F 00 00 00 00 00 00 00 00 00 00 00 00 00 00 00 00 00 00 00 00 00 00 00 00  

 --- Activate Transaction

2023/3/27 10:06:07.413 [TX] - 56 69 56 4F 74 65 63 68 32 00 02 01 00 15 0A 9F 02 06 00 00 00 00 10 00 9A 03 07 11 21 9F 21 03 10 15 20 30 12 
2023/3/27 10:06:08.373 [RX] - 56 69 56 4F 74 65 63 68 32 00 02 23 01 1B 00 00 00 9A 03 07 11 21 9F 21 03 10 15 20 9F 37 04 30 28 4D 79 9F 6A 04 00 00 00 55 9C 01 00 9F 39 01 91 FF EE 01 04 DF 30 01 00 9F 1E 08 00 00 00 00 00 00 00 00 DF 81 16 16 1E 04 00 00 00 65 6E 00 00 00 00 00 00 00 00 00 00 00 00 00 00 00 DF 81 29 08 30 F0 F0 00 30 F0 FF 00 FF 81 06 30 DF 81 15 06 00 00 00 00 00 FF 9F 6E 07 08 40 00 00 30 30 00 DF 81 2A 0D 30 30 30 30 30 30 30 30 30 30 30 30 30 DF 81 2B 07 00 00 00 00 00 00 0F FF 81 05 81 81 9F 02 06 00 00 00 00 10 00 9F 6D 02 00 01 50 10 44 65 62 69 74 20 4D 61 73 74 65 72 43 61 72 64 9F 12 10 44 65 62 69 74 20 4D 61 73 74 65 72 43 61 72 64 84 07 A0 00 00 00 04 10 10 9F 11 01 01 56 29 42 35 31 32 38 35 37 30 31 30 30 30 33 38 30 37 32 5E 20 2F 5E 31 38 30 33 36 32 32 30 30 30 34 36 38 33 35 35 38 38 31 32 9F 6B 13 51 28 57 01 00 03 80 72 D1 80 36 22 00 04 68 35 55 96 2F DF EE 26 01 11 A9 F5 00 00 00 00 00 00 00 00 00 00 00 00 00 00 00 00  

 Result = PASSED
 ---------- END OF TEST ----------

 

 MASTER RESULT = PASSED


Docklight Log File (HEX) - Stopped 2023/3/27 10:06:10.503 

