Docklight Log File (HEX) - Started 2024/12/2 15:20:33.021 
 TEST CASE: VAS400-1

 --- Set POS COM PORT Settings
 Set POS COM PORT...
 POS operating on COM90 @ 115200 baud...
 Set POS COM PORT - COMPLETE

 

 --- Poll on Demand

2024/12/2 15:20:34.181 [TX] - 56 69 56 4F 74 65 63 68 32 00 01 01 00 01 01 D7 34 
2024/12/2 15:20:34.194 [RX] - 56 69 56 4F 74 65 63 68 32 00 01 00 00 00 12 53 00 00 00 00 00 00 00 00 00 00 00 00 00 00 00 00 00 00 00 00 00 00 00 00 00 00 00 00 00 00 00 00 00 00 00 00 00 00 00 00 00 00 00 00 00 00 00  

 --- Burst mode Off

2024/12/2 15:20:34.725 [TX] - 56 69 56 4F 74 65 63 68 32 00 04 00 00 05 DF EE 7E 01 00 60 1E 
2024/12/2 15:20:34.776 [RX] - 56 69 56 4F 74 65 63 68 32 00 04 00 00 00 AE 16 00 00 00 00 00 00 00 00 00 00 00 00 00 00 00 00 00 00 00 00 00 00 00 00 00 00 00 00 00 00 00 00 00 00 00 00 00 00 00 00 00 00 00 00 00 00 00  

 --- 02-40 VAS_AND_PAY

2024/12/2 15:20:36.865 [TX] - 56 69 56 4F 74 65 63 68 32 00 02 40 00 32 FA 9F 02 06 00 00 00 00 02 00 9C 01 00 9A 03 17 12 19 9F 21 03 09 58 08 FF EE 06 11 9F 26 04 00 00 00 01 9F 22 02 01 00 DF EE 01 01 03 DF EF 7A 01 01 55 7F 
2024/12/2 15:20:36.901 [RX] - 56 69 56 4F 74 65 63 68 32 00 02 05 00 00 62 7F 00 00 00 00 00 00 00 00 00 00 00 00 00 00 00 00 00 00 00 00 00 00 00 00 00 00 00 00 00 00 00 00 00 00 00 00 00 00 00 00 00 00 00 00 00 00 00 

Docklight Log File (HEX) - Stopped 2024/12/2 15:20:41.942 

