Docklight Log File (HEX) - Started 2023/9/18 14:12:54.063 
 TEST CASE: CR804

 --- Set POS COM PORT Settings
 Set POS COM PORT...
 POS operating on COM91 @ 9600 baud...
 Set POS COM PORT - COMPLETE

 --- Set default config

2023/9/18 14:12:55.471 [TX] - 56 69 56 4F 74 65 63 68 32 00 04 09 00 00 87 30 
2023/9/18 14:12:57.298 [RX] - 56 69 56 4F 74 65 63 68 32 00 04 00 00 00 AE 16 00 00 00 00 00 00 00 00 00 00 00 00 00 00 00 00 00 00 00 00 00 00 00 00 00 00 00 00 00 00 00 00 00 00 00 00 00 00 00 00 00 00 00 00 00 00 00  

 --- Poll on Demand

2023/9/18 14:12:57.812 [TX] - 56 69 56 4F 74 65 63 68 32 00 01 01 00 01 01 D7 34 
2023/9/18 14:12:57.820 [RX] - 56 69 56 4F 74 65 63 68 32 00 01 00 00 00 12 53 00 00 00 00 00 00 00 00 00 00 00 00 00 00 00 00 00 00 00 00 00 00 00 00 00 00 00 00 00 00 00 00 00 00 00 00 00 00 00 00 00 00 00 00 00 00 00  

 --- Burst Off

2023/9/18 14:12:58.329 [TX] - 56 69 56 4F 74 65 63 68 32 00 04 00 00 05 DF EE 7E 01 00 60 1E 
2023/9/18 14:12:58.423 [RX] - 56 69 56 4F 74 65 63 68 32 00 04 00 00 00 AE 16 00 00 00 00 00 00 00 00 00 00 00 00 00 00 00 00 00 00 00 00 00 00 00 00 00 00 00 00 00 00 00 00 00 00 00 00 00 00 00 00 00 00 00 00 00 00 00  

 --- 60-16 Contact Set ICS Identification (04)

2023/9/18 14:12:58.932 [TX] - 56 69 56 4F 74 65 63 68 32 00 60 16 00 01 04 75 9D 
2023/9/18 14:12:58.964 [RX] - 56 69 56 4F 74 65 63 68 32 00 60 00 00 00 3D 35 00 00 00 00 00 00 00 00 00 00 00 00 00 00 00 00 00 00 00 00 00 00 00 00 00 00 00 00 00 00 00 00 00 00 00 00 00 00 00 00 00 00 00 00 00 00 00  

 --- 60-03 default

2023/9/18 14:12:59.475 [TX] - 56 69 56 4F 74 65 63 68 32 00 60 03 00 65 07 00 A0 00 00 00 03 10 10 0F 00 9F 01 06 56 49 53 41 30 30 5F 57 01 00 5F 2A 02 08 40 9F 09 02 00 96 5F 36 01 02 9F 1B 04 00 00 3A 98 DF 25 03 9F 37 04 DF 28 03 9F 08 02 DF EE 15 01 01 DF 13 05 00 00 00 00 00 DF 14 05 00 00 00 00 00 DF 15 05 00 00 00 00 00 DF 18 01 00 DF 17 04 00 00 27 10 DF 19 01 00 F3 97 
2023/9/18 14:12:59.522 [RX] - 56 69 56 4F 74 65 63 68 32 00 60 00 00 00 3D 35 00 00 00 00 00 00 00 00 00 00 00 00 00 00 00 00 00 00 00 00 00 00 00 00 00 00 00 00 00 00 00 00 00 00 00 00 00 00 00 00 00 00 00 00 00 00 00  

 --- 60-06 default

2023/9/18 14:13:00.033 [TX] - 56 69 56 4F 74 65 63 68 32 00 60 06 00 C8 18 00 5F 36 01 02 9F 1A 02 08 40 9F 35 01 25 9F 33 03 60 08 C8 9F 40 05 60 00 F0 50 01 9F 1E 08 54 65 72 6D 69 6E 61 6C 9F 15 02 12 34 9F 16 0F 30 30 30 30 30 30 30 30 30 30 30 30 30 30 30 9F 1C 08 38 37 36 35 34 33 32 31 9F 4E 22 31 30 37 32 31 20 57 61 6C 6B 65 72 20 53 74 2E 20 43 79 70 72 65 73 73 2C 20 43 41 20 2C 55 53 41 2E DF 26 01 01 DF 10 08 65 6E 66 72 65 73 7A 68 DF 11 01 01 DF 27 01 00 DF EE 15 01 01 DF EE 16 01 00 DF EE 17 01 05 DF EE 18 01 80 DF EE 1E 08 D0 9C 20 F0 C2 0E 14 00 DF EE 1F 01 80 DF EE 1B 08 30 30 30 31 30 35 30 30 DF EE 20 01 3C DF EE 21 01 0A DF EE 22 03 32 3C 3C D4 28 
2023/9/18 14:13:00.123 [RX] - 56 69 56 4F 74 65 63 68 32 00 60 00 00 00 3D 35 00 00 00 00 00 00 00 00 00 00 00 00 00 00 00 00 00 00 00 00 00 00 00 00 00 00 00 00 00 00 00 00 00 00 00 00 00 00 00 00 00 00 00 00 00 00 00  

 --- 60-0A default

2023/9/18 14:13:00.636 [TX] - 56 69 56 4F 74 65 63 68 32 00 60 0A 00 92 A0 00 00 99 99 E1 01 01 F8 70 7B 9B ED F0 31 E5 8A 9F 84 36 31 B9 0C 90 D8 0E D6 95 00 00 00 03 70 00 99 C5 B7 0A A6 1B 4F 4C 51 B6 F9 0B 0E 3B FB 7A 3E E0 E7 DB 41 BC 46 68 88 B3 EC 8E 99 77 C7 62 40 7E F1 D7 9E 0A FB 28 23 10 0A 02 0C 3E 80 20 59 3D B5 0E 90 DB EA C1 8B 78 D1 3F 96 BB 2F 57 EE DD C3 0F 25 65 92 41 7C DF 73 9C A6 80 4A 10 A2 9D 28 06 E7 74 BF A7 51 F2 2C F3 B6 5B 38 F3 7F 91 B4 DA F8 AE C9 B8 03 F7 61 0E 06 AC 9E 6B 8C E0 
2023/9/18 14:13:00.658 [RX] - 56 69 56 4F 74 65 63 68 32 00 60 00 00 00 3D 35 00 00 00 00 00 00 00 00 00 00 00 00 00 00 00 00 00 00 00 00 00 00 00 00 00 00 00 00 00 00 00 00 00 00 00 00 00 00 00 00 00 00 00 00 00 00 00  

 --- 60-16 =1C

2023/9/18 14:13:01.204 [TX] - 56 69 56 4F 74 65 63 68 32 00 60 16 00 01 01 D0 CD 
2023/9/18 14:13:01.240 [RX] - 56 69 56 4F 74 65 63 68 32 00 60 00 00 00 3D 35 00 00 00 00 00 00 00 00 00 00 00 00 00 00 00 00 00 00 00 00 00 00 00 00 00 00 00 00 00 00 00 00 00 00 00 00 00 00 00 00 00 00 00 00 00 00 00  

 --- 60-06 =1C, Set CVM limit DFED53=0.00

2023/9/18 14:13:01.755 [TX] - 56 69 56 4F 74 65 63 68 32 00 60 06 01 04 1C 00 5F 36 01 02 9F 1A 02 08 40 9F 35 01 22 9F 33 03 60 F8 C8 9F 40 05 F0 00 F0 A0 01 9F 1E 08 54 65 72 6D 69 6E 61 6C 9F 15 02 12 34 9F 16 0F 30 30 30 30 30 30 30 30 30 30 30 30 30 30 30 9F 1C 08 38 37 36 35 34 33 32 31 9F 4E 22 31 30 37 32 31 20 57 61 6C 6B 65 72 20 53 74 2E 20 43 79 70 72 65 73 73 2C 20 43 41 20 2C 55 53 41 2E DF 26 01 01 DF 10 02 65 6E DF 11 01 01 DF 27 01 00 DF EE 15 01 01 DF EE 16 01 00 DF EE 17 01 05 DF EE 18 01 80 DF EE 1E 08 F0 DC 3C F0 C2 9E 96 00 DF EE 1F 01 FF DF EE 1B 08 30 30 FF 30 31 FF 35 31 DF EE 20 01 0A DF EE 21 01 0A DF EE 22 03 0A 3C 3C DF ED 48 01 1F DF ED 53 06 00 00 00 00 00 00 DF ED 54 01 04 FF EF 01 2A 9F 33 03 60 08 C8 9F 35 01 25 9F 40 05 60 00 F0 50 01 DF 11 01 01 DF 26 01 01 DF 27 01 00 DF EE 1E 08 D0 9C 20 F0 C2 0E 16 00 C1 AF 
2023/9/18 14:13:01.785 [RX] - 56 69 56 4F 74 65 63 68 32 00 60 00 00 00 3D 35 00 00 00 00 00 00 00 00 00 00 00 00 00 00 00 00 00 00 00 00 00 00 00 00 00 00 00 00 00 00 00 00 00 00 00 00 00 00 00 00 00 00 00 00 00 00 00  

 --- 60-02 Remove Application Data

2023/9/18 14:13:02.315 [TX] - 56 69 56 4F 74 65 63 68 32 00 60 02 00 00 55 53 
2023/9/18 14:13:02.385 [RX] - 56 69 56 4F 74 65 63 68 32 00 60 00 00 00 3D 35 00 00 00 00 00 00 00 00 00 00 00 00 00 00 00 00 00 00 00 00 00 00 00 00 00 00 00 00 00 00 00 00 00 00 00 00 00 00 00 00 00 00 00 00 00 00 00  

 --- 60-03 Load A0000000031010

2023/9/18 14:13:02.898 [TX] - 56 69 56 4F 74 65 63 68 32 00 60 03 00 65 07 00 A0 00 00 00 03 10 10 0F 00 9F 01 06 56 49 53 41 30 30 5F 57 01 00 5F 2A 02 08 40 9F 09 02 00 8C 5F 36 01 02 9F 1B 04 00 00 3A 98 DF 25 03 9F 37 04 DF 28 03 9F 08 02 DF EE 15 01 01 DF 13 05 00 00 00 00 00 DF 14 05 00 00 00 00 00 DF 15 05 40 00 00 00 00 DF 18 01 00 DF 17 04 00 00 27 10 DF 19 01 00 FA 07 
2023/9/18 14:13:02.946 [RX] - 56 69 56 4F 74 65 63 68 32 00 60 00 00 00 3D 35 00 00 00 00 00 00 00 00 00 00 00 00 00 00 00 00 00 00 00 00 00 00 00 00 00 00 00 00 00 00 00 00 00 00 00 00 00 00 00 00 00 00 00 00 00 00 00  

 --- 60-03 Load A0000000980840

2023/9/18 14:13:03.501 [TX] - 56 69 56 4F 74 65 63 68 32 00 60 03 00 65 07 00 A0 00 00 00 98 08 40 0F 00 9F 01 06 56 49 53 41 30 30 5F 57 01 00 5F 2A 02 08 40 9F 09 02 00 8C 5F 36 01 02 9F 1B 04 00 00 3A 98 DF 25 03 9F 37 04 DF 28 03 9F 08 02 DF EE 15 01 01 DF 13 05 00 00 00 00 00 DF 14 05 00 00 00 00 00 DF 15 05 40 00 00 00 00 DF 18 01 00 DF 17 04 00 00 27 10 DF 19 01 00 F7 E9 
2023/9/18 14:13:03.549 [RX] - 56 69 56 4F 74 65 63 68 32 00 60 00 00 00 3D 35 00 00 00 00 00 00 00 00 00 00 00 00 00 00 00 00 00 00 00 00 00 00 00 00 00 00 00 00 00 00 00 00 00 00 00 00 00 00 00 00 00 00 00 00 00 00 00  

 --- 60-10, 9F02=1

2023/9/18 14:13:05.342 [TX] - 56 69 56 4F 74 65 63 68 32 00 60 10 00 20 01 00 0A 00 0A 9C 01 00 9F 02 06 00 00 00 00 00 01 9F 03 06 00 00 00 00 00 00 DF EF 1F 02 01 00 4B C0 
2023/9/18 14:13:05.397 [RX] - 56 69 56 4F 74 65 63 68 32 00 60 63 00 00 FF 0E 00 00 00 00 00 00 00 00 00 00 00 00 00 00 00 00 00 00 00 00 00 00 00 00 00 00 00 00 00 00 00 00 00 00 00 00 00 00 00 00 00 00 00 00 00 00 00 56 69 56 4F 74 65 63 68 32 00 61 01 00 10 03 00 00 02 00 45 4E 03 00 82 0B 1C 02 00 FF FF F1 44 00 00 00 00 00 00 00 00 00 00 00 00 00 00 00 00 00 00 00 00 00 00 00 00 00 00 00 00 00 00 00 56 69 56 4F 74 65 63 68 32 00 61 01 00 19 04 00 00 02 00 45 4E 0C 00 84 01 1C 04 24 1C 04 30 2E 30 31 1C 02 00 FF FF 94 96 00 00 00 00 00 00 00 00 00 00 00 00 00 00 00 00 00 00 00 00 00 00 56 69 56 4F 74 65 63 68 32 00 61 01 00 10 03 00 00 02 00 45 4E 03 00 82 11 1C 02 00 FF FF 6D C2 00 00 00 00 00 00 00 00 00 00 00 00 00 00 00 00 00 00 00 00 00 00 00 00 00 00 00 00 00 00 00 56 69 56 4F 74 65 63 68 32 00 61 01 00 10 03 00 00 02 00 45 4E 03 00 82 1A 1C 02 00 FF FF AE 60 00 00 00 00 00 00 00 00 00 00 00 00 00 00 00 00 00 00 00 00 00 00 00 00 00 00 00 00 00 00 00 56 69 56 4F 74 65 63 68 32 00 61 01 00 10 03 00 00 02 00 45 4E 03 00 82 15 1C 02 00 FF FF 6B 63 00 00 00 00 00 00 00 00 00 00 00 00 00 00 00 00 00 00 00 00 00 00 00 00 00 00 00 00 00 00 00 56 69 56 4F 74 65 63 68 32 00 60 00 01 AD E0 DF EE 26 02 E0 00 DF EE 12 0A FF FF FF 02 00 17 03 20 00 73 DF EE 25 02 00 04 4F 00 5A A1 08 47 61 CC CC CC CC 01 35 5A C1 10 E2 76 37 2D EF 54 76 60 29 BB 65 6F 13 53 97 64 50 08 55 53 20 44 45 42 49 54 57 A1 10 47 61 CC CC CC CC 01 35 D1 91 2C CC CC CC CC CC 57 C1 18 C1 87 4C 46 73 2D 96 AD A0 6D 9A 5A B7 6E F9 50 09 09 74 C8 86 7F 2A 1F 82 02 18 00 84 07 A0 00 00 00 98 08 40 8E 12 00 00 00 00 00 00 00 00 02 01 00 04 02 05 42 00 1F 00 95 05 80 C0 10 00 00 9A 03 23 09 18 9B 02 48 00 9C 01 00 99 00 5F 20 0E 43 41 52 44 30 31 2F 55 53 44 45 42 49 54 5F 24 03 19 12 31 5F 25 00 5F 28 02 08 40 5F 2A 02 08 40 5F 2D 02 65 6E 5F 34 01 01 9F 02 06 00 00 00 00 00 01 9F 03 06 00 00 00 00 00 00 9F 07 02 AB 80 9F 08 02 00 96 9F 09 02 00 8C 9F 0B 00 9F 0D 05 FC 50 AC 88 00 9F 0E 05 00 00 00 00 00 9F 0F 05 FC 70 BC 98 00 9F 10 07 06 01 0A 03 00 00 00 9F 11 01 00 9F 12 00 9F 13 00 9F 15 02 12 34 9F 16 0F 30 30 30 30 30 30 30 30 30 30 30 30 30 30 30 9F 1A 02 08 40 9F 1C 08 38 37 36 35 34 33 32 31 9F 1E 08 31 54 39 39 31 34 39 36 9F 20 00 9F 21 03 06 12 42 9F 24 00 9F 26 08 FC 8F 8F 3C 76 01 8E 90 9F 27 01 80 9F 33 03 60 08 C8 9F 34 03 1F 00 02 9F 35 01 25 9F 36 02 01 01 9F 37 04 1C 3B 23 A0 9F 53 00 9F 5B 00 DF 21 00 DF EE 23 00 9F 39 01 05 DF EE 51 00 FF EE 01 05 DF EE 30 01 01 A8 10 00 00 00 00 00 00 00 00 00 00 00 00 00 00 00 00 00 00 00 00 00 00 00 00 00 00 00 00 00 00 00 00 00 00 00 00 00 00 00 00 00 00 00 00 00 00 00 00 00 00 00 00 00 00 00 00 00 00 00 
2023/9/18 14:13:09.107 [TX] - 56 69 56 4F 74 65 63 68 32 00 05 01 00 00 92 EF 
2023/9/18 14:13:09.119 [RX] - 56 69 56 4F 74 65 63 68 32 00 61 01 00 10 03 00 00 02 00 45 4E 03 00 82 21 1C 02 00 FF FF 42 4E 00 00 00 00 00 00 00 00 00 00 00 00 00 00 00 00 00 00 00 00 00 00 00 00 00 00 00 00 00 00 00 56 69 56 4F 74 65 63 68 32 00 61 01 00 10 03 00 00 02 00 45 4E 03 00 82 23 1C 02 00 FF FF C9 0E 00 00 00 00 00 00 00 00 00 00 00 00 00 00 00 00 00 00 00 00 00 00 00 00 00 00 00 00 00 00 00 56 69 56 4F 74 65 63 68 32 00 05 00 00 00 D8 A2 00 00 00 00 00 00 00 00 00 00 00 00 00 00 00 00 00 00 00 00 00 00 00 00 00 00 00 00 00 00 00 00 00 00 00 00 00 00 00 00 00 00 00 00 00 00 00  

 --- 60-10, 9F02=999999999999

2023/9/18 14:13:13.488 [TX] - 56 69 56 4F 74 65 63 68 32 00 60 10 00 20 01 00 0A 00 0A 9C 01 00 9F 02 06 99 99 99 99 99 99 9F 03 06 00 00 00 00 00 00 DF EF 1F 02 01 00 46 50 
2023/9/18 14:13:13.554 [RX] - 56 69 56 4F 74 65 63 68 32 00 60 63 00 00 FF 0E 00 00 00 00 00 00 00 00 00 00 00 00 00 00 00 00 00 00 00 00 00 00 00 00 00 00 00 00 00 00 00 00 00 00 00 00 00 00 00 00 00 00 00 00 00 00 00 56 69 56 4F 74 65 63 68 32 00 61 01 00 10 03 00 00 02 00 45 4E 03 00 82 0B 1C 02 00 FF FF F1 44 00 00 00 00 00 00 00 00 00 00 00 00 00 00 00 00 00 00 00 00 00 00 00 00 00 00 00 00 00 00 00 56 69 56 4F 74 65 63 68 32 00 61 01 00 22 04 00 00 02 00 45 4E 15 00 84 01 1C 04 24 1C 04 39 39 39 39 39 39 39 39 39 39 2E 39 39 1C 02 00 FF FF 6A F0 00 00 00 00 00 00 00 00 00 00 00 00 00 56 69 56 4F 74 65 63 68 32 00 61 01 00 10 03 00 00 02 00 45 4E 03 00 82 11 1C 02 00 FF FF 6D C2 00 00 00 00 00 00 00 00 00 00 00 00 00 00 00 00 00 00 00 00 00 00 00 00 00 00 00 00 00 00 00 56 69 56 4F 74 65 63 68 32 00 61 01 00 10 03 00 00 02 00 45 4E 03 00 82 1A 1C 02 00 FF FF AE 60 00 00 00 00 00 00 00 00 00 00 00 00 00 00 00 00 00 00 00 00 00 00 00 00 00 00 00 00 00 00 00 56 69 56 4F 74 65 63 68 32 00 61 01 00 10 03 00 00 02 00 45 4E 03 00 82 15 1C 02 00 FF FF 6B 63 00 00 00 00 00 00 00 00 00 00 00 00 00 00 00 00 00 00 00 00 00 00 00 00 00 00 00 00 00 00 00 56 69 56 4F 74 65 63 68 32 00 60 00 01 AD E0 DF EE 26 02 E0 00 DF EE 12 0A FF FF FF 02 00 17 03 20 00 74 DF EE 25 02 00 04 4F 00 5A A1 08 47 61 CC CC CC CC 01 35 5A C1 10 41 E8 5A 68 EE 1F 82 25 C7 B1 CC C3 6D 08 1C 46 50 08 55 53 20 44 45 42 49 54 57 A1 10 47 61 CC CC CC CC 01 35 D1 91 2C CC CC CC CC CC 57 C1 18 54 F5 E5 83 31 ED F1 B8 EF 0A 3A ED EF 97 34 8C 50 4F 66 0D A0 62 9A 4A 82 02 18 00 84 07 A0 00 00 00 98 08 40 8E 12 00 00 00 00 00 00 00 00 02 01 00 04 02 05 42 00 1F 00 95 05 80 C0 10 80 00 9A 03 23 09 18 9B 02 48 00 9C 01 00 99 00 5F 20 0E 43 41 52 44 30 31 2F 55 53 44 45 42 49 54 5F 24 03 19 12 31 5F 25 00 5F 28 02 08 40 5F 2A 02 08 40 5F 2D 02 65 6E 5F 34 01 01 9F 02 06 99 99 99 99 99 99 9F 03 06 00 00 00 00 00 00 9F 07 02 AB 80 9F 08 02 00 96 9F 09 02 00 8C 9F 0B 00 9F 0D 05 FC 50 AC 88 00 9F 0E 05 00 00 00 00 00 9F 0F 05 FC 70 BC 98 00 9F 10 07 06 01 0A 03 00 00 00 9F 11 01 00 9F 12 00 9F 13 00 9F 15 02 12 34 9F 16 0F 30 30 30 30 30 30 30 30 30 30 30 30 30 30 30 9F 1A 02 08 40 9F 1C 08 38 37 36 35 34 33 32 31 9F 1E 08 31 54 39 39 31 34 39 36 9F 20 00 9F 21 03 06 12 50 9F 24 00 9F 26 08 FC 8F 8F 3C 76 01 8E 90 9F 27 01 80 9F 33 03 60 08 C8 9F 34 03 1F 00 02 9F 35 01 25 9F 36 02 01 01 9F 37 04 AE 1F 1F F4 9F 53 00 9F 5B 00 DF 21 00 DF EE 23 00 9F 39 01 05 DF EE 51 00 FF EE 01 05 DF EE 30 01 01 0E BE 00 00 00 00 00 00 00 00 00 00 00 00 00 00 00 00 00 00 00 00 00 00 00 00 00 00 00 00 00 00 00 00 00 00 00 00 00 00 00 00 00 00 00 00 00 00 00 00 00 00 00 00 00 00 00 00 00 00 00 
2023/9/18 14:13:17.502 [TX] - 56 69 56 4F 74 65 63 68 32 00 05 01 00 00 92 EF 
2023/9/18 14:13:17.514 [RX] - 56 69 56 4F 74 65 63 68 32 00 61 01 00 10 03 00 00 02 00 45 4E 03 00 82 21 1C 02 00 FF FF 42 4E 00 00 00 00 00 00 00 00 00 00 00 00 00 00 00 00 00 00 00 00 00 00 00 00 00 00 00 00 00 00 00 56 69 56 4F 74 65 63 68 32 00 61 01 00 10 03 00 00 02 00 45 4E 03 00 82 23 1C 02 00 FF FF C9 0E 00 00 00 00 00 00 00 00 00 00 00 00 00 00 00 00 00 00 00 00 00 00 00 00 00 00 00 00 00 00 00 56 69 56 4F 74 65 63 68 32 00 05 00 00 00 D8 A2 00 00 00 00 00 00 00 00 00 00 00 00 00 00 00 00 00 00 00 00 00 00 00 00 00 00 00 00 00 00 00 00 00 00 00 00 00 00 00 00 00 00 00 00 00 00 00  

 ---------- END OF TEST ----------

 Result = PASSED


Docklight Log File (HEX) - Stopped 2023/9/18 14:13:21.115 

