Docklight Log File (HEX) - Started 2015/9/9 16:42:44.834 
 TEST CASE: SAT003-5

 --- Set POS COM PORT Settings
 Set POS COM PORT...
 POS operating on COM1 @ 9600 baud...
 Set POS COM PORT - COMPLETE

 Loading DUKPT key...

2015/9/9 16:42:46.138 [TX] - 56 69 56 4F 74 65 63 68 32 00 83 00 00 00 03 22 
2015/9/9 16:42:46.180 [RX] - 56 69 56 4F 74 65 63 68 32 00 83 00 00 00 22 03 
2015/9/9 16:42:46.704 [TX] - 56 69 56 4F 74 65 63 68 32 00 80 00 00 65 30 43 46 35 35 34 43 32 46 30 45 45 41 41 30 30 38 38 4B 30 54 44 30 30 4E 30 30 30 30 30 30 38 30 32 41 38 34 46 44 44 36 33 39 31 35 44 43 41 45 42 46 38 37 37 35 34 33 32 32 44 32 36 37 42 41 33 34 34 31 38 33 41 42 39 41 32 35 36 37 39 30 32 33 34 39 38 37 31 32 30 32 33 34 30 30 30 30 30 30 30 30 C2 98 
2015/9/9 16:42:46.860 [RX] - 56 69 56 4F 74 65 63 68 32 00 80 00 00 00 B9 DF 
2015/9/9 16:42:47.384 [TX] - 56 69 56 4F 74 65 63 68 32 00 80 00 00 65 31 35 43 44 42 38 31 32 46 30 45 45 41 41 30 30 38 38 4B 30 54 44 30 30 4E 30 30 30 30 30 30 38 30 39 32 36 39 41 34 33 36 39 42 36 43 37 45 33 42 35 36 37 32 39 38 33 41 36 36 32 46 36 31 30 33 32 35 37 32 39 32 33 36 33 37 38 33 30 33 33 36 32 33 41 39 39 37 31 32 36 32 33 34 30 30 30 30 30 30 30 30 AA E9 
2015/9/9 16:42:47.540 [RX] - 56 69 56 4F 74 65 63 68 32 00 80 00 00 00 B9 DF 
2015/9/9 16:42:48.064 [TX] - 56 69 56 4F 74 65 63 68 32 00 80 01 00 58 41 30 30 38 38 4B 30 54 44 30 30 4E 30 30 30 30 42 39 34 38 46 37 42 33 34 43 41 44 37 32 36 42 41 37 37 43 39 43 34 41 38 30 37 37 39 42 42 38 36 42 42 43 33 37 34 30 31 31 42 42 45 33 39 45 30 36 46 34 46 36 41 37 44 44 36 46 37 32 30 45 37 31 33 44 45 39 34 41 A0 6B 
2015/9/9 16:42:48.190 [RX] - 56 69 56 4F 74 65 63 68 32 00 80 00 00 00 B9 DF 
2015/9/9 16:42:48.725 [TX] - 56 69 56 4F 74 65 63 68 32 00 81 00 00 71 05 41 30 31 31 32 44 30 54 45 30 30 4E 30 31 30 30 4B 53 31 38 46 46 46 46 39 38 37 36 35 34 33 32 31 30 45 30 30 30 30 30 37 43 45 37 34 45 39 30 30 35 33 43 41 38 45 45 42 43 33 37 42 35 37 30 36 38 31 45 35 42 32 37 36 31 34 38 43 33 45 37 34 34 41 42 43 44 36 44 34 43 35 33 36 43 37 46 34 46 36 37 44 37 46 32 32 44 33 39 34 45 44 42 A8 31 
2015/9/9 16:42:48.901 [RX] - 56 69 56 4F 74 65 63 68 32 00 81 00 00 00 CF 6B  
OK!
 

 Loading Master key...

2015/9/9 16:42:49.458 [TX] - 56 69 56 4F 74 65 63 68 32 00 80 03 00 59 05 41 30 30 38 38 4B 30 54 44 30 30 4E 30 30 30 30 38 45 33 43 43 38 36 45 38 39 33 35 37 34 43 30 44 31 38 36 30 44 34 36 43 39 39 35 35 45 43 33 31 37 43 30 33 32 30 46 35 32 42 38 30 46 37 35 38 35 46 32 37 45 37 31 46 36 41 36 33 44 42 39 43 45 44 46 31 37 30 32 A3 22 
2015/9/9 16:42:49.601 [RX] - 56 69 56 4F 74 65 63 68 32 00 80 00 00 00 B9 DF  
OK!
 

 --- Clear Event Queue

2015/9/9 16:43:36.053 [TX] - 56 69 56 4F 74 65 63 68 32 00 83 0C 00 00 62 57 
2015/9/9 16:43:36.090 [RX] - 56 69 56 4F 74 65 63 68 32 00 83 00 00 00 22 03  

 --- 02-0A DUKPT/ contact/ Non-Event

2015/9/9 16:43:36.115 [TX] - 56 69 56 4F 74 65 63 68 32 00 02 0A 00 27 00 0A 42 00 00 00 9F 02 06 00 00 00 00 00 01 5F 2A 02 08 40 9A 03 12 01 02 9F 1A 02 08 40 9C 01 00 9F 21 03 11 22 33 91 C9 
2015/9/9 16:43:41.672 [RX] - 56 69 56 4F 74 65 63 68 32 00 02 30 01 35 00 5A A1 08 51 28 CC CC CC CC 81 71 5A C1 10 92 F4 2D BA EA 55 DB 11 5C B3 6D 30 9A 26 50 79 57 C1 18 21 62 44 3A 28 88 22 9A E1 CD F1 4A 63 29 BE 90 3A 5C C4 54 41 F9 F5 B3 82 02 39 00 9F 36 02 00 F2 9F 07 02 29 00 9F 26 08 66 4D 09 34 88 41 CD 8C 9F 27 01 80 8E 12 00 00 00 00 00 00 00 00 42 03 44 03 41 03 1E 03 1F 03 9F 34 03 1F 03 02 9F 1E 08 30 30 30 30 30 30 30 30 9F 0D 05 BC 50 BC 08 00 9F 0E 05 00 00 00 00 00 9F 0F 05 BC 70 BC 98 00 9F 10 12 01 10 A0 00 05 22 00 00 00 00 00 00 00 00 00 00 00 FF 9F 33 03 60 08 C8 9F 35 01 25 95 05 04 A0 10 00 00 9F 37 04 13 B6 1E 5E 9F 01 00 9F 02 06 00 00 00 00 00 01 9F 03 06 00 00 00 00 00 00 5F 25 03 15 03 01 5F 24 03 18 03 31 5F 34 01 00 5F 28 02 08 40 9F 15 00 9F 16 00 9F 1A 02 08 40 9F 1C 08 30 30 30 30 30 31 32 33 5F 2A 02 08 40 9A 03 12 01 02 9F 21 03 11 22 33 9C 01 00 9F 06 07 A0 00 00 00 04 10 10 9F 09 02 00 8C 9F 39 01 05 DF EE 12 0A FF FF 98 76 54 32 10 E0 00 02 37 90  

 --- 02-06 Continue Transaction

2015/9/9 16:43:44.101 [TX] - 56 69 56 4F 74 65 63 68 32 00 02 06 00 01 01 28 8B 
2015/9/9 16:43:44.337 [RX] - 56 69 56 4F 74 65 63 68 32 00 02 34 01 3D 82 02 39 00 9F 36 02 00 F2 9F 07 02 29 00 9F 26 08 9D A4 7A F2 6E 64 ED 03 9F 27 01 00 8E 12 00 00 00 00 00 00 00 00 42 03 44 03 41 03 1E 03 1F 03 9F 34 03 1F 03 02 9F 1E 08 30 30 30 30 30 30 30 30 9F 0D 05 BC 50 BC 08 00 9F 0E 05 00 00 00 00 00 9F 0F 05 BC 70 BC 98 00 9F 10 12 01 10 20 00 05 62 00 00 00 00 00 00 00 00 00 00 00 FF 9F 33 03 60 08 C8 9F 35 01 25 95 05 04 A0 10 00 00 9F 37 04 13 B6 1E 5E 9F 01 00 9F 02 06 00 00 00 00 00 01 9F 03 06 00 00 00 00 00 00 5F 25 03 15 03 01 5F 24 03 18 03 31 5A 08 51 28 57 01 00 03 81 71 5F 34 01 00 8A 02 5A 33 5F 28 02 08 40 9F 15 00 9F 16 00 9F 1A 02 08 40 9F 1C 08 30 30 30 30 30 31 32 33 57 10 51 28 57 01 00 03 81 71 D1 80 36 22 00 00 76 0F 5F 2A 02 08 40 9A 03 12 01 02 9F 21 03 11 22 33 9C 01 00 9B 02 E8 00 9F 06 07 A0 00 00 00 04 10 10 9F 12 10 44 65 62 69 74 20 4D 61 73 74 65 72 43 61 72 64 50 10 44 65 62 69 74 20 4D 61 73 74 65 72 43 61 72 64 9F 09 02 00 8C 9F 39 01 05 FF EE 01 03 DF 21 00 67 69  

 Loading Session key...

2015/9/9 16:43:46.555 [TX] - 56 69 56 4F 74 65 63 68 32 00 80 0C 00 58 41 30 30 38 38 44 30 54 45 30 30 4E 30 30 30 30 33 31 31 32 43 46 38 45 39 45 44 45 45 32 41 38 32 34 38 32 34 34 38 38 38 30 37 34 41 39 46 39 35 34 33 36 39 45 46 34 44 33 45 37 33 46 37 37 36 34 41 35 32 30 33 30 45 45 44 44 41 37 31 31 35 41 41 46 46 42 46 34 56 91 
2015/9/9 16:43:46.680 [RX] - 56 69 56 4F 74 65 63 68 32 00 80 00 00 00 B9 DF  
OK!
 

 --- Clear Event Queue

2015/9/9 16:43:49.347 [TX] - 56 69 56 4F 74 65 63 68 32 00 83 0C 00 00 62 57 
2015/9/9 16:43:49.380 [RX] - 56 69 56 4F 74 65 63 68 32 00 83 00 00 00 22 03  

 --- 02-0A MS key/ contact/ Non-Event

2015/9/9 16:43:49.444 [TX] - 56 69 56 4F 74 65 63 68 32 00 02 0A 00 27 00 0A 02 00 00 00 9F 02 06 00 00 00 00 00 01 5F 2A 02 08 40 9A 03 12 01 02 9F 1A 02 08 40 9C 01 00 9F 21 03 11 22 33 AF 3C 
2015/9/9 16:43:54.476 [RX] - 56 69 56 4F 74 65 63 68 32 00 02 30 01 27 00 5A A1 08 51 28 CC CC CC CC 81 71 5A C1 10 92 0A 66 4A E7 F3 0E FD 19 F6 CF 2C 8D 14 AE 85 57 C1 18 EC 57 F1 A1 D0 9C 7C 78 EF 42 09 A7 D2 DE 3A 20 12 FD 1B 65 5C 0F 0B 26 82 02 39 00 9F 36 02 00 F3 9F 07 02 29 00 9F 26 08 FB 4D 50 9A DC 0C 48 A4 9F 27 01 80 8E 12 00 00 00 00 00 00 00 00 42 03 44 03 41 03 1E 03 1F 03 9F 34 03 1F 03 02 9F 1E 08 30 30 30 30 30 30 30 30 9F 0D 05 BC 50 BC 08 00 9F 0E 05 00 00 00 00 00 9F 0F 05 BC 70 BC 98 00 9F 10 12 01 10 A0 00 05 22 00 00 00 00 00 00 00 00 00 00 00 FF 9F 33 03 60 08 C8 9F 35 01 25 95 05 04 A0 10 00 00 9F 37 04 19 C0 E7 6E 9F 01 00 9F 02 06 00 00 00 00 00 01 9F 03 06 00 00 00 00 00 00 5F 25 03 15 03 01 5F 24 03 18 03 31 5F 34 01 00 5F 28 02 08 40 9F 15 00 9F 16 00 9F 1A 02 08 40 9F 1C 08 30 30 30 30 30 31 32 33 5F 2A 02 08 40 9A 03 12 01 02 9F 21 03 11 22 33 9C 01 00 9F 06 07 A0 00 00 00 04 10 10 9F 09 02 00 8C 9F 39 01 05 89 B1  

 --- 02-06 Continue Transaction

2015/9/9 16:43:58.804 [TX] - 56 69 56 4F 74 65 63 68 32 00 02 06 00 01 01 28 8B 
2015/9/9 16:43:59.025 [RX] - 56 69 56 4F 74 65 63 68 32 00 02 34 01 3D 82 02 39 00 9F 36 02 00 F3 9F 07 02 29 00 9F 26 08 D6 47 37 BD 14 91 64 20 9F 27 01 00 8E 12 00 00 00 00 00 00 00 00 42 03 44 03 41 03 1E 03 1F 03 9F 34 03 1F 03 02 9F 1E 08 30 30 30 30 30 30 30 30 9F 0D 05 BC 50 BC 08 00 9F 0E 05 00 00 00 00 00 9F 0F 05 BC 70 BC 98 00 9F 10 12 01 10 20 00 05 62 00 00 00 00 00 00 00 00 00 00 00 FF 9F 33 03 60 08 C8 9F 35 01 25 95 05 04 A0 10 00 00 9F 37 04 19 C0 E7 6E 9F 01 00 9F 02 06 00 00 00 00 00 01 9F 03 06 00 00 00 00 00 00 5F 25 03 15 03 01 5F 24 03 18 03 31 5A 08 51 28 57 01 00 03 81 71 5F 34 01 00 8A 02 5A 33 5F 28 02 08 40 9F 15 00 9F 16 00 9F 1A 02 08 40 9F 1C 08 30 30 30 30 30 31 32 33 57 10 51 28 57 01 00 03 81 71 D1 80 36 22 00 00 76 0F 5F 2A 02 08 40 9A 03 12 01 02 9F 21 03 11 22 33 9C 01 00 9B 02 E8 00 9F 06 07 A0 00 00 00 04 10 10 9F 12 10 44 65 62 69 74 20 4D 61 73 74 65 72 43 61 72 64 50 10 44 65 62 69 74 20 4D 61 73 74 65 72 43 61 72 64 9F 09 02 00 8C 9F 39 01 05 FF EE 01 03 DF 21 00 A6 99  
---------- END OF TEST ----------

 Result = PASSED
 

 MASTER RESULT = PASSED


Docklight Log File (HEX) - Stopped 2015/9/9 16:44:02.578 

