Docklight Log File (HEX) - Started 2025/12/15 11:15:58.718 
 TEST CASE: GTR004

 --- Set POS COM PORT Settings
 Set POS COM PORT...
 POS operating on COM90 @ 9600 baud...
 Set POS COM PORT - COMPLETE

 --- Auto Poll

2025/12/15 11:16:00.030 [TX] - 56 69 56 4F 74 65 63 68 32 00 01 01 00 01 00 F6 24 
2025/12/15 11:16:00.045 [RX] - 56 69 56 4F 74 65 63 68 32 00 01 00 00 00 12 53 00 00 00 00 00 00 00 00 00 00 00 00 00 00 00 00 00 00 00 00 00 00 00 00 00 00 00 00 00 00 00 00 00 00 00 00 00 00 00 00 00 00 00 00 00 00 00  

 --- Burst Mode Off

2025/12/15 11:16:00.065 [TX] - 56 69 56 4F 74 65 63 68 32 00 04 00 00 04 FF F7 01 00 B9 2E 
2025/12/15 11:16:00.077 [RX] - 56 69 56 4F 74 65 63 68 32 00 04 00 00 00 AE 16 00 00 00 00 00 00 00 00 00 00 00 00 00 00 00 00 00 00 00 00 00 00 00 00 00 00 00 00 00 00 00 00 00 00 00 00 00 00 00 00 00 00 00 00 00 00 00  

 --- Get Transaction Result (03-40)

2025/12/15 11:16:10.402 [TX] - 56 69 56 4F 74 65 63 68 32 00 03 40 00 00 96 E2 
2025/12/15 11:16:10.414 [RX] - 56 69 56 4F 74 65 63 68 32 00 03 23 01 34 11 FF EE 13 4C 42 34 37 36 31 37 33 39 30 30 31 30 31 30 30 31 30 5E 46 55 4C 4C 2F 46 55 4E 43 54 49 4F 4E 41 4C 5E 32 30 31 32 31 32 30 30 30 31 32 33 30 31 30 32 30 33 30 34 30 35 30 36 30 37 30 38 30 39 31 30 30 33 39 39 30 33 30 30 30 30 FF EE 14 25 34 37 36 31 37 33 39 30 30 31 30 31 30 30 31 30 3D 32 30 31 32 31 32 30 30 30 31 32 33 33 39 39 30 30 30 33 31 4F 07 A0 00 00 00 03 10 10 50 0C 56 49 53 41 20 54 45 53 54 20 30 31 84 07 A0 00 00 00 03 10 10 9F 02 06 00 00 00 00 00 01 9F 06 07 A0 00 00 00 03 10 10 9F 35 01 22 9F 39 01 91 57 13 47 61 73 90 01 01 00 10 D2 01 21 20 00 12 33 99 00 03 1F 9C 01 00 FF F2 08 32 54 31 33 35 34 34 39 9B 02 00 00 5F 20 0F 46 55 4C 4C 2F 46 55 4E 43 54 49 4F 4E 41 4C FF EE 01 08 DF 30 01 00 DF 5B 01 08 DF EE 26 01 11 DF EF 4C 06 00 27 00 00 00 00 DF EF 4D 27 3B 34 37 36 31 37 33 39 30 30 31 30 31 30 30 31 30 3D 32 30 31 32 31 32 30 30 30 31 32 33 33 39 39 30 30 30 33 31 3F 08 84 00 00 00 00 00 00 00 00 00 00 00 00 00 00 00 00 00 00 00 00 00 00 00 00 00 00 00 00 00 00 00 00 00 00 00 00 00 00 00 00 00 00 00 00 00 00 00 00 00 00 00 00 00 00  

 Result = PASSED
 ---------- END OF TEST ----------

 

 MASTER RESULT = PASSED


Docklight Log File (HEX) - Stopped 2025/12/15 11:16:11.571 

