Docklight Log File (HEX) - Started 2026/6/17 10:25:15.252 
 TEST CASE: EVT109

 --- Set POS COM PORT Settings
 Set POS COM PORT...
 POS operating on COM90 @ 115200 baud...
 Set POS COM PORT - COMPLETE

 

 --- Tamper Enable

2026/6/17 10:25:16.726 [TX] - 56 69 56 4F 74 65 63 68 32 00 01 0B 00 03 16 00 0F BD 2E 
2026/6/17 10:25:21.969 [RX] - 56 69 56 4F 74 65 63 68 32 00 63 02 00 00 56 69 56 4F 74 65 63 68 32 00 01 00 00 00 12 53 00 00 00 00 00 00 00 00 00 00 00 00 00 00 00 00 00 00 00 00 00 00 00 00 00 00 00 00 00 00 00 00 00 00 00 00 00 00 00 00 00 00 00 00 00 00 00  

 --- Tamper Check

2026/6/17 10:25:21.983 [TX] - 56 69 56 4F 74 65 63 68 32 00 01 0B 00 02 16 01 EC 34 
2026/6/17 10:25:21.994 [RX] - 56 69 56 4F 74 65 63 68 32 00 01 00 00 12 00 01 00 10 01 00 11 01 00 12 01 00 13 01 00 1F 01 00 F0 A4 00 00 00 00 00 00 00 00 00 00 00 00 00 00 00 00 00 00 00 00 00 00 00 00 00 00 00 00 00  

 --- C7-3A

2026/6/17 10:25:22.016 [TX] - 56 69 56 4F 74 65 63 68 32 00 C7 3A 00 00 0A 84 
2026/6/17 10:25:22.027 [RX] - 56 69 56 4F 74 65 63 68 32 00 C7 00 00 15 00 01 00 10 01 00 11 01 00 12 01 00 13 01 00 17 01 00 1F 01 FF 50 B9 00 00 00 00 00 00 00 00 00 00 00 00 00 00 00 00 00 00 00 00 00 00 00 00 00 00  

 --- C7-3A w/ 01

2026/6/17 10:25:22.049 [TX] - 56 69 56 4F 74 65 63 68 32 00 C7 3A 00 01 01 1C F8 
2026/6/17 10:25:22.060 [RX] - 56 69 56 4F 74 65 63 68 32 00 C7 00 00 73 00 01 00 10 01 00 11 01 00 12 01 00 13 01 00 17 01 00 18 04 00 00 00 00 1A 04 00 03 F0 FF 1F 01 FF 22 06 26 06 17 02 25 21 28 24 00 00 00 AA 00 00 00 AA 00 00 00 AA 00 00 00 AA 00 00 00 AA 00 00 00 AA 00 00 00 AA 00 00 00 AA 80 00 00 AA 29 08 00 00 00 AA 00 00 00 AA 2A 08 00 00 00 AA 00 00 00 AA 2B 04 00 44 B0 00 2C 08 53 52 06 13 00 00 00 24 89 37 00 00 00 00 00 00 00 00 00 00 00 00 00 00 00 00 00 00 00 00 00 00 00 00 00 00 00 00 00 00 00 00 00 00 00 00 00 00 00 00 00 00 00 00 00 00 00 00 00 00 00 00 00 00 00 00 00 00  

 ** FAIL **
 

 ---------- END OF TEST ----------

 Result = FAILED


Docklight Log File (HEX) - Stopped 2026/6/17 10:25:24.176 

