Docklight Log File (HEX) - Started 11/16/2016 17:06:02.031 
 TEST CASE: DPGH019

 --- Set POS COM PORT Settings
 Set POS COM PORT...
 POS operating on COM1 @ 115200 baud...
 Set POS COM PORT - COMPLETE

 
--- Clear display

11/16/2016 17:06:03.330 [TX] - 56 69 56 4F 74 65 63 68 32 00 83 0D 00 00 52 60 
11/16/2016 17:06:03.630 [RX] - 56 69 56 4F 74 65 63 68 32 00 83 00 00 00 22 03  resultName = Positive Response
 resultName = common 83-xx resp 
 
--- Begin custom mode

11/16/2016 17:06:03.683 [TX] - 56 69 56 4F 74 65 63 68 32 00 83 08 00 00 A2 8B 
11/16/2016 17:06:03.696 [RX] - 56 69 56 4F 74 65 63 68 32 00 83 00 00 00 22 03  resultName = Positive Response
 resultName = common 83-xx resp 
 

--- Display paragraph full screen font 1

11/16/2016 17:06:04.753 [TX] - 56 69 56 4F 74 65 63 68 32 00 83 28 02 27 30 33 30 00 30 33 30 00 00 00 31 00 30 31 00 33 00 54 68 69 73 20 70 61 72 61 67 72 61 70 68 20 69 73 20 75 73 65 64 20 74 6F 20 74 65 73 74 20 74 68 65 20 6E 65 77 20 64 69 73 70 6C 61 79 20 66 65 61 74 75 72 65 20 22 64 69 73 70 6C 61 79 20 70 61 72 61 67 72 61 70 68 22 2E 20 5C 6E 20 54 68 69 73 20 69 73 20 74 68 65 20 73 65 63 6F 6E 64 20 70 61 72 61 67 72 61 70 68 20 5C 6E 20 54 68 69 73 20 69 73 20 74 68 65 20 74 68 69 72 64 20 70 61 72 61 67 72 61 70 68 20 5C 6E 20 54 68 69 73 20 69 73 20 74 68 65 20 66 6F 72 74 68 20 70 61 72 61 67 72 61 70 68 20 5C 6E 20 54 68 69 73 20 69 73 20 74 68 65 20 66 69 66 74 68 20 70 61 72 61 67 72 61 70 68 20 5C 6E 20 54 68 69 73 20 69 73 20 74 68 65 20 73 69 78 74 68 20 70 61 72 61 67 72 61 70 68 20 5C 6E 20 54 68 69 73 20 74 68 65 20 73 65 76 65 6E 74 68 20 70 61 72 61 67 72 61 70 68 20 5C 6E 5C 20 54 68 69 73 20 69 73 20 74 68 65 20 65 69 67 68 74 20 70 61 72 61 67 72 61 70 68 20 5C 6E 20 54 68 69 73 20 69 73 20 74 68 65 20 6E 69 6E 65 74 68 20 70 61 72 61 67 72 61 70 68 20 5C 6E 20 54 68 69 73 20 69 73 20 74 68 65 20 74 65 6E 74 68 20 70 61 72 61 67 72 61 70 68 2E 20 5C 6E 20 31 20 32 20 33 20 34 20 35 20 36 20 37 20 38 20 39 20 30 20 5C 6E 20 31 20 32 20 33 20 34 20 35 20 36 20 37 20 38 20 39 20 30 20 5C 6E 20 31 20 32 20 33 20 34 20 35 20 36 20 37 20 38 20 39 20 30 20 5C 6E 20 31 20 32 20 33 20 34 20 35 20 36 20 37 20 38 20 39 20 30 20 5C 6E 20 31 20 32 20 33 20 34 20 35 20 36 20 37 20 38 20 39 20 30 20 5C 6E 20 31 20 32 20 33 20 34 20 35 20 36 20 37 20 38 20 39 20 30 20 5C 6E 20 20 5C 6E 20 41 64 64 20 6D 6F 72 65 20 70 61 72 61 67 72 61 70 68 73 20 62 65 6C 6F 77 2E 20 5C 6E 20 00 29 74 
11/16/2016 17:06:05.680 [RX] - 56 69 56 4F 74 65 63 68 32 00 83 00 00 04 00 14 53 70 B0 A8  resultName = Positive Response
 resultName = common 83-xx resp 
 resultName = Display Control OK
 Control ID = 00 14 53 70
 resultName = common 83-28 resp sts=00
 

--- Display paragraph full screen font 2

11/16/2016 17:06:07.755 [TX] - 56 69 56 4F 74 65 63 68 32 00 83 28 02 27 30 33 30 00 30 33 30 00 00 00 31 00 30 32 00 33 00 54 68 69 73 20 70 61 72 61 67 72 61 70 68 20 69 73 20 75 73 65 64 20 74 6F 20 74 65 73 74 20 74 68 65 20 6E 65 77 20 64 69 73 70 6C 61 79 20 66 65 61 74 75 72 65 20 22 64 69 73 70 6C 61 79 20 70 61 72 61 67 72 61 70 68 22 2E 20 5C 6E 20 54 68 69 73 20 69 73 20 74 68 65 20 73 65 63 6F 6E 64 20 70 61 72 61 67 72 61 70 68 20 5C 6E 20 54 68 69 73 20 69 73 20 74 68 65 20 74 68 69 72 64 20 70 61 72 61 67 72 61 70 68 20 5C 6E 20 54 68 69 73 20 69 73 20 74 68 65 20 66 6F 72 74 68 20 70 61 72 61 67 72 61 70 68 20 5C 6E 20 54 68 69 73 20 69 73 20 74 68 65 20 66 69 66 74 68 20 70 61 72 61 67 72 61 70 68 20 5C 6E 20 54 68 69 73 20 69 73 20 74 68 65 20 73 69 78 74 68 20 70 61 72 61 67 72 61 70 68 20 5C 6E 20 54 68 69 73 20 74 68 65 20 73 65 76 65 6E 74 68 20 70 61 72 61 67 72 61 70 68 20 5C 6E 5C 20 54 68 69 73 20 69 73 20 74 68 65 20 65 69 67 68 74 20 70 61 72 61 67 72 61 70 68 20 5C 6E 20 54 68 69 73 20 69 73 20 74 68 65 20 6E 69 6E 65 74 68 20 70 61 72 61 67 72 61 70 68 20 5C 6E 20 54 68 69 73 20 69 73 20 74 68 65 20 74 65 6E 74 68 20 70 61 72 61 67 72 61 70 68 2E 20 5C 6E 20 31 20 32 20 33 20 34 20 35 20 36 20 37 20 38 20 39 20 30 20 5C 6E 20 31 20 32 20 33 20 34 20 35 20 36 20 37 20 38 20 39 20 30 20 5C 6E 20 31 20 32 20 33 20 34 20 35 20 36 20 37 20 38 20 39 20 30 20 5C 6E 20 31 20 32 20 33 20 34 20 35 20 36 20 37 20 38 20 39 20 30 20 5C 6E 20 31 20 32 20 33 20 34 20 35 20 36 20 37 20 38 20 39 20 30 20 5C 6E 20 31 20 32 20 33 20 34 20 35 20 36 20 37 20 38 20 39 20 30 20 5C 6E 20 20 5C 6E 20 41 64 64 20 6D 6F 72 65 20 70 61 72 61 67 72 61 70 68 73 20 62 65 6C 6F 77 2E 20 5C 6E 20 00 F7 CC 
11/16/2016 17:06:08.706 [RX] - 56 69 56 4F 74 65 63 68 32 00 83 00 00 04 00 14 53 F0 21 20  resultName = Positive Response
 resultName = common 83-xx resp 
 resultName = Display Control OK
 Control ID = 00 14 53 F0
 resultName = common 83-28 resp sts=00
 

--- Display paragraph full screen font 3

11/16/2016 17:06:10.786 [TX] - 56 69 56 4F 74 65 63 68 32 00 83 28 02 27 30 33 30 00 30 33 30 00 00 00 31 00 30 33 00 33 00 54 68 69 73 20 70 61 72 61 67 72 61 70 68 20 69 73 20 75 73 65 64 20 74 6F 20 74 65 73 74 20 74 68 65 20 6E 65 77 20 64 69 73 70 6C 61 79 20 66 65 61 74 75 72 65 20 22 64 69 73 70 6C 61 79 20 70 61 72 61 67 72 61 70 68 22 2E 20 5C 6E 20 54 68 69 73 20 69 73 20 74 68 65 20 73 65 63 6F 6E 64 20 70 61 72 61 67 72 61 70 68 20 5C 6E 20 54 68 69 73 20 69 73 20 74 68 65 20 74 68 69 72 64 20 70 61 72 61 67 72 61 70 68 20 5C 6E 20 54 68 69 73 20 69 73 20 74 68 65 20 66 6F 72 74 68 20 70 61 72 61 67 72 61 70 68 20 5C 6E 20 54 68 69 73 20 69 73 20 74 68 65 20 66 69 66 74 68 20 70 61 72 61 67 72 61 70 68 20 5C 6E 20 54 68 69 73 20 69 73 20 74 68 65 20 73 69 78 74 68 20 70 61 72 61 67 72 61 70 68 20 5C 6E 20 54 68 69 73 20 74 68 65 20 73 65 76 65 6E 74 68 20 70 61 72 61 67 72 61 70 68 20 5C 6E 5C 20 54 68 69 73 20 69 73 20 74 68 65 20 65 69 67 68 74 20 70 61 72 61 67 72 61 70 68 20 5C 6E 20 54 68 69 73 20 69 73 20 74 68 65 20 6E 69 6E 65 74 68 20 70 61 72 61 67 72 61 70 68 20 5C 6E 20 54 68 69 73 20 69 73 20 74 68 65 20 74 65 6E 74 68 20 70 61 72 61 67 72 61 70 68 2E 20 5C 6E 20 31 20 32 20 33 20 34 20 35 20 36 20 37 20 38 20 39 20 30 20 5C 6E 20 31 20 32 20 33 20 34 20 35 20 36 20 37 20 38 20 39 20 30 20 5C 6E 20 31 20 32 20 33 20 34 20 35 20 36 20 37 20 38 20 39 20 30 20 5C 6E 20 31 20 32 20 33 20 34 20 35 20 36 20 37 20 38 20 39 20 30 20 5C 6E 20 31 20 32 20 33 20 34 20 35 20 36 20 37 20 38 20 39 20 30 20 5C 6E 20 31 20 32 20 33 20 34 20 35 20 36 20 37 20 38 20 39 20 30 20 5C 6E 20 20 5C 6E 20 41 64 64 20 6D 6F 72 65 20 70 61 72 61 67 72 61 70 68 73 20 62 65 6C 6F 77 2E 20 5C 6E 20 00 A2 54 
11/16/2016 17:06:11.569 [RX] - 56 69 56 4F 74 65 63 68 32 00 83 00 00 04 00 14 53 70 B0 A8  resultName = Positive Response
 resultName = common 83-xx resp 
 resultName = Display Control OK
 Control ID = 00 14 53 70
 resultName = common 83-28 resp sts=00
 

--- Display paragraph full screen font 4

11/16/2016 17:06:13.652 [TX] - 56 69 56 4F 74 65 63 68 32 00 83 28 02 27 30 33 30 00 30 33 30 00 00 00 31 00 30 34 00 33 00 54 68 69 73 20 70 61 72 61 67 72 61 70 68 20 69 73 20 75 73 65 64 20 74 6F 20 74 65 73 74 20 74 68 65 20 6E 65 77 20 64 69 73 70 6C 61 79 20 66 65 61 74 75 72 65 20 22 64 69 73 70 6C 61 79 20 70 61 72 61 67 72 61 70 68 22 2E 20 5C 6E 20 54 68 69 73 20 69 73 20 74 68 65 20 73 65 63 6F 6E 64 20 70 61 72 61 67 72 61 70 68 20 5C 6E 20 54 68 69 73 20 69 73 20 74 68 65 20 74 68 69 72 64 20 70 61 72 61 67 72 61 70 68 20 5C 6E 20 54 68 69 73 20 69 73 20 74 68 65 20 66 6F 72 74 68 20 70 61 72 61 67 72 61 70 68 20 5C 6E 20 54 68 69 73 20 69 73 20 74 68 65 20 66 69 66 74 68 20 70 61 72 61 67 72 61 70 68 20 5C 6E 20 54 68 69 73 20 69 73 20 74 68 65 20 73 69 78 74 68 20 70 61 72 61 67 72 61 70 68 20 5C 6E 20 54 68 69 73 20 74 68 65 20 73 65 76 65 6E 74 68 20 70 61 72 61 67 72 61 70 68 20 5C 6E 5C 20 54 68 69 73 20 69 73 20 74 68 65 20 65 69 67 68 74 20 70 61 72 61 67 72 61 70 68 20 5C 6E 20 54 68 69 73 20 69 73 20 74 68 65 20 6E 69 6E 65 74 68 20 70 61 72 61 67 72 61 70 68 20 5C 6E 20 54 68 69 73 20 69 73 20 74 68 65 20 74 65 6E 74 68 20 70 61 72 61 67 72 61 70 68 2E 20 5C 6E 20 31 20 32 20 33 20 34 20 35 20 36 20 37 20 38 20 39 20 30 20 5C 6E 20 31 20 32 20 33 20 34 20 35 20 36 20 37 20 38 20 39 20 30 20 5C 6E 20 31 20 32 20 33 20 34 20 35 20 36 20 37 20 38 20 39 20 30 20 5C 6E 20 31 20 32 20 33 20 34 20 35 20 36 20 37 20 38 20 39 20 30 20 5C 6E 20 31 20 32 20 33 20 34 20 35 20 36 20 37 20 38 20 39 20 30 20 5C 6E 20 31 20 32 20 33 20 34 20 35 20 36 20 37 20 38 20 39 20 30 20 5C 6E 20 20 5C 6E 20 41 64 64 20 6D 6F 72 65 20 70 61 72 61 67 72 61 70 68 73 20 62 65 6C 6F 77 2E 20 5C 6E 20 00 6A AD 
11/16/2016 17:06:14.629 [RX] - 56 69 56 4F 74 65 63 68 32 00 83 00 00 04 00 14 53 F0 21 20  resultName = Positive Response
 resultName = common 83-xx resp 
 resultName = Display Control OK
 Control ID = 00 14 53 F0
 resultName = common 83-28 resp sts=00
 

--- Display paragraph full screen font 5

11/16/2016 17:06:16.712 [TX] - 56 69 56 4F 74 65 63 68 32 00 83 28 02 27 30 33 30 00 30 33 30 00 00 00 31 00 30 35 00 33 00 54 68 69 73 20 70 61 72 61 67 72 61 70 68 20 69 73 20 75 73 65 64 20 74 6F 20 74 65 73 74 20 74 68 65 20 6E 65 77 20 64 69 73 70 6C 61 79 20 66 65 61 74 75 72 65 20 22 64 69 73 70 6C 61 79 20 70 61 72 61 67 72 61 70 68 22 2E 20 5C 6E 20 54 68 69 73 20 69 73 20 74 68 65 20 73 65 63 6F 6E 64 20 70 61 72 61 67 72 61 70 68 20 5C 6E 20 54 68 69 73 20 69 73 20 74 68 65 20 74 68 69 72 64 20 70 61 72 61 67 72 61 70 68 20 5C 6E 20 54 68 69 73 20 69 73 20 74 68 65 20 66 6F 72 74 68 20 70 61 72 61 67 72 61 70 68 20 5C 6E 20 54 68 69 73 20 69 73 20 74 68 65 20 66 69 66 74 68 20 70 61 72 61 67 72 61 70 68 20 5C 6E 20 54 68 69 73 20 69 73 20 74 68 65 20 73 69 78 74 68 20 70 61 72 61 67 72 61 70 68 20 5C 6E 20 54 68 69 73 20 74 68 65 20 73 65 76 65 6E 74 68 20 70 61 72 61 67 72 61 70 68 20 5C 6E 5C 20 54 68 69 73 20 69 73 20 74 68 65 20 65 69 67 68 74 20 70 61 72 61 67 72 61 70 68 20 5C 6E 20 54 68 69 73 20 69 73 20 74 68 65 20 6E 69 6E 65 74 68 20 70 61 72 61 67 72 61 70 68 20 5C 6E 20 54 68 69 73 20 69 73 20 74 68 65 20 74 65 6E 74 68 20 70 61 72 61 67 72 61 70 68 2E 20 5C 6E 20 31 20 32 20 33 20 34 20 35 20 36 20 37 20 38 20 39 20 30 20 5C 6E 20 31 20 32 20 33 20 34 20 35 20 36 20 37 20 38 20 39 20 30 20 5C 6E 20 31 20 32 20 33 20 34 20 35 20 36 20 37 20 38 20 39 20 30 20 5C 6E 20 31 20 32 20 33 20 34 20 35 20 36 20 37 20 38 20 39 20 30 20 5C 6E 20 31 20 32 20 33 20 34 20 35 20 36 20 37 20 38 20 39 20 30 20 5C 6E 20 31 20 32 20 33 20 34 20 35 20 36 20 37 20 38 20 39 20 30 20 5C 6E 20 20 5C 6E 20 41 64 64 20 6D 6F 72 65 20 70 61 72 61 67 72 61 70 68 73 20 62 65 6C 6F 77 2E 20 5C 6E 20 00 3F 35 
11/16/2016 17:06:17.516 [RX] - 56 69 56 4F 74 65 63 68 32 00 83 00 00 04 00 14 53 70 B0 A8  resultName = Positive Response
 resultName = common 83-xx resp 
 resultName = Display Control OK
 Control ID = 00 14 53 70
 resultName = common 83-28 resp sts=00
 

--- Display paragraph full screen font 6

11/16/2016 17:06:19.591 [TX] - 56 69 56 4F 74 65 63 68 32 00 83 28 02 27 30 33 30 00 30 33 30 00 00 00 31 00 30 36 00 33 00 54 68 69 73 20 70 61 72 61 67 72 61 70 68 20 69 73 20 75 73 65 64 20 74 6F 20 74 65 73 74 20 74 68 65 20 6E 65 77 20 64 69 73 70 6C 61 79 20 66 65 61 74 75 72 65 20 22 64 69 73 70 6C 61 79 20 70 61 72 61 67 72 61 70 68 22 2E 20 5C 6E 20 54 68 69 73 20 69 73 20 74 68 65 20 73 65 63 6F 6E 64 20 70 61 72 61 67 72 61 70 68 20 5C 6E 20 54 68 69 73 20 69 73 20 74 68 65 20 74 68 69 72 64 20 70 61 72 61 67 72 61 70 68 20 5C 6E 20 54 68 69 73 20 69 73 20 74 68 65 20 66 6F 72 74 68 20 70 61 72 61 67 72 61 70 68 20 5C 6E 20 54 68 69 73 20 69 73 20 74 68 65 20 66 69 66 74 68 20 70 61 72 61 67 72 61 70 68 20 5C 6E 20 54 68 69 73 20 69 73 20 74 68 65 20 73 69 78 74 68 20 70 61 72 61 67 72 61 70 68 20 5C 6E 20 54 68 69 73 20 74 68 65 20 73 65 76 65 6E 74 68 20 70 61 72 61 67 72 61 70 68 20 5C 6E 5C 20 54 68 69 73 20 69 73 20 74 68 65 20 65 69 67 68 74 20 70 61 72 61 67 72 61 70 68 20 5C 6E 20 54 68 69 73 20 69 73 20 74 68 65 20 6E 69 6E 65 74 68 20 70 61 72 61 67 72 61 70 68 20 5C 6E 20 54 68 69 73 20 69 73 20 74 68 65 20 74 65 6E 74 68 20 70 61 72 61 67 72 61 70 68 2E 20 5C 6E 20 31 20 32 20 33 20 34 20 35 20 36 20 37 20 38 20 39 20 30 20 5C 6E 20 31 20 32 20 33 20 34 20 35 20 36 20 37 20 38 20 39 20 30 20 5C 6E 20 31 20 32 20 33 20 34 20 35 20 36 20 37 20 38 20 39 20 30 20 5C 6E 20 31 20 32 20 33 20 34 20 35 20 36 20 37 20 38 20 39 20 30 20 5C 6E 20 31 20 32 20 33 20 34 20 35 20 36 20 37 20 38 20 39 20 30 20 5C 6E 20 31 20 32 20 33 20 34 20 35 20 36 20 37 20 38 20 39 20 30 20 5C 6E 20 20 5C 6E 20 41 64 64 20 6D 6F 72 65 20 70 61 72 61 67 72 61 70 68 73 20 62 65 6C 6F 77 2E 20 5C 6E 20 00 E1 8D 
11/16/2016 17:06:20.543 [RX] - 56 69 56 4F 74 65 63 68 32 00 83 00 00 04 00 14 53 F0 21 20  resultName = Positive Response
 resultName = common 83-xx resp 
 resultName = Display Control OK
 Control ID = 00 14 53 F0
 resultName = common 83-28 resp sts=00
 

--- Display paragraph full screen font 7

11/16/2016 17:06:22.625 [TX] - 56 69 56 4F 74 65 63 68 32 00 83 28 02 27 30 33 30 00 30 33 30 00 00 00 31 00 30 37 00 33 00 54 68 69 73 20 70 61 72 61 67 72 61 70 68 20 69 73 20 75 73 65 64 20 74 6F 20 74 65 73 74 20 74 68 65 20 6E 65 77 20 64 69 73 70 6C 61 79 20 66 65 61 74 75 72 65 20 22 64 69 73 70 6C 61 79 20 70 61 72 61 67 72 61 70 68 22 2E 20 5C 6E 20 54 68 69 73 20 69 73 20 74 68 65 20 73 65 63 6F 6E 64 20 70 61 72 61 67 72 61 70 68 20 5C 6E 20 54 68 69 73 20 69 73 20 74 68 65 20 74 68 69 72 64 20 70 61 72 61 67 72 61 70 68 20 5C 6E 20 54 68 69 73 20 69 73 20 74 68 65 20 66 6F 72 74 68 20 70 61 72 61 67 72 61 70 68 20 5C 6E 20 54 68 69 73 20 69 73 20 74 68 65 20 66 69 66 74 68 20 70 61 72 61 67 72 61 70 68 20 5C 6E 20 54 68 69 73 20 69 73 20 74 68 65 20 73 69 78 74 68 20 70 61 72 61 67 72 61 70 68 20 5C 6E 20 54 68 69 73 20 74 68 65 20 73 65 76 65 6E 74 68 20 70 61 72 61 67 72 61 70 68 20 5C 6E 5C 20 54 68 69 73 20 69 73 20 74 68 65 20 65 69 67 68 74 20 70 61 72 61 67 72 61 70 68 20 5C 6E 20 54 68 69 73 20 69 73 20 74 68 65 20 6E 69 6E 65 74 68 20 70 61 72 61 67 72 61 70 68 20 5C 6E 20 54 68 69 73 20 69 73 20 74 68 65 20 74 65 6E 74 68 20 70 61 72 61 67 72 61 70 68 2E 20 5C 6E 20 31 20 32 20 33 20 34 20 35 20 36 20 37 20 38 20 39 20 30 20 5C 6E 20 31 20 32 20 33 20 34 20 35 20 36 20 37 20 38 20 39 20 30 20 5C 6E 20 31 20 32 20 33 20 34 20 35 20 36 20 37 20 38 20 39 20 30 20 5C 6E 20 31 20 32 20 33 20 34 20 35 20 36 20 37 20 38 20 39 20 30 20 5C 6E 20 31 20 32 20 33 20 34 20 35 20 36 20 37 20 38 20 39 20 30 20 5C 6E 20 31 20 32 20 33 20 34 20 35 20 36 20 37 20 38 20 39 20 30 20 5C 6E 20 20 5C 6E 20 41 64 64 20 6D 6F 72 65 20 70 61 72 61 67 72 61 70 68 73 20 62 65 6C 6F 77 2E 20 5C 6E 20 00 B4 15 
11/16/2016 17:06:23.461 [RX] - 56 69 56 4F 74 65 63 68 32 00 83 00 00 04 00 14 53 70 B0 A8  resultName = Positive Response
 resultName = common 83-xx resp 
 resultName = Display Control OK
 Control ID = 00 14 53 70
 resultName = common 83-28 resp sts=00
 

--- Display paragraph full screen font 8

11/16/2016 17:06:25.536 [TX] - 56 69 56 4F 74 65 63 68 32 00 83 28 02 27 30 33 30 00 30 33 30 00 00 00 31 00 30 38 00 33 00 54 68 69 73 20 70 61 72 61 67 72 61 70 68 20 69 73 20 75 73 65 64 20 74 6F 20 74 65 73 74 20 74 68 65 20 6E 65 77 20 64 69 73 70 6C 61 79 20 66 65 61 74 75 72 65 20 22 64 69 73 70 6C 61 79 20 70 61 72 61 67 72 61 70 68 22 2E 20 5C 6E 20 54 68 69 73 20 69 73 20 74 68 65 20 73 65 63 6F 6E 64 20 70 61 72 61 67 72 61 70 68 20 5C 6E 20 54 68 69 73 20 69 73 20 74 68 65 20 74 68 69 72 64 20 70 61 72 61 67 72 61 70 68 20 5C 6E 20 54 68 69 73 20 69 73 20 74 68 65 20 66 6F 72 74 68 20 70 61 72 61 67 72 61 70 68 20 5C 6E 20 54 68 69 73 20 69 73 20 74 68 65 20 66 69 66 74 68 20 70 61 72 61 67 72 61 70 68 20 5C 6E 20 54 68 69 73 20 69 73 20 74 68 65 20 73 69 78 74 68 20 70 61 72 61 67 72 61 70 68 20 5C 6E 20 54 68 69 73 20 74 68 65 20 73 65 76 65 6E 74 68 20 70 61 72 61 67 72 61 70 68 20 5C 6E 5C 20 54 68 69 73 20 69 73 20 74 68 65 20 65 69 67 68 74 20 70 61 72 61 67 72 61 70 68 20 5C 6E 20 54 68 69 73 20 69 73 20 74 68 65 20 6E 69 6E 65 74 68 20 70 61 72 61 67 72 61 70 68 20 5C 6E 20 54 68 69 73 20 69 73 20 74 68 65 20 74 65 6E 74 68 20 70 61 72 61 67 72 61 70 68 2E 20 5C 6E 20 31 20 32 20 33 20 34 20 35 20 36 20 37 20 38 20 39 20 30 20 5C 6E 20 31 20 32 20 33 20 34 20 35 20 36 20 37 20 38 20 39 20 30 20 5C 6E 20 31 20 32 20 33 20 34 20 35 20 36 20 37 20 38 20 39 20 30 20 5C 6E 20 31 20 32 20 33 20 34 20 35 20 36 20 37 20 38 20 39 20 30 20 5C 6E 20 31 20 32 20 33 20 34 20 35 20 36 20 37 20 38 20 39 20 30 20 5C 6E 20 31 20 32 20 33 20 34 20 35 20 36 20 37 20 38 20 39 20 30 20 5C 6E 20 20 5C 6E 20 41 64 64 20 6D 6F 72 65 20 70 61 72 61 67 72 61 70 68 73 20 62 65 6C 6F 77 2E 20 5C 6E 20 00 50 6E 
11/16/2016 17:06:26.555 [RX] - 56 69 56 4F 74 65 63 68 32 00 83 00 00 04 00 14 53 F0 21 20  resultName = Positive Response
 resultName = common 83-xx resp 
 resultName = Display Control OK
 Control ID = 00 14 53 F0
 resultName = common 83-28 resp sts=00
 

--- Display paragraph full screen font 9

11/16/2016 17:06:28.645 [TX] - 56 69 56 4F 74 65 63 68 32 00 83 28 02 27 30 33 30 00 30 33 30 00 00 00 31 00 30 39 00 33 00 54 68 69 73 20 70 61 72 61 67 72 61 70 68 20 69 73 20 75 73 65 64 20 74 6F 20 74 65 73 74 20 74 68 65 20 6E 65 77 20 64 69 73 70 6C 61 79 20 66 65 61 74 75 72 65 20 22 64 69 73 70 6C 61 79 20 70 61 72 61 67 72 61 70 68 22 2E 20 5C 6E 20 54 68 69 73 20 69 73 20 74 68 65 20 73 65 63 6F 6E 64 20 70 61 72 61 67 72 61 70 68 20 5C 6E 20 54 68 69 73 20 69 73 20 74 68 65 20 74 68 69 72 64 20 70 61 72 61 67 72 61 70 68 20 5C 6E 20 54 68 69 73 20 69 73 20 74 68 65 20 66 6F 72 74 68 20 70 61 72 61 67 72 61 70 68 20 5C 6E 20 54 68 69 73 20 69 73 20 74 68 65 20 66 69 66 74 68 20 70 61 72 61 67 72 61 70 68 20 5C 6E 20 54 68 69 73 20 69 73 20 74 68 65 20 73 69 78 74 68 20 70 61 72 61 67 72 61 70 68 20 5C 6E 20 54 68 69 73 20 74 68 65 20 73 65 76 65 6E 74 68 20 70 61 72 61 67 72 61 70 68 20 5C 6E 5C 20 54 68 69 73 20 69 73 20 74 68 65 20 65 69 67 68 74 20 70 61 72 61 67 72 61 70 68 20 5C 6E 20 54 68 69 73 20 69 73 20 74 68 65 20 6E 69 6E 65 74 68 20 70 61 72 61 67 72 61 70 68 20 5C 6E 20 54 68 69 73 20 69 73 20 74 68 65 20 74 65 6E 74 68 20 70 61 72 61 67 72 61 70 68 2E 20 5C 6E 20 31 20 32 20 33 20 34 20 35 20 36 20 37 20 38 20 39 20 30 20 5C 6E 20 31 20 32 20 33 20 34 20 35 20 36 20 37 20 38 20 39 20 30 20 5C 6E 20 31 20 32 20 33 20 34 20 35 20 36 20 37 20 38 20 39 20 30 20 5C 6E 20 31 20 32 20 33 20 34 20 35 20 36 20 37 20 38 20 39 20 30 20 5C 6E 20 31 20 32 20 33 20 34 20 35 20 36 20 37 20 38 20 39 20 30 20 5C 6E 20 31 20 32 20 33 20 34 20 35 20 36 20 37 20 38 20 39 20 30 20 5C 6E 20 20 5C 6E 20 41 64 64 20 6D 6F 72 65 20 70 61 72 61 67 72 61 70 68 73 20 62 65 6C 6F 77 2E 20 5C 6E 20 00 05 F6 
11/16/2016 17:06:29.465 [RX] - 56 69 56 4F 74 65 63 68 32 00 83 00 00 04 00 14 53 70 B0 A8  resultName = Positive Response
 resultName = common 83-xx resp 
 resultName = Display Control OK
 Control ID = 00 14 53 70
 resultName = common 83-28 resp sts=00
 

--- Display paragraph full screen font 10

11/16/2016 17:06:31.547 [TX] - 56 69 56 4F 74 65 63 68 32 00 83 28 02 27 30 33 30 00 30 33 30 00 00 00 31 00 31 30 00 33 00 54 68 69 73 20 70 61 72 61 67 72 61 70 68 20 69 73 20 75 73 65 64 20 74 6F 20 74 65 73 74 20 74 68 65 20 6E 65 77 20 64 69 73 70 6C 61 79 20 66 65 61 74 75 72 65 20 22 64 69 73 70 6C 61 79 20 70 61 72 61 67 72 61 70 68 22 2E 20 5C 6E 20 54 68 69 73 20 69 73 20 74 68 65 20 73 65 63 6F 6E 64 20 70 61 72 61 67 72 61 70 68 20 5C 6E 20 54 68 69 73 20 69 73 20 74 68 65 20 74 68 69 72 64 20 70 61 72 61 67 72 61 70 68 20 5C 6E 20 54 68 69 73 20 69 73 20 74 68 65 20 66 6F 72 74 68 20 70 61 72 61 67 72 61 70 68 20 5C 6E 20 54 68 69 73 20 69 73 20 74 68 65 20 66 69 66 74 68 20 70 61 72 61 67 72 61 70 68 20 5C 6E 20 54 68 69 73 20 69 73 20 74 68 65 20 73 69 78 74 68 20 70 61 72 61 67 72 61 70 68 20 5C 6E 20 54 68 69 73 20 74 68 65 20 73 65 76 65 6E 74 68 20 70 61 72 61 67 72 61 70 68 20 5C 6E 5C 20 54 68 69 73 20 69 73 20 74 68 65 20 65 69 67 68 74 20 70 61 72 61 67 72 61 70 68 20 5C 6E 20 54 68 69 73 20 69 73 20 74 68 65 20 6E 69 6E 65 74 68 20 70 61 72 61 67 72 61 70 68 20 5C 6E 20 54 68 69 73 20 69 73 20 74 68 65 20 74 65 6E 74 68 20 70 61 72 61 67 72 61 70 68 2E 20 5C 6E 20 31 20 32 20 33 20 34 20 35 20 36 20 37 20 38 20 39 20 30 20 5C 6E 20 31 20 32 20 33 20 34 20 35 20 36 20 37 20 38 20 39 20 30 20 5C 6E 20 31 20 32 20 33 20 34 20 35 20 36 20 37 20 38 20 39 20 30 20 5C 6E 20 31 20 32 20 33 20 34 20 35 20 36 20 37 20 38 20 39 20 30 20 5C 6E 20 31 20 32 20 33 20 34 20 35 20 36 20 37 20 38 20 39 20 30 20 5C 6E 20 31 20 32 20 33 20 34 20 35 20 36 20 37 20 38 20 39 20 30 20 5C 6E 20 20 5C 6E 20 41 64 64 20 6D 6F 72 65 20 70 61 72 61 67 72 61 70 68 73 20 62 65 6C 6F 77 2E 20 5C 6E 20 00 CD BB 
11/16/2016 17:06:32.587 [RX] - 56 69 56 4F 74 65 63 68 32 00 83 00 00 04 00 14 53 F0 21 20  resultName = Positive Response
 resultName = common 83-xx resp 
 resultName = Display Control OK
 Control ID = 00 14 53 F0
 resultName = common 83-28 resp sts=00
 

--- Display paragraph full screen font 11

11/16/2016 17:06:34.678 [TX] - 56 69 56 4F 74 65 63 68 32 00 83 28 02 27 30 33 30 00 30 33 30 00 00 00 31 00 31 31 00 33 00 54 68 69 73 20 70 61 72 61 67 72 61 70 68 20 69 73 20 75 73 65 64 20 74 6F 20 74 65 73 74 20 74 68 65 20 6E 65 77 20 64 69 73 70 6C 61 79 20 66 65 61 74 75 72 65 20 22 64 69 73 70 6C 61 79 20 70 61 72 61 67 72 61 70 68 22 2E 20 5C 6E 20 54 68 69 73 20 69 73 20 74 68 65 20 73 65 63 6F 6E 64 20 70 61 72 61 67 72 61 70 68 20 5C 6E 20 54 68 69 73 20 69 73 20 74 68 65 20 74 68 69 72 64 20 70 61 72 61 67 72 61 70 68 20 5C 6E 20 54 68 69 73 20 69 73 20 74 68 65 20 66 6F 72 74 68 20 70 61 72 61 67 72 61 70 68 20 5C 6E 20 54 68 69 73 20 69 73 20 74 68 65 20 66 69 66 74 68 20 70 61 72 61 67 72 61 70 68 20 5C 6E 20 54 68 69 73 20 69 73 20 74 68 65 20 73 69 78 74 68 20 70 61 72 61 67 72 61 70 68 20 5C 6E 20 54 68 69 73 20 74 68 65 20 73 65 76 65 6E 74 68 20 70 61 72 61 67 72 61 70 68 20 5C 6E 5C 20 54 68 69 73 20 69 73 20 74 68 65 20 65 69 67 68 74 20 70 61 72 61 67 72 61 70 68 20 5C 6E 20 54 68 69 73 20 69 73 20 74 68 65 20 6E 69 6E 65 74 68 20 70 61 72 61 67 72 61 70 68 20 5C 6E 20 54 68 69 73 20 69 73 20 74 68 65 20 74 65 6E 74 68 20 70 61 72 61 67 72 61 70 68 2E 20 5C 6E 20 31 20 32 20 33 20 34 20 35 20 36 20 37 20 38 20 39 20 30 20 5C 6E 20 31 20 32 20 33 20 34 20 35 20 36 20 37 20 38 20 39 20 30 20 5C 6E 20 31 20 32 20 33 20 34 20 35 20 36 20 37 20 38 20 39 20 30 20 5C 6E 20 31 20 32 20 33 20 34 20 35 20 36 20 37 20 38 20 39 20 30 20 5C 6E 20 31 20 32 20 33 20 34 20 35 20 36 20 37 20 38 20 39 20 30 20 5C 6E 20 31 20 32 20 33 20 34 20 35 20 36 20 37 20 38 20 39 20 30 20 5C 6E 20 20 5C 6E 20 41 64 64 20 6D 6F 72 65 20 70 61 72 61 67 72 61 70 68 73 20 62 65 6C 6F 77 2E 20 5C 6E 20 00 98 23 
11/16/2016 17:06:35.546 [RX] - 56 69 56 4F 74 65 63 68 32 00 83 00 00 04 00 14 53 70 B0 A8  resultName = Positive Response
 resultName = common 83-xx resp 
 resultName = Display Control OK
 Control ID = 00 14 53 70
 resultName = common 83-28 resp sts=00
 

--- Display paragraph full screen font 12

11/16/2016 17:06:37.630 [TX] - 56 69 56 4F 74 65 63 68 32 00 83 28 02 27 30 33 30 00 30 33 30 00 00 00 31 00 31 32 00 33 00 54 68 69 73 20 70 61 72 61 67 72 61 70 68 20 69 73 20 75 73 65 64 20 74 6F 20 74 65 73 74 20 74 68 65 20 6E 65 77 20 64 69 73 70 6C 61 79 20 66 65 61 74 75 72 65 20 22 64 69 73 70 6C 61 79 20 70 61 72 61 67 72 61 70 68 22 2E 20 5C 6E 20 54 68 69 73 20 69 73 20 74 68 65 20 73 65 63 6F 6E 64 20 70 61 72 61 67 72 61 70 68 20 5C 6E 20 54 68 69 73 20 69 73 20 74 68 65 20 74 68 69 72 64 20 70 61 72 61 67 72 61 70 68 20 5C 6E 20 54 68 69 73 20 69 73 20 74 68 65 20 66 6F 72 74 68 20 70 61 72 61 67 72 61 70 68 20 5C 6E 20 54 68 69 73 20 69 73 20 74 68 65 20 66 69 66 74 68 20 70 61 72 61 67 72 61 70 68 20 5C 6E 20 54 68 69 73 20 69 73 20 74 68 65 20 73 69 78 74 68 20 70 61 72 61 67 72 61 70 68 20 5C 6E 20 54 68 69 73 20 74 68 65 20 73 65 76 65 6E 74 68 20 70 61 72 61 67 72 61 70 68 20 5C 6E 5C 20 54 68 69 73 20 69 73 20 74 68 65 20 65 69 67 68 74 20 70 61 72 61 67 72 61 70 68 20 5C 6E 20 54 68 69 73 20 69 73 20 74 68 65 20 6E 69 6E 65 74 68 20 70 61 72 61 67 72 61 70 68 20 5C 6E 20 54 68 69 73 20 69 73 20 74 68 65 20 74 65 6E 74 68 20 70 61 72 61 67 72 61 70 68 2E 20 5C 6E 20 31 20 32 20 33 20 34 20 35 20 36 20 37 20 38 20 39 20 30 20 5C 6E 20 31 20 32 20 33 20 34 20 35 20 36 20 37 20 38 20 39 20 30 20 5C 6E 20 31 20 32 20 33 20 34 20 35 20 36 20 37 20 38 20 39 20 30 20 5C 6E 20 31 20 32 20 33 20 34 20 35 20 36 20 37 20 38 20 39 20 30 20 5C 6E 20 31 20 32 20 33 20 34 20 35 20 36 20 37 20 38 20 39 20 30 20 5C 6E 20 31 20 32 20 33 20 34 20 35 20 36 20 37 20 38 20 39 20 30 20 5C 6E 20 20 5C 6E 20 41 64 64 20 6D 6F 72 65 20 70 61 72 61 67 72 61 70 68 73 20 62 65 6C 6F 77 2E 20 5C 6E 20 00 46 9B 
11/16/2016 17:06:38.580 [RX] - 56 69 56 4F 74 65 63 68 32 00 83 00 00 04 00 14 53 F0 21 20  resultName = Positive Response
 resultName = common 83-xx resp 
 resultName = Display Control OK
 Control ID = 00 14 53 F0
 resultName = common 83-28 resp sts=00
 

--- Display paragraph full screen font 13

11/16/2016 17:06:40.666 [TX] - 56 69 56 4F 74 65 63 68 32 00 83 28 02 27 30 33 30 00 30 33 30 00 00 00 31 00 31 33 00 33 00 54 68 69 73 20 70 61 72 61 67 72 61 70 68 20 69 73 20 75 73 65 64 20 74 6F 20 74 65 73 74 20 74 68 65 20 6E 65 77 20 64 69 73 70 6C 61 79 20 66 65 61 74 75 72 65 20 22 64 69 73 70 6C 61 79 20 70 61 72 61 67 72 61 70 68 22 2E 20 5C 6E 20 54 68 69 73 20 69 73 20 74 68 65 20 73 65 63 6F 6E 64 20 70 61 72 61 67 72 61 70 68 20 5C 6E 20 54 68 69 73 20 69 73 20 74 68 65 20 74 68 69 72 64 20 70 61 72 61 67 72 61 70 68 20 5C 6E 20 54 68 69 73 20 69 73 20 74 68 65 20 66 6F 72 74 68 20 70 61 72 61 67 72 61 70 68 20 5C 6E 20 54 68 69 73 20 69 73 20 74 68 65 20 66 69 66 74 68 20 70 61 72 61 67 72 61 70 68 20 5C 6E 20 54 68 69 73 20 69 73 20 74 68 65 20 73 69 78 74 68 20 70 61 72 61 67 72 61 70 68 20 5C 6E 20 54 68 69 73 20 74 68 65 20 73 65 76 65 6E 74 68 20 70 61 72 61 67 72 61 70 68 20 5C 6E 5C 20 54 68 69 73 20 69 73 20 74 68 65 20 65 69 67 68 74 20 70 61 72 61 67 72 61 70 68 20 5C 6E 20 54 68 69 73 20 69 73 20 74 68 65 20 6E 69 6E 65 74 68 20 70 61 72 61 67 72 61 70 68 20 5C 6E 20 54 68 69 73 20 69 73 20 74 68 65 20 74 65 6E 74 68 20 70 61 72 61 67 72 61 70 68 2E 20 5C 6E 20 31 20 32 20 33 20 34 20 35 20 36 20 37 20 38 20 39 20 30 20 5C 6E 20 31 20 32 20 33 20 34 20 35 20 36 20 37 20 38 20 39 20 30 20 5C 6E 20 31 20 32 20 33 20 34 20 35 20 36 20 37 20 38 20 39 20 30 20 5C 6E 20 31 20 32 20 33 20 34 20 35 20 36 20 37 20 38 20 39 20 30 20 5C 6E 20 31 20 32 20 33 20 34 20 35 20 36 20 37 20 38 20 39 20 30 20 5C 6E 20 31 20 32 20 33 20 34 20 35 20 36 20 37 20 38 20 39 20 30 20 5C 6E 20 20 5C 6E 20 41 64 64 20 6D 6F 72 65 20 70 61 72 61 67 72 61 70 68 73 20 62 65 6C 6F 77 2E 20 5C 6E 20 00 13 03 
11/16/2016 17:06:41.476 [RX] - 56 69 56 4F 74 65 63 68 32 00 83 00 00 04 00 14 53 70 B0 A8  resultName = Positive Response
 resultName = common 83-xx resp 
 resultName = Display Control OK
 Control ID = 00 14 53 70
 resultName = common 83-28 resp sts=00
 

 Result = PASSED
 ---------- END OF TEST ----------

 Result = PASSED
 

 MASTER RESULT = PASSED


Docklight Log File (HEX) - Stopped 11/16/2016 17:07:03.247 

