Docklight Log File (HEX) - Started 2015/6/10 09:51:16.702 
 TEST CASE: SAT002-2

 --- Set POS COM PORT Settings
 Set POS COM PORT...
 POS operating on COM1 @ 9600 baud...
 Set POS COM PORT - COMPLETE

 Loading DUKPT key...

2015/6/10 09:51:18.183 [TX] - 56 69 56 4F 74 65 63 68 32 00 83 00 00 00 03 22 
2015/6/10 09:51:18.235 [RX] - 56 69 56 4F 74 65 63 68 32 00 83 00 00 00 22 03 
2015/6/10 09:51:18.761 [TX] - 56 69 56 4F 74 65 63 68 32 00 80 00 00 65 30 43 46 35 35 34 43 32 46 30 45 45 41 41 30 30 38 38 4B 30 54 44 30 30 4E 30 30 30 30 30 30 38 30 32 41 38 34 46 44 44 36 33 39 31 35 44 43 41 45 42 46 38 37 37 35 34 33 32 32 44 32 36 37 42 41 33 34 34 31 38 33 41 42 39 41 32 35 36 37 39 30 32 33 34 39 38 37 31 32 30 32 33 34 30 30 30 30 30 30 30 30 C2 98 
2015/6/10 09:51:18.928 [RX] - 56 69 56 4F 74 65 63 68 32 00 80 00 00 00 B9 DF 
2015/6/10 09:51:19.451 [TX] - 56 69 56 4F 74 65 63 68 32 00 80 00 00 65 31 35 43 44 42 38 31 32 46 30 45 45 41 41 30 30 38 38 4B 30 54 44 30 30 4E 30 30 30 30 30 30 38 30 39 32 36 39 41 34 33 36 39 42 36 43 37 45 33 42 35 36 37 32 39 38 33 41 36 36 32 46 36 31 30 33 32 35 37 32 39 32 33 36 33 37 38 33 30 33 33 36 32 33 41 39 39 37 31 32 36 32 33 34 30 30 30 30 30 30 30 30 AA E9 
2015/6/10 09:51:19.612 [RX] - 56 69 56 4F 74 65 63 68 32 00 80 00 00 00 B9 DF 
2015/6/10 09:51:20.140 [TX] - 56 69 56 4F 74 65 63 68 32 00 80 01 00 58 41 30 30 38 38 4B 30 54 44 30 30 4E 30 30 30 30 42 39 34 38 46 37 42 33 34 43 41 44 37 32 36 42 41 37 37 43 39 43 34 41 38 30 37 37 39 42 42 38 36 42 42 43 33 37 34 30 31 31 42 42 45 33 39 45 30 36 46 34 46 36 41 37 44 44 36 46 37 32 30 45 37 31 33 44 45 39 34 41 A0 6B 
2015/6/10 09:51:20.270 [RX] - 56 69 56 4F 74 65 63 68 32 00 80 00 00 00 B9 DF 
2015/6/10 09:51:20.805 [TX] - 56 69 56 4F 74 65 63 68 32 00 81 00 00 71 05 41 30 31 31 32 44 30 54 45 30 30 4E 30 31 30 30 4B 53 31 38 46 46 46 46 39 38 37 36 35 34 33 32 31 30 45 30 30 30 30 30 37 43 45 37 34 45 39 30 30 35 33 43 41 38 45 45 42 43 33 37 42 35 37 30 36 38 31 45 35 42 32 37 36 31 34 38 43 33 45 37 34 34 41 42 43 44 36 44 34 43 35 33 36 43 37 46 34 46 36 37 44 37 46 32 32 44 33 39 34 45 44 42 A8 31 
2015/6/10 09:51:20.992 [RX] - 56 69 56 4F 74 65 63 68 32 00 81 00 00 00 CF 6B 
2015/6/10 09:51:21.521 [TX] - 56 69 56 4F 74 65 63 68 32 00 81 09 00 01 05 40 D3 
2015/6/10 09:51:21.569 [RX] - 56 69 56 4F 74 65 63 68 32 00 81 00 00 00 CF 6B  
OK!
 

 Loading Master key...

2015/6/10 09:51:22.119 [TX] - 56 69 56 4F 74 65 63 68 32 00 80 03 00 59 05 41 30 30 38 38 4B 30 54 44 30 30 4E 30 30 30 30 38 45 33 43 43 38 36 45 38 39 33 35 37 34 43 30 44 31 38 36 30 44 34 36 43 39 39 35 35 45 43 33 31 37 43 30 33 32 30 46 35 32 42 38 30 46 37 35 38 35 46 32 37 45 37 31 46 36 41 36 33 44 42 39 43 45 44 46 31 37 30 32 A3 22 
2015/6/10 09:51:22.272 [RX] - 56 69 56 4F 74 65 63 68 32 00 80 00 00 00 B9 DF 
2015/6/10 09:51:22.800 [TX] - 56 69 56 4F 74 65 63 68 32 00 80 09 00 01 05 11 79 
2015/6/10 09:51:22.849 [RX] - 56 69 56 4F 74 65 63 68 32 00 80 00 00 00 B9 DF  
OK!
 

 --- GR Backward Compatibility: OFF

2015/6/10 09:51:23.401 [TX] - 56 69 56 4F 74 65 63 68 32 00 04 00 00 04 DF 59 01 00 6A BF 
2015/6/10 09:51:23.693 [RX] - 56 69 56 4F 74 65 63 68 32 00 04 00 00 00 AE 16  

 --- Specific Feature Switch: 02 00 00

2015/6/10 09:51:24.236 [TX] - 56 69 56 4F 74 65 63 68 32 00 04 00 00 06 FF F0 03 02 00 00 24 97 
2015/6/10 09:51:24.531 [RX] - 56 69 56 4F 74 65 63 68 32 00 04 00 00 00 AE 16  

 --- TTQ: 80 00 40 00

2015/6/10 09:51:25.097 [TX] - 56 69 56 4F 74 65 63 68 32 00 04 00 00 07 9F 66 04 80 00 40 00 9A 3A 
2015/6/10 09:51:25.606 [RX] - 56 69 56 4F 74 65 63 68 32 00 04 00 00 00 AE 16  

 --- Poll on Demand

2015/6/10 09:51:26.179 [TX] - 56 69 56 4F 74 65 63 68 32 00 01 01 00 01 01 D7 34 
2015/6/10 09:51:26.218 [RX] - 56 69 56 4F 74 65 63 68 32 00 01 02 00 00 7C 33  

 --- Clear Event Queue

2015/6/10 09:51:32.439 [TX] - 56 69 56 4F 74 65 63 68 32 00 83 0C 00 00 62 57 
2015/6/10 09:51:32.493 [RX] - 56 69 56 4F 74 65 63 68 32 00 83 00 00 00 22 03  

 >>> 02-0A DUKPT/ any card/ event mode

2015/6/10 09:51:32.537 [TX] - 56 69 56 4F 74 65 63 68 32 00 02 0A 00 27 00 0A 47 00 00 01 9F 02 06 00 00 00 00 00 01 5F 2A 02 08 40 9A 03 12 01 02 9F 1A 02 08 40 9C 01 00 9F 21 03 11 22 33 B0 40 
2015/6/10 09:51:32.659 [RX] - 56 69 56 4F 74 65 63 68 32 00 02 00 00 00 89 8F  

 --- Get Input Event

2015/6/10 09:51:42.721 [TX] - 56 69 56 4F 74 65 63 68 32 00 83 06 00 01 00 88 13 
2015/6/10 09:51:42.773 [RX] - 56 69 56 4F 74 65 63 68 32 00 83 00 00 11 00 03 00 06 00 00 00 00 00 00 00 00 00 00 00 00 23 00 6E  

 --- Get Transaction Result

2015/6/10 09:51:42.858 [TX] - 56 69 56 4F 74 65 63 68 32 00 03 00 00 00 3B FF 
2015/6/10 09:51:42.893 [RX] - 56 69 56 4F 74 65 63 68 32 00 03 23 01 5B 00 91 03 2D 25 00 06 00 42 34 37 36 31 37 33 39 30 30 31 30 31 30 30 31 30 5E 20 2F 5E 32 30 31 32 31 32 30 30 30 31 32 33 31 30 30 33 39 39 30 33 30 30 30 30 34 37 36 31 37 33 39 30 30 31 30 31 30 30 31 30 3D 32 30 31 32 31 32 30 30 30 31 32 33 33 39 39 30 30 30 33 31 50 0C 56 49 53 41 20 54 45 53 54 20 30 31 57 13 47 61 73 90 01 01 00 10 D2 01 21 20 00 12 33 99 00 03 1F 5A 08 47 61 73 90 01 01 00 10 82 02 20 00 84 07 A0 00 00 00 03 10 10 95 05 00 00 00 00 00 9A 03 12 01 02 9B 02 00 00 9C 01 00 5F 24 03 20 12 31 5F 2A 02 08 40 5F 2D 04 65 73 65 6E 5F 34 01 01 9F 02 06 00 00 00 00 00 01 9F 03 06 00 00 00 00 00 00 9F 06 07 A0 00 00 00 03 10 10 9F 10 07 06 01 11 03 90 00 00 9F 11 01 01 9F 12 0C 50 72 65 66 20 4E 61 6D 65 20 30 31 9F 1A 02 08 40 9F 21 03 11 22 33 9F 26 08 AA BB CC DD EE FF 11 22 9F 27 01 40 9F 33 03 00 08 E8 9F 36 02 00 03 9F 37 04 34 D8 4D 78 9F 39 01 91 9F 45 02 00 00 9F 4C 08 00 00 00 00 00 00 00 00 9F 53 01 00 9F 5D 06 00 00 00 01 00 00 9F 66 04 80 00 40 00 9F 6C 02 20 00 FF EE 01 08 DF 30 01 00 DF 5B 01 08 E8 78  

 --- Clear Event Queue

2015/6/10 09:51:48.267 [TX] - 56 69 56 4F 74 65 63 68 32 00 83 0C 00 00 62 57 
2015/6/10 09:51:48.305 [RX] - 56 69 56 4F 74 65 63 68 32 00 83 00 00 00 22 03  

 >>> 02-0A MS key/ any card/ event mode

2015/6/10 09:51:48.364 [TX] - 56 69 56 4F 74 65 63 68 32 00 02 0A 00 27 00 0A 07 00 00 01 9F 02 06 00 00 00 00 00 01 5F 2A 02 08 40 9A 03 12 01 02 9F 1A 02 08 40 9C 01 00 9F 21 03 11 22 33 8E B5 
2015/6/10 09:51:48.474 [RX] - 56 69 56 4F 74 65 63 68 32 00 02 00 00 00 89 8F  

 --- Get Input Event

2015/6/10 09:51:58.615 [TX] - 56 69 56 4F 74 65 63 68 32 00 83 06 00 01 00 88 13 
2015/6/10 09:51:58.655 [RX] - 56 69 56 4F 74 65 63 68 32 00 83 00 00 11 00 03 00 06 00 00 00 00 00 00 00 00 00 00 00 00 23 00 6E  

 --- Get Transaction Result

2015/6/10 09:51:58.829 [TX] - 56 69 56 4F 74 65 63 68 32 00 03 00 00 00 3B FF 
2015/6/10 09:51:58.863 [RX] - 56 69 56 4F 74 65 63 68 32 00 03 23 01 5B 00 91 03 2D 25 00 06 00 42 34 37 36 31 37 33 39 30 30 31 30 31 30 30 31 30 5E 20 2F 5E 32 30 31 32 31 32 30 30 30 31 32 33 31 30 30 33 39 39 30 33 30 30 30 30 34 37 36 31 37 33 39 30 30 31 30 31 30 30 31 30 3D 32 30 31 32 31 32 30 30 30 31 32 33 33 39 39 30 30 30 33 31 50 0C 56 49 53 41 20 54 45 53 54 20 30 31 57 13 47 61 73 90 01 01 00 10 D2 01 21 20 00 12 33 99 00 03 1F 5A 08 47 61 73 90 01 01 00 10 82 02 20 00 84 07 A0 00 00 00 03 10 10 95 05 00 00 00 00 00 9A 03 12 01 02 9B 02 00 00 9C 01 00 5F 24 03 20 12 31 5F 2A 02 08 40 5F 2D 04 65 73 65 6E 5F 34 01 01 9F 02 06 00 00 00 00 00 01 9F 03 06 00 00 00 00 00 00 9F 06 07 A0 00 00 00 03 10 10 9F 10 07 06 01 11 03 90 00 00 9F 11 01 01 9F 12 0C 50 72 65 66 20 4E 61 6D 65 20 30 31 9F 1A 02 08 40 9F 21 03 11 22 33 9F 26 08 AA BB CC DD EE FF 11 22 9F 27 01 40 9F 33 03 00 08 E8 9F 36 02 00 03 9F 37 04 F5 91 A7 DD 9F 39 01 91 9F 45 02 00 00 9F 4C 08 00 00 00 00 00 00 00 00 9F 53 01 00 9F 5D 06 00 00 00 01 00 00 9F 66 04 80 00 40 00 9F 6C 02 20 00 FF EE 01 08 DF 30 01 00 DF 5B 01 08 3B BE  

 Result = PASSED
 ---------- END OF TEST ----------

 Result = PASSED
 

 MASTER RESULT = PASSED


Docklight Log File (HEX) - Stopped 2015/6/10 09:52:01.794 

