Docklight Log File (HEX) - Started 2014/10/27 14:35:50.278 
 TEST CASE: AC039

 --- Set POS COM PORT Settings
 Set POS COM PORT...
 POS operating on COM1 @ 19200 baud...
 Set POS COM PORT - COMPLETE

 --- Auto Poll

2014/10/27 14:35:51.671 [TX] - 56 69 56 4F 74 65 63 68 32 00 01 01 00 01 00 F6 24 
2014/10/27 14:35:51.789 [RX] - 56 69 56 4F 74 65 63 68 32 00 01 00 00 00 12 53  

 --- Burst Mode 02 Auto

2014/10/27 14:35:51.821 [TX] - 56 69 56 4F 74 65 63 68 32 00 04 00 00 04 FF F7 01 02 FB 0E 
2014/10/27 14:35:51.935 [RX] - 56 69 56 4F 74 65 63 68 32 00 04 00 00 00 AE 16  

 Burst mode data -> Payload Frame (On Successful Read)
01 00 01 25 42 35 32 35 36 38 33 32 30 33 30 30 30 30 30 30 30 5E 53 75 70 70 6C 69 65 64 2F 4E 6F 74 5E 31 32 31 32 35 30 32 35 36 30 31 30 30 39 39 33 31 30 33 31 31 31 31 31 31 31 31 31 31 31 32 3F 3B 35 32 35 36 38 33 32 30 33 30 30 30 30 30 30 30 3D 31 32 31 32 35 30 32 31 37 33 31 30 30 39 39 33 31 30 33 32 3F 8D A4  

 --- Activate Transaction

2014/10/27 14:35:55.414 [TX] - 56 69 56 4F 74 65 63 68 32 00 02 01 00 15 0A 9F 02 06 00 00 00 00 10 00 9A 03 07 11 21 9F 21 03 10 15 20 30 12 
2014/10/27 14:35:56.951 [RX] - 56 69 56 4F 74 65 63 68 32 00 02 23 00 F6 00 00 00 FF 81 05 81 83 50 0A 4D 61 73 74 65 72 43 61 72 64 84 07 A0 00 00 00 04 10 10 9F 1E 08 30 30 30 30 30 30 30 30 9F 6D 02 00 01 56 3E 42 35 32 35 36 38 33 32 30 33 30 30 30 30 30 30 30 5E 53 75 70 70 6C 69 65 64 2F 4E 6F 74 5E 31 32 31 32 35 30 32 36 32 39 31 30  

30 39 39 34 31 33 32 31 31 31 31 31 31 31 31 31 31 31 32 9F 6B 13 52 56 83 20 30 00 00 00 D1 21 25 02 70 11 00 99 41 32 2F 9F 36 02 03 E2 FF 69 00 DF 81 29 08 30 F0 F0 00 30 F0 FF 00 FF 81 06 31 DF 81 2A 18 30 30 30 31 30 30 30 30 30 31 30 30 31 31 31 31 31 31 31 31 31 31 31 32 DF 81 2B 07 00 01 00 00 01 00 0F DF 81 15 06 00 00 00 00 00 FF 9F 06 07 A0 00 00 00 04 10 10 9F 35 01 22 9F 39 01 91 FF EE 01 14 DF 30 01 00 DF 32 0D 30 30 30 31 30 30 30 30 30 31 30 30 00 FC D7  

 ---Poll on Demand

2014/10/27 14:36:03.139 [TX] - 56 69 56 4F 74 65 63 68 32 00 01 01 00 01 01 D7 34 
2014/10/27 14:36:03.247 [RX] - 56 69 56 4F 74 65 63 68 32 00 01 00 00 00 12 53  

 Result = PASSED
 ---------- END OF TEST ----------

 

 MASTER RESULT = PASSED


Docklight Log File (HEX) - Stopped 2014/10/27 14:36:04.403 

