Docklight Log File (HEX) - Started 2023/10/31 14:35:52.435 
 TEST CASE: ECT05-3

 --- Set POS COM PORT Settings
 Set POS COM PORT...
 POS operating on COM90 @ 9600 baud...
 Set POS COM PORT - COMPLETE

 Erase All Keys...

2023/10/31 14:35:53.755 [TX] - 56 69 56 4F 74 65 63 68 32 00 83 00 00 00 03 22 
2023/10/31 14:35:53.811 [RX] - 56 69 56 4F 74 65 63 68 32 00 83 00 00 00 22 03 00 00 00 00 00 00 00 00 00 00 00 00 00 00 00 00 00 00 00 00 00 00 00 00 00 00 00 00 00 00 00 00 00 00 00 00 00 00 00 00 00 00 00 00 00 00 00  

 Set DUKPT Key Encryption Type...

2023/10/31 14:35:54.333 [TX] - 56 69 56 4F 74 65 63 68 32 00 C7 32 00 01 00 6D FE 
2023/10/31 14:35:54.344 [RX] - 56 69 56 4F 74 65 63 68 32 00 C7 00 00 00 86 6E 00 00 00 00 00 00 00 00 00 00 00 00 00 00 00 00 00 00 00 00 00 00 00 00 00 00 00 00 00 00 00 00 00 00 00 00 00 00 00 00 00 00 00 00 00 00 00  

 Get DUKPT Key Encryption Type...

2023/10/31 14:35:54.863 [TX] - 56 69 56 4F 74 65 63 68 32 00 C7 33 00 00 1A 9B 
2023/10/31 14:35:54.871 [RX] - 56 69 56 4F 74 65 63 68 32 00 C7 00 00 01 00 AC 7F 00 00 00 00 00 00 00 00 00 00 00 00 00 00 00 00 00 00 00 00 00 00 00 00 00 00 00 00 00 00 00 00 00 00 00 00 00 00 00 00 00 00 00 00 00 00  
OK!
 

 Loading DUKPT key...

2023/10/31 14:35:55.396 [TX] - 56 69 56 4F 74 65 63 68 32 00 80 00 00 65 30 43 46 35 35 34 43 32 46 30 45 45 41 41 30 30 38 38 4B 30 54 44 30 30 4E 30 30 30 30 30 30 38 30 32 41 38 34 46 44 44 36 33 39 31 35 44 43 41 45 42 46 38 37 37 35 34 33 32 32 44 32 36 37 42 41 33 34 34 31 38 33 41 42 39 41 32 35 36 37 39 30 32 33 34 39 38 37 31 32 30 32 33 34 30 30 30 30 30 30 30 30 C2 98 
2023/10/31 14:35:55.407 [RX] - 56 69 56 4F 74 65 63 68 32 00 80 00 00 00 B9 DF 00 00 00 00 00 00 00 00 00 00 00 00 00 00 00 00 00 00 00 00 00 00 00 00 00 00 00 00 00 00 00 00 00 00 00 00 00 00 00 00 00 00 00 00 00 00 00 
2023/10/31 14:35:55.930 [TX] - 56 69 56 4F 74 65 63 68 32 00 80 00 00 65 31 35 43 44 42 38 31 32 46 30 45 45 41 41 30 30 38 38 4B 30 54 44 30 30 4E 30 30 30 30 30 30 38 30 39 32 36 39 41 34 33 36 39 42 36 43 37 45 33 42 35 36 37 32 39 38 33 41 36 36 32 46 36 31 30 33 32 35 37 32 39 32 33 36 33 37 38 33 30 33 33 36 32 33 41 39 39 37 31 32 36 32 33 34 30 30 30 30 30 30 30 30 AA E9 
2023/10/31 14:35:55.945 [RX] - 56 69 56 4F 74 65 63 68 32 00 80 00 00 00 B9 DF 00 00 00 00 00 00 00 00 00 00 00 00 00 00 00 00 00 00 00 00 00 00 00 00 00 00 00 00 00 00 00 00 00 00 00 00 00 00 00 00 00 00 00 00 00 00 00 
2023/10/31 14:35:56.458 [TX] - 56 69 56 4F 74 65 63 68 32 00 80 01 00 58 41 30 30 38 38 4B 30 54 44 30 30 4E 30 30 30 30 42 39 34 38 46 37 42 33 34 43 41 44 37 32 36 42 41 37 37 43 39 43 34 41 38 30 37 37 39 42 42 38 36 42 42 43 33 37 34 30 31 31 42 42 45 33 39 45 30 36 46 34 46 36 41 37 44 44 36 46 37 32 30 45 37 31 33 44 45 39 34 41 A0 6B 
2023/10/31 14:35:56.473 [RX] - 56 69 56 4F 74 65 63 68 32 00 80 00 00 00 B9 DF 00 00 00 00 00 00 00 00 00 00 00 00 00 00 00 00 00 00 00 00 00 00 00 00 00 00 00 00 00 00 00 00 00 00 00 00 00 00 00 00 00 00 00 00 00 00 00 
2023/10/31 14:35:56.984 [TX] - 56 69 56 4F 74 65 63 68 32 00 81 00 00 71 05 41 30 31 31 32 44 30 54 45 30 30 4E 30 31 30 30 4B 53 31 38 46 46 46 46 39 38 37 36 35 34 33 32 31 30 45 30 30 30 30 30 37 43 45 37 34 45 39 30 30 35 33 43 41 38 45 45 42 43 33 37 42 35 37 30 36 38 31 45 35 42 32 37 36 31 34 38 43 33 45 37 34 34 41 42 43 44 36 44 34 43 35 33 36 43 37 46 34 46 36 37 44 37 46 32 32 44 33 39 34 45 44 42 A8 31 
2023/10/31 14:35:57.007 [RX] - 56 69 56 4F 74 65 63 68 32 00 81 00 00 00 CF 6B 00 00 00 00 00 00 00 00 00 00 00 00 00 00 00 00 00 00 00 00 00 00 00 00 00 00 00 00 00 00 00 00 00 00 00 00 00 00 00 00 00 00 00 00 00 00 00  
OK!
 

 --- Data Encryption: Enable

2023/10/31 14:35:57.557 [TX] - 56 69 56 4F 74 65 63 68 32 00 C7 36 00 01 03 97 6C 
2023/10/31 14:35:57.570 [RX] - 56 69 56 4F 74 65 63 68 32 00 C7 00 00 00 86 6E 00 00 00 00 00 00 00 00 00 00 00 00 00 00 00 00 00 00 00 00 00 00 00 00 00 00 00 00 00 00 00 00 00 00 00 00 00 00 00 00 00 00 00 00 00 00 00  

 --- Poll on Demand

2023/10/31 14:35:57.596 [TX] - 56 69 56 4F 74 65 63 68 32 00 01 01 00 01 01 D7 34 
2023/10/31 14:35:57.603 [RX] - 56 69 56 4F 74 65 63 68 32 00 01 00 00 00 12 53 00 00 00 00 00 00 00 00 00 00 00 00 00 00 00 00 00 00 00 00 00 00 00 00 00 00 00 00 00 00 00 00 00 00 00 00 00 00 00 00 00 00 00 00 00 00 00  

 --- Burst mode Off

2023/10/31 14:35:58.137 [TX] - 56 69 56 4F 74 65 63 68 32 00 04 00 00 04 FF F7 01 00 B9 2E 
2023/10/31 14:35:58.143 [RX] - 56 69 56 4F 74 65 63 68 32 00 04 00 00 00 AE 16 00 00 00 00 00 00 00 00 00 00 00 00 00 00 00 00 00 00 00 00 00 00 00 00 00 00 00 00 00 00 00 00 00 00 00 00 00 00 00 00 00 00 00 00 00 00 00  

 --- 02-40 Activate Transaction

2023/10/31 14:36:13.946 [TX] - 56 69 56 4F 74 65 63 68 32 00 02 40 00 15 0A 9F 02 06 00 00 00 00 10 00 9A 03 07 11 21 9F 21 03 10 15 20 5E 34 
2023/10/31 14:36:16.775 [RX] - 56 69 56 4F 74 65 63 68 32 00 02 23 01 CD D1 FF EE 12 0A FF FF 98 76 54 32 10 E0 00 01 9A 03 07 11 21 9F 21 03 10 15 20 9F 37 04 B4 C5 47 91 9F 6A 04 00 00 02 70 9C 01 00 9F 39 01 91 FF EE 01 04 DF 30 01 00 9F 1E 08 32 33 34 35 36 37 38 39 DF 81 16 16 1E 04 00 00 00 00 00 00 00 00 00 00 00 00 00 00 00 00 00 00 00 00 DF 81 29 08 30 F0 F0 00 30 F0 FF 00 FF 81 06 44 DF 81 15 06 00 00 00 00 00 FF DF 81 2A C1 20 E7 39 47 09 B3 1B E9 46 04 D4 50 03 BD 39 5E 93 9C C2 BD CF 7E 8F 34 92 F0 87 59 B6 A0 57 34 B7 DF 81 2B C1 10 0B E6 32 DC E3 C5 69 43 E1 0A E9 AC 8D 2A EC 92 FF 81 05 81 DD 9F 02 06 00 00 00 00 10 00 9F 6D 02 00 01 50 0F 50 50 43 20 4D 43 44 20 30 31 20 20 76 32 30 84 07 A0 00 00 00 04 10 10 56 A1 3C 2A 35 34 31 33 2A 2A 2A 2A 2A 2A 2A 2A 30 30 31 30 5E 45 54 45 43 2F 50 41 59 50 41 53 53 5E 31 34 31 32 32 30 31 2A 2A 2A 2A 2A 2A 2A 2A 2A 2A 2A 2A 2A 2A 2A 2A 2A 2A 2A 2A 2A 2A 56 C1 40 46 4B 32 B9 DD D2 79 49 25 D1 45 7B 69 17 C2 DC 56 6F 06 AF A1 FA 8A 0D 6C 34 7F FC D3 BA 6F A6 C0 EA C7 FE 84 F0 54 06 11 12 7C 97 51 4B 20 AC B1 29 61 E2 99 91 D9 FE 0B CF 06 7E 75 EA 58 47 9F 6B A1 13 54 13 CC CC CC CC 00 10 D1 41 22 01 CC CC CC CC CC CC CC 9F 6B C1 18 E1 3B 0A D8 09 D4 E2 4E D5 47 E6 27 9A 51 41 6D 9A 21 2A 1A 90 20 C7 84 DF EF 4C 06 00 27 00 00 00 00 DF EF 4D 28 6D 39 E6 05 F0 DD 67 96 B3 C6 47 87 14 66 F6 16 3F 95 3A 8B 97 12 0A 82 B5 67 31 FE 78 5B AC 13 0D 3F E9 3E 21 7D 6C 27 DF EE 26 01 D1 CB 37 00 00 00 00 00 00 00 00 00 00 00 00 00 00 00 00 00 00 00 00 00 00 00 00 00 00 00  
Tag 56 - Enc dukpt...FAIL!
 
Tag 9F6B - Enc dukpt...FAIL!
 
Tag DF812A - Enc dukpt...FAIL!
 
Tag DF812B - Enc dukpt...FAIL!
 
Tag 9F6B - mask...FAIL!
 
Tag 56 - mask...FAIL!
 

 ==============
 FAIL items: 6
 ==============
 
---------- END OF TEST ----------

 Result = FAILED
 

 MASTER RESULT = FAILED


Docklight Log File (HEX) - Stopped 2023/10/31 14:36:23.639 

