Docklight Log File (HEX) - Started 2021/12/3 09:32:01.263 
 TEST CASE: GTR005

 --- Set POS COM PORT Settings
 Set POS COM PORT...
 POS operating on COM90 @ 9600 baud...
 Set POS COM PORT - COMPLETE

 --- DF7D = 00

2021/12/3 09:32:02.661 [TX] - 56 69 56 4F 74 65 63 68 32 00 04 00 00 04 DF 7D 01 00 6C E5 
2021/12/3 09:32:02.668 [RX] - 56 69 56 4F 74 65 63 68 32 00 04 00 00 00 AE 16 00 00 00 00 00 00 00 00 00 00 00 00 00 00 00 00 00 00 00 00 00 00 00 00 00 00 00 00 00 00 00 00 00 00 00 00 00 00 00 00 00 00 00 00 00 00 00  

 --- Auto Poll

2021/12/3 09:32:06.505 [TX] - 56 69 56 4F 74 65 63 68 32 00 01 01 00 01 00 F6 24 
2021/12/3 09:32:06.512 [RX] - 56 69 56 4F 74 65 63 68 32 00 01 00 00 00 12 53 00 00 00 00 00 00 00 00 00 00 00 00 00 00 00 00 00 00 00 00 00 00 00 00 00 00 00 00 00 00 00 00 00 00 00 00 00 00 00 00 00 00 00 00 00 00 00  

 --- Burst OFF *** GR

2021/12/3 09:32:06.519 [TX] - 56 69 56 4F 74 65 63 68 32 00 04 00 00 04 FF F7 01 00 B9 2E 
2021/12/3 09:32:06.524 [RX] - 56 69 56 4F 74 65 63 68 32 00 04 00 00 00 AE 16 00 00 00 00 00 00 00 00 00 00 00 00 00 00 00 00 00 00 00 00 00 00 00 00 00 00 00 00 00 00 00 00 00 00 00 00 00 00 00 00 00 00 00 00 00 00 00  

 --- Get Transaction Result

2021/12/3 09:32:09.593 [TX] - 56 69 56 4F 74 65 63 68 32 00 03 00 00 00 3B FF 
2021/12/3 09:32:09.600 [RX] - 56 69 56 4F 74 65 63 68 32 00 03 00 00 EE 4C 54 52 41 43 4B 31 37 36 37 36 37 36 30 37 30 37 30 37 37 36 37 36 37 36 30 37 30 37 30 37 37 36 37 36 37 36 30 37 30 37 30 37 37 36 37 36 37 36 30 37 30 37 30 37 37 36 37 36 37 36 30 37 30 37 30 37 37 36 37 36 37 36 30 37 30 37 25 32 31 32 31 32 31 32 31 32 31 37 36 37 36 37 36 30 37 30 37 30 37 37 36 37 36 37 36 37 36 32 31 32 31 32 31 32 68 33 33 33 33 33 33 33 33 33 33 37 36 37 36 37 36 30 37 30 37 30 37 37 36 37 36 37 36 33 33 33 33 33 33 33 33 33 33 37 36 37 36 37 36 30 37 30 37 30 37 37 36 37 36 37 36 33 33 33 33 33 33 33 33 33 33 37 36 37 36 37 36 30 37 30 37 30 37 37 36 37 36 37 36 33 33 33 33 33 33 33 33 33 33 37 36 37 36 37 36 30 37 30 37 00 9F 39 01 90 FF EE 01 04 DF 30 01 0C DF EE 26 01 08 02 88 00 00 00 00 00 00 00 00 00 00 00 00 00 00 00 00 00 00 00 00 00 00 00 00 00 00 00 00 00 00 00 00 00 00 00 00 00 00 00 00 00 00 00 00 00 00 00 00 00 00 00 00 00 00 00 00 00 00 00 00 00  

 ---------- END OF TEST ----------

 Result = PASSED


Docklight Log File (HEX) - Stopped 2021/12/3 09:32:10.670 

