Docklight Log File (HEX) - Started 2017/5/8 09:34:28.218 
 TEST CASE: EMA0510

 --- Set POS COM PORT Settings
 Set POS COM PORT...
 POS operating on COM91 @ 9600 baud...
 Set POS COM PORT - COMPLETE

 

Set MSR Secure Parameters (C7-38)- 08 (Default)

2017/5/8 09:34:29.577 [TX] - 56 69 56 4F 74 65 63 68 32 00 C7 38 00 05 DF DE 04 01 08 61 39 
2017/5/8 09:34:29.585 [RX] - 56 69 56 4F 74 65 63 68 32 00 C7 00 00 00 86 6E  pass pass pass 00 00 00 00 00 00 00 00 00 00 00 00 00 00 00 00 00 00 00 00 00 00 00 00 00 00 00 00 00 00 00 00 00 00 00 00 00 00 00 00 00 00 00 00 00 00 00  

Get MSR Secure Parameters (C7-39)

2017/5/8 09:34:29.594 [TX] - 56 69 56 4F 74 65 63 68 32 00 C7 39 00 03 DF DE 04 64 62 
2017/5/8 09:34:29.625 [RX] - 56 69 56 4F 74 65 63 68 32 00 C7 00 00 05 DF DE 04 01 08 61 67  pass 00 00 00 00 00 00 00 00 00 00 00 00 00 00 00 00 00 00 00 00 00 00 00 00 00 00 00 00 00 00 00 00 00 00 00 00 00 00 00 00 00 00  

Expire date output_Masked

2017/5/8 09:34:29.631 [TX] - 56 69 56 4F 74 65 63 68 32 00 04 00 00 09 FF EE 1D 05 06 04 2A 0C 30 60 3A 
2017/5/8 09:34:29.669 [RX] - 56 69 56 4F 74 65 63 68 32 00 04 00 00 00 AE 16  pass pass 00 00 00 00 00 00 00 00 00 00 00 00 00 00 00 00 00 00 00 00 00 00 00 00 00 00 00 00 00 00 00 00 00 00 00 00 00 00 00 00 00 00 00 00 00 00 00  

Burst mode Off

2017/5/8 09:34:29.677 [TX] - 56 69 56 4F 74 65 63 68 32 00 04 00 00 04 FF F7 01 00 B9 2E 
2017/5/8 09:34:29.713 [RX] - 56 69 56 4F 74 65 63 68 32 00 04 00 00 00 AE 16  pass pass 00 00 00 00 00 00 00 00 00 00 00 00 00 00 00 00 00 00 00 00 00 00 00 00 00 00 00 00 00 00 00 00 00 00 00 00 00 00 00 00 00 00 00 00 00 00 00  

Poll on Demand

2017/5/8 09:34:29.720 [TX] - 56 69 56 4F 74 65 63 68 32 00 01 01 00 01 01 D7 34 
2017/5/8 09:34:29.757 [RX] - 56 69 56 4F 74 65 63 68 32 00 01 00 00 00 12 53  pass 00 00 00 00 00 00 00 00 00 00 00 00 00 00 00 00 00 00 00 00 00 00 00 00 00 00 00 00 00 00 00 00 00 00 00 00 00 00 00 00 00 00 00 00 00 00 00  

Poll on Demand

2017/5/8 09:34:29.767 [TX] - 56 69 56 4F 74 65 63 68 32 00 01 01 00 01 01 D7 34 
2017/5/8 09:34:29.801 [RX] - 56 69 56 4F 74 65 63 68 32 00 01 00 00 00 12 53  pass 00 00 00 00 00 00 00 00 00 00 00 00 00 00 00 00 00 00 00 00 00 00 00 00 00 00 00 00 00 00 00 00 00 00 00 00 00 00 00 00 00 00 00 00 00 00 00  

 Erase All Keys...

2017/5/8 09:34:29.811 [TX] - 56 69 56 4F 74 65 63 68 32 00 83 00 00 00 03 22 
2017/5/8 09:34:29.845 [RX] - 56 69 56 4F 74 65 63 68 32 00 83 00 00 00 22 03  pass 00 00 00 00 00 00 00 00 00 00 00 00 00 00 00 00 00 00 00 00 00 00 00 00 00 00 00 00 00 00 00 00 00 00 00 00 00 00 00 00 00 00 00 00 00 00 00  

 Set DUKPT Key Encryption Type...

2017/5/8 09:34:30.055 [TX] - 56 69 56 4F 74 65 63 68 32 00 C7 32 00 01 01 7D DF 
2017/5/8 09:34:30.089 [RX] - 56 69 56 4F 74 65 63 68 32 00 C7 00 00 00 86 6E  pass pass pass 00 00 00 00 00 00 00 00 00 00 00 00 00 00 00 00 00 00 00 00 00 00 00 00 00 00 00 00 00 00 00 00 00 00 00 00 00 00 00 00 00 00 00 00 00 00 00  

 Get DUKPT Key Encryption Type...

2017/5/8 09:34:30.301 [TX] - 56 69 56 4F 74 65 63 68 32 00 C7 33 00 00 1A 9B 
2017/5/8 09:34:30.329 [RX] - 56 69 56 4F 74 65 63 68 32 00 C7 00 00 01 01 BC 5E  pass 00 00 00 00 00 00 00 00 00 00 00 00 00 00 00 00 00 00 00 00 00 00 00 00 00 00 00 00 00 00 00 00 00 00 00 00 00 00 00 00 00 00 00 00 00 00  

 Loading DUKPT key...

2017/5/8 09:34:30.542 [TX] - 56 69 56 4F 74 65 63 68 32 00 80 00 00 65 30 45 43 36 30 46 33 35 31 34 37 45 43 41 30 30 38 38 4B 30 54 44 30 30 4E 30 30 30 30 30 30 38 30 39 43 30 37 41 39 39 31 44 43 38 30 33 34 45 43 31 32 45 31 36 39 43 30 44 35 34 35 35 44 45 41 32 39 34 35 31 34 32 34 37 38 30 38 30 35 36 38 32 33 34 39 38 37 31 32 30 32 33 34 30 30 30 30 30 30 30 30 12 43 
2017/5/8 09:34:30.573 [RX] - 56 69 56 4F 74 65 63 68 32 00 80 00 00 00 B9 DF  pass 00 00 00 00 00 00 00 00 00 00 00 00 00 00 00 00 00 00 00 00 00 00 00 00 00 00 00 00 00 00 00 00 00 00 00 00 00 00 00 00 00 00 00 00 00 00 00 
2017/5/8 09:34:30.780 [TX] - 56 69 56 4F 74 65 63 68 32 00 80 00 00 65 31 34 43 45 32 35 35 35 31 34 37 45 43 41 30 30 38 38 4B 30 54 44 30 30 4E 30 30 30 30 30 30 38 30 46 35 30 36 46 36 41 33 44 34 30 38 39 39 45 30 35 35 42 42 35 42 39 45 33 41 44 44 36 30 30 42 38 38 35 33 32 37 37 39 32 32 34 36 30 39 32 36 32 33 41 39 39 37 31 32 36 32 33 34 30 30 30 30 30 30 30 30 35 7F 
2017/5/8 09:34:30.817 [RX] - 56 69 56 4F 74 65 63 68 32 00 80 00 00 00 B9 DF  pass 00 00 00 00 00 00 00 00 00 00 00 00 00 00 00 00 00 00 00 00 00 00 00 00 00 00 00 00 00 00 00 00 00 00 00 00 00 00 00 00 00 00 00 00 00 00 00 
2017/5/8 09:34:31.026 [TX] - 56 69 56 4F 74 65 63 68 32 00 80 01 00 58 41 30 30 38 38 4B 30 54 44 30 30 4E 30 30 30 30 43 44 32 46 43 43 36 44 37 39 32 44 33 42 32 34 46 30 38 33 37 42 30 33 32 44 30 38 36 38 46 45 43 39 46 44 44 43 39 43 32 36 33 31 31 35 46 30 44 43 43 34 42 44 42 35 37 43 36 30 33 43 34 32 46 34 41 35 30 34 34 39 97 D5 
2017/5/8 09:34:31.061 [RX] - 56 69 56 4F 74 65 63 68 32 00 80 00 00 00 B9 DF  pass 00 00 00 00 00 00 00 00 00 00 00 00 00 00 00 00 00 00 00 00 00 00 00 00 00 00 00 00 00 00 00 00 00 00 00 00 00 00 00 00 00 00 00 00 00 00 00 
2017/5/8 09:34:31.272 [TX] - 56 69 56 4F 74 65 63 68 32 00 81 00 00 71 05 41 30 31 31 32 44 30 54 45 30 30 4E 30 31 30 30 4B 53 31 38 36 32 39 39 34 39 30 31 32 43 30 30 30 34 36 30 30 30 30 31 39 34 34 38 36 43 33 31 36 38 43 41 31 46 42 34 41 38 30 39 45 36 33 39 46 46 39 43 33 42 37 32 36 45 32 34 37 43 35 39 30 42 32 32 38 43 35 44 32 32 36 35 30 46 36 36 39 37 45 38 34 37 41 32 46 38 41 32 37 33 39 33 47 AE 
2017/5/8 09:34:31.321 [RX] - 56 69 56 4F 74 65 63 68 32 00 81 00 00 00 CF 6B  pass 00 00 00 00 00 00 00 00 00 00 00 00 00 00 00 00 00 00 00 00 00 00 00 00 00 00 00 00 00 00 00 00 00 00 00 00 00 00 00 00 00 00 00 00 00 00 00 
2017/5/8 09:34:31.531 [TX] - 56 69 56 4F 74 65 63 68 32 00 C7 36 00 01 03 6C 97 
2017/5/8 09:34:31.549 [RX] - 56 69 56 4F 74 65 63 68 32 00 C7 00 00 00 86 6E  pass pass pass 00 00 00 00 00 00 00 00 00 00 00 00 00 00 00 00 00 00 00 00 00 00 00 00 00 00 00 00 00 00 00 00 00 00 00 00 00 00 00 00 00 00 00 00 00 00 00  

--- Discover

2017/5/8 09:34:31.764 [TX] - 56 69 56 4F 74 65 63 68 32 00 02 40 00 0A 0A 9F 02 06 00 00 00 00 10 00 18 73 
2017/5/8 09:34:33.313 [RX] - 56 69 56 4F 74 65 63 68 32 00 02 00 01 1E CA DF EE 25 02 00 11 DF 4B 81 85 01 01 50 EB AB 97 04 89 00 E7 C6 5D BC FB BC F9 B3 B5 CA FC 1F 2C A0 AF 39 EC D2 C0 84 15 E4 E9 B9 9D 06 A3 BB B0 91 70 E1 76 B2 C2 17 90 88 84 22 A8 3C D7 12 EA B5 DC A4 A7 0B 5D A0 65 9B C1 73 09 31 92 1F 7B 23 2E F6 FA 1D A4 0A 65 19 BB E1 39 4D 30 80 EC E5 50 73 BB BD 82 99 65 D2 EF E2 91 26 97 BA 56 C4 62 C8 18 70 F2 DE 1C AC 97 95 6C 0E 48 5E 8C 9F BB 62 EE 55 E7 47 B1 43 94 B2 D7 F4 31 00 9F 39 01 90 FF EE 01 04 DF 30 01 0C DF EE 26 01 CA DF 4A 0A 62 99 49 01 2C 00 04 60 00 01 DF 4C 10 36 35 31 30 30 30 2A 2A 2A 2A 2A 2A 30 30 32 36 DF 4D 05 05 00 00 50 00 DF 4F 01 00 DF 34 10 55 31 35 54 54 4B 4E 45 4F 56 31 30 32 30 33 37 DF EF 4C 06 00 27 00 00 00 00 DF EF 4D 30 80 EC E5 50 73 BB BD 82 99 65 D2 EF E2 91 26 97 BA 56 C4 62 C8 18 70 F2 DE 1C AC 97 95 6C 0E 48 B7 1A B8 7F AC E6 E2 4A C3 20 46 B2 D2 5A 73 9F DF 1A  Discover MagStripe card - pass 00 00 00 00 00 00 00 00 00 00 00 00 00  

 Erase All Keys...

2017/5/8 09:34:33.542 [TX] - 56 69 56 4F 74 65 63 68 32 00 83 00 00 00 03 22 
2017/5/8 09:34:33.549 [RX] - 56 69 56 4F 74 65 63 68 32 00 83 00 00 00 22 03  pass 00 00 00 00 00 00 00 00 00 00 00 00 00 00 00 00 00 00 00 00 00 00 00 00 00 00 00 00 00 00 00 00 00 00 00 00 00 00 00 00 00 00 00 00 00 00 00  

 Set DUKPT Key Encryption Type...

2017/5/8 09:34:33.760 [TX] - 56 69 56 4F 74 65 63 68 32 00 C7 32 00 01 01 7D DF 
2017/5/8 09:34:33.789 [RX] - 56 69 56 4F 74 65 63 68 32 00 C7 00 00 00 86 6E  pass pass pass 00 00 00 00 00 00 00 00 00 00 00 00 00 00 00 00 00 00 00 00 00 00 00 00 00 00 00 00 00 00 00 00 00 00 00 00 00 00 00 00 00 00 00 00 00 00 00  

 Get DUKPT Key Encryption Type...

2017/5/8 09:34:34.001 [TX] - 56 69 56 4F 74 65 63 68 32 00 C7 33 00 00 1A 9B 
2017/5/8 09:34:34.033 [RX] - 56 69 56 4F 74 65 63 68 32 00 C7 00 00 01 01 BC 5E  pass 00 00 00 00 00 00 00 00 00 00 00 00 00 00 00 00 00 00 00 00 00 00 00 00 00 00 00 00 00 00 00 00 00 00 00 00 00 00 00 00 00 00 00 00 00 00  

 Loading DUKPT key...

2017/5/8 09:34:34.248 [TX] - 56 69 56 4F 74 65 63 68 32 00 80 00 00 65 30 45 43 36 30 46 33 35 31 34 37 45 43 41 30 30 38 38 4B 30 54 44 30 30 4E 30 30 30 30 30 30 38 30 39 43 30 37 41 39 39 31 44 43 38 30 33 34 45 43 31 32 45 31 36 39 43 30 44 35 34 35 35 44 45 41 32 39 34 35 31 34 32 34 37 38 30 38 30 35 36 38 32 33 34 39 38 37 31 32 30 32 33 34 30 30 30 30 30 30 30 30 12 43 
2017/5/8 09:34:34.281 [RX] - 56 69 56 4F 74 65 63 68 32 00 80 00 00 00 B9 DF  pass 00 00 00 00 00 00 00 00 00 00 00 00 00 00 00 00 00 00 00 00 00 00 00 00 00 00 00 00 00 00 00 00 00 00 00 00 00 00 00 00 00 00 00 00 00 00 00 
2017/5/8 09:34:34.488 [TX] - 56 69 56 4F 74 65 63 68 32 00 80 00 00 65 31 34 43 45 32 35 35 35 31 34 37 45 43 41 30 30 38 38 4B 30 54 44 30 30 4E 30 30 30 30 30 30 38 30 46 35 30 36 46 36 41 33 44 34 30 38 39 39 45 30 35 35 42 42 35 42 39 45 33 41 44 44 36 30 30 42 38 38 35 33 32 37 37 39 32 32 34 36 30 39 32 36 32 33 41 39 39 37 31 32 36 32 33 34 30 30 30 30 30 30 30 30 35 7F 
2017/5/8 09:34:34.529 [RX] - 56 69 56 4F 74 65 63 68 32 00 80 00 00 00 B9 DF  pass 00 00 00 00 00 00 00 00 00 00 00 00 00 00 00 00 00 00 00 00 00 00 00 00 00 00 00 00 00 00 00 00 00 00 00 00 00 00 00 00 00 00 00 00 00 00 00 
2017/5/8 09:34:34.744 [TX] - 56 69 56 4F 74 65 63 68 32 00 80 01 00 58 41 30 30 38 38 4B 30 54 44 30 30 4E 30 30 30 30 43 44 32 46 43 43 36 44 37 39 32 44 33 42 32 34 46 30 38 33 37 42 30 33 32 44 30 38 36 38 46 45 43 39 46 44 44 43 39 43 32 36 33 31 31 35 46 30 44 43 43 34 42 44 42 35 37 43 36 30 33 43 34 32 46 34 41 35 30 34 34 39 97 D5 
2017/5/8 09:34:34.777 [RX] - 56 69 56 4F 74 65 63 68 32 00 80 00 00 00 B9 DF  pass 00 00 00 00 00 00 00 00 00 00 00 00 00 00 00 00 00 00 00 00 00 00 00 00 00 00 00 00 00 00 00 00 00 00 00 00 00 00 00 00 00 00 00 00 00 00 00 
2017/5/8 09:34:34.987 [TX] - 56 69 56 4F 74 65 63 68 32 00 81 00 00 71 05 41 30 31 31 32 44 30 54 45 30 30 4E 30 31 30 30 4B 53 31 38 36 32 39 39 34 39 30 31 32 43 30 30 30 34 36 30 30 30 30 31 39 34 34 38 36 43 33 31 36 38 43 41 31 46 42 34 41 38 30 39 45 36 33 39 46 46 39 43 33 42 37 32 36 45 32 34 37 43 35 39 30 42 32 32 38 43 35 44 32 32 36 35 30 46 36 36 39 37 45 38 34 37 41 32 46 38 41 32 37 33 39 33 47 AE 
2017/5/8 09:34:35.041 [RX] - 56 69 56 4F 74 65 63 68 32 00 81 00 00 00 CF 6B  pass 00 00 00 00 00 00 00 00 00 00 00 00 00 00 00 00 00 00 00 00 00 00 00 00 00 00 00 00 00 00 00 00 00 00 00 00 00 00 00 00 00 00 00 00 00 00 00 
2017/5/8 09:34:35.252 [TX] - 56 69 56 4F 74 65 63 68 32 00 C7 36 00 01 03 6C 97 
2017/5/8 09:34:35.273 [RX] - 56 69 56 4F 74 65 63 68 32 00 C7 00 00 00 86 6E  pass pass pass 00 00 00 00 00 00 00 00 00 00 00 00 00 00 00 00 00 00 00 00 00 00 00 00 00 00 00 00 00 00 00 00 00 00 00 00 00 00 00 00 00 00 00 00 00 00 00  

--- Gift card

2017/5/8 09:34:35.488 [TX] - 56 69 56 4F 74 65 63 68 32 00 02 40 00 0A 0A 9F 02 06 00 00 00 00 10 00 18 73 
2017/5/8 09:34:37.157 [RX] - 56 69 56 4F 74 65 63 68 32 00 02 00 01 10 CA DF EE 25 02 00 11 DF 4B 75 00 01 40 E0 4D 8F BE B3 93 13 D2 2C 08 74 3D A8 CE 58 33 B7 78 FC 72 B7 25 08 0F 5E 8C 6F 1C 76 C8 39 DA 3C E5 1F E5 54 C5 F1 84 54 2D 58 6B 7B CC 70 A9 B7 5C 96 BE 0B 1F B9 A6 6A 5C 98 19 79 36 C9 F4 30 F3 5B 62 F8 16 11 B5 DE B1 1E 8B 5F 66 A1 3E 68 3E D5 52 15 E3 A7 46 0E 15 C4 20 92 B0 9C 85 3C 9C 8B B6 6E 9E B2 28 FE D6 F8 FA 04 D4 1A D6 E9 00 9F 39 01 90 FF EE 01 04 DF 30 01 0C DF EE 26 01 CA DF 4A 0A 62 99 49 01 2C 00 04 60 00 01 DF 4C 13 36 30 30 36 34 39 2A 2A 2A 2A 2A 2A 35 35 31 37 31 34 37 DF 4D 05 05 00 00 50 00 DF 4F 01 00 DF 34 10 55 31 35 54 54 4B 4E 45 4F 56 31 30 32 30 33 37 DF EF 4C 06 00 25 00 00 00 00 DF EF 4D 30 F3 5B 62 F8 16 11 B5 DE B1 1E 8B 5F 66 A1 3E 68 3E D5 52 15 E3 A7 46 0E 15 C4 20 92 B0 9C 85 3C 6B C0 1C 66 91 2B EB 34 3F D4 2F 6D 65 61 32 23 55 ED 00 00 00 00 00 00 00 00 00 00 00 00 00 00 00 00 00 00 00 00 00 00 00 00 00 00 00  

 Erase All Keys...

2017/5/8 09:34:37.385 [TX] - 56 69 56 4F 74 65 63 68 32 00 83 00 00 00 03 22 
2017/5/8 09:34:37.401 [RX] - 56 69 56 4F 74 65 63 68 32 00 83 00 00 00 22 03  pass 00 00 00 00 00 00 00 00 00 00 00 00 00 00 00 00 00 00 00 00 00 00 00 00 00 00 00 00 00 00 00 00 00 00 00 00 00 00 00 00 00 00 00 00 00 00 00  

 Set DUKPT Key Encryption Type...

2017/5/8 09:34:37.613 [TX] - 56 69 56 4F 74 65 63 68 32 00 C7 32 00 01 01 7D DF 
2017/5/8 09:34:37.645 [RX] - 56 69 56 4F 74 65 63 68 32 00 C7 00 00 00 86 6E  pass pass pass 00 00 00 00 00 00 00 00 00 00 00 00 00 00 00 00 00 00 00 00 00 00 00 00 00 00 00 00 00 00 00 00 00 00 00 00 00 00 00 00 00 00 00 00 00 00 00  

 Get DUKPT Key Encryption Type...

2017/5/8 09:34:37.857 [TX] - 56 69 56 4F 74 65 63 68 32 00 C7 33 00 00 1A 9B 
2017/5/8 09:34:37.889 [RX] - 56 69 56 4F 74 65 63 68 32 00 C7 00 00 01 01 BC 5E  pass 00 00 00 00 00 00 00 00 00 00 00 00 00 00 00 00 00 00 00 00 00 00 00 00 00 00 00 00 00 00 00 00 00 00 00 00 00 00 00 00 00 00 00 00 00 00  

 Loading DUKPT key...

2017/5/8 09:34:38.103 [TX] - 56 69 56 4F 74 65 63 68 32 00 80 00 00 65 30 45 43 36 30 46 33 35 31 34 37 45 43 41 30 30 38 38 4B 30 54 44 30 30 4E 30 30 30 30 30 30 38 30 39 43 30 37 41 39 39 31 44 43 38 30 33 34 45 43 31 32 45 31 36 39 43 30 44 35 34 35 35 44 45 41 32 39 34 35 31 34 32 34 37 38 30 38 30 35 36 38 32 33 34 39 38 37 31 32 30 32 33 34 30 30 30 30 30 30 30 30 12 43 
2017/5/8 09:34:38.137 [RX] - 56 69 56 4F 74 65 63 68 32 00 80 00 00 00 B9 DF  pass 00 00 00 00 00 00 00 00 00 00 00 00 00 00 00 00 00 00 00 00 00 00 00 00 00 00 00 00 00 00 00 00 00 00 00 00 00 00 00 00 00 00 00 00 00 00 00 
2017/5/8 09:34:38.344 [TX] - 56 69 56 4F 74 65 63 68 32 00 80 00 00 65 31 34 43 45 32 35 35 35 31 34 37 45 43 41 30 30 38 38 4B 30 54 44 30 30 4E 30 30 30 30 30 30 38 30 46 35 30 36 46 36 41 33 44 34 30 38 39 39 45 30 35 35 42 42 35 42 39 45 33 41 44 44 36 30 30 42 38 38 35 33 32 37 37 39 32 32 34 36 30 39 32 36 32 33 41 39 39 37 31 32 36 32 33 34 30 30 30 30 30 30 30 30 35 7F 
2017/5/8 09:34:38.385 [RX] - 56 69 56 4F 74 65 63 68 32 00 80 00 00 00 B9 DF  pass 00 00 00 00 00 00 00 00 00 00 00 00 00 00 00 00 00 00 00 00 00 00 00 00 00 00 00 00 00 00 00 00 00 00 00 00 00 00 00 00 00 00 00 00 00 00 00 
2017/5/8 09:34:38.594 [TX] - 56 69 56 4F 74 65 63 68 32 00 80 01 00 58 41 30 30 38 38 4B 30 54 44 30 30 4E 30 30 30 30 43 44 32 46 43 43 36 44 37 39 32 44 33 42 32 34 46 30 38 33 37 42 30 33 32 44 30 38 36 38 46 45 43 39 46 44 44 43 39 43 32 36 33 31 31 35 46 30 44 43 43 34 42 44 42 35 37 43 36 30 33 43 34 32 46 34 41 35 30 34 34 39 97 D5 
2017/5/8 09:34:38.633 [RX] - 56 69 56 4F 74 65 63 68 32 00 80 00 00 00 B9 DF  pass 00 00 00 00 00 00 00 00 00 00 00 00 00 00 00 00 00 00 00 00 00 00 00 00 00 00 00 00 00 00 00 00 00 00 00 00 00 00 00 00 00 00 00 00 00 00 00 
2017/5/8 09:34:38.843 [TX] - 56 69 56 4F 74 65 63 68 32 00 81 00 00 71 05 41 30 31 31 32 44 30 54 45 30 30 4E 30 31 30 30 4B 53 31 38 36 32 39 39 34 39 30 31 32 43 30 30 30 34 36 30 30 30 30 31 39 34 34 38 36 43 33 31 36 38 43 41 31 46 42 34 41 38 30 39 45 36 33 39 46 46 39 43 33 42 37 32 36 45 32 34 37 43 35 39 30 42 32 32 38 43 35 44 32 32 36 35 30 46 36 36 39 37 45 38 34 37 41 32 46 38 41 32 37 33 39 33 47 AE 
2017/5/8 09:34:38.893 [RX] - 56 69 56 4F 74 65 63 68 32 00 81 00 00 00 CF 6B  pass 00 00 00 00 00 00 00 00 00 00 00 00 00 00 00 00 00 00 00 00 00 00 00 00 00 00 00 00 00 00 00 00 00 00 00 00 00 00 00 00 00 00 00 00 00 00 00 
2017/5/8 09:34:39.103 [TX] - 56 69 56 4F 74 65 63 68 32 00 C7 36 00 01 03 6C 97 
2017/5/8 09:34:39.129 [RX] - 56 69 56 4F 74 65 63 68 32 00 C7 00 00 00 86 6E  pass pass pass 00 00 00 00 00 00 00 00 00 00 00 00 00 00 00 00 00 00 00 00 00 00 00 00 00 00 00 00 00 00 00 00 00 00 00 00 00 00 00 00 00 00 00 00 00 00 00  

--- Real card (PAN=12)

2017/5/8 09:34:39.345 [TX] - 56 69 56 4F 74 65 63 68 32 00 02 40 00 0A 0A 9F 02 06 00 00 00 00 10 00 18 73 
2017/5/8 09:34:40.781 [RX] - 56 69 56 4F 74 65 63 68 32 00 02 00 00 A9 CA DF EE 25 02 00 11 DF 4B 45 01 01 40 F0 0E FF E6 79 1D 1A E1 DB C2 A6 AE FF 6A E1 B5 B1 9F AD DA 2C 90 CD 5B 71 AC EA CC AD 6F 05 1B C0 C9 15 01 B2 6E B3 29 18 44 51 C5 9E 6B 65 1F 50 55 55 75 8C D8 26 E9 4D 70 7B AF 8E E1 FF 11 00 00 9F 39 01 90 FF EE 01 04 DF 30 01 0C DF EE 26 01 CA DF 4A 0A 62 99 49 01 2C 00 04 60 00 01 DF 4C 0C 34 30 37 31 36 36 2A 2A 2A 2A 2A 2A DF 4D 05 05 00 00 50 00 DF 4F 01 00 DF 34 10 55 31 35 54 54 4B 4E 45 4F 56 31 30 32 30 33 37 DF EF 4C 06 00 00 00 00 00 00 DF EF 4D 00 89 63 00 00 00 00  

 Erase All Keys...

2017/5/8 09:34:41.001 [TX] - 56 69 56 4F 74 65 63 68 32 00 83 00 00 00 03 22 
2017/5/8 09:34:41.017 [RX] - 56 69 56 4F 74 65 63 68 32 00 83 00 00 00 22 03  pass 00 00 00 00 00 00 00 00 00 00 00 00 00 00 00 00 00 00 00 00 00 00 00 00 00 00 00 00 00 00 00 00 00 00 00 00 00 00 00 00 00 00 00 00 00 00 00  

 Set DUKPT Key Encryption Type...

2017/5/8 09:34:41.233 [TX] - 56 69 56 4F 74 65 63 68 32 00 C7 32 00 01 01 7D DF 
2017/5/8 09:34:41.261 [RX] - 56 69 56 4F 74 65 63 68 32 00 C7 00 00 00 86 6E  pass pass pass 00 00 00 00 00 00 00 00 00 00 00 00 00 00 00 00 00 00 00 00 00 00 00 00 00 00 00 00 00 00 00 00 00 00 00 00 00 00 00 00 00 00 00 00 00 00 00  

 Get DUKPT Key Encryption Type...

2017/5/8 09:34:41.473 [TX] - 56 69 56 4F 74 65 63 68 32 00 C7 33 00 00 1A 9B 
2017/5/8 09:34:41.505 [RX] - 56 69 56 4F 74 65 63 68 32 00 C7 00 00 01 01 BC 5E  pass 00 00 00 00 00 00 00 00 00 00 00 00 00 00 00 00 00 00 00 00 00 00 00 00 00 00 00 00 00 00 00 00 00 00 00 00 00 00 00 00 00 00 00 00 00 00  

 Loading DUKPT key...

2017/5/8 09:34:41.719 [TX] - 56 69 56 4F 74 65 63 68 32 00 80 00 00 65 30 45 43 36 30 46 33 35 31 34 37 45 43 41 30 30 38 38 4B 30 54 44 30 30 4E 30 30 30 30 30 30 38 30 39 43 30 37 41 39 39 31 44 43 38 30 33 34 45 43 31 32 45 31 36 39 43 30 44 35 34 35 35 44 45 41 32 39 34 35 31 34 32 34 37 38 30 38 30 35 36 38 32 33 34 39 38 37 31 32 30 32 33 34 30 30 30 30 30 30 30 30 12 43 
2017/5/8 09:34:41.753 [RX] - 56 69 56 4F 74 65 63 68 32 00 80 00 00 00 B9 DF  pass 00 00 00 00 00 00 00 00 00 00 00 00 00 00 00 00 00 00 00 00 00 00 00 00 00 00 00 00 00 00 00 00 00 00 00 00 00 00 00 00 00 00 00 00 00 00 00 
2017/5/8 09:34:41.961 [TX] - 56 69 56 4F 74 65 63 68 32 00 80 00 00 65 31 34 43 45 32 35 35 35 31 34 37 45 43 41 30 30 38 38 4B 30 54 44 30 30 4E 30 30 30 30 30 30 38 30 46 35 30 36 46 36 41 33 44 34 30 38 39 39 45 30 35 35 42 42 35 42 39 45 33 41 44 44 36 30 30 42 38 38 35 33 32 37 37 39 32 32 34 36 30 39 32 36 32 33 41 39 39 37 31 32 36 32 33 34 30 30 30 30 30 30 30 30 35 7F 
2017/5/8 09:34:42.001 [RX] - 56 69 56 4F 74 65 63 68 32 00 80 00 00 00 B9 DF  pass 00 00 00 00 00 00 00 00 00 00 00 00 00 00 00 00 00 00 00 00 00 00 00 00 00 00 00 00 00 00 00 00 00 00 00 00 00 00 00 00 00 00 00 00 00 00 00 
2017/5/8 09:34:42.210 [TX] - 56 69 56 4F 74 65 63 68 32 00 80 01 00 58 41 30 30 38 38 4B 30 54 44 30 30 4E 30 30 30 30 43 44 32 46 43 43 36 44 37 39 32 44 33 42 32 34 46 30 38 33 37 42 30 33 32 44 30 38 36 38 46 45 43 39 46 44 44 43 39 43 32 36 33 31 31 35 46 30 44 43 43 34 42 44 42 35 37 43 36 30 33 43 34 32 46 34 41 35 30 34 34 39 97 D5 
2017/5/8 09:34:42.249 [RX] - 56 69 56 4F 74 65 63 68 32 00 80 00 00 00 B9 DF  pass 00 00 00 00 00 00 00 00 00 00 00 00 00 00 00 00 00 00 00 00 00 00 00 00 00 00 00 00 00 00 00 00 00 00 00 00 00 00 00 00 00 00 00 00 00 00 00 
2017/5/8 09:34:42.459 [TX] - 56 69 56 4F 74 65 63 68 32 00 81 00 00 71 05 41 30 31 31 32 44 30 54 45 30 30 4E 30 31 30 30 4B 53 31 38 36 32 39 39 34 39 30 31 32 43 30 30 30 34 36 30 30 30 30 31 39 34 34 38 36 43 33 31 36 38 43 41 31 46 42 34 41 38 30 39 45 36 33 39 46 46 39 43 33 42 37 32 36 45 32 34 37 43 35 39 30 42 32 32 38 43 35 44 32 32 36 35 30 46 36 36 39 37 45 38 34 37 41 32 46 38 41 32 37 33 39 33 47 AE 
2017/5/8 09:34:42.513 [RX] - 56 69 56 4F 74 65 63 68 32 00 81 00 00 00 CF 6B  pass 00 00 00 00 00 00 00 00 00 00 00 00 00 00 00 00 00 00 00 00 00 00 00 00 00 00 00 00 00 00 00 00 00 00 00 00 00 00 00 00 00 00 00 00 00 00 00 
2017/5/8 09:34:42.723 [TX] - 56 69 56 4F 74 65 63 68 32 00 C7 36 00 01 03 6C 97 
2017/5/8 09:34:42.745 [RX] - 56 69 56 4F 74 65 63 68 32 00 C7 00 00 00 86 6E  pass pass pass 00 00 00 00 00 00 00 00 00 00 00 00 00 00 00 00 00 00 00 00 00 00 00 00 00 00 00 00 00 00 00 00 00 00 00 00 00 00 00 00 00 00 00 00 00 00 00  

--- ISO4909

2017/5/8 09:34:42.961 [TX] - 56 69 56 4F 74 65 63 68 32 00 02 40 00 0A 0A 9F 02 06 00 00 00 00 10 00 18 73 
2017/5/8 09:34:44.313 [RX] - 56 69 56 4F 74 65 63 68 32 00 02 00 01 8E CA DF EE 25 02 00 11 DF 4B 81 F5 00 01 50 0A AF 41 FC AC B1 35 DC 25 D9 3B 4B 5B CB 73 B4 ED EE BD F3 AB 37 E6 39 9F 4F 17 F2 76 F8 DE 8D 59 93 BA 43 29 4C 5B 52 DC 92 7D 1D 9D ED 14 F8 51 58 0C 07 96 07 AB 28 01 80 18 BC D3 B7 0F 65 29 71 BD 69 3E DC 75 07 E5 E5 D8 6F 5B 39 E9 C1 30 AC 2A 4C 6E 5F EE A7 69 00 B1 4F B0 91 7E 68 83 82 84 EB 2B 4A 1F CD E3 89 DD 5E 4C BB F0 A7 E8 1C 29 C6 D8 A4 23 CB 79 F6 45 29 36 E8 4D 0B E6 70 3D EE CE 41 E1 14 EB 05 D4 74 74 78 40 5D 5E 6C 68 A8 32 3C DA 36 3A AA FD E9 9C C6 05 E6 EE 5F 02 5F 97 88 ED 92 38 AB CF 17 97 F2 FE FD 8F 9E F8 18 25 4F 07 55 CD EA D1 6B BC 0D FB 95 71 E2 15 A6 4C E5 2D E1 3A ED 76 E7 6E C9 03 20 9B D3 3A FE FC F8 D8 6D 7F 0F EB CB A1 86 64 55 29 E2 F6 1F BF 40 DA 13 1E 93 DE 69 61 8C 59 84 AA 75 9F 39 01 90 FF EE 01 04 DF 30 01 0C DF EE 26 01 CA DF 4A 0A 62 99 49 01 2C 00 04 60 00 01 DF 4C 10 34 35 34 37 35 37 2A 2A 2A 2A 2A 2A 30 30 30 30 DF 4D 05 05 00 00 50 00 DF 4F 01 00 DF 34 10 55 31 35 54 54 4B 4E 45 4F 56 31 30 32 30 33 37 DF EF 4C 06 00 26 00 00 00 00 DF EF 4D 30 AC 2A 4C 6E 5F EE A7 69 00 B1 4F B0 91 7E 68 83 82 84 EB 2B 4A 1F CD E3 89 DD 5E 4C BB F0 A7 E8 C6 74 07 E1 E7 5A 26 0C 84 30 70 6F 77 B9 7A 45 B0 B3  pass 00 00 00 00 00 00 00 00 00 00 00 00 00 00 00 00 00 00 00 00 00 00 00 00 00 00 00  

Poll on Demand

2017/5/8 09:34:44.548 [TX] - 56 69 56 4F 74 65 63 68 32 00 01 01 00 01 01 D7 34 
2017/5/8 09:34:44.593 [RX] - 56 69 56 4F 74 65 63 68 32 00 01 00 00 00 12 53  pass 00 00 00 00 00 00 00 00 00 00 00 00 00 00 00 00 00 00 00 00 00 00 00 00 00 00 00 00 00 00 00 00 00 00 00 00 00 00 00 00 00 00 00 00 00 00 00  

 Erase All Keys...

2017/5/8 09:34:44.604 [TX] - 56 69 56 4F 74 65 63 68 32 00 83 00 00 00 03 22 
2017/5/8 09:34:44.637 [RX] - 56 69 56 4F 74 65 63 68 32 00 83 00 00 00 22 03  pass 00 00 00 00 00 00 00 00 00 00 00 00 00 00 00 00 00 00 00 00 00 00 00 00 00 00 00 00 00 00 00 00 00 00 00 00 00 00 00 00 00 00 00 00 00 00 00  

 Set DUKPT Key Encryption Type...

2017/5/8 09:34:44.848 [TX] - 56 69 56 4F 74 65 63 68 32 00 C7 32 00 01 01 7D DF 
2017/5/8 09:34:44.881 [RX] - 56 69 56 4F 74 65 63 68 32 00 C7 00 00 00 86 6E  pass pass pass 00 00 00 00 00 00 00 00 00 00 00 00 00 00 00 00 00 00 00 00 00 00 00 00 00 00 00 00 00 00 00 00 00 00 00 00 00 00 00 00 00 00 00 00 00 00 00  

 Get DUKPT Key Encryption Type...

2017/5/8 09:34:45.095 [TX] - 56 69 56 4F 74 65 63 68 32 00 C7 33 00 00 1A 9B 
2017/5/8 09:34:45.125 [RX] - 56 69 56 4F 74 65 63 68 32 00 C7 00 00 01 01 BC 5E  pass 00 00 00 00 00 00 00 00 00 00 00 00 00 00 00 00 00 00 00 00 00 00 00 00 00 00 00 00 00 00 00 00 00 00 00 00 00 00 00 00 00 00 00 00 00 00  

 Loading DUKPT key...

2017/5/8 09:34:45.340 [TX] - 56 69 56 4F 74 65 63 68 32 00 80 00 00 65 30 45 43 36 30 46 33 35 31 34 37 45 43 41 30 30 38 38 4B 30 54 44 30 30 4E 30 30 30 30 30 30 38 30 39 43 30 37 41 39 39 31 44 43 38 30 33 34 45 43 31 32 45 31 36 39 43 30 44 35 34 35 35 44 45 41 32 39 34 35 31 34 32 34 37 38 30 38 30 35 36 38 32 33 34 39 38 37 31 32 30 32 33 34 30 30 30 30 30 30 30 30 12 43 
2017/5/8 09:34:45.373 [RX] - 56 69 56 4F 74 65 63 68 32 00 80 00 00 00 B9 DF  pass 00 00 00 00 00 00 00 00 00 00 00 00 00 00 00 00 00 00 00 00 00 00 00 00 00 00 00 00 00 00 00 00 00 00 00 00 00 00 00 00 00 00 00 00 00 00 00 
2017/5/8 09:34:45.581 [TX] - 56 69 56 4F 74 65 63 68 32 00 80 00 00 65 31 34 43 45 32 35 35 35 31 34 37 45 43 41 30 30 38 38 4B 30 54 44 30 30 4E 30 30 30 30 30 30 38 30 46 35 30 36 46 36 41 33 44 34 30 38 39 39 45 30 35 35 42 42 35 42 39 45 33 41 44 44 36 30 30 42 38 38 35 33 32 37 37 39 32 32 34 36 30 39 32 36 32 33 41 39 39 37 31 32 36 32 33 34 30 30 30 30 30 30 30 30 35 7F 
2017/5/8 09:34:45.617 [RX] - 56 69 56 4F 74 65 63 68 32 00 80 00 00 00 B9 DF  pass 00 00 00 00 00 00 00 00 00 00 00 00 00 00 00 00 00 00 00 00 00 00 00 00 00 00 00 00 00 00 00 00 00 00 00 00 00 00 00 00 00 00 00 00 00 00 00 
2017/5/8 09:34:45.826 [TX] - 56 69 56 4F 74 65 63 68 32 00 80 01 00 58 41 30 30 38 38 4B 30 54 44 30 30 4E 30 30 30 30 43 44 32 46 43 43 36 44 37 39 32 44 33 42 32 34 46 30 38 33 37 42 30 33 32 44 30 38 36 38 46 45 43 39 46 44 44 43 39 43 32 36 33 31 31 35 46 30 44 43 43 34 42 44 42 35 37 43 36 30 33 43 34 32 46 34 41 35 30 34 34 39 97 D5 
2017/5/8 09:34:45.860 [RX] - 56 69 56 4F 74 65 63 68 32 00 80 00 00 00 B9 DF  pass 00 00 00 00 00 00 00 00 00 00 00 00 00 00 00 00 00 00 00 00 00 00 00 00 00 00 00 00 00 00 00 00 00 00 00 00 00 00 00 00 00 00 00 00 00 00 00 
2017/5/8 09:34:46.069 [TX] - 56 69 56 4F 74 65 63 68 32 00 81 00 00 71 05 41 30 31 31 32 44 30 54 45 30 30 4E 30 31 30 30 4B 53 31 38 36 32 39 39 34 39 30 31 32 43 30 30 30 34 36 30 30 30 30 31 39 34 34 38 36 43 33 31 36 38 43 41 31 46 42 34 41 38 30 39 45 36 33 39 46 46 39 43 33 42 37 32 36 45 32 34 37 43 35 39 30 42 32 32 38 43 35 44 32 32 36 35 30 46 36 36 39 37 45 38 34 37 41 32 46 38 41 32 37 33 39 33 47 AE 
2017/5/8 09:34:46.116 [RX] - 56 69 56 4F 74 65 63 68 32 00 81 00 00 00 CF 6B  pass 00 00 00 00 00 00 00 00 00 00 00 00 00 00 00 00 00 00 00 00 00 00 00 00 00 00 00 00 00 00 00 00 00 00 00 00 00 00 00 00 00 00 00 00 00 00 00 
2017/5/8 09:34:46.325 [TX] - 56 69 56 4F 74 65 63 68 32 00 C7 36 00 01 03 6C 97 
2017/5/8 09:34:46.349 [RX] - 56 69 56 4F 74 65 63 68 32 00 C7 00 00 00 86 6E  pass pass pass 00 00 00 00 00 00 00 00 00 00 00 00 00 00 00 00 00 00 00 00 00 00 00 00 00 00 00 00 00 00 00 00 00 00 00 00 00 00 00 00 00 00 00 00 00 00 00  

Auto Poll

2017/5/8 09:34:46.565 [TX] - 56 69 56 4F 74 65 63 68 32 00 01 01 00 01 00 F6 24 
2017/5/8 09:34:46.588 [RX] - 56 69 56 4F 74 65 63 68 32 00 01 00 00 00 12 53  pass 00 00 00 00 00 00 00 00 00 00 00 00 00 00 00 00 00 00 00 00 00 00 00 00 00 00 00 00 00 00 00 00 00 00 00 00 00 00 00 00 00 00 00 00 00 00 00  

--- Discover

2017/5/8 09:34:50.603 [TX] - 56 69 56 4F 74 65 63 68 32 00 03 40 00 00 96 E2 
2017/5/8 09:34:50.632 [RX] - 56 69 56 4F 74 65 63 68 32 00 03 00 01 1E CA DF EE 25 02 00 11 DF 4B 81 85 01 01 50 EB AB 97 04 89 00 E7 C6 5D BC FB BC F9 B3 B5 CA FC 1F 2C A0 AF 39 EC D2 C0 84 15 E4 E9 B9 9D 06 A3 BB B0 91 70 E1 76 B2 C2 17 90 88 84 22 A8 3C D7 12 EA B5 DC A4 A7 0B 5D A0 65 9B C1 73 09 31 92 1F 7B 23 2E F6 FA 1D A4 0A 65 19 BB E1 39 4D 30 80 EC E5 50 73 BB BD 82 99 65 D2 EF E2 91 26 97 BA 56 C4 62 C8 18 70 F2 DE 1C AC 97 95 6C 0E 48 5E 8C 9F BB 62 EE 55 E7 47 B1 43 94 B2 D7 F4 31 00 9F 39 01 90 FF EE 01 04 DF 30 01 0C DF EE 26 01 CA DF 4A 0A 62 99 49 01 2C 00 04 60 00 01 DF 4C 10 36 35 31 30 30 30 2A 2A 2A 2A 2A 2A 30 30 32 36 DF 4D 05 05 00 00 50 00 DF 4F 01 00 DF 34 10 55 31 35 54 54 4B 4E 45 4F 56 31 30 32 30 33 37 DF EF 4C 06 00 27 00 00 00 00 DF EF 4D 30 80 EC E5 50 73 BB BD 82 99 65 D2 EF E2 91 26 97 BA 56 C4 62 C8 18 70 F2 DE 1C AC 97 95 6C 0E 48 B7 1A B8 7F AC E6 E2 4A C3 20 46 B2 D2 5A 73 9F D5 FF 00 00 00 00 00 00 00 00 00 00 00 00 00  

Poll on Demand

2017/5/8 09:34:50.858 [TX] - 56 69 56 4F 74 65 63 68 32 00 01 01 00 01 01 D7 34 
2017/5/8 09:34:50.876 [RX] - 56 69 56 4F 74 65 63 68 32 00 01 00 00 00 12 53  pass 00 00 00 00 00 00 00 00 00 00 00 00 00 00 00 00 00 00 00 00 00 00 00 00 00 00 00 00 00 00 00 00 00 00 00 00 00 00 00 00 00 00 00 00 00 00 00  

 Erase All Keys...

2017/5/8 09:34:50.886 [TX] - 56 69 56 4F 74 65 63 68 32 00 83 00 00 00 03 22 
2017/5/8 09:34:50.920 [RX] - 56 69 56 4F 74 65 63 68 32 00 83 00 00 00 22 03  pass 00 00 00 00 00 00 00 00 00 00 00 00 00 00 00 00 00 00 00 00 00 00 00 00 00 00 00 00 00 00 00 00 00 00 00 00 00 00 00 00 00 00 00 00 00 00 00  

 Set DUKPT Key Encryption Type...

2017/5/8 09:34:51.131 [TX] - 56 69 56 4F 74 65 63 68 32 00 C7 32 00 01 01 7D DF 
2017/5/8 09:34:51.164 [RX] - 56 69 56 4F 74 65 63 68 32 00 C7 00 00 00 86 6E  pass pass pass 00 00 00 00 00 00 00 00 00 00 00 00 00 00 00 00 00 00 00 00 00 00 00 00 00 00 00 00 00 00 00 00 00 00 00 00 00 00 00 00 00 00 00 00 00 00 00  

 Get DUKPT Key Encryption Type...

2017/5/8 09:34:51.378 [TX] - 56 69 56 4F 74 65 63 68 32 00 C7 33 00 00 1A 9B 
2017/5/8 09:34:51.408 [RX] - 56 69 56 4F 74 65 63 68 32 00 C7 00 00 01 01 BC 5E  pass 00 00 00 00 00 00 00 00 00 00 00 00 00 00 00 00 00 00 00 00 00 00 00 00 00 00 00 00 00 00 00 00 00 00 00 00 00 00 00 00 00 00 00 00 00 00  

 Loading DUKPT key...

2017/5/8 09:34:51.623 [TX] - 56 69 56 4F 74 65 63 68 32 00 80 00 00 65 30 45 43 36 30 46 33 35 31 34 37 45 43 41 30 30 38 38 4B 30 54 44 30 30 4E 30 30 30 30 30 30 38 30 39 43 30 37 41 39 39 31 44 43 38 30 33 34 45 43 31 32 45 31 36 39 43 30 44 35 34 35 35 44 45 41 32 39 34 35 31 34 32 34 37 38 30 38 30 35 36 38 32 33 34 39 38 37 31 32 30 32 33 34 30 30 30 30 30 30 30 30 12 43 
2017/5/8 09:34:51.656 [RX] - 56 69 56 4F 74 65 63 68 32 00 80 00 00 00 B9 DF  pass 00 00 00 00 00 00 00 00 00 00 00 00 00 00 00 00 00 00 00 00 00 00 00 00 00 00 00 00 00 00 00 00 00 00 00 00 00 00 00 00 00 00 00 00 00 00 00 
2017/5/8 09:34:51.864 [TX] - 56 69 56 4F 74 65 63 68 32 00 80 00 00 65 31 34 43 45 32 35 35 35 31 34 37 45 43 41 30 30 38 38 4B 30 54 44 30 30 4E 30 30 30 30 30 30 38 30 46 35 30 36 46 36 41 33 44 34 30 38 39 39 45 30 35 35 42 42 35 42 39 45 33 41 44 44 36 30 30 42 38 38 35 33 32 37 37 39 32 32 34 36 30 39 32 36 32 33 41 39 39 37 31 32 36 32 33 34 30 30 30 30 30 30 30 30 35 7F 
2017/5/8 09:34:51.904 [RX] - 56 69 56 4F 74 65 63 68 32 00 80 00 00 00 B9 DF  pass 00 00 00 00 00 00 00 00 00 00 00 00 00 00 00 00 00 00 00 00 00 00 00 00 00 00 00 00 00 00 00 00 00 00 00 00 00 00 00 00 00 00 00 00 00 00 00 
2017/5/8 09:34:52.112 [TX] - 56 69 56 4F 74 65 63 68 32 00 80 01 00 58 41 30 30 38 38 4B 30 54 44 30 30 4E 30 30 30 30 43 44 32 46 43 43 36 44 37 39 32 44 33 42 32 34 46 30 38 33 37 42 30 33 32 44 30 38 36 38 46 45 43 39 46 44 44 43 39 43 32 36 33 31 31 35 46 30 44 43 43 34 42 44 42 35 37 43 36 30 33 43 34 32 46 34 41 35 30 34 34 39 97 D5 
2017/5/8 09:34:52.152 [RX] - 56 69 56 4F 74 65 63 68 32 00 80 00 00 00 B9 DF  pass 00 00 00 00 00 00 00 00 00 00 00 00 00 00 00 00 00 00 00 00 00 00 00 00 00 00 00 00 00 00 00 00 00 00 00 00 00 00 00 00 00 00 00 00 00 00 00 
2017/5/8 09:34:52.361 [TX] - 56 69 56 4F 74 65 63 68 32 00 81 00 00 71 05 41 30 31 31 32 44 30 54 45 30 30 4E 30 31 30 30 4B 53 31 38 36 32 39 39 34 39 30 31 32 43 30 30 30 34 36 30 30 30 30 31 39 34 34 38 36 43 33 31 36 38 43 41 31 46 42 34 41 38 30 39 45 36 33 39 46 46 39 43 33 42 37 32 36 45 32 34 37 43 35 39 30 42 32 32 38 43 35 44 32 32 36 35 30 46 36 36 39 37 45 38 34 37 41 32 46 38 41 32 37 33 39 33 47 AE 
2017/5/8 09:34:52.412 [RX] - 56 69 56 4F 74 65 63 68 32 00 81 00 00 00 CF 6B  pass 00 00 00 00 00 00 00 00 00 00 00 00 00 00 00 00 00 00 00 00 00 00 00 00 00 00 00 00 00 00 00 00 00 00 00 00 00 00 00 00 00 00 00 00 00 00 00 
2017/5/8 09:34:52.622 [TX] - 56 69 56 4F 74 65 63 68 32 00 C7 36 00 01 03 6C 97 
2017/5/8 09:34:52.648 [RX] - 56 69 56 4F 74 65 63 68 32 00 C7 00 00 00 86 6E  pass pass pass 00 00 00 00 00 00 00 00 00 00 00 00 00 00 00 00 00 00 00 00 00 00 00 00 00 00 00 00 00 00 00 00 00 00 00 00 00 00 00 00 00 00 00 00 00 00 00  

Auto Poll

2017/5/8 09:34:52.865 [TX] - 56 69 56 4F 74 65 63 68 32 00 01 01 00 01 00 F6 24 
2017/5/8 09:34:52.892 [RX] - 56 69 56 4F 74 65 63 68 32 00 01 00 00 00 12 53  pass 00 00 00 00 00 00 00 00 00 00 00 00 00 00 00 00 00 00 00 00 00 00 00 00 00 00 00 00 00 00 00 00 00 00 00 00 00 00 00 00 00 00 00 00 00 00 00  

--- Gift card

2017/5/8 09:34:56.901 [TX] - 56 69 56 4F 74 65 63 68 32 00 03 40 00 00 96 E2 
2017/5/8 09:34:56.936 [RX] - 56 69 56 4F 74 65 63 68 32 00 03 00 01 10 CA DF EE 25 02 00 11 DF 4B 75 00 01 40 E0 4D 8F BE B3 93 13 D2 2C 08 74 3D A8 CE 58 33 B7 78 FC 72 B7 25 08 0F 5E 8C 6F 1C 76 C8 39 DA 3C E5 1F E5 54 C5 F1 84 54 2D 58 6B 7B CC 70 A9 B7 5C 96 BE 0B 1F B9 A6 6A 5C 98 19 79 36 C9 F4 30 F3 5B 62 F8 16 11 B5 DE B1 1E 8B 5F 66 A1 3E 68 3E D5 52 15 E3 A7 46 0E 15 C4 20 92 B0 9C 85 3C 9C 8B B6 6E 9E B2 28 FE D6 F8 FA 04 D4 1A D6 E9 00 9F 39 01 90 FF EE 01 04 DF 30 01 0C DF EE 26 01 CA DF 4A 0A 62 99 49 01 2C 00 04 60 00 01 DF 4C 13 36 30 30 36 34 39 2A 2A 2A 2A 2A 2A 35 35 31 37 31 34 37 DF 4D 05 05 00 00 50 00 DF 4F 01 00 DF 34 10 55 31 35 54 54 4B 4E 45 4F 56 31 30 32 30 33 37 DF EF 4C 06 00 25 00 00 00 00 DF EF 4D 30 F3 5B 62 F8 16 11 B5 DE B1 1E 8B 5F 66 A1 3E 68 3E D5 52 15 E3 A7 46 0E 15 C4 20 92 B0 9C 85 3C 6B C0 1C 66 91 2B EB 34 3F D4 2F 6D 65 61 32 23 50 04 00 00 00 00 00 00 00 00 00 00 00 00 00 00 00 00 00 00 00 00 00 00 00 00 00 00 00  

Poll on Demand

2017/5/8 09:34:57.163 [TX] - 56 69 56 4F 74 65 63 68 32 00 01 01 00 01 01 D7 34 
2017/5/8 09:34:57.180 [RX] - 56 69 56 4F 74 65 63 68 32 00 01 00 00 00 12 53  pass 00 00 00 00 00 00 00 00 00 00 00 00 00 00 00 00 00 00 00 00 00 00 00 00 00 00 00 00 00 00 00 00 00 00 00 00 00 00 00 00 00 00 00 00 00 00 00  

 Erase All Keys...

2017/5/8 09:34:57.191 [TX] - 56 69 56 4F 74 65 63 68 32 00 83 00 00 00 03 22 
2017/5/8 09:34:57.224 [RX] - 56 69 56 4F 74 65 63 68 32 00 83 00 00 00 22 03  pass 00 00 00 00 00 00 00 00 00 00 00 00 00 00 00 00 00 00 00 00 00 00 00 00 00 00 00 00 00 00 00 00 00 00 00 00 00 00 00 00 00 00 00 00 00 00 00  

 Set DUKPT Key Encryption Type...

2017/5/8 09:34:57.437 [TX] - 56 69 56 4F 74 65 63 68 32 00 C7 32 00 01 01 7D DF 
2017/5/8 09:34:57.468 [RX] - 56 69 56 4F 74 65 63 68 32 00 C7 00 00 00 86 6E  pass pass pass 00 00 00 00 00 00 00 00 00 00 00 00 00 00 00 00 00 00 00 00 00 00 00 00 00 00 00 00 00 00 00 00 00 00 00 00 00 00 00 00 00 00 00 00 00 00 00  

 Get DUKPT Key Encryption Type...

2017/5/8 09:34:57.682 [TX] - 56 69 56 4F 74 65 63 68 32 00 C7 33 00 00 1A 9B 
2017/5/8 09:34:57.712 [RX] - 56 69 56 4F 74 65 63 68 32 00 C7 00 00 01 01 BC 5E  pass 00 00 00 00 00 00 00 00 00 00 00 00 00 00 00 00 00 00 00 00 00 00 00 00 00 00 00 00 00 00 00 00 00 00 00 00 00 00 00 00 00 00 00 00 00 00  

 Loading DUKPT key...

2017/5/8 09:34:57.927 [TX] - 56 69 56 4F 74 65 63 68 32 00 80 00 00 65 30 45 43 36 30 46 33 35 31 34 37 45 43 41 30 30 38 38 4B 30 54 44 30 30 4E 30 30 30 30 30 30 38 30 39 43 30 37 41 39 39 31 44 43 38 30 33 34 45 43 31 32 45 31 36 39 43 30 44 35 34 35 35 44 45 41 32 39 34 35 31 34 32 34 37 38 30 38 30 35 36 38 32 33 34 39 38 37 31 32 30 32 33 34 30 30 30 30 30 30 30 30 12 43 
2017/5/8 09:34:57.960 [RX] - 56 69 56 4F 74 65 63 68 32 00 80 00 00 00 B9 DF  pass 00 00 00 00 00 00 00 00 00 00 00 00 00 00 00 00 00 00 00 00 00 00 00 00 00 00 00 00 00 00 00 00 00 00 00 00 00 00 00 00 00 00 00 00 00 00 00 
2017/5/8 09:34:58.169 [TX] - 56 69 56 4F 74 65 63 68 32 00 80 00 00 65 31 34 43 45 32 35 35 35 31 34 37 45 43 41 30 30 38 38 4B 30 54 44 30 30 4E 30 30 30 30 30 30 38 30 46 35 30 36 46 36 41 33 44 34 30 38 39 39 45 30 35 35 42 42 35 42 39 45 33 41 44 44 36 30 30 42 38 38 35 33 32 37 37 39 32 32 34 36 30 39 32 36 32 33 41 39 39 37 31 32 36 32 33 34 30 30 30 30 30 30 30 30 35 7F 
2017/5/8 09:34:58.208 [RX] - 56 69 56 4F 74 65 63 68 32 00 80 00 00 00 B9 DF  pass 00 00 00 00 00 00 00 00 00 00 00 00 00 00 00 00 00 00 00 00 00 00 00 00 00 00 00 00 00 00 00 00 00 00 00 00 00 00 00 00 00 00 00 00 00 00 00 
2017/5/8 09:34:58.419 [TX] - 56 69 56 4F 74 65 63 68 32 00 80 01 00 58 41 30 30 38 38 4B 30 54 44 30 30 4E 30 30 30 30 43 44 32 46 43 43 36 44 37 39 32 44 33 42 32 34 46 30 38 33 37 42 30 33 32 44 30 38 36 38 46 45 43 39 46 44 44 43 39 43 32 36 33 31 31 35 46 30 44 43 43 34 42 44 42 35 37 43 36 30 33 43 34 32 46 34 41 35 30 34 34 39 97 D5 
2017/5/8 09:34:58.456 [RX] - 56 69 56 4F 74 65 63 68 32 00 80 00 00 00 B9 DF  pass 00 00 00 00 00 00 00 00 00 00 00 00 00 00 00 00 00 00 00 00 00 00 00 00 00 00 00 00 00 00 00 00 00 00 00 00 00 00 00 00 00 00 00 00 00 00 00 
2017/5/8 09:34:58.666 [TX] - 56 69 56 4F 74 65 63 68 32 00 81 00 00 71 05 41 30 31 31 32 44 30 54 45 30 30 4E 30 31 30 30 4B 53 31 38 36 32 39 39 34 39 30 31 32 43 30 30 30 34 36 30 30 30 30 31 39 34 34 38 36 43 33 31 36 38 43 41 31 46 42 34 41 38 30 39 45 36 33 39 46 46 39 43 33 42 37 32 36 45 32 34 37 43 35 39 30 42 32 32 38 43 35 44 32 32 36 35 30 46 36 36 39 37 45 38 34 37 41 32 46 38 41 32 37 33 39 33 47 AE 
2017/5/8 09:34:58.716 [RX] - 56 69 56 4F 74 65 63 68 32 00 81 00 00 00 CF 6B  pass 00 00 00 00 00 00 00 00 00 00 00 00 00 00 00 00 00 00 00 00 00 00 00 00 00 00 00 00 00 00 00 00 00 00 00 00 00 00 00 00 00 00 00 00 00 00 00 
2017/5/8 09:34:58.927 [TX] - 56 69 56 4F 74 65 63 68 32 00 C7 36 00 01 03 6C 97 
2017/5/8 09:34:58.952 [RX] - 56 69 56 4F 74 65 63 68 32 00 C7 00 00 00 86 6E  pass pass pass 00 00 00 00 00 00 00 00 00 00 00 00 00 00 00 00 00 00 00 00 00 00 00 00 00 00 00 00 00 00 00 00 00 00 00 00 00 00 00 00 00 00 00 00 00 00 00  

Auto Poll

2017/5/8 09:34:59.169 [TX] - 56 69 56 4F 74 65 63 68 32 00 01 01 00 01 00 F6 24 
2017/5/8 09:34:59.196 [RX] - 56 69 56 4F 74 65 63 68 32 00 01 00 00 00 12 53  pass 00 00 00 00 00 00 00 00 00 00 00 00 00 00 00 00 00 00 00 00 00 00 00 00 00 00 00 00 00 00 00 00 00 00 00 00 00 00 00 00 00 00 00 00 00 00 00  

--- Real card (PAN=12)

2017/5/8 09:35:03.213 [TX] - 56 69 56 4F 74 65 63 68 32 00 03 40 00 00 96 E2 
2017/5/8 09:35:03.240 [RX] - 56 69 56 4F 74 65 63 68 32 00 03 00 00 A9 CA DF EE 25 02 00 11 DF 4B 45 01 01 40 F0 0E FF E6 79 1D 1A E1 DB C2 A6 AE FF 6A E1 B5 B1 9F AD DA 2C 90 CD 5B 71 AC EA CC AD 6F 05 1B C0 C9 15 01 B2 6E B3 29 18 44 51 C5 9E 6B 65 1F 50 55 55 75 8C D8 26 E9 4D 70 7B AF 8E E1 FF 11 00 00 9F 39 01 90 FF EE 01 04 DF 30 01 0C DF EE 26 01 CA DF 4A 0A 62 99 49 01 2C 00 04 60 00 01 DF 4C 0C 34 30 37 31 36 36 2A 2A 2A 2A 2A 2A DF 4D 05 05 00 00 50 00 DF 4F 01 00 DF 34 10 55 31 35 54 54 4B 4E 45 4F 56 31 30 32 30 33 37 DF EF 4C 06 00 00 00 00 00 00 DF EF 4D 00 EA CD 00 00 00 00  

Poll on Demand

2017/5/8 09:35:03.459 [TX] - 56 69 56 4F 74 65 63 68 32 00 01 01 00 01 01 D7 34 
2017/5/8 09:35:03.480 [RX] - 56 69 56 4F 74 65 63 68 32 00 01 00 00 00 12 53  pass 00 00 00 00 00 00 00 00 00 00 00 00 00 00 00 00 00 00 00 00 00 00 00 00 00 00 00 00 00 00 00 00 00 00 00 00 00 00 00 00 00 00 00 00 00 00 00  

 Erase All Keys...

2017/5/8 09:35:03.490 [TX] - 56 69 56 4F 74 65 63 68 32 00 83 00 00 00 03 22 
2017/5/8 09:35:03.520 [RX] - 56 69 56 4F 74 65 63 68 32 00 83 00 00 00 22 03  pass 00 00 00 00 00 00 00 00 00 00 00 00 00 00 00 00 00 00 00 00 00 00 00 00 00 00 00 00 00 00 00 00 00 00 00 00 00 00 00 00 00 00 00 00 00 00 00  

 Set DUKPT Key Encryption Type...

2017/5/8 09:35:03.732 [TX] - 56 69 56 4F 74 65 63 68 32 00 C7 32 00 01 01 7D DF 
2017/5/8 09:35:03.760 [RX] - 56 69 56 4F 74 65 63 68 32 00 C7 00 00 00 86 6E  pass pass pass 00 00 00 00 00 00 00 00 00 00 00 00 00 00 00 00 00 00 00 00 00 00 00 00 00 00 00 00 00 00 00 00 00 00 00 00 00 00 00 00 00 00 00 00 00 00 00  

 Get DUKPT Key Encryption Type...

2017/5/8 09:35:03.974 [TX] - 56 69 56 4F 74 65 63 68 32 00 C7 33 00 00 1A 9B 
2017/5/8 09:35:04.000 [RX] - 56 69 56 4F 74 65 63 68 32 00 C7 00 00 01 01 BC 5E  pass 00 00 00 00 00 00 00 00 00 00 00 00 00 00 00 00 00 00 00 00 00 00 00 00 00 00 00 00 00 00 00 00 00 00 00 00 00 00 00 00 00 00 00 00 00 00  

 Loading DUKPT key...

2017/5/8 09:35:04.216 [TX] - 56 69 56 4F 74 65 63 68 32 00 80 00 00 65 30 45 43 36 30 46 33 35 31 34 37 45 43 41 30 30 38 38 4B 30 54 44 30 30 4E 30 30 30 30 30 30 38 30 39 43 30 37 41 39 39 31 44 43 38 30 33 34 45 43 31 32 45 31 36 39 43 30 44 35 34 35 35 44 45 41 32 39 34 35 31 34 32 34 37 38 30 38 30 35 36 38 32 33 34 39 38 37 31 32 30 32 33 34 30 30 30 30 30 30 30 30 12 43 
2017/5/8 09:35:04.248 [RX] - 56 69 56 4F 74 65 63 68 32 00 80 00 00 00 B9 DF  pass 00 00 00 00 00 00 00 00 00 00 00 00 00 00 00 00 00 00 00 00 00 00 00 00 00 00 00 00 00 00 00 00 00 00 00 00 00 00 00 00 00 00 00 00 00 00 00 
2017/5/8 09:35:04.457 [TX] - 56 69 56 4F 74 65 63 68 32 00 80 00 00 65 31 34 43 45 32 35 35 35 31 34 37 45 43 41 30 30 38 38 4B 30 54 44 30 30 4E 30 30 30 30 30 30 38 30 46 35 30 36 46 36 41 33 44 34 30 38 39 39 45 30 35 35 42 42 35 42 39 45 33 41 44 44 36 30 30 42 38 38 35 33 32 37 37 39 32 32 34 36 30 39 32 36 32 33 41 39 39 37 31 32 36 32 33 34 30 30 30 30 30 30 30 30 35 7F 
2017/5/8 09:35:04.496 [RX] - 56 69 56 4F 74 65 63 68 32 00 80 00 00 00 B9 DF  pass 00 00 00 00 00 00 00 00 00 00 00 00 00 00 00 00 00 00 00 00 00 00 00 00 00 00 00 00 00 00 00 00 00 00 00 00 00 00 00 00 00 00 00 00 00 00 00 
2017/5/8 09:35:04.705 [TX] - 56 69 56 4F 74 65 63 68 32 00 80 01 00 58 41 30 30 38 38 4B 30 54 44 30 30 4E 30 30 30 30 43 44 32 46 43 43 36 44 37 39 32 44 33 42 32 34 46 30 38 33 37 42 30 33 32 44 30 38 36 38 46 45 43 39 46 44 44 43 39 43 32 36 33 31 31 35 46 30 44 43 43 34 42 44 42 35 37 43 36 30 33 43 34 32 46 34 41 35 30 34 34 39 97 D5 
2017/5/8 09:35:04.744 [RX] - 56 69 56 4F 74 65 63 68 32 00 80 00 00 00 B9 DF  pass 00 00 00 00 00 00 00 00 00 00 00 00 00 00 00 00 00 00 00 00 00 00 00 00 00 00 00 00 00 00 00 00 00 00 00 00 00 00 00 00 00 00 00 00 00 00 00 
2017/5/8 09:35:04.959 [TX] - 56 69 56 4F 74 65 63 68 32 00 81 00 00 71 05 41 30 31 31 32 44 30 54 45 30 30 4E 30 31 30 30 4B 53 31 38 36 32 39 39 34 39 30 31 32 43 30 30 30 34 36 30 30 30 30 31 39 34 34 38 36 43 33 31 36 38 43 41 31 46 42 34 41 38 30 39 45 36 33 39 46 46 39 43 33 42 37 32 36 45 32 34 37 43 35 39 30 42 32 32 38 43 35 44 32 32 36 35 30 46 36 36 39 37 45 38 34 37 41 32 46 38 41 32 37 33 39 33 47 AE 
2017/5/8 09:35:05.004 [RX] - 56 69 56 4F 74 65 63 68 32 00 81 00 00 00 CF 6B  pass 00 00 00 00 00 00 00 00 00 00 00 00 00 00 00 00 00 00 00 00 00 00 00 00 00 00 00 00 00 00 00 00 00 00 00 00 00 00 00 00 00 00 00 00 00 00 00 
2017/5/8 09:35:05.214 [TX] - 56 69 56 4F 74 65 63 68 32 00 C7 36 00 01 03 6C 97 
2017/5/8 09:35:05.240 [RX] - 56 69 56 4F 74 65 63 68 32 00 C7 00 00 00 86 6E  pass pass pass 00 00 00 00 00 00 00 00 00 00 00 00 00 00 00 00 00 00 00 00 00 00 00 00 00 00 00 00 00 00 00 00 00 00 00 00 00 00 00 00 00 00 00 00 00 00 00  

Auto Poll

2017/5/8 09:35:05.457 [TX] - 56 69 56 4F 74 65 63 68 32 00 01 01 00 01 00 F6 24 
2017/5/8 09:35:05.484 [RX] - 56 69 56 4F 74 65 63 68 32 00 01 00 00 00 12 53  pass 00 00 00 00 00 00 00 00 00 00 00 00 00 00 00 00 00 00 00 00 00 00 00 00 00 00 00 00 00 00 00 00 00 00 00 00 00 00 00 00 00 00 00 00 00 00 00  

--- ISO4909

2017/5/8 09:35:09.499 [TX] - 56 69 56 4F 74 65 63 68 32 00 03 40 00 00 96 E2 
2017/5/8 09:35:09.528 [RX] - 56 69 56 4F 74 65 63 68 32 00 03 00 01 8E CA DF EE 25 02 00 11 DF 4B 81 F5 00 01 50 0A AF 41 FC AC B1 35 DC 25 D9 3B 4B 5B CB 73 B4 ED EE BD F3 AB 37 E6 39 9F 4F 17 F2 76 F8 DE 8D 59 93 BA 43 29 4C 5B 52 DC 92 7D 1D 9D ED 14 F8 51 58 0C 07 96 07 AB 28 01 80 18 BC D3 B7 0F 65 29 71 BD 69 3E DC 75 07 E5 E5 D8 6F 5B 39 E9 C1 30 AC 2A 4C 6E 5F EE A7 69 00 B1 4F B0 91 7E 68 83 82 84 EB 2B 4A 1F CD E3 89 DD 5E 4C BB F0 A7 E8 1C 29 C6 D8 A4 23 CB 79 F6 45 29 36 E8 4D 0B E6 70 3D EE CE 41 E1 14 EB 05 D4 74 74 78 40 5D 5E 6C 68 A8 32 3C DA 36 3A AA FD E9 9C C6 05 E6 EE 5F 02 5F 97 88 ED 92 38 AB CF 17 97 F2 FE FD 8F 9E F8 18 25 4F 07 55 CD EA D1 6B BC 0D FB 95 71 E2 15 A6 4C E5 2D E1 3A ED 76 E7 6E C9 03 20 9B D3 3A FE FC F8 D8 6D 7F 0F EB CB A1 86 64 55 29 E2 F6 1F BF 40 DA 13 1E 93 DE 69 61 8C 59 84 AA 75 9F 39 01 90 FF EE 01 04 DF 30 01 0C DF EE 26 01 CA DF 4A 0A 62 99 49 01 2C 00 04 60 00 01 DF 4C 10 34 35 34 37 35 37 2A 2A 2A 2A 2A 2A 30 30 30 30 DF 4D 05 05 00 00 50 00 DF 4F 01 00 DF 34 10 55 31 35 54 54 4B 4E 45 4F 56 31 30 32 30 33 37 DF EF 4C 06 00 26 00 00 00 00 DF EF 4D 30 AC 2A 4C 6E 5F EE A7 69 00 B1 4F B0 91 7E 68 83 82 84 EB 2B 4A 1F CD E3 89 DD 5E 4C BB F0 A7 E8 C6 74 07 E1 E7 5A 26 0C 84 30 70 6F 77 B9 7A 45 D5 99  pass 00 00 00 00 00 00 00 00 00 00 00 00 00 00 00 00 00 00 00 00 00 00 00 00 00 00 00  

 ---------- END OF TEST ----------

 Result = PASSED
 

 MASTER RESULT = PASSED


Docklight Log File (HEX) - Stopped 2017/5/8 09:35:10.848 

