Docklight Log File (HEX) - Started 2023/10/12 13:39:37.246 
 TEST CASE: Mag013

 --- Set POS COM PORT Settings
 Set POS COM PORT...
 POS operating on COM5 @ 0 baud...
 Set POS COM PORT - COMPLETE

 --- Burst off

2023/10/12 13:39:38.537 [TX] - 56 69 56 4F 74 65 63 68 32 00 04 00 00 05 DF EE 7E 01 00 60 1E 
2023/10/12 13:39:38.585 [RX] - 56 69 56 4F 74 65 63 68 32 00 04 00 00 00 AE 16  

 --- Auto poll

2023/10/12 13:39:38.594 [TX] - 56 69 56 4F 74 65 63 68 32 00 01 01 00 01 00 F6 24 
2023/10/12 13:39:38.637 [RX] - 56 69 56 4F 74 65 63 68 32 00 01 00 00 00 12 53  

 --- DF7D = 00

2023/10/12 13:39:40.840 [TX] - 56 69 56 4F 74 65 63 68 32 00 04 00 00 05 DF EE 7D 01 00 30 47 
2023/10/12 13:39:40.890 [RX] - 56 69 56 4F 74 65 63 68 32 00 04 00 00 00 AE 16  

 --- Activate Transaction

2023/10/12 13:39:46.383 [TX] - 56 69 56 4F 74 65 63 68 32 00 03 00 00 00 3B FF 
2023/10/12 13:39:46.613 [RX] - 56 69 56 4F 74 65 63 68 32 00 03 00 00 8A 41 42 36 35 31 30 30 30 30 30 30 30 30 30 30 31 32 35 5E 43 41 52 44 2F 49 4D 41 47 45 20 30 38 20 20 20 20 20 20 20 20 20 20 20 20 20 5E 31 37 31 32 32 30 31 31 30 30 30 30 39 35 30 30 30 30 30 30 25 36 35 31 30 30 30 30 30 30 30 30 30 30 31 32 35 3D 31 37 31 32 32 30 31 31 30 30 30 30 39 35 30 30 30 30 30 30 00 00 9F 39 01 90 FF EE 01 05 DF EE 30 01 0C DF EE 26 02 28 00 9F 02 06 00 00 00 00 10 00 DF 5B 01 08 ED 6B  

 --- DF7D = 01

2023/10/12 13:39:48.915 [TX] - 56 69 56 4F 74 65 63 68 32 00 04 00 00 05 DF EE 7D 01 02 72 67 
2023/10/12 13:39:48.964 [RX] - 56 69 56 4F 74 65 63 68 32 00 04 00 00 00 AE 16  

 --- Activate Transaction

2023/10/12 13:39:54.817 [TX] - 56 69 56 4F 74 65 63 68 32 00 03 40 00 00 96 E2 
2023/10/12 13:39:55.119 [RX] - 56 69 56 4F 74 65 63 68 32 00 03 00 00 E4 28 DF EE 25 02 00 11 DF EE 23 81 83 02 7D 00 80 1F 44 28 00 A3 00 25 42 36 35 31 30 30 30 30 30 30 30 30 30 30 31 32 35 5E 43 41 52 44 2F 49 4D 41 47 45 20 30 38 20 20 20 20 20 20 20 20 20 20 20 20 20 5E 31 37 31 32 32 30 31 31 30 30 30 30 39 35 30 30 30 30 30 30 3F 23 3B 36 35 31 30 30 30 30 30 30 30 30 30 30 31 32 35 3D 31 37 31 32 32 30 31 31 30 30 30 30 39 35 30 30 30 30 30 30 3F 36 31 33 38 54 38 30 33 36 38 37 3C 06 03 9F 39 01 90 FF EE 01 05 DF EE 30 01 0C DF EE 26 02 28 00 9F 02 06 00 00 00 00 10 00 DF 5B 01 08 DF EF 4C 06 00 27 00 00 00 00 DF EF 4D 27 3B 36 35 31 30 30 30 30 30 30 30 30 30 30 31 32 35 3D 31 37 31 32 32 30 31 31 30 30 30 30 39 35 30 30 30 30 30 30 3F 37 AB 
2023/10/12 13:39:56.312 [TX] - 56 69 56 4F 74 65 63 68 32 00 01 01 00 01 01 D7 34 
2023/10/12 13:39:56.778 [RX] - 56 69 56 4F 74 65 63 68 32 00 01 00 00 00 12 53  

 ---------- END OF TEST ----------

 Result = PASSED


Docklight Log File (HEX) - Stopped 2023/10/12 13:39:57.423 

