Docklight Log File (HEX) - Started 2022/1/3 09:00:14.396 
 TEST CASE: CR500

 --- Set POS COM PORT Settings
 Set POS COM PORT...
 POS operating on COM1 @ 9600 baud...
 Set POS COM PORT - COMPLETE

 --- 04-00-----Burst OFF *** GR

2022/1/3 09:00:15.664 [TX] - 56 69 56 4F 74 65 63 68 32 00 04 00 00 04 FF F7 01 00 B9 2E 
2022/1/3 09:00:15.729 [RX] - 55 55 55 55 55 55 55 55 55 55 55 55 55 55 55 55 55 55 55 55 55 55 55 55 55 55 55 55 55 55 66 56 69 56 4F 74 65 63 68 32 00 04 00 00 00 AE 16  

 --- 01-01-----Poll on Demand

2022/1/3 09:00:15.825 [TX] - 56 69 56 4F 74 65 63 68 32 00 01 01 00 01 01 D7 34 
2022/1/3 09:00:15.883 [RX] - 55 55 55 55 55 55 55 55 55 55 55 55 55 55 55 55 55 55 55 55 55 55 55 55 55 55 55 55 55 55 66 56 69 56 4F 74 65 63 68 32 00 01 00 00 00 12 53  

 --- 02-40, CL transaction

2022/1/3 09:00:19.878 [TX] - 56 69 56 4F 74 65 63 68 32 00 02 40 00 15 78 9F 02 06 00 00 00 00 10 00 9A 03 07 11 21 9F 21 03 10 15 20 93 17 
2022/1/3 09:00:20.780 [RX] - 55 55 55 55 55 55 55 55 55 55 55 55 55 55 55 55 55 55 55 55 55 55 55 55 55 55 55 55 55 55 66 56 69 56 4F 74 65 63 68 32 00 02 23 01 59 11 FF EE 13 41 42 36 35 31 30 30 30 30 30 30 30 30 30 30 31 32 35 5E 43 41 52 44 2F 49 4D 41 47 45 20 30 38 20 20 20 20 20 20 20 20 20 20 20 20 20 5E 31 37 31 32 32 30 31 31 30 30 30 30 39 35 30 30 30 30 30 30 FF EE 14 25 36 35 31 30 30 30 30 30 30 30 30 30 30 31 32 35 3D 31 37 31 32 32 30 31 31 30 30 30 30 39 35 30 30 30 30 30 30 84 08 A0 00 00 03 24 10 10 01 9F 02 06 00 00 00 00 10 00 9F 06 07 A0 00 00 03 24 10 10 9F 35 01 22 9F 37 04 97 74 35 56 9F 39 01 91 9A 03 07 11 21 9F 21 03 10 15 20 56 41 42 36 35 31 30 30 30 30 30 30 30 30 30 30 31 32 35 5E 43 41 52 44 2F 49 4D 41 47 45 20 30 38 20 20 20 20 20 20 20 20 20 20 20 20 20 5E 31 37 31 32 32 30 31 31 30 30 30 30 39 35 30 30 30 30 30 30 57 13 65 10 00 00 00 00 01 25 D1 71 22 01 10 00 09 50 00 00 0F 9C 01 00 FF F2 08 33 54 31 32 33 34 35 36 9F 41 04 00 00 00 02 FF EE 01 08 DF 30 01 00 DF 52 01 00 DF EF 4C 06 00 27 00 00 00 00 DF EF 4D 27 3B 36 35 31 30 30 30 30 30 30 30 30 30 30 31 32 35 3D 31 37 31 32 32 30 31 31 30 30 30 30 39 35 30 30 30 30 30 30 3F DF EE 26 01 11 DD 19  

 --- 60-13

2022/1/3 09:00:24.886 [TX] - 56 69 56 4F 74 65 63 68 32 00 60 13 00 49 9F 27 82 9F 36 9F 07 9F 26 8E 9F 34 9F 1E 9F 0D 9F 0E 9F 0F 9F 10 9F 33 9F 35 9F 4C 5F 30 95 9F 37 9F 01 9F 02 9F 03 5F 24 99 5F 28 9F 15 9F 16 9F 39 9F 1A 9F 1C 5F 2A 9A 9F 21 9C 5F 25 5A 5F 34 57 5F 2D 89 8A DF EE 23 28 26 
2022/1/3 09:00:25.109 [RX] - 55 55 55 55 55 55 55 55 55 55 55 55 55 55 55 55 55 55 55 55 55 55 55 55 55 55 55 55 55 55 66 56 69 56 4F 74 65 63 68 32 00 60 05 00 00 D6 C5  

 --- 02-40, MSR transaction

2022/1/3 09:00:28.724 [TX] - 56 69 56 4F 74 65 63 68 32 00 02 40 00 15 78 9F 02 06 00 00 00 00 10 00 9A 03 07 11 21 9F 21 03 10 15 20 93 17 
2022/1/3 09:00:30.404 [RX] - 55 55 55 55 55 55 55 55 55 55 55 55 55 55 55 55 55 55 55 55 55 55 55 55 55 55 55 55 55 55 66 56 69 56 4F 74 65 63 68 32 00 02 00 01 2E 08 DF EE 25 02 00 11 DF EE 23 81 F9 02 F3 00 83 3F 4F 28 6B 87 00 25 54 52 41 43 4B 31 37 36 37 36 37 36 30 37 30 37 30 37 37 36 37 36 37 36 30 37 30 37 30 37 37 36 37 36 37 36 30 37 30 37 30 37 37 36 37 36 37 36 30 37 30 37 30 37 37 36 37 36 37 36 30 37 30 37 30 37 37 36 37 36 37 36 30 37 30 37 3F 43 3B 32 31 32 31 32 31 32 31 32 31 37 36 37 36 37 36 30 37 30 37 30 37 37 36 37 36 37 36 37 36 32 31 32 31 32 31 32 3F 30 3B 33 33 33 33 33 33 33 33 33 33 37 36 37 36 37 36 30 37 30 37 30 37 37 36 37 36 37 36 33 33 33 33 33 33 33 33 33 33 37 36 37 36 37 36 30 37 30 37 30 37 37 36 37 36 37 36 33 33 33 33 33 33 33 33 33 33 37 36 37 36 37 36 30 37 30 37 30 37 37 36 37 36 37 36 33 33 33 33 33 33 33 33 33 33 37 36 37 36 37 36 30 37 30 37 3F 32 31 32 33 54 31 32 33 34 35 36 44 3E 03 9F 39 01 90 FF EE 01 04 DF 30 01 0C DF EE 26 01 08 9F 02 06 00 00 00 00 10 00 DF 5B 01 08 9A 03 14 08 10 9F 21 03 12 02 07 55 7E  

 --- 60-13

2022/1/3 09:00:31.502 [TX] - 56 69 56 4F 74 65 63 68 32 00 60 13 00 49 9F 27 82 9F 36 9F 07 9F 26 8E 9F 34 9F 1E 9F 0D 9F 0E 9F 0F 9F 10 9F 33 9F 35 9F 4C 5F 30 95 9F 37 9F 01 9F 02 9F 03 5F 24 99 5F 28 9F 15 9F 16 9F 39 9F 1A 9F 1C 5F 2A 9A 9F 21 9C 5F 25 5A 5F 34 57 5F 2D 89 8A DF EE 23 28 26 
2022/1/3 09:00:31.725 [RX] - 55 55 55 55 55 55 55 55 55 55 55 55 55 55 55 55 55 55 55 55 55 55 55 55 55 55 55 55 55 55 66 56 69 56 4F 74 65 63 68 32 00 60 05 00 00 D6 C5  

 --- 60-10, MSR transaction

2022/1/3 09:00:34.678 [TX] - 56 69 56 4F 74 65 63 68 32 00 60 10 00 23 01 00 78 00 78 9C 01 00 5F 57 01 00 9F 02 06 00 00 00 00 02 00 9F 03 06 00 00 00 00 00 00 5F 2A 02 08 40 F0 8F 
2022/1/3 09:00:34.815 [RX] - 55 55 55 55 55 55 55 55 55 55 55 55 55 55 55 55 55 55 55 55 55 55 55 55 55 55 55 55 55 55 66 56 69 56 4F 74 65 63 68 32 00 60 63 00 00 FF 0E 55 55 55 55 55 55 55 55 55 55 55 55 55 55 55 55 55 55 55 55 55 55 55 55 55 55 55 55 55 55 66 56 69 56 4F 74 65 63 68 32 00 61 01 00 10 03 00 00 02 00 45 4E 03 00 81 0B 1C 02 00 00 00 34 C9 55 55 55 55 55 55 55 55 55 55 55 55 55 55 55 55 55 55 55 55 55 55 55 55 55 55 55 55 55 55 66 56 69 56 4F 74 65 63 68 32 00 61 01 00 10 03 00 00 02 00 45 4E 03 00 81 03 1C 02 00 00 00 39 8B 55 55 55 55 55 55 55 55 55 55 55 55 55 55 55 55 55 55 55 55 55 55 55 55 55 55 55 55 55 55 66 56 69 56 4F 74 65 63 68 32 00 60 00 01 42 08 DF EE 25 02 00 11 57 00 5A 00 5F 34 00 5F 20 00 5F 24 00 9F 20 00 5F 25 00 5F 2D 00 50 00 4F 00 84 00 DF EE 23 81 F9 02 F3 00 83 3F 4F 28 6B 87 00 25 54 52 41 43 4B 31 37 36 37 36 37 36 30 37 30 37 30 37 37 36 37 36 37 36 30 37 30 37 30 37 37 36 37 36 37 36 30 37 30 37 30 37 37 36 37 36 37 36 30 37 30 37 30 37 37 36 37 36 37 36 30 37 30 37 30 37 37 36 37 36 37 36 30 37 30 37 3F 43 3B 32 31 32 31 32 31 32 31 32 31 37 36 37 36 37 36 30 37 30 37 30 37 37 36 37 36 37 36 37 36 32 31 32 31 32 31 32 3F 30 3B 33 33 33 33 33 33 33 33 33 33 37 36 37 36 37 36 30 37 30 37 30 37 37 36 37 36 37 36 33 33 33 33 33 33 33 33 33 33 37 36 37 36 37 36 30 37 30 37 30 37 37 36 37 36 37 36 33 33 33 33 33 33 33 33 33 33 37 36 37 36 37 36 30 37 30 37 30 37 37 36 37 36 37 36 33 33 33 33 33 33 33 33 33 33 37 36 37 36 37 36 30 37 30 37 3F 32 31 32 33 54 31 32 33 34 35 36 44 3E 03 9F 39 01 90 FF F2 00 9F 02 06 00 00 00 00 02 00 DF 5B 01 08 FF EE 01 04 DF 30 01 0C DF EE 26 01 08 08 29  

 --- 60-13

2022/1/3 09:00:37.349 [TX] - 56 69 56 4F 74 65 63 68 32 00 60 13 00 49 9F 27 82 9F 36 9F 07 9F 26 8E 9F 34 9F 1E 9F 0D 9F 0E 9F 0F 9F 10 9F 33 9F 35 9F 4C 5F 30 95 9F 37 9F 01 9F 02 9F 03 5F 24 99 5F 28 9F 15 9F 16 9F 39 9F 1A 9F 1C 5F 2A 9A 9F 21 9C 5F 25 5A 5F 34 57 5F 2D 89 8A DF EE 23 28 26 
2022/1/3 09:00:37.573 [RX] - 55 55 55 55 55 55 55 55 55 55 55 55 55 55 55 55 55 55 55 55 55 55 55 55 55 55 55 55 55 55 66 56 69 56 4F 74 65 63 68 32 00 60 05 00 00 D6 C5  

 ---------- END OF TEST ----------

 Result = PASSED


Docklight Log File (HEX) - Stopped 2022/1/3 09:00:37.776 

