Docklight Log File (HEX) - Started 2024/3/13 10:11:36.816 
 TEST CASE: RD02002

 --- Set POS COM PORT Settings
 Set POS COM PORT...
 POS operating on COM90 @ 115200 baud...
 Set POS COM PORT - COMPLETE

 
User selected 'No'

 
Set Params (04-00) on FFF8 to 00 (UI: VivoTech)


2024/3/13 10:11:41.990 [TX] - 56 69 56 4F 74 65 63 68 32 00 04 00 00 04 FF F8 01 00 88 02 
2024/3/13 10:11:42.001 [RX] - 56 69 56 4F 74 65 63 68 32 00 04 00 00 00 AE 16 00 00 00 00 00 00 00 00 00 00 00 00 00 00 00 00 00 00 00 00 00 00 00 00 00 00 00 00 00 00 00 00 00 00 00 00 00 00 00 00 00 00 00 00 00 00 00  
Set Source - RTC Internal and All external


2024/3/13 10:11:42.010 [TX] - 56 69 56 4F 74 65 63 68 32 00 01 05 00 02 1A 0A 42 0F 
2024/3/13 10:11:42.018 [RX] - 56 69 56 4F 74 65 63 68 32 00 01 00 00 00 12 53 00 00 00 00 00 00 00 00 00 00 00 00 00 00 00 00 00 00 00 00 00 00 00 00 00 00 00 00 00 00 00 00 00 00 00 00 00 00 00 00 00 00 00 00 00 00 00  
Three beeps with LED 1 Off (01-02)


2024/3/13 10:11:42.028 [TX] - 56 69 56 4F 74 65 63 68 32 00 01 02 00 04 FF 03 01 00 76 39 
2024/3/13 10:11:42.034 [RX] - 45 00 55 00 04 02 13 00 00 DD 0A 00 00 00 00 00 00 00 00 00 00 00 00 00 00 00 00 00 00 00 00 00 00 00 00 00 00 00 00 00 00 00 00 00 00 00 00 00 00 00 00 00 00 00 00 00 00 00 00 00 00 00 00 56 69 56 4F 74 65 63 68 32 00 01 00 00 00 12 53 00 00 00 00 00 00 00 00 00 00 00 00 00 00 00 00 00 00 00 00 00 00 00 00 00 00 00 00 00 00 00 00 00 00 00 00 00 00 00 00 00 00 00 00 00 00 00  
Three beeps with LED 1 On (01-02)


2024/3/13 10:11:45.050 [TX] - 56 69 56 4F 74 65 63 68 32 00 01 02 00 04 FF 03 01 01 57 29 
2024/3/13 10:11:45.060 [RX] - 45 00 55 00 04 01 11 00 00 28 B6 00 00 00 00 00 00 00 00 00 00 00 00 00 00 00 00 00 00 00 00 00 00 00 00 00 00 00 00 00 00 00 00 00 00 00 00 00 00 00 00 00 00 00 00 00 00 00 00 00 00 00 00 45 00 55 00 04 02 13 00 00 DD 0A 00 00 00 00 00 00 00 00 00 00 00 00 00 00 00 00 00 00 00 00 00 00 00 00 00 00 00 00 00 00 00 00 00 00 00 00 00 00 00 00 00 00 00 00 00 00 00 00 00 00 00 00 56 69 56 4F 74 65 63 68 32 00 01 00 00 00 12 53 00 00 00 00 00 00 00 00 00 00 00 00 00 00 00 00 00 00 00 00 00 00 00 00 00 00 00 00 00 00 00 00 00 00 00 00 00 00 00 00 00 00 00 00 00 00 00  
Set Source - RTC_Internal - All Internal


2024/3/13 10:11:45.093 [TX] - 56 69 56 4F 74 65 63 68 32 00 01 05 00 02 15 05 93 EE 
2024/3/13 10:11:45.107 [RX] - 56 69 56 4F 74 65 63 68 32 00 01 0A 00 00 D5 92 00 00 00 00 00 00 00 00 00 00 00 00 00 00 00 00 00 00 00 00 00 00 00 00 00 00 00 00 00 00 00 00 00 00 00 00 00 00 00 00 00 00 00 00 00 00 00  

 Result = PASSED
 ---------- END OF TEST ----------

 

 MASTER RESULT = PASSED


Docklight Log File (HEX) - Stopped 2024/3/13 10:11:52.718 

