Docklight Log File (HEX) - Started 2025/12/15 11:17:35.342 
 TEST CASE: GTR012

 --- Set POS COM PORT Settings
 Set POS COM PORT...
 POS operating on COM90 @ 9600 baud...
 Set POS COM PORT - COMPLETE

 --- Auto Poll

2025/12/15 11:17:36.779 [TX] - 56 69 56 4F 74 65 63 68 32 00 01 01 00 01 00 F6 24 
2025/12/15 11:17:36.795 [RX] - 56 69 56 4F 74 65 63 68 32 00 01 00 00 00 12 53 00 00 00 00 00 00 00 00 00 00 00 00 00 00 00 00 00 00 00 00 00 00 00 00 00 00 00 00 00 00 00 00 00 00 00 00 00 00 00 00 00 00 00 00 00 00 00  

 --- Burst Mode Off

2025/12/15 11:17:36.805 [TX] - 56 69 56 4F 74 65 63 68 32 00 04 00 00 04 FF F7 01 00 B9 2E 
2025/12/15 11:17:36.812 [RX] - 56 69 56 4F 74 65 63 68 32 00 04 00 00 00 AE 16 00 00 00 00 00 00 00 00 00 00 00 00 00 00 00 00 00 00 00 00 00 00 00 00 00 00 00 00 00 00 00 00 00 00 00 00 00 00 00 00 00 00 00 00 00 00 00  

 --- Get Transaction Result (03-40) *** NEO1

2025/12/15 11:17:41.061 [TX] - 56 69 56 4F 74 65 63 68 32 00 03 40 00 00 96 E2 
2025/12/15 11:17:41.068 [RX] - 56 69 56 4F 74 65 63 68 32 00 03 23 01 FC 01 FF EE 14 22 35 34 31 33 33 33 39 30 30 30 30 30 31 35 31 33 3D 30 35 31 32 32 32 30 30 31 32 33 34 35 36 37 38 39 E1 81 CA 9F 1A 02 01 24 9F 02 06 00 00 00 00 02 00 5F 2A 02 01 24 9A 03 14 08 10 9F 21 03 12 01 52 9F 35 01 24 9C 01 00 95 05 04 40 00 80 00 DF 76 05 04 40 00 80 00 9F 58 01 03 9F 59 03 90 07 00 9F 5A 01 00 9F 37 04 A6 F7 58 2A 9F 33 03 00 08 C8 5F 2D 04 65 6E 66 72 82 02 19 00 9F 03 06 00 00 00 00 00 00 9F 45 02 00 00 9F 26 08 9D F1 F8 9E 94 6C 18 1E 9F 27 01 80 9F 36 02 00 01 9F 10 16 15 01 85 04 00 00 00 00 40 00 70 90 80 00 D8 80 00 00 03 00 00 00 9F 4C 08 00 00 00 00 00 00 00 00 9F 39 01 07 FF EE 01 08 DF 30 01 00 DF 33 01 00 9F 5F 06 00 00 00 00 00 00 9F 5D 06 00 00 00 00 50 00 5F 36 01 02 DF 25 01 00 5A 08 54 13 33 90 00 00 15 13 5F 34 01 01 5F 24 03 05 12 31 50 07 49 6E 74 65 72 61 63 57 11 54 13 33 90 00 00 15 13 D0 51 22 20 01 23 45 67 89 9B 02 88 00 5F 20 0F 54 65 73 74 20 43 61 72 64 20 31 20 20 20 20 9F 07 02 AB 00 9F 0D 05 00 00 00 00 00 9F 0E 05 00 00 00 00 00 9F 0F 05 00 40 00 00 00 9F 06 07 A0 00 00 02 77 10 10 9F 5D 06 00 00 00 00 50 00 5F 25 03 09 01 01 9F 42 02 01 24 9F 34 03 3F 00 00 9F 35 01 24 9F 41 04 00 00 00 37 84 07 A0 00 00 02 77 10 10 9F 63 04 00 00 00 00 9F 09 02 00 02 8E 0A 00 00 00 00 00 00 00 00 1F 00 9F 70 01 00 9F 08 02 00 02 5F 30 02 02 20 5F 28 02 01 24 FF F2 08 32 54 31 33 35 34 34 39 DF EE 26 01 01 DF EF 4C 06 00 24 00 00 00 00 DF EF 4D 24 3B 35 34 31 33 33 33 39 30 30 30 30 30 31 35 31 33 3D 30 35 31 32 32 32 30 30 31 32 33 34 35 36 37 38 39 3F BC BF 00 00 00 00 00 00 00 00 00 00 00 00 00 00 00 00 00 00 00 00 00 00 00 00 00 00 00 00 00 00 00 00 00 00 00 00 00 00 00 00 00 00 00  


2025/12/15 11:17:46.106 [TX] - 56 69 56 4F 74 65 63 68 32 00 03 03 00 15 00 E3 00 06 31 32 33 34 35 36 9A 03 15 07 30 9F 21 03 10 10 10 49 5A 
2025/12/15 11:17:47.108 [RX] - 56 69 56 4F 74 65 63 68 32 00 03 00 00 00 FF 3B 00 00 00 00 00 00 00 00 00 00 00 00 00 00 00 00 00 00 00 00 00 00 00 00 00 00 00 00 00 00 00 00 00 00 00 00 00 00 00 00 00 00 00 00 00 00 00  

 Result = PASSED
 ---------- END OF TEST ----------

 

 MASTER RESULT = PASSED


Docklight Log File (HEX) - Stopped 2025/12/15 11:17:48.731 

