Docklight Log File (HEX) - Started 2017/6/15 09:44:50.425 
 TEST CASE: EMT0410

 --- Set POS COM PORT Settings
 Set POS COM PORT...
 POS operating on COM1 @ 9600 baud...
 Set POS COM PORT - COMPLETE

 

Set MSR Secure Parameters (C7-38)- 0A

2017/6/15 09:44:51.569 [TX] - 56 69 56 4F 74 65 63 68 32 00 C7 38 00 05 DF DE 04 01 0A 23 19 
2017/6/15 09:44:51.600 [RX] - 56 69 56 4F 74 65 63 68 32 00 C7 00 00 00 86 6E  pass pass pass  

Get MSR Secure Parameters (C7-39)

2017/6/15 09:44:51.617 [TX] - 56 69 56 4F 74 65 63 68 32 00 C7 39 00 03 DF DE 04 64 62 
2017/6/15 09:44:51.645 [RX] - 56 69 56 4F 74 65 63 68 32 00 C7 00 00 05 DF DE 04 01 0A 41 25  pass  

Burst mode Off

2017/6/15 09:44:51.672 [TX] - 56 69 56 4F 74 65 63 68 32 00 04 00 00 04 FF F7 01 00 B9 2E 
2017/6/15 09:44:51.702 [RX] - 56 69 56 4F 74 65 63 68 32 00 04 00 00 00 AE 16  pass pass  

Poll on Demand

2017/6/15 09:44:51.723 [TX] - 56 69 56 4F 74 65 63 68 32 00 01 01 00 01 01 D7 34 
2017/6/15 09:44:51.749 [RX] - 56 69 56 4F 74 65 63 68 32 00 01 00 00 00 12 53  pass  

Poll on Demand

2017/6/15 09:44:51.769 [TX] - 56 69 56 4F 74 65 63 68 32 00 01 01 00 01 01 D7 34 
2017/6/15 09:44:51.795 [RX] - 56 69 56 4F 74 65 63 68 32 00 01 00 00 00 12 53  pass  

 Erase All Keys...

2017/6/15 09:44:51.818 [TX] - 56 69 56 4F 74 65 63 68 32 00 83 00 00 00 03 22 
2017/6/15 09:44:51.844 [RX] - 56 69 56 4F 74 65 63 68 32 00 83 00 00 00 22 03  pass  

 Set DUKPT Key Encryption Type...

2017/6/15 09:44:52.063 [TX] - 56 69 56 4F 74 65 63 68 32 00 C7 32 00 01 00 6D FE 
2017/6/15 09:44:52.090 [RX] - 56 69 56 4F 74 65 63 68 32 00 C7 00 00 00 86 6E  pass pass pass  

 Get DUKPT Key Encryption Type...

2017/6/15 09:44:52.310 [TX] - 56 69 56 4F 74 65 63 68 32 00 C7 33 00 00 1A 9B 
2017/6/15 09:44:52.336 [RX] - 56 69 56 4F 74 65 63 68 32 00 C7 00 00 01 00 AC 7F  pass pass  

 Loading DUKPT key...

2017/6/15 09:44:52.561 [TX] - 56 69 56 4F 74 65 63 68 32 00 80 00 00 65 30 45 43 36 30 46 33 35 31 34 37 45 43 41 30 30 38 38 4B 30 54 44 30 30 4E 30 30 30 30 30 30 38 30 39 43 30 37 41 39 39 31 44 43 38 30 33 34 45 43 31 32 45 31 36 39 43 30 44 35 34 35 35 44 45 41 32 39 34 35 31 34 32 34 37 38 30 38 30 35 36 38 32 33 34 39 38 37 31 32 30 32 33 34 30 30 30 30 30 30 30 30 12 43 
2017/6/15 09:44:52.692 [RX] - 56 69 56 4F 74 65 63 68 32 00 80 00 00 00 B9 DF  pass 
2017/6/15 09:44:52.906 [TX] - 56 69 56 4F 74 65 63 68 32 00 80 00 00 65 31 34 43 45 32 35 35 35 31 34 37 45 43 41 30 30 38 38 4B 30 54 44 30 30 4E 30 30 30 30 30 30 38 30 46 35 30 36 46 36 41 33 44 34 30 38 39 39 45 30 35 35 42 42 35 42 39 45 33 41 44 44 36 30 30 42 38 38 35 33 32 37 37 39 32 32 34 36 30 39 32 36 32 33 41 39 39 37 31 32 36 32 33 34 30 30 30 30 30 30 30 30 35 7F 
2017/6/15 09:44:53.038 [RX] - 56 69 56 4F 74 65 63 68 32 00 80 00 00 00 B9 DF  pass 
2017/6/15 09:44:53.253 [TX] - 56 69 56 4F 74 65 63 68 32 00 80 01 00 58 41 30 30 38 38 4B 30 54 44 30 30 4E 30 30 30 30 43 44 32 46 43 43 36 44 37 39 32 44 33 42 32 34 46 30 38 33 37 42 30 33 32 44 30 38 36 38 46 45 43 39 46 44 44 43 39 43 32 36 33 31 31 35 46 30 44 43 43 34 42 44 42 35 37 43 36 30 33 43 34 32 46 34 41 35 30 34 34 39 97 D5 
2017/6/15 09:44:53.373 [RX] - 56 69 56 4F 74 65 63 68 32 00 80 00 00 00 B9 DF  pass 
2017/6/15 09:44:53.595 [TX] - 56 69 56 4F 74 65 63 68 32 00 81 00 00 71 05 41 30 31 31 32 44 30 54 45 30 30 4E 30 31 30 30 4B 53 31 38 36 32 39 39 34 39 30 31 32 43 30 30 30 34 36 30 30 30 30 31 39 34 34 38 36 43 33 31 36 38 43 41 31 46 42 34 41 38 30 39 45 36 33 39 46 46 39 43 33 42 37 32 36 45 32 34 37 43 35 39 30 42 32 32 38 43 35 44 32 32 36 35 30 46 36 36 39 37 45 38 34 37 41 32 46 38 41 32 37 33 39 33 47 AE 
2017/6/15 09:44:53.752 [RX] - 56 69 56 4F 74 65 63 68 32 00 81 00 00 00 CF 6B  pass 
2017/6/15 09:44:53.968 [TX] - 56 69 56 4F 74 65 63 68 32 00 C7 36 00 01 03 6C 97 
2017/6/15 09:44:53.995 [RX] - 56 69 56 4F 74 65 63 68 32 00 C7 00 00 00 86 6E  pass pass pass  

--- IDT

2017/6/15 09:44:54.222 [TX] - 56 69 56 4F 74 65 63 68 32 00 02 40 00 0A 0A 9F 02 06 00 00 00 00 10 00 18 73 
2017/6/15 09:44:55.030 [RX] - 56 69 56 4F 74 65 63 68 32 00 02 00 00 C9 C8 DF EE 25 02 00 11 DF EE 23 81 AC 02 A6 00 83 1F 4F 28 00 81 92 25 54 52 41 43 4B 31 37 36 37 36 37 36 30 37 30 37 30 37 37 36 37 36 37 36 30 37 30 37 30 37 37 36 37 36 37 36 30 37 30 37 30 37 37 36 37 36 37 36 30 37 30 37 30 37 37 36 37 36 37 36 30 37 30 37 30 37 37 36 37 36 37 36 30 37 30 37 3F 43 E0 78 1B 29 C8 1C B3 77 DF 89 75 44 C5 B4 8F E7 18 7D 23 EE 38 95 AE 66 5D C0 F5 8D 6B 97 2D E3 0A D3 6C A9 F9 20 A6 23 B4 BE BA 5E 9A C8 4F CF 5C F2 4B 10 B9 72 1D A8 8F 82 59 C6 36 30 36 54 31 32 33 34 35 36 62 99 49 01 2C 00 04 60 00 01 EA 8E 03 9F 39 01 90 FF EE 01 04 DF 30 01 0C DF EE 26 01 C8 19 A4  IDT MagStripe card - pass  

 Erase All Keys...

2017/6/15 09:44:55.763 [TX] - 56 69 56 4F 74 65 63 68 32 00 83 00 00 00 03 22 
2017/6/15 09:44:55.789 [RX] - 56 69 56 4F 74 65 63 68 32 00 83 00 00 00 22 03  pass  

 Set DUKPT Key Encryption Type...

2017/6/15 09:44:56.009 [TX] - 56 69 56 4F 74 65 63 68 32 00 C7 32 00 01 00 6D FE 
2017/6/15 09:44:56.035 [RX] - 56 69 56 4F 74 65 63 68 32 00 C7 00 00 00 86 6E  pass pass pass  

 Get DUKPT Key Encryption Type...

2017/6/15 09:44:56.255 [TX] - 56 69 56 4F 74 65 63 68 32 00 C7 33 00 00 1A 9B 
2017/6/15 09:44:56.280 [RX] - 56 69 56 4F 74 65 63 68 32 00 C7 00 00 01 00 AC 7F  pass pass  

 Loading DUKPT key...

2017/6/15 09:44:56.507 [TX] - 56 69 56 4F 74 65 63 68 32 00 80 00 00 65 30 45 43 36 30 46 33 35 31 34 37 45 43 41 30 30 38 38 4B 30 54 44 30 30 4E 30 30 30 30 30 30 38 30 39 43 30 37 41 39 39 31 44 43 38 30 33 34 45 43 31 32 45 31 36 39 43 30 44 35 34 35 35 44 45 41 32 39 34 35 31 34 32 34 37 38 30 38 30 35 36 38 32 33 34 39 38 37 31 32 30 32 33 34 30 30 30 30 30 30 30 30 12 43 
2017/6/15 09:44:56.637 [RX] - 56 69 56 4F 74 65 63 68 32 00 80 00 00 00 B9 DF  pass 
2017/6/15 09:44:56.851 [TX] - 56 69 56 4F 74 65 63 68 32 00 80 00 00 65 31 34 43 45 32 35 35 35 31 34 37 45 43 41 30 30 38 38 4B 30 54 44 30 30 4E 30 30 30 30 30 30 38 30 46 35 30 36 46 36 41 33 44 34 30 38 39 39 45 30 35 35 42 42 35 42 39 45 33 41 44 44 36 30 30 42 38 38 35 33 32 37 37 39 32 32 34 36 30 39 32 36 32 33 41 39 39 37 31 32 36 32 33 34 30 30 30 30 30 30 30 30 35 7F 
2017/6/15 09:44:56.983 [RX] - 56 69 56 4F 74 65 63 68 32 00 80 00 00 00 B9 DF  pass 
2017/6/15 09:44:57.199 [TX] - 56 69 56 4F 74 65 63 68 32 00 80 01 00 58 41 30 30 38 38 4B 30 54 44 30 30 4E 30 30 30 30 43 44 32 46 43 43 36 44 37 39 32 44 33 42 32 34 46 30 38 33 37 42 30 33 32 44 30 38 36 38 46 45 43 39 46 44 44 43 39 43 32 36 33 31 31 35 46 30 44 43 43 34 42 44 42 35 37 43 36 30 33 43 34 32 46 34 41 35 30 34 34 39 97 D5 
2017/6/15 09:44:57.318 [RX] - 56 69 56 4F 74 65 63 68 32 00 80 00 00 00 B9 DF  pass 
2017/6/15 09:44:57.535 [TX] - 56 69 56 4F 74 65 63 68 32 00 81 00 00 71 05 41 30 31 31 32 44 30 54 45 30 30 4E 30 31 30 30 4B 53 31 38 36 32 39 39 34 39 30 31 32 43 30 30 30 34 36 30 30 30 30 31 39 34 34 38 36 43 33 31 36 38 43 41 31 46 42 34 41 38 30 39 45 36 33 39 46 46 39 43 33 42 37 32 36 45 32 34 37 43 35 39 30 42 32 32 38 43 35 44 32 32 36 35 30 46 36 36 39 37 45 38 34 37 41 32 46 38 41 32 37 33 39 33 47 AE 
2017/6/15 09:44:57.691 [RX] - 56 69 56 4F 74 65 63 68 32 00 81 00 00 00 CF 6B  pass 
2017/6/15 09:44:57.908 [TX] - 56 69 56 4F 74 65 63 68 32 00 C7 36 00 01 03 6C 97 
2017/6/15 09:44:57.934 [RX] - 56 69 56 4F 74 65 63 68 32 00 C7 00 00 00 86 6E  pass pass pass  

--- Discover

2017/6/15 09:44:58.157 [TX] - 56 69 56 4F 74 65 63 68 32 00 02 40 00 0A 0A 9F 02 06 00 00 00 00 10 00 18 73 
2017/6/15 09:44:59.017 [RX] - 56 69 56 4F 74 65 63 68 32 00 02 00 01 50 C8 DF EE 25 02 00 11 DF EE 23 81 FD 02 F7 00 80 1F 44 28 00 A1 9B 25 2A 36 35 31 30 2A 2A 2A 2A 2A 2A 2A 2A 30 30 32 36 5E 43 41 52 44 2F 49 4D 41 47 45 20 30 33 20 20 20 20 20 20 20 20 20 20 20 20 20 5E 31 37 31 32 2A 2A 2A 2A 2A 2A 2A 2A 2A 2A 2A 2A 2A 2A 2A 2A 3F 2A C7 27 B0 60 AB FC 2B 62 4C 4D 6E 59 96 E2 2D 84 8D 87 D6 E3 82 0D 57 37 4F 6D 3F B3 1F 75 06 1A DC 17 89 FB C3 C7 50 C7 5D 06 65 00 04 08 CA B4 CA 0C 62 47 62 EE 86 0F BD 54 17 E0 FD D5 7E 1D A9 C9 FA 98 FB DF 49 CA CE 1B DC 33 AA 1A DD A5 D6 52 C6 FC CF C5 DC A9 46 A8 07 1F 1C 13 1B 7F E6 5F 75 06 01 CE C6 1E 8A 64 0E 1C 2B EC 80 D4 51 48 AB 78 7E 8B 8D 05 DC 8A C9 07 9E FC 98 53 27 0B ED B9 10 02 52 D6 AA D8 46 CB 85 69 24 FE 7C 93 52 0B 36 DA D9 25 36 30 36 54 31 32 33 34 35 36 62 99 49 01 2C 00 04 60 00 01 90 64 03 9F 39 01 90 FF EE 01 04 DF 30 01 0C DF EE 26 01 C8 DF EF  Discover MagStripe card - pass 4C 06 00 27 00 00 00 00 DF EF 4D 28 CE 1B DC 33 AA 1A DD A5 D6 52 C6 FC CF C5 DC A9 46 A8 07 1F 1C 13 1B 7F E6 5F 75 06 01 CE C6 1E 42 71 F3 A3 EF 56 39 CA 23 05  

 Erase All Keys...

2017/6/15 09:44:59.888 [TX] - 56 69 56 4F 74 65 63 68 32 00 83 00 00 00 03 22 
2017/6/15 09:44:59.914 [RX] - 56 69 56 4F 74 65 63 68 32 00 83 00 00 00 22 03  pass  

 Set DUKPT Key Encryption Type...

2017/6/15 09:45:00.133 [TX] - 56 69 56 4F 74 65 63 68 32 00 C7 32 00 01 00 6D FE 
2017/6/15 09:45:00.160 [RX] - 56 69 56 4F 74 65 63 68 32 00 C7 00 00 00 86 6E  pass pass pass  

 Get DUKPT Key Encryption Type...

2017/6/15 09:45:00.380 [TX] - 56 69 56 4F 74 65 63 68 32 00 C7 33 00 00 1A 9B 
2017/6/15 09:45:00.406 [RX] - 56 69 56 4F 74 65 63 68 32 00 C7 00 00 01 00 AC 7F  pass pass  

 Loading DUKPT key...

2017/6/15 09:45:00.631 [TX] - 56 69 56 4F 74 65 63 68 32 00 80 00 00 65 30 45 43 36 30 46 33 35 31 34 37 45 43 41 30 30 38 38 4B 30 54 44 30 30 4E 30 30 30 30 30 30 38 30 39 43 30 37 41 39 39 31 44 43 38 30 33 34 45 43 31 32 45 31 36 39 43 30 44 35 34 35 35 44 45 41 32 39 34 35 31 34 32 34 37 38 30 38 30 35 36 38 32 33 34 39 38 37 31 32 30 32 33 34 30 30 30 30 30 30 30 30 12 43 
2017/6/15 09:45:00.762 [RX] - 56 69 56 4F 74 65 63 68 32 00 80 00 00 00 B9 DF  pass 
2017/6/15 09:45:00.977 [TX] - 56 69 56 4F 74 65 63 68 32 00 80 00 00 65 31 34 43 45 32 35 35 35 31 34 37 45 43 41 30 30 38 38 4B 30 54 44 30 30 4E 30 30 30 30 30 30 38 30 46 35 30 36 46 36 41 33 44 34 30 38 39 39 45 30 35 35 42 42 35 42 39 45 33 41 44 44 36 30 30 42 38 38 35 33 32 37 37 39 32 32 34 36 30 39 32 36 32 33 41 39 39 37 31 32 36 32 33 34 30 30 30 30 30 30 30 30 35 7F 
2017/6/15 09:45:01.108 [RX] - 56 69 56 4F 74 65 63 68 32 00 80 00 00 00 B9 DF  pass 
2017/6/15 09:45:01.325 [TX] - 56 69 56 4F 74 65 63 68 32 00 80 01 00 58 41 30 30 38 38 4B 30 54 44 30 30 4E 30 30 30 30 43 44 32 46 43 43 36 44 37 39 32 44 33 42 32 34 46 30 38 33 37 42 30 33 32 44 30 38 36 38 46 45 43 39 46 44 44 43 39 43 32 36 33 31 31 35 46 30 44 43 43 34 42 44 42 35 37 43 36 30 33 43 34 32 46 34 41 35 30 34 34 39 97 D5 
2017/6/15 09:45:01.444 [RX] - 56 69 56 4F 74 65 63 68 32 00 80 00 00 00 B9 DF  pass 
2017/6/15 09:45:01.660 [TX] - 56 69 56 4F 74 65 63 68 32 00 81 00 00 71 05 41 30 31 31 32 44 30 54 45 30 30 4E 30 31 30 30 4B 53 31 38 36 32 39 39 34 39 30 31 32 43 30 30 30 34 36 30 30 30 30 31 39 34 34 38 36 43 33 31 36 38 43 41 31 46 42 34 41 38 30 39 45 36 33 39 46 46 39 43 33 42 37 32 36 45 32 34 37 43 35 39 30 42 32 32 38 43 35 44 32 32 36 35 30 46 36 36 39 37 45 38 34 37 41 32 46 38 41 32 37 33 39 33 47 AE 
2017/6/15 09:45:01.816 [RX] - 56 69 56 4F 74 65 63 68 32 00 81 00 00 00 CF 6B  pass 
2017/6/15 09:45:02.033 [TX] - 56 69 56 4F 74 65 63 68 32 00 C7 36 00 01 03 6C 97 
2017/6/15 09:45:02.059 [RX] - 56 69 56 4F 74 65 63 68 32 00 C7 00 00 00 86 6E  pass pass pass  

--- JIS1

2017/6/15 09:45:02.282 [TX] - 56 69 56 4F 74 65 63 68 32 00 02 40 00 0A 0A 9F 02 06 00 00 00 00 10 00 18 73 
2017/6/15 09:45:03.132 [RX] - 56 69 56 4F 74 65 63 68 32 00 02 00 00 C2 C8 DF EE 25 02 00 11 DF EE 23 81 A5 02 9F 00 86 1F 48 28 00 81 92 7F 61 39 30 30 30 30 30 30 30 32 31 31 31 31 31 32 33 34 35 36 37 38 39 30 31 32 32 32 32 32 33 33 33 33 33 34 34 34 34 34 35 35 35 35 35 36 36 36 36 36 37 37 37 37 37 38 38 38 38 38 39 39 39 39 39 30 30 30 30 7F 15 DA 1B F5 A0 AA B4 C9 6B B6 7D 9C 0C B7 FF 06 F5 C6 5F 35 B0 8E 97 0B CF 1E 46 87 67 8D 63 AA 01 CB 85 B9 0C 33 A2 E0 F0 69 E4 C5 3F F7 53 B0 2E 12 21 1F 5E 75 13 6C 76 51 C4 63 62 36 30 36 54 31 32 33 34 35 36 62 99 49 01 2C 00 04 60 00 01 55 35 03 9F 39 01 90 FF EE 01 04 DF 30 01 0C DF EE 26 01 C8 46 09  JIS I MagStripe card - pass  

 Erase All Keys...

2017/6/15 09:45:03.858 [TX] - 56 69 56 4F 74 65 63 68 32 00 83 00 00 00 03 22 
2017/6/15 09:45:03.884 [RX] - 56 69 56 4F 74 65 63 68 32 00 83 00 00 00 22 03  pass  

 Set DUKPT Key Encryption Type...

2017/6/15 09:45:04.104 [TX] - 56 69 56 4F 74 65 63 68 32 00 C7 32 00 01 00 6D FE 
2017/6/15 09:45:04.130 [RX] - 56 69 56 4F 74 65 63 68 32 00 C7 00 00 00 86 6E  pass pass pass  

 Get DUKPT Key Encryption Type...

2017/6/15 09:45:04.350 [TX] - 56 69 56 4F 74 65 63 68 32 00 C7 33 00 00 1A 9B 
2017/6/15 09:45:04.376 [RX] - 56 69 56 4F 74 65 63 68 32 00 C7 00 00 01 00 AC 7F  pass pass  

 Loading DUKPT key...

2017/6/15 09:45:04.602 [TX] - 56 69 56 4F 74 65 63 68 32 00 80 00 00 65 30 45 43 36 30 46 33 35 31 34 37 45 43 41 30 30 38 38 4B 30 54 44 30 30 4E 30 30 30 30 30 30 38 30 39 43 30 37 41 39 39 31 44 43 38 30 33 34 45 43 31 32 45 31 36 39 43 30 44 35 34 35 35 44 45 41 32 39 34 35 31 34 32 34 37 38 30 38 30 35 36 38 32 33 34 39 38 37 31 32 30 32 33 34 30 30 30 30 30 30 30 30 12 43 
2017/6/15 09:45:04.733 [RX] - 56 69 56 4F 74 65 63 68 32 00 80 00 00 00 B9 DF  pass 
2017/6/15 09:45:04.948 [TX] - 56 69 56 4F 74 65 63 68 32 00 80 00 00 65 31 34 43 45 32 35 35 35 31 34 37 45 43 41 30 30 38 38 4B 30 54 44 30 30 4E 30 30 30 30 30 30 38 30 46 35 30 36 46 36 41 33 44 34 30 38 39 39 45 30 35 35 42 42 35 42 39 45 33 41 44 44 36 30 30 42 38 38 35 33 32 37 37 39 32 32 34 36 30 39 32 36 32 33 41 39 39 37 31 32 36 32 33 34 30 30 30 30 30 30 30 30 35 7F 
2017/6/15 09:45:05.079 [RX] - 56 69 56 4F 74 65 63 68 32 00 80 00 00 00 B9 DF  pass 
2017/6/15 09:45:05.296 [TX] - 56 69 56 4F 74 65 63 68 32 00 80 01 00 58 41 30 30 38 38 4B 30 54 44 30 30 4E 30 30 30 30 43 44 32 46 43 43 36 44 37 39 32 44 33 42 32 34 46 30 38 33 37 42 30 33 32 44 30 38 36 38 46 45 43 39 46 44 44 43 39 43 32 36 33 31 31 35 46 30 44 43 43 34 42 44 42 35 37 43 36 30 33 43 34 32 46 34 41 35 30 34 34 39 97 D5 
2017/6/15 09:45:05.416 [RX] - 56 69 56 4F 74 65 63 68 32 00 80 00 00 00 B9 DF  pass 
2017/6/15 09:45:05.632 [TX] - 56 69 56 4F 74 65 63 68 32 00 81 00 00 71 05 41 30 31 31 32 44 30 54 45 30 30 4E 30 31 30 30 4B 53 31 38 36 32 39 39 34 39 30 31 32 43 30 30 30 34 36 30 30 30 30 31 39 34 34 38 36 43 33 31 36 38 43 41 31 46 42 34 41 38 30 39 45 36 33 39 46 46 39 43 33 42 37 32 36 45 32 34 37 43 35 39 30 42 32 32 38 43 35 44 32 32 36 35 30 46 36 36 39 37 45 38 34 37 41 32 46 38 41 32 37 33 39 33 47 AE 
2017/6/15 09:45:05.789 [RX] - 56 69 56 4F 74 65 63 68 32 00 81 00 00 00 CF 6B  pass 
2017/6/15 09:45:06.005 [TX] - 56 69 56 4F 74 65 63 68 32 00 C7 36 00 01 03 6C 97 
2017/6/15 09:45:06.031 [RX] - 56 69 56 4F 74 65 63 68 32 00 C7 00 00 00 86 6E  pass pass pass  

--- JIS2

2017/6/15 09:45:06.254 [TX] - 56 69 56 4F 74 65 63 68 32 00 02 40 00 0A 0A 9F 02 06 00 00 00 00 10 00 18 73 
2017/6/15 09:45:07.119 [RX] - 56 69 56 4F 74 65 63 68 32 00 02 00 00 99 C8 DF EE 25 02 00 11 DF EE 23 7D 02 77 00 85 17 00 48 00 80 92 88 C9 A3 6E DD 0F A6 99 2C A2 29 61 EA B0 CA 2A C1 66 0E 63 45 74 03 9D 8F F0 CE 80 7F 72 DC 4B E3 F1 A4 09 59 71 EC 08 F4 0B F4 B9 E6 9B 9B 2D B6 4B E9 BE 7A 4C 91 CE 37 61 4D DB F2 B4 86 03 08 95 3E B0 A9 E4 3E 03 22 53 BB 7F 5A 95 59 55 40 72 53 C1 06 B4 33 86 42 44 BF EC 36 30 36 54 31 32 33 34 35 36 62 99 49 01 2C 00 04 60 00 01 AF 39 03 9F 39 01 90 FF EE 01 04 DF 30 01 0C DF EE 26 01 C8 B9 DA  JIS II MagStripe card - pass  

 Erase All Keys...

2017/6/15 09:45:07.802 [TX] - 56 69 56 4F 74 65 63 68 32 00 83 00 00 00 03 22 
2017/6/15 09:45:07.828 [RX] - 56 69 56 4F 74 65 63 68 32 00 83 00 00 00 22 03  pass  

 Set DUKPT Key Encryption Type...

2017/6/15 09:45:08.048 [TX] - 56 69 56 4F 74 65 63 68 32 00 C7 32 00 01 00 6D FE 
2017/6/15 09:45:08.075 [RX] - 56 69 56 4F 74 65 63 68 32 00 C7 00 00 00 86 6E  pass pass pass  

 Get DUKPT Key Encryption Type...

2017/6/15 09:45:08.294 [TX] - 56 69 56 4F 74 65 63 68 32 00 C7 33 00 00 1A 9B 
2017/6/15 09:45:08.320 [RX] - 56 69 56 4F 74 65 63 68 32 00 C7 00 00 01 00 AC 7F  pass pass  

 Loading DUKPT key...

2017/6/15 09:45:08.545 [TX] - 56 69 56 4F 74 65 63 68 32 00 80 00 00 65 30 45 43 36 30 46 33 35 31 34 37 45 43 41 30 30 38 38 4B 30 54 44 30 30 4E 30 30 30 30 30 30 38 30 39 43 30 37 41 39 39 31 44 43 38 30 33 34 45 43 31 32 45 31 36 39 43 30 44 35 34 35 35 44 45 41 32 39 34 35 31 34 32 34 37 38 30 38 30 35 36 38 32 33 34 39 38 37 31 32 30 32 33 34 30 30 30 30 30 30 30 30 12 43 
2017/6/15 09:45:08.676 [RX] - 56 69 56 4F 74 65 63 68 32 00 80 00 00 00 B9 DF  pass 
2017/6/15 09:45:08.891 [TX] - 56 69 56 4F 74 65 63 68 32 00 80 00 00 65 31 34 43 45 32 35 35 35 31 34 37 45 43 41 30 30 38 38 4B 30 54 44 30 30 4E 30 30 30 30 30 30 38 30 46 35 30 36 46 36 41 33 44 34 30 38 39 39 45 30 35 35 42 42 35 42 39 45 33 41 44 44 36 30 30 42 38 38 35 33 32 37 37 39 32 32 34 36 30 39 32 36 32 33 41 39 39 37 31 32 36 32 33 34 30 30 30 30 30 30 30 30 35 7F 
2017/6/15 09:45:09.022 [RX] - 56 69 56 4F 74 65 63 68 32 00 80 00 00 00 B9 DF  pass 
2017/6/15 09:45:09.241 [TX] - 56 69 56 4F 74 65 63 68 32 00 80 01 00 58 41 30 30 38 38 4B 30 54 44 30 30 4E 30 30 30 30 43 44 32 46 43 43 36 44 37 39 32 44 33 42 32 34 46 30 38 33 37 42 30 33 32 44 30 38 36 38 46 45 43 39 46 44 44 43 39 43 32 36 33 31 31 35 46 30 44 43 43 34 42 44 42 35 37 43 36 30 33 43 34 32 46 34 41 35 30 34 34 39 97 D5 
2017/6/15 09:45:09.361 [RX] - 56 69 56 4F 74 65 63 68 32 00 80 00 00 00 B9 DF  pass 
2017/6/15 09:45:09.577 [TX] - 56 69 56 4F 74 65 63 68 32 00 81 00 00 71 05 41 30 31 31 32 44 30 54 45 30 30 4E 30 31 30 30 4B 53 31 38 36 32 39 39 34 39 30 31 32 43 30 30 30 34 36 30 30 30 30 31 39 34 34 38 36 43 33 31 36 38 43 41 31 46 42 34 41 38 30 39 45 36 33 39 46 46 39 43 33 42 37 32 36 45 32 34 37 43 35 39 30 42 32 32 38 43 35 44 32 32 36 35 30 46 36 36 39 37 45 38 34 37 41 32 46 38 41 32 37 33 39 33 47 AE 
2017/6/15 09:45:09.734 [RX] - 56 69 56 4F 74 65 63 68 32 00 81 00 00 00 CF 6B  pass 
2017/6/15 09:45:09.950 [TX] - 56 69 56 4F 74 65 63 68 32 00 C7 36 00 01 03 6C 97 
2017/6/15 09:45:09.976 [RX] - 56 69 56 4F 74 65 63 68 32 00 C7 00 00 00 86 6E  pass pass pass  

--- AAMVA

2017/6/15 09:45:10.200 [TX] - 56 69 56 4F 74 65 63 68 32 00 02 40 00 0A 0A 9F 02 06 00 00 00 00 10 00 18 73 
2017/6/15 09:45:11.041 [RX] - 56 69 56 4F 74 65 63 68 32 00 02 00 00 AA C8 DF EE 25 02 00 11 DF EE 23 81 8D 02 87 00 81 1F 30 23 00 81 92 25 4E 59 4E 45 57 20 59 4F 52 4B 5E 4C 45 45 24 42 52 55 43 45 24 4A 52 5E 36 35 35 20 4E 2E 20 42 45 52 52 59 20 53 54 2E 2C 20 23 4B 5E 3F 52 FE 42 BA 7C 3B 42 E3 38 5A 8A 34 44 07 44 47 EC 9E 42 E0 24 A3 C2 5C 56 AF AC CE 26 EA 2A 2C 24 5B 64 79 3E 02 D5 7F 2F C6 43 6C 69 1F 94 5A A3 C8 0D A2 0E 46 A0 28 5F 0C BA 2A 32 36 30 36 54 31 32 33 34 35 36 62 99 49 01 2C 00 04 60 00 01 9C B4 03 9F 39 01 90 FF EE 01 04 DF 30 01 0C DF EE 26 01 C8 82 66  AAMVA MagStripe card - pass  

 Erase All Keys...

2017/6/15 09:45:11.743 [TX] - 56 69 56 4F 74 65 63 68 32 00 83 00 00 00 03 22 
2017/6/15 09:45:11.768 [RX] - 56 69 56 4F 74 65 63 68 32 00 83 00 00 00 22 03  pass  

 Set DUKPT Key Encryption Type...

2017/6/15 09:45:11.988 [TX] - 56 69 56 4F 74 65 63 68 32 00 C7 32 00 01 00 6D FE 
2017/6/15 09:45:12.014 [RX] - 56 69 56 4F 74 65 63 68 32 00 C7 00 00 00 86 6E  pass pass pass  

 Get DUKPT Key Encryption Type...

2017/6/15 09:45:12.237 [TX] - 56 69 56 4F 74 65 63 68 32 00 C7 33 00 00 1A 9B 
2017/6/15 09:45:12.262 [RX] - 56 69 56 4F 74 65 63 68 32 00 C7 00 00 01 00 AC 7F  pass pass  

 Loading DUKPT key...

2017/6/15 09:45:12.488 [TX] - 56 69 56 4F 74 65 63 68 32 00 80 00 00 65 30 45 43 36 30 46 33 35 31 34 37 45 43 41 30 30 38 38 4B 30 54 44 30 30 4E 30 30 30 30 30 30 38 30 39 43 30 37 41 39 39 31 44 43 38 30 33 34 45 43 31 32 45 31 36 39 43 30 44 35 34 35 35 44 45 41 32 39 34 35 31 34 32 34 37 38 30 38 30 35 36 38 32 33 34 39 38 37 31 32 30 32 33 34 30 30 30 30 30 30 30 30 12 43 
2017/6/15 09:45:12.619 [RX] - 56 69 56 4F 74 65 63 68 32 00 80 00 00 00 B9 DF  pass 
2017/6/15 09:45:12.835 [TX] - 56 69 56 4F 74 65 63 68 32 00 80 00 00 65 31 34 43 45 32 35 35 35 31 34 37 45 43 41 30 30 38 38 4B 30 54 44 30 30 4E 30 30 30 30 30 30 38 30 46 35 30 36 46 36 41 33 44 34 30 38 39 39 45 30 35 35 42 42 35 42 39 45 33 41 44 44 36 30 30 42 38 38 35 33 32 37 37 39 32 32 34 36 30 39 32 36 32 33 41 39 39 37 31 32 36 32 33 34 30 30 30 30 30 30 30 30 35 7F 
2017/6/15 09:45:12.967 [RX] - 56 69 56 4F 74 65 63 68 32 00 80 00 00 00 B9 DF  pass 
2017/6/15 09:45:13.183 [TX] - 56 69 56 4F 74 65 63 68 32 00 80 01 00 58 41 30 30 38 38 4B 30 54 44 30 30 4E 30 30 30 30 43 44 32 46 43 43 36 44 37 39 32 44 33 42 32 34 46 30 38 33 37 42 30 33 32 44 30 38 36 38 46 45 43 39 46 44 44 43 39 43 32 36 33 31 31 35 46 30 44 43 43 34 42 44 42 35 37 43 36 30 33 43 34 32 46 34 41 35 30 34 34 39 97 D5 
2017/6/15 09:45:13.303 [RX] - 56 69 56 4F 74 65 63 68 32 00 80 00 00 00 B9 DF  pass 
2017/6/15 09:45:13.519 [TX] - 56 69 56 4F 74 65 63 68 32 00 81 00 00 71 05 41 30 31 31 32 44 30 54 45 30 30 4E 30 31 30 30 4B 53 31 38 36 32 39 39 34 39 30 31 32 43 30 30 30 34 36 30 30 30 30 31 39 34 34 38 36 43 33 31 36 38 43 41 31 46 42 34 41 38 30 39 45 36 33 39 46 46 39 43 33 42 37 32 36 45 32 34 37 43 35 39 30 42 32 32 38 43 35 44 32 32 36 35 30 46 36 36 39 37 45 38 34 37 41 32 46 38 41 32 37 33 39 33 47 AE 
2017/6/15 09:45:13.676 [RX] - 56 69 56 4F 74 65 63 68 32 00 81 00 00 00 CF 6B  pass 
2017/6/15 09:45:13.893 [TX] - 56 69 56 4F 74 65 63 68 32 00 C7 36 00 01 03 6C 97 
2017/6/15 09:45:13.920 [RX] - 56 69 56 4F 74 65 63 68 32 00 C7 00 00 00 86 6E  pass pass pass  

--- Gift card

2017/6/15 09:45:14.142 [TX] - 56 69 56 4F 74 65 63 68 32 00 02 40 00 0A 0A 9F 02 06 00 00 00 00 10 00 18 73 
2017/6/15 09:45:15.058 [RX] - 56 69 56 4F 74 65 63 68 32 00 02 00 01 41 C8 DF EE 25 02 00 11 DF EE 23 81 EE 02 E8 00 80 1F 3D 26 00 81 9B 25 2A 36 30 30 36 2A 2A 2A 2A 2A 2A 2A 2A 2A 2A 2A 37 31 34 37 5E 30 37 36 37 35 30 30 39 39 30 32 24 30 30 30 30 30 24 20 20 20 20 20 20 20 20 5E 38 30 31 32 2A 2A 2A 2A 2A 2A 3F 2A F9 77 33 C0 CF 91 D9 6B 0C A9 4F 94 A1 A0 D2 5C C4 F6 E1 E2 FD 2C 89 95 79 E2 91 C1 61 54 FE 00 EB 36 8F 95 04 51 B8 BD F8 8C 08 4C 7B BF 7F 2C C1 DD 3E 2D 73 E0 3E 5A D5 9D 27 FA 05 0B D2 9D 7C E5 05 DC 8A 63 65 57 23 59 99 0C 93 2C F1 8A 31 A7 67 BA D1 6A 5E 94 00 9E 3F F3 6F 1A 87 BE 11 AE B2 68 1B 11 3A C0 4F 96 8D 11 4A 72 0C 4F 3F 7F 90 8C E8 2E DC 54 F5 7D EE DF F5 7B 99 7B D5 25 11 FE 3A 50 34 80 4E 98 D6 B4 D6 2C C9 45 36 30 36 54 31 32 33 34 35 36 62 99 49 01 2C 00 04 60 00 01 43 87 03 9F 39 01 90 FF EE 01 04 DF 30 01 0C DF EE 26 01 C8 DF EF  Gift card MagStripe card - pass 4C 06 00 25 00 00 00 00 DF EF 4D 28 7C E5 05 DC 8A 63 65 57 23 59 99 0C 93 2C F1 8A 31 A7 67 BA D1 6A 5E 94 00 9E 3F F3 6F 1A 87 BE 72 73 0A 1D 19 77 7E EF 78 F8  

 Erase All Keys...

2017/6/15 09:45:15.861 [TX] - 56 69 56 4F 74 65 63 68 32 00 83 00 00 00 03 22 
2017/6/15 09:45:15.887 [RX] - 56 69 56 4F 74 65 63 68 32 00 83 00 00 00 22 03  pass  

 Set DUKPT Key Encryption Type...

2017/6/15 09:45:16.112 [TX] - 56 69 56 4F 74 65 63 68 32 00 C7 32 00 01 00 6D FE 
2017/6/15 09:45:16.139 [RX] - 56 69 56 4F 74 65 63 68 32 00 C7 00 00 00 86 6E  pass pass pass  

 Get DUKPT Key Encryption Type...

2017/6/15 09:45:16.365 [TX] - 56 69 56 4F 74 65 63 68 32 00 C7 33 00 00 1A 9B 
2017/6/15 09:45:16.390 [RX] - 56 69 56 4F 74 65 63 68 32 00 C7 00 00 01 00 AC 7F  pass pass  

 Loading DUKPT key...

2017/6/15 09:45:16.616 [TX] - 56 69 56 4F 74 65 63 68 32 00 80 00 00 65 30 45 43 36 30 46 33 35 31 34 37 45 43 41 30 30 38 38 4B 30 54 44 30 30 4E 30 30 30 30 30 30 38 30 39 43 30 37 41 39 39 31 44 43 38 30 33 34 45 43 31 32 45 31 36 39 43 30 44 35 34 35 35 44 45 41 32 39 34 35 31 34 32 34 37 38 30 38 30 35 36 38 32 33 34 39 38 37 31 32 30 32 33 34 30 30 30 30 30 30 30 30 12 43 
2017/6/15 09:45:16.746 [RX] - 56 69 56 4F 74 65 63 68 32 00 80 00 00 00 B9 DF  pass 
2017/6/15 09:45:16.961 [TX] - 56 69 56 4F 74 65 63 68 32 00 80 00 00 65 31 34 43 45 32 35 35 35 31 34 37 45 43 41 30 30 38 38 4B 30 54 44 30 30 4E 30 30 30 30 30 30 38 30 46 35 30 36 46 36 41 33 44 34 30 38 39 39 45 30 35 35 42 42 35 42 39 45 33 41 44 44 36 30 30 42 38 38 35 33 32 37 37 39 32 32 34 36 30 39 32 36 32 33 41 39 39 37 31 32 36 32 33 34 30 30 30 30 30 30 30 30 35 7F 
2017/6/15 09:45:17.093 [RX] - 56 69 56 4F 74 65 63 68 32 00 80 00 00 00 B9 DF  pass 
2017/6/15 09:45:17.308 [TX] - 56 69 56 4F 74 65 63 68 32 00 80 01 00 58 41 30 30 38 38 4B 30 54 44 30 30 4E 30 30 30 30 43 44 32 46 43 43 36 44 37 39 32 44 33 42 32 34 46 30 38 33 37 42 30 33 32 44 30 38 36 38 46 45 43 39 46 44 44 43 39 43 32 36 33 31 31 35 46 30 44 43 43 34 42 44 42 35 37 43 36 30 33 43 34 32 46 34 41 35 30 34 34 39 97 D5 
2017/6/15 09:45:17.428 [RX] - 56 69 56 4F 74 65 63 68 32 00 80 00 00 00 B9 DF  pass 
2017/6/15 09:45:17.643 [TX] - 56 69 56 4F 74 65 63 68 32 00 81 00 00 71 05 41 30 31 31 32 44 30 54 45 30 30 4E 30 31 30 30 4B 53 31 38 36 32 39 39 34 39 30 31 32 43 30 30 30 34 36 30 30 30 30 31 39 34 34 38 36 43 33 31 36 38 43 41 31 46 42 34 41 38 30 39 45 36 33 39 46 46 39 43 33 42 37 32 36 45 32 34 37 43 35 39 30 42 32 32 38 43 35 44 32 32 36 35 30 46 36 36 39 37 45 38 34 37 41 32 46 38 41 32 37 33 39 33 47 AE 
2017/6/15 09:45:17.800 [RX] - 56 69 56 4F 74 65 63 68 32 00 81 00 00 00 CF 6B  pass 
2017/6/15 09:45:18.016 [TX] - 56 69 56 4F 74 65 63 68 32 00 C7 36 00 01 03 6C 97 
2017/6/15 09:45:18.043 [RX] - 56 69 56 4F 74 65 63 68 32 00 C7 00 00 00 86 6E  pass pass pass  

--- Real card (PAN=11)

2017/6/15 09:45:18.265 [TX] - 56 69 56 4F 74 65 63 68 32 00 02 40 00 0A 0A 9F 02 06 00 00 00 00 10 00 18 73 
2017/6/15 09:45:19.119 [RX] - 56 69 56 4F 74 65 63 68 32 00 02 00 00 6E C8 DF EE 25 02 00 11 DF EE 23 52 02 4C 00 83 0F 3B 00 00 81 00 25 42 34 30 37 31 36 36 32 31 30 34 36 5E 44 4F 57 2F 4A 4F 48 4E 20 5E 31 37 31 31 32 30 31 31 32 37 38 37 31 31 30 30 30 30 30 30 30 30 38 34 39 30 30 30 30 30 30 3F 20 3F 3F 36 30 36 54 31 32 33 34 35 36 75 1D 03 9F 39 01 90 FF EE 01 04 DF 30 01 0C DF EE 26 01 C8 EA 00  Real card (PAN=11) MagStripe card - pass  

 Erase All Keys...

2017/6/15 09:45:19.758 [TX] - 56 69 56 4F 74 65 63 68 32 00 83 00 00 00 03 22 
2017/6/15 09:45:19.783 [RX] - 56 69 56 4F 74 65 63 68 32 00 83 00 00 00 22 03  pass  

 Set DUKPT Key Encryption Type...

2017/6/15 09:45:20.002 [TX] - 56 69 56 4F 74 65 63 68 32 00 C7 32 00 01 00 6D FE 
2017/6/15 09:45:20.029 [RX] - 56 69 56 4F 74 65 63 68 32 00 C7 00 00 00 86 6E  pass pass pass  

 Get DUKPT Key Encryption Type...

2017/6/15 09:45:20.251 [TX] - 56 69 56 4F 74 65 63 68 32 00 C7 33 00 00 1A 9B 
2017/6/15 09:45:20.276 [RX] - 56 69 56 4F 74 65 63 68 32 00 C7 00 00 01 00 AC 7F  pass pass  

 Loading DUKPT key...

2017/6/15 09:45:20.502 [TX] - 56 69 56 4F 74 65 63 68 32 00 80 00 00 65 30 45 43 36 30 46 33 35 31 34 37 45 43 41 30 30 38 38 4B 30 54 44 30 30 4E 30 30 30 30 30 30 38 30 39 43 30 37 41 39 39 31 44 43 38 30 33 34 45 43 31 32 45 31 36 39 43 30 44 35 34 35 35 44 45 41 32 39 34 35 31 34 32 34 37 38 30 38 30 35 36 38 32 33 34 39 38 37 31 32 30 32 33 34 30 30 30 30 30 30 30 30 12 43 
2017/6/15 09:45:20.633 [RX] - 56 69 56 4F 74 65 63 68 32 00 80 00 00 00 B9 DF  pass 
2017/6/15 09:45:20.847 [TX] - 56 69 56 4F 74 65 63 68 32 00 80 00 00 65 31 34 43 45 32 35 35 35 31 34 37 45 43 41 30 30 38 38 4B 30 54 44 30 30 4E 30 30 30 30 30 30 38 30 46 35 30 36 46 36 41 33 44 34 30 38 39 39 45 30 35 35 42 42 35 42 39 45 33 41 44 44 36 30 30 42 38 38 35 33 32 37 37 39 32 32 34 36 30 39 32 36 32 33 41 39 39 37 31 32 36 32 33 34 30 30 30 30 30 30 30 30 35 7F 
2017/6/15 09:45:20.979 [RX] - 56 69 56 4F 74 65 63 68 32 00 80 00 00 00 B9 DF  pass 
2017/6/15 09:45:21.194 [TX] - 56 69 56 4F 74 65 63 68 32 00 80 01 00 58 41 30 30 38 38 4B 30 54 44 30 30 4E 30 30 30 30 43 44 32 46 43 43 36 44 37 39 32 44 33 42 32 34 46 30 38 33 37 42 30 33 32 44 30 38 36 38 46 45 43 39 46 44 44 43 39 43 32 36 33 31 31 35 46 30 44 43 43 34 42 44 42 35 37 43 36 30 33 43 34 32 46 34 41 35 30 34 34 39 97 D5 
2017/6/15 09:45:21.314 [RX] - 56 69 56 4F 74 65 63 68 32 00 80 00 00 00 B9 DF  pass 
2017/6/15 09:45:21.529 [TX] - 56 69 56 4F 74 65 63 68 32 00 81 00 00 71 05 41 30 31 31 32 44 30 54 45 30 30 4E 30 31 30 30 4B 53 31 38 36 32 39 39 34 39 30 31 32 43 30 30 30 34 36 30 30 30 30 31 39 34 34 38 36 43 33 31 36 38 43 41 31 46 42 34 41 38 30 39 45 36 33 39 46 46 39 43 33 42 37 32 36 45 32 34 37 43 35 39 30 42 32 32 38 43 35 44 32 32 36 35 30 46 36 36 39 37 45 38 34 37 41 32 46 38 41 32 37 33 39 33 47 AE 
2017/6/15 09:45:21.686 [RX] - 56 69 56 4F 74 65 63 68 32 00 81 00 00 00 CF 6B  pass 
2017/6/15 09:45:21.902 [TX] - 56 69 56 4F 74 65 63 68 32 00 C7 36 00 01 03 6C 97 
2017/6/15 09:45:21.929 [RX] - 56 69 56 4F 74 65 63 68 32 00 C7 00 00 00 86 6E  pass pass pass  

--- Real card (PAN=12)

2017/6/15 09:45:22.151 [TX] - 56 69 56 4F 74 65 63 68 32 00 02 40 00 0A 0A 9F 02 06 00 00 00 00 10 00 18 73 
2017/6/15 09:45:23.024 [RX] - 56 69 56 4F 74 65 63 68 32 00 02 00 00 DA C8 DF EE 25 02 00 11 DF EE 23 81 AF 02 A9 00 80 0F 3A 00 00 A1 89 25 2A 34 30 37 31 2A 2A 2A 2A 30 34 36 39 5E 44 4F 57 2F 4A 4F 48 4E 20 5E 31 37 31 31 2A 2A 2A 2A 2A 2A 2A 2A 2A 2A 2A 2A 2A 2A 2A 2A 2A 2A 2A 2A 2A 2A 2A 2A 2A 2A 2A 3F 2A FB 74 0D E9 C0 1A AA 04 78 C2 46 EC 88 C8 A1 08 3D C4 B3 A2 7A A8 E4 6C B9 D5 43 BD CA 63 7D AD 07 4C DD D3 8B 78 FA 61 28 C3 ED F7 B2 00 B7 F5 90 6D 5B 11 14 3C C5 5B 03 EF 11 A5 FA CD 00 E6 2C D5 16 64 84 CA B1 DF 2A 0A 61 CB CB 1A 0C 82 05 67 C2 64 36 30 36 54 31 32 33 34 35 36 62 99 49 01 2C 00 04 60 00 01 CA C2 03 9F 39 01 90 FF EE 01 04 DF 30 01 0C DF EE 26 01 C8 DF EF  Real card (PAN=12) MagStripe card - pass 4C 06 00 00 00 00 00 00 DF EF 4D 00 50 68  

 Erase All Keys...

2017/6/15 09:45:23.762 [TX] - 56 69 56 4F 74 65 63 68 32 00 83 00 00 00 03 22 
2017/6/15 09:45:23.788 [RX] - 56 69 56 4F 74 65 63 68 32 00 83 00 00 00 22 03  pass  

 Set DUKPT Key Encryption Type...

2017/6/15 09:45:24.007 [TX] - 56 69 56 4F 74 65 63 68 32 00 C7 32 00 01 00 6D FE 
2017/6/15 09:45:24.033 [RX] - 56 69 56 4F 74 65 63 68 32 00 C7 00 00 00 86 6E  pass pass pass  

 Get DUKPT Key Encryption Type...

2017/6/15 09:45:24.255 [TX] - 56 69 56 4F 74 65 63 68 32 00 C7 33 00 00 1A 9B 
2017/6/15 09:45:24.281 [RX] - 56 69 56 4F 74 65 63 68 32 00 C7 00 00 01 00 AC 7F  pass pass  

 Loading DUKPT key...

2017/6/15 09:45:24.506 [TX] - 56 69 56 4F 74 65 63 68 32 00 80 00 00 65 30 45 43 36 30 46 33 35 31 34 37 45 43 41 30 30 38 38 4B 30 54 44 30 30 4E 30 30 30 30 30 30 38 30 39 43 30 37 41 39 39 31 44 43 38 30 33 34 45 43 31 32 45 31 36 39 43 30 44 35 34 35 35 44 45 41 32 39 34 35 31 34 32 34 37 38 30 38 30 35 36 38 32 33 34 39 38 37 31 32 30 32 33 34 30 30 30 30 30 30 30 30 12 43 
2017/6/15 09:45:24.637 [RX] - 56 69 56 4F 74 65 63 68 32 00 80 00 00 00 B9 DF  pass 
2017/6/15 09:45:24.853 [TX] - 56 69 56 4F 74 65 63 68 32 00 80 00 00 65 31 34 43 45 32 35 35 35 31 34 37 45 43 41 30 30 38 38 4B 30 54 44 30 30 4E 30 30 30 30 30 30 38 30 46 35 30 36 46 36 41 33 44 34 30 38 39 39 45 30 35 35 42 42 35 42 39 45 33 41 44 44 36 30 30 42 38 38 35 33 32 37 37 39 32 32 34 36 30 39 32 36 32 33 41 39 39 37 31 32 36 32 33 34 30 30 30 30 30 30 30 30 35 7F 
2017/6/15 09:45:24.984 [RX] - 56 69 56 4F 74 65 63 68 32 00 80 00 00 00 B9 DF  pass 
2017/6/15 09:45:25.203 [TX] - 56 69 56 4F 74 65 63 68 32 00 80 01 00 58 41 30 30 38 38 4B 30 54 44 30 30 4E 30 30 30 30 43 44 32 46 43 43 36 44 37 39 32 44 33 42 32 34 46 30 38 33 37 42 30 33 32 44 30 38 36 38 46 45 43 39 46 44 44 43 39 43 32 36 33 31 31 35 46 30 44 43 43 34 42 44 42 35 37 43 36 30 33 43 34 32 46 34 41 35 30 34 34 39 97 D5 
2017/6/15 09:45:25.323 [RX] - 56 69 56 4F 74 65 63 68 32 00 80 00 00 00 B9 DF  pass 
2017/6/15 09:45:25.541 [TX] - 56 69 56 4F 74 65 63 68 32 00 81 00 00 71 05 41 30 31 31 32 44 30 54 45 30 30 4E 30 31 30 30 4B 53 31 38 36 32 39 39 34 39 30 31 32 43 30 30 30 34 36 30 30 30 30 31 39 34 34 38 36 43 33 31 36 38 43 41 31 46 42 34 41 38 30 39 45 36 33 39 46 46 39 43 33 42 37 32 36 45 32 34 37 43 35 39 30 42 32 32 38 43 35 44 32 32 36 35 30 46 36 36 39 37 45 38 34 37 41 32 46 38 41 32 37 33 39 33 47 AE 
2017/6/15 09:45:25.697 [RX] - 56 69 56 4F 74 65 63 68 32 00 81 00 00 00 CF 6B  pass 
2017/6/15 09:45:25.914 [TX] - 56 69 56 4F 74 65 63 68 32 00 C7 36 00 01 03 6C 97 
2017/6/15 09:45:25.940 [RX] - 56 69 56 4F 74 65 63 68 32 00 C7 00 00 00 86 6E  pass pass pass  

--- Real card (PAN=20)

2017/6/15 09:45:26.163 [TX] - 56 69 56 4F 74 65 63 68 32 00 02 40 00 0A 0A 9F 02 06 00 00 00 00 10 00 18 73 
2017/6/15 09:45:27.039 [RX] - 56 69 56 4F 74 65 63 68 32 00 02 00 00 75 C8 DF EE 25 02 00 11 DF EE 23 59 02 53 00 83 0F 42 00 00 81 00 25 42 34 30 37 31 36 36 32 31 30 34 36 39 31 32 33 34 35 36 37 38 5E 44 4F 57 2F 4A 4F 48 4E 20 5E 31 37 31 31 32 30 31 31 32 37 38 37 31 31 30 30 30 30 30 30 30 30 38 34 39 30 30 30 30 30 30 3F 31 36 30 36 54 31 32 33 34 35 36 2C 94 03 9F 39 01 90 FF EE 01 04 DF 30 01 0C DF EE 26 01 C8 4F B6  Real card (PAN=20) MagStripe card - pass  

 Erase All Keys...

2017/6/15 09:45:27.685 [TX] - 56 69 56 4F 74 65 63 68 32 00 83 00 00 00 03 22 
2017/6/15 09:45:27.711 [RX] - 56 69 56 4F 74 65 63 68 32 00 83 00 00 00 22 03  pass  

 Set DUKPT Key Encryption Type...

2017/6/15 09:45:27.930 [TX] - 56 69 56 4F 74 65 63 68 32 00 C7 32 00 01 00 6D FE 
2017/6/15 09:45:27.957 [RX] - 56 69 56 4F 74 65 63 68 32 00 C7 00 00 00 86 6E  pass pass pass  

 Get DUKPT Key Encryption Type...

2017/6/15 09:45:28.178 [TX] - 56 69 56 4F 74 65 63 68 32 00 C7 33 00 00 1A 9B 
2017/6/15 09:45:28.204 [RX] - 56 69 56 4F 74 65 63 68 32 00 C7 00 00 01 00 AC 7F  pass pass  

 Loading DUKPT key...

2017/6/15 09:45:28.431 [TX] - 56 69 56 4F 74 65 63 68 32 00 80 00 00 65 30 45 43 36 30 46 33 35 31 34 37 45 43 41 30 30 38 38 4B 30 54 44 30 30 4E 30 30 30 30 30 30 38 30 39 43 30 37 41 39 39 31 44 43 38 30 33 34 45 43 31 32 45 31 36 39 43 30 44 35 34 35 35 44 45 41 32 39 34 35 31 34 32 34 37 38 30 38 30 35 36 38 32 33 34 39 38 37 31 32 30 32 33 34 30 30 30 30 30 30 30 30 12 43 
2017/6/15 09:45:28.561 [RX] - 56 69 56 4F 74 65 63 68 32 00 80 00 00 00 B9 DF  pass 
2017/6/15 09:45:28.777 [TX] - 56 69 56 4F 74 65 63 68 32 00 80 00 00 65 31 34 43 45 32 35 35 35 31 34 37 45 43 41 30 30 38 38 4B 30 54 44 30 30 4E 30 30 30 30 30 30 38 30 46 35 30 36 46 36 41 33 44 34 30 38 39 39 45 30 35 35 42 42 35 42 39 45 33 41 44 44 36 30 30 42 38 38 35 33 32 37 37 39 32 32 34 36 30 39 32 36 32 33 41 39 39 37 31 32 36 32 33 34 30 30 30 30 30 30 30 30 35 7F 
2017/6/15 09:45:28.908 [RX] - 56 69 56 4F 74 65 63 68 32 00 80 00 00 00 B9 DF  pass 
2017/6/15 09:45:29.125 [TX] - 56 69 56 4F 74 65 63 68 32 00 80 01 00 58 41 30 30 38 38 4B 30 54 44 30 30 4E 30 30 30 30 43 44 32 46 43 43 36 44 37 39 32 44 33 42 32 34 46 30 38 33 37 42 30 33 32 44 30 38 36 38 46 45 43 39 46 44 44 43 39 43 32 36 33 31 31 35 46 30 44 43 43 34 42 44 42 35 37 43 36 30 33 43 34 32 46 34 41 35 30 34 34 39 97 D5 
2017/6/15 09:45:29.245 [RX] - 56 69 56 4F 74 65 63 68 32 00 80 00 00 00 B9 DF  pass 
2017/6/15 09:45:29.461 [TX] - 56 69 56 4F 74 65 63 68 32 00 81 00 00 71 05 41 30 31 31 32 44 30 54 45 30 30 4E 30 31 30 30 4B 53 31 38 36 32 39 39 34 39 30 31 32 43 30 30 30 34 36 30 30 30 30 31 39 34 34 38 36 43 33 31 36 38 43 41 31 46 42 34 41 38 30 39 45 36 33 39 46 46 39 43 33 42 37 32 36 45 32 34 37 43 35 39 30 42 32 32 38 43 35 44 32 32 36 35 30 46 36 36 39 37 45 38 34 37 41 32 46 38 41 32 37 33 39 33 47 AE 
2017/6/15 09:45:29.617 [RX] - 56 69 56 4F 74 65 63 68 32 00 81 00 00 00 CF 6B  pass 
2017/6/15 09:45:29.834 [TX] - 56 69 56 4F 74 65 63 68 32 00 C7 36 00 01 03 6C 97 
2017/6/15 09:45:29.860 [RX] - 56 69 56 4F 74 65 63 68 32 00 C7 00 00 00 86 6E  pass pass pass  

--- ISO4909

2017/6/15 09:45:30.083 [TX] - 56 69 56 4F 74 65 63 68 32 00 02 40 00 0A 0A 9F 02 06 00 00 00 00 10 00 18 73 
2017/6/15 09:45:31.049 [RX] - 56 69 56 4F 74 65 63 68 32 00 02 00 01 62 C8 DF EE 25 02 00 11 DF EE 23 82 01 0E 02 08 01 80 1F 4D 27 00 81 9B 25 2A 34 35 34 37 2A 2A 2A 2A 2A 2A 2A 2A 30 30 30 30 5E 4C 4C 49 42 52 45 20 52 4F 42 45 52 54 2D 47 55 49 4C 4C 45 52 4D 4F 20 5E 31 31 30 32 2A 2A 2A 2A 2A 2A 2A 2A 2A 2A 2A 2A 2A 2A 2A 2A 2A 2A 2A 2A 2A 2A 2A 2A 2A 2A 2A 3F 2A DE 04 D2 DB BB F9 AA 18 EC 56 B9 DC 8C 3F 27 5F 5A B2 91 41 41 38 04 5F EE 1E 72 01 5B 35 30 E2 EC 75 97 64 E5 62 F9 BA 6E D0 3C 7D 7C 59 11 A0 7A 63 77 FB D6 DA DB A2 9B 3B A6 15 7A B2 92 09 4B 62 8C 26 8E A3 55 92 27 C4 20 64 EA 81 19 7A FC BB A4 7C FC 22 D8 2C 80 ED D4 1E 2C 4D DF B5 D9 A5 18 39 AC 9B 27 02 AA 76 41 75 77 9D D0 C0 89 25 0C D0 4A 03 E4 2C BC 6D B0 09 54 4A 8E 4D B4 6B E2 83 32 3D 79 6E B0 13 AF 65 DF AF 57 85 96 18 2E D3 93 78 61 C2 BD 7D 77 E1 44 D2 BE 7C 36 30 36 54 31 32 33 34 35 36 62 99 49 01 2C 00 04 60 00 01 C0 26 03 9F 39 01 90 FF EE 01 04 DF 30 01 0C DF EE 26 01 C8 DF EF  ISO4909 MagStripe card - pass 4C 06 00 26 00 00 00 00 DF EF 4D 28 FC BB A4 7C FC 22 D8 2C 80 ED D4 1E 2C 4D DF B5 D9 A5 18 39 AC 9B 27 02 AA 76 41 75 77 9D D0 C0 52 0F 5D 20 FC B3 B7 D9 91 E9  

Poll on Demand

2017/6/15 09:45:31.885 [TX] - 56 69 56 4F 74 65 63 68 32 00 01 01 00 01 01 D7 34 
2017/6/15 09:45:31.912 [RX] - 56 69 56 4F 74 65 63 68 32 00 01 00 00 00 12 53  pass  

 Erase All Keys...

2017/6/15 09:45:31.930 [TX] - 56 69 56 4F 74 65 63 68 32 00 83 00 00 00 03 22 
2017/6/15 09:45:31.956 [RX] - 56 69 56 4F 74 65 63 68 32 00 83 00 00 00 22 03  pass  

 Set DUKPT Key Encryption Type...

2017/6/15 09:45:32.176 [TX] - 56 69 56 4F 74 65 63 68 32 00 C7 32 00 01 00 6D FE 
2017/6/15 09:45:32.202 [RX] - 56 69 56 4F 74 65 63 68 32 00 C7 00 00 00 86 6E  pass pass pass  

 Get DUKPT Key Encryption Type...

2017/6/15 09:45:32.424 [TX] - 56 69 56 4F 74 65 63 68 32 00 C7 33 00 00 1A 9B 
2017/6/15 09:45:32.450 [RX] - 56 69 56 4F 74 65 63 68 32 00 C7 00 00 01 00 AC 7F  pass pass  

 Loading DUKPT key...

2017/6/15 09:45:32.677 [TX] - 56 69 56 4F 74 65 63 68 32 00 80 00 00 65 30 45 43 36 30 46 33 35 31 34 37 45 43 41 30 30 38 38 4B 30 54 44 30 30 4E 30 30 30 30 30 30 38 30 39 43 30 37 41 39 39 31 44 43 38 30 33 34 45 43 31 32 45 31 36 39 43 30 44 35 34 35 35 44 45 41 32 39 34 35 31 34 32 34 37 38 30 38 30 35 36 38 32 33 34 39 38 37 31 32 30 32 33 34 30 30 30 30 30 30 30 30 12 43 
2017/6/15 09:45:32.808 [RX] - 56 69 56 4F 74 65 63 68 32 00 80 00 00 00 B9 DF  pass 
2017/6/15 09:45:33.023 [TX] - 56 69 56 4F 74 65 63 68 32 00 80 00 00 65 31 34 43 45 32 35 35 35 31 34 37 45 43 41 30 30 38 38 4B 30 54 44 30 30 4E 30 30 30 30 30 30 38 30 46 35 30 36 46 36 41 33 44 34 30 38 39 39 45 30 35 35 42 42 35 42 39 45 33 41 44 44 36 30 30 42 38 38 35 33 32 37 37 39 32 32 34 36 30 39 32 36 32 33 41 39 39 37 31 32 36 32 33 34 30 30 30 30 30 30 30 30 35 7F 
2017/6/15 09:45:33.155 [RX] - 56 69 56 4F 74 65 63 68 32 00 80 00 00 00 B9 DF  pass 
2017/6/15 09:45:33.374 [TX] - 56 69 56 4F 74 65 63 68 32 00 80 01 00 58 41 30 30 38 38 4B 30 54 44 30 30 4E 30 30 30 30 43 44 32 46 43 43 36 44 37 39 32 44 33 42 32 34 46 30 38 33 37 42 30 33 32 44 30 38 36 38 46 45 43 39 46 44 44 43 39 43 32 36 33 31 31 35 46 30 44 43 43 34 42 44 42 35 37 43 36 30 33 43 34 32 46 34 41 35 30 34 34 39 97 D5 
2017/6/15 09:45:33.494 [RX] - 56 69 56 4F 74 65 63 68 32 00 80 00 00 00 B9 DF  pass 
2017/6/15 09:45:33.710 [TX] - 56 69 56 4F 74 65 63 68 32 00 81 00 00 71 05 41 30 31 31 32 44 30 54 45 30 30 4E 30 31 30 30 4B 53 31 38 36 32 39 39 34 39 30 31 32 43 30 30 30 34 36 30 30 30 30 31 39 34 34 38 36 43 33 31 36 38 43 41 31 46 42 34 41 38 30 39 45 36 33 39 46 46 39 43 33 42 37 32 36 45 32 34 37 43 35 39 30 42 32 32 38 43 35 44 32 32 36 35 30 46 36 36 39 37 45 38 34 37 41 32 46 38 41 32 37 33 39 33 47 AE 
2017/6/15 09:45:33.867 [RX] - 56 69 56 4F 74 65 63 68 32 00 81 00 00 00 CF 6B  pass 
2017/6/15 09:45:34.082 [TX] - 56 69 56 4F 74 65 63 68 32 00 C7 36 00 01 03 6C 97 
2017/6/15 09:45:34.109 [RX] - 56 69 56 4F 74 65 63 68 32 00 C7 00 00 00 86 6E  pass pass pass  

Auto Poll

2017/6/15 09:45:34.330 [TX] - 56 69 56 4F 74 65 63 68 32 00 01 01 00 01 00 F6 24 
2017/6/15 09:45:34.357 [RX] - 56 69 56 4F 74 65 63 68 32 00 01 00 00 00 12 53  pass  

---  IDT

2017/6/15 09:45:38.379 [TX] - 56 69 56 4F 74 65 63 68 32 00 03 40 00 00 96 E2 
2017/6/15 09:45:38.413 [RX] - 56 69 56 4F 74 65 63 68 32 00 03 00 00 C9 C8 DF EE 25 02 00 11 DF EE 23 81 AC 02 A6 00 83 1F 4F 28 00 81 92 25 54 52 41 43 4B 31 37 36 37 36 37 36 30 37 30 37 30 37 37 36 37 36 37 36 30 37 30 37 30 37 37 36 37 36 37 36 30 37 30 37 30 37 37 36 37 36 37 36 30 37 30 37 30 37 37 36 37 36 37 36 30 37 30 37 30 37 37 36 37 36 37 36 30 37 30 37 3F 43 E0 78 1B 29 C8 1C B3 77 DF 89 75 44 C5 B4 8F E7 18 7D 23 EE 38 95 AE 66 5D C0 F5 8D 6B 97 2D E3 0A D3 6C A9 F9 20 A6 23 B4 BE BA 5E 9A C8 4F CF 5C F2 4B 10 B9 72 1D A8 8F 82 59 C6 36 30 36 54 31 32 33 34 35 36 62 99 49 01 2C 00 04 60 00 01 EA 8E 03 9F 39 01 90 FF EE 01 04 DF 30 01 0C DF EE 26 01 C8 86 78  IDT MagStripe card - pass  

Poll on Demand

2017/6/15 09:45:39.144 [TX] - 56 69 56 4F 74 65 63 68 32 00 01 01 00 01 01 D7 34 
2017/6/15 09:45:39.171 [RX] - 56 69 56 4F 74 65 63 68 32 00 01 00 00 00 12 53  pass  

 Erase All Keys...

2017/6/15 09:45:39.190 [TX] - 56 69 56 4F 74 65 63 68 32 00 83 00 00 00 03 22 
2017/6/15 09:45:39.215 [RX] - 56 69 56 4F 74 65 63 68 32 00 83 00 00 00 22 03  pass  

 Set DUKPT Key Encryption Type...

2017/6/15 09:45:39.435 [TX] - 56 69 56 4F 74 65 63 68 32 00 C7 32 00 01 00 6D FE 
2017/6/15 09:45:39.462 [RX] - 56 69 56 4F 74 65 63 68 32 00 C7 00 00 00 86 6E  pass pass pass  

 Get DUKPT Key Encryption Type...

2017/6/15 09:45:39.683 [TX] - 56 69 56 4F 74 65 63 68 32 00 C7 33 00 00 1A 9B 
2017/6/15 09:45:39.708 [RX] - 56 69 56 4F 74 65 63 68 32 00 C7 00 00 01 00 AC 7F  pass pass  

 Loading DUKPT key...

2017/6/15 09:45:39.935 [TX] - 56 69 56 4F 74 65 63 68 32 00 80 00 00 65 30 45 43 36 30 46 33 35 31 34 37 45 43 41 30 30 38 38 4B 30 54 44 30 30 4E 30 30 30 30 30 30 38 30 39 43 30 37 41 39 39 31 44 43 38 30 33 34 45 43 31 32 45 31 36 39 43 30 44 35 34 35 35 44 45 41 32 39 34 35 31 34 32 34 37 38 30 38 30 35 36 38 32 33 34 39 38 37 31 32 30 32 33 34 30 30 30 30 30 30 30 30 12 43 
2017/6/15 09:45:40.066 [RX] - 56 69 56 4F 74 65 63 68 32 00 80 00 00 00 B9 DF  pass 
2017/6/15 09:45:40.281 [TX] - 56 69 56 4F 74 65 63 68 32 00 80 00 00 65 31 34 43 45 32 35 35 35 31 34 37 45 43 41 30 30 38 38 4B 30 54 44 30 30 4E 30 30 30 30 30 30 38 30 46 35 30 36 46 36 41 33 44 34 30 38 39 39 45 30 35 35 42 42 35 42 39 45 33 41 44 44 36 30 30 42 38 38 35 33 32 37 37 39 32 32 34 36 30 39 32 36 32 33 41 39 39 37 31 32 36 32 33 34 30 30 30 30 30 30 30 30 35 7F 
2017/6/15 09:45:40.413 [RX] - 56 69 56 4F 74 65 63 68 32 00 80 00 00 00 B9 DF  pass 
2017/6/15 09:45:40.629 [TX] - 56 69 56 4F 74 65 63 68 32 00 80 01 00 58 41 30 30 38 38 4B 30 54 44 30 30 4E 30 30 30 30 43 44 32 46 43 43 36 44 37 39 32 44 33 42 32 34 46 30 38 33 37 42 30 33 32 44 30 38 36 38 46 45 43 39 46 44 44 43 39 43 32 36 33 31 31 35 46 30 44 43 43 34 42 44 42 35 37 43 36 30 33 43 34 32 46 34 41 35 30 34 34 39 97 D5 
2017/6/15 09:45:40.748 [RX] - 56 69 56 4F 74 65 63 68 32 00 80 00 00 00 B9 DF  pass 
2017/6/15 09:45:40.967 [TX] - 56 69 56 4F 74 65 63 68 32 00 81 00 00 71 05 41 30 31 31 32 44 30 54 45 30 30 4E 30 31 30 30 4B 53 31 38 36 32 39 39 34 39 30 31 32 43 30 30 30 34 36 30 30 30 30 31 39 34 34 38 36 43 33 31 36 38 43 41 31 46 42 34 41 38 30 39 45 36 33 39 46 46 39 43 33 42 37 32 36 45 32 34 37 43 35 39 30 42 32 32 38 43 35 44 32 32 36 35 30 46 36 36 39 37 45 38 34 37 41 32 46 38 41 32 37 33 39 33 47 AE 
2017/6/15 09:45:41.123 [RX] - 56 69 56 4F 74 65 63 68 32 00 81 00 00 00 CF 6B  pass 
2017/6/15 09:45:41.343 [TX] - 56 69 56 4F 74 65 63 68 32 00 C7 36 00 01 03 6C 97 
2017/6/15 09:45:41.369 [RX] - 56 69 56 4F 74 65 63 68 32 00 C7 00 00 00 86 6E  pass pass pass  

Auto Poll

2017/6/15 09:45:41.594 [TX] - 56 69 56 4F 74 65 63 68 32 00 01 01 00 01 00 F6 24 
2017/6/15 09:45:41.621 [RX] - 56 69 56 4F 74 65 63 68 32 00 01 00 00 00 12 53  pass  

--- Discover

2017/6/15 09:45:45.644 [TX] - 56 69 56 4F 74 65 63 68 32 00 03 40 00 00 96 E2 
2017/6/15 09:45:45.677 [RX] - 56 69 56 4F 74 65 63 68 32 00 03 00 01 50 C8 DF EE 25 02 00 11 DF EE 23 81 FD 02 F7 00 80 1F 44 28 00 A1 9B 25 2A 36 35 31 30 2A 2A 2A 2A 2A 2A 2A 2A 30 30 32 36 5E 43 41 52 44 2F 49 4D 41 47 45 20 30 33 20 20 20 20 20 20 20 20 20 20 20 20 20 5E 31 37 31 32 2A 2A 2A 2A 2A 2A 2A 2A 2A 2A 2A 2A 2A 2A 2A 2A 3F 2A C7 27 B0 60 AB FC 2B 62 4C 4D 6E 59 96 E2 2D 84 8D 87 D6 E3 82 0D 57 37 4F 6D 3F B3 1F 75 06 1A DC 17 89 FB C3 C7 50 C7 5D 06 65 00 04 08 CA B4 CA 0C 62 47 62 EE 86 0F BD 54 17 E0 FD D5 7E 1D A9 C9 FA 98 FB DF 49 CA CE 1B DC 33 AA 1A DD A5 D6 52 C6 FC CF C5 DC A9 46 A8 07 1F 1C 13 1B 7F E6 5F 75 06 01 CE C6 1E 8A 64 0E 1C 2B EC 80 D4 51 48 AB 78 7E 8B 8D 05 DC 8A C9 07 9E FC 98 53 27 0B ED B9 10 02 52 D6 AA D8 46 CB 85 69 24 FE 7C 93 52 0B 36 DA D9 25 36 30 36 54 31 32 33 34 35 36 62 99 49 01 2C 00 04 60 00 01 90 64 03 9F 39 01 90 FF EE 01 04 DF 30 01 0C DF EE 26 01 C8 DF EF  Discover MagStripe card - pass 4C 06 00 27 00 00 00 00 DF EF 4D 28 CE 1B DC 33 AA 1A DD A5 D6 52 C6 FC CF C5 DC A9 46 A8 07 1F 1C 13 1B 7F E6 5F 75 06 01 CE C6 1E 42 71 F3 A3 EF 56 39 CA B7 0F  

Poll on Demand

2017/6/15 09:45:46.546 [TX] - 56 69 56 4F 74 65 63 68 32 00 01 01 00 01 01 D7 34 
2017/6/15 09:45:46.573 [RX] - 56 69 56 4F 74 65 63 68 32 00 01 00 00 00 12 53  pass  

 Erase All Keys...

2017/6/15 09:45:46.591 [TX] - 56 69 56 4F 74 65 63 68 32 00 83 00 00 00 03 22 
2017/6/15 09:45:46.617 [RX] - 56 69 56 4F 74 65 63 68 32 00 83 00 00 00 22 03  pass  

 Set DUKPT Key Encryption Type...

2017/6/15 09:45:46.836 [TX] - 56 69 56 4F 74 65 63 68 32 00 C7 32 00 01 00 6D FE 
2017/6/15 09:45:46.863 [RX] - 56 69 56 4F 74 65 63 68 32 00 C7 00 00 00 86 6E  pass pass pass  

 Get DUKPT Key Encryption Type...

2017/6/15 09:45:47.085 [TX] - 56 69 56 4F 74 65 63 68 32 00 C7 33 00 00 1A 9B 
2017/6/15 09:45:47.111 [RX] - 56 69 56 4F 74 65 63 68 32 00 C7 00 00 01 00 AC 7F  pass pass  

 Loading DUKPT key...

2017/6/15 09:45:47.337 [TX] - 56 69 56 4F 74 65 63 68 32 00 80 00 00 65 30 45 43 36 30 46 33 35 31 34 37 45 43 41 30 30 38 38 4B 30 54 44 30 30 4E 30 30 30 30 30 30 38 30 39 43 30 37 41 39 39 31 44 43 38 30 33 34 45 43 31 32 45 31 36 39 43 30 44 35 34 35 35 44 45 41 32 39 34 35 31 34 32 34 37 38 30 38 30 35 36 38 32 33 34 39 38 37 31 32 30 32 33 34 30 30 30 30 30 30 30 30 12 43 
2017/6/15 09:45:47.468 [RX] - 56 69 56 4F 74 65 63 68 32 00 80 00 00 00 B9 DF  pass 
2017/6/15 09:45:47.683 [TX] - 56 69 56 4F 74 65 63 68 32 00 80 00 00 65 31 34 43 45 32 35 35 35 31 34 37 45 43 41 30 30 38 38 4B 30 54 44 30 30 4E 30 30 30 30 30 30 38 30 46 35 30 36 46 36 41 33 44 34 30 38 39 39 45 30 35 35 42 42 35 42 39 45 33 41 44 44 36 30 30 42 38 38 35 33 32 37 37 39 32 32 34 36 30 39 32 36 32 33 41 39 39 37 31 32 36 32 33 34 30 30 30 30 30 30 30 30 35 7F 
2017/6/15 09:45:47.815 [RX] - 56 69 56 4F 74 65 63 68 32 00 80 00 00 00 B9 DF  pass 
2017/6/15 09:45:48.031 [TX] - 56 69 56 4F 74 65 63 68 32 00 80 01 00 58 41 30 30 38 38 4B 30 54 44 30 30 4E 30 30 30 30 43 44 32 46 43 43 36 44 37 39 32 44 33 42 32 34 46 30 38 33 37 42 30 33 32 44 30 38 36 38 46 45 43 39 46 44 44 43 39 43 32 36 33 31 31 35 46 30 44 43 43 34 42 44 42 35 37 43 36 30 33 43 34 32 46 34 41 35 30 34 34 39 97 D5 
2017/6/15 09:45:48.151 [RX] - 56 69 56 4F 74 65 63 68 32 00 80 00 00 00 B9 DF  pass 
2017/6/15 09:45:48.367 [TX] - 56 69 56 4F 74 65 63 68 32 00 81 00 00 71 05 41 30 31 31 32 44 30 54 45 30 30 4E 30 31 30 30 4B 53 31 38 36 32 39 39 34 39 30 31 32 43 30 30 30 34 36 30 30 30 30 31 39 34 34 38 36 43 33 31 36 38 43 41 31 46 42 34 41 38 30 39 45 36 33 39 46 46 39 43 33 42 37 32 36 45 32 34 37 43 35 39 30 42 32 32 38 43 35 44 32 32 36 35 30 46 36 36 39 37 45 38 34 37 41 32 46 38 41 32 37 33 39 33 47 AE 
2017/6/15 09:45:48.524 [RX] - 56 69 56 4F 74 65 63 68 32 00 81 00 00 00 CF 6B  pass 
2017/6/15 09:45:48.740 [TX] - 56 69 56 4F 74 65 63 68 32 00 C7 36 00 01 03 6C 97 
2017/6/15 09:45:48.767 [RX] - 56 69 56 4F 74 65 63 68 32 00 C7 00 00 00 86 6E  pass pass pass  

Auto Poll

2017/6/15 09:45:48.989 [TX] - 56 69 56 4F 74 65 63 68 32 00 01 01 00 01 00 F6 24 
2017/6/15 09:45:49.016 [RX] - 56 69 56 4F 74 65 63 68 32 00 01 00 00 00 12 53  pass  

--- JIS1

2017/6/15 09:45:53.044 [TX] - 56 69 56 4F 74 65 63 68 32 00 03 40 00 00 96 E2 
2017/6/15 09:45:53.078 [RX] - 56 69 56 4F 74 65 63 68 32 00 03 00 00 C2 C8 DF EE 25 02 00 11 DF EE 23 81 A5 02 9F 00 86 1F 48 28 00 81 92 7F 61 39 30 30 30 30 30 30 30 32 31 31 31 31 31 32 33 34 35 36 37 38 39 30 31 32 32 32 32 32 33 33 33 33 33 34 34 34 34 34 35 35 35 35 35 36 36 36 36 36 37 37 37 37 37 38 38 38 38 38 39 39 39 39 39 30 30 30 30 7F 15 DA 1B F5 A0 AA B4 C9 6B B6 7D 9C 0C B7 FF 06 F5 C6 5F 35 B0 8E 97 0B CF 1E 46 87 67 8D 63 AA 01 CB 85 B9 0C 33 A2 E0 F0 69 E4 C5 3F F7 53 B0 2E 12 21 1F 5E 75 13 6C 76 51 C4 63 62 36 30 36 54 31 32 33 34 35 36 62 99 49 01 2C 00 04 60 00 01 55 35 03 9F 39 01 90 FF EE 01 04 DF 30 01 0C DF EE 26 01 C8 68 02  JIS I MagStripe card - pass  

Poll on Demand

2017/6/15 09:45:53.800 [TX] - 56 69 56 4F 74 65 63 68 32 00 01 01 00 01 01 D7 34 
2017/6/15 09:45:53.827 [RX] - 56 69 56 4F 74 65 63 68 32 00 01 00 00 00 12 53  pass  

 Erase All Keys...

2017/6/15 09:45:53.846 [TX] - 56 69 56 4F 74 65 63 68 32 00 83 00 00 00 03 22 
2017/6/15 09:45:53.872 [RX] - 56 69 56 4F 74 65 63 68 32 00 83 00 00 00 22 03  pass  

 Set DUKPT Key Encryption Type...

2017/6/15 09:45:54.092 [TX] - 56 69 56 4F 74 65 63 68 32 00 C7 32 00 01 00 6D FE 
2017/6/15 09:45:54.119 [RX] - 56 69 56 4F 74 65 63 68 32 00 C7 00 00 00 86 6E  pass pass pass  

 Get DUKPT Key Encryption Type...

2017/6/15 09:45:54.341 [TX] - 56 69 56 4F 74 65 63 68 32 00 C7 33 00 00 1A 9B 
2017/6/15 09:45:54.366 [RX] - 56 69 56 4F 74 65 63 68 32 00 C7 00 00 01 00 AC 7F  pass pass  

 Loading DUKPT key...

2017/6/15 09:45:54.592 [TX] - 56 69 56 4F 74 65 63 68 32 00 80 00 00 65 30 45 43 36 30 46 33 35 31 34 37 45 43 41 30 30 38 38 4B 30 54 44 30 30 4E 30 30 30 30 30 30 38 30 39 43 30 37 41 39 39 31 44 43 38 30 33 34 45 43 31 32 45 31 36 39 43 30 44 35 34 35 35 44 45 41 32 39 34 35 31 34 32 34 37 38 30 38 30 35 36 38 32 33 34 39 38 37 31 32 30 32 33 34 30 30 30 30 30 30 30 30 12 43 
2017/6/15 09:45:54.723 [RX] - 56 69 56 4F 74 65 63 68 32 00 80 00 00 00 B9 DF  pass 
2017/6/15 09:45:54.938 [TX] - 56 69 56 4F 74 65 63 68 32 00 80 00 00 65 31 34 43 45 32 35 35 35 31 34 37 45 43 41 30 30 38 38 4B 30 54 44 30 30 4E 30 30 30 30 30 30 38 30 46 35 30 36 46 36 41 33 44 34 30 38 39 39 45 30 35 35 42 42 35 42 39 45 33 41 44 44 36 30 30 42 38 38 35 33 32 37 37 39 32 32 34 36 30 39 32 36 32 33 41 39 39 37 31 32 36 32 33 34 30 30 30 30 30 30 30 30 35 7F 
2017/6/15 09:45:55.070 [RX] - 56 69 56 4F 74 65 63 68 32 00 80 00 00 00 B9 DF  pass 
2017/6/15 09:45:55.285 [TX] - 56 69 56 4F 74 65 63 68 32 00 80 01 00 58 41 30 30 38 38 4B 30 54 44 30 30 4E 30 30 30 30 43 44 32 46 43 43 36 44 37 39 32 44 33 42 32 34 46 30 38 33 37 42 30 33 32 44 30 38 36 38 46 45 43 39 46 44 44 43 39 43 32 36 33 31 31 35 46 30 44 43 43 34 42 44 42 35 37 43 36 30 33 43 34 32 46 34 41 35 30 34 34 39 97 D5 
2017/6/15 09:45:55.405 [RX] - 56 69 56 4F 74 65 63 68 32 00 80 00 00 00 B9 DF  pass 
2017/6/15 09:45:55.621 [TX] - 56 69 56 4F 74 65 63 68 32 00 81 00 00 71 05 41 30 31 31 32 44 30 54 45 30 30 4E 30 31 30 30 4B 53 31 38 36 32 39 39 34 39 30 31 32 43 30 30 30 34 36 30 30 30 30 31 39 34 34 38 36 43 33 31 36 38 43 41 31 46 42 34 41 38 30 39 45 36 33 39 46 46 39 43 33 42 37 32 36 45 32 34 37 43 35 39 30 42 32 32 38 43 35 44 32 32 36 35 30 46 36 36 39 37 45 38 34 37 41 32 46 38 41 32 37 33 39 33 47 AE 
2017/6/15 09:45:55.778 [RX] - 56 69 56 4F 74 65 63 68 32 00 81 00 00 00 CF 6B  pass 
2017/6/15 09:45:55.994 [TX] - 56 69 56 4F 74 65 63 68 32 00 C7 36 00 01 03 6C 97 
2017/6/15 09:45:56.021 [RX] - 56 69 56 4F 74 65 63 68 32 00 C7 00 00 00 86 6E  pass pass pass  

Auto Poll

2017/6/15 09:45:56.244 [TX] - 56 69 56 4F 74 65 63 68 32 00 01 01 00 01 00 F6 24 
2017/6/15 09:45:56.271 [RX] - 56 69 56 4F 74 65 63 68 32 00 01 00 00 00 12 53  pass  

--- JIS2

2017/6/15 09:46:00.292 [TX] - 56 69 56 4F 74 65 63 68 32 00 03 40 00 00 96 E2 
2017/6/15 09:46:00.326 [RX] - 56 69 56 4F 74 65 63 68 32 00 03 00 00 99 C8 DF EE 25 02 00 11 DF EE 23 7D 02 77 00 85 17 00 48 00 80 92 88 C9 A3 6E DD 0F A6 99 2C A2 29 61 EA B0 CA 2A C1 66 0E 63 45 74 03 9D 8F F0 CE 80 7F 72 DC 4B E3 F1 A4 09 59 71 EC 08 F4 0B F4 B9 E6 9B 9B 2D B6 4B E9 BE 7A 4C 91 CE 37 61 4D DB F2 B4 86 03 08 95 3E B0 A9 E4 3E 03 22 53 BB 7F 5A 95 59 55 40 72 53 C1 06 B4 33 86 42 44 BF EC 36 30 36 54 31 32 33 34 35 36 62 99 49 01 2C 00 04 60 00 01 AF 39 03 9F 39 01 90 FF EE 01 04 DF 30 01 0C DF EE 26 01 C8 9C 92  JIS II MagStripe card - pass  

Poll on Demand

2017/6/15 09:46:01.010 [TX] - 56 69 56 4F 74 65 63 68 32 00 01 01 00 01 01 D7 34 
2017/6/15 09:46:01.037 [RX] - 56 69 56 4F 74 65 63 68 32 00 01 00 00 00 12 53  pass  

 Erase All Keys...

2017/6/15 09:46:01.055 [TX] - 56 69 56 4F 74 65 63 68 32 00 83 00 00 00 03 22 
2017/6/15 09:46:01.081 [RX] - 56 69 56 4F 74 65 63 68 32 00 83 00 00 00 22 03  pass  

 Set DUKPT Key Encryption Type...

2017/6/15 09:46:01.302 [TX] - 56 69 56 4F 74 65 63 68 32 00 C7 32 00 01 00 6D FE 
2017/6/15 09:46:01.329 [RX] - 56 69 56 4F 74 65 63 68 32 00 C7 00 00 00 86 6E  pass pass pass  

 Get DUKPT Key Encryption Type...

2017/6/15 09:46:01.550 [TX] - 56 69 56 4F 74 65 63 68 32 00 C7 33 00 00 1A 9B 
2017/6/15 09:46:01.576 [RX] - 56 69 56 4F 74 65 63 68 32 00 C7 00 00 01 00 AC 7F  pass pass  

 Loading DUKPT key...

2017/6/15 09:46:01.804 [TX] - 56 69 56 4F 74 65 63 68 32 00 80 00 00 65 30 45 43 36 30 46 33 35 31 34 37 45 43 41 30 30 38 38 4B 30 54 44 30 30 4E 30 30 30 30 30 30 38 30 39 43 30 37 41 39 39 31 44 43 38 30 33 34 45 43 31 32 45 31 36 39 43 30 44 35 34 35 35 44 45 41 32 39 34 35 31 34 32 34 37 38 30 38 30 35 36 38 32 33 34 39 38 37 31 32 30 32 33 34 30 30 30 30 30 30 30 30 12 43 
2017/6/15 09:46:01.935 [RX] - 56 69 56 4F 74 65 63 68 32 00 80 00 00 00 B9 DF  pass 
2017/6/15 09:46:02.150 [TX] - 56 69 56 4F 74 65 63 68 32 00 80 00 00 65 31 34 43 45 32 35 35 35 31 34 37 45 43 41 30 30 38 38 4B 30 54 44 30 30 4E 30 30 30 30 30 30 38 30 46 35 30 36 46 36 41 33 44 34 30 38 39 39 45 30 35 35 42 42 35 42 39 45 33 41 44 44 36 30 30 42 38 38 35 33 32 37 37 39 32 32 34 36 30 39 32 36 32 33 41 39 39 37 31 32 36 32 33 34 30 30 30 30 30 30 30 30 35 7F 
2017/6/15 09:46:02.282 [RX] - 56 69 56 4F 74 65 63 68 32 00 80 00 00 00 B9 DF  pass 
2017/6/15 09:46:02.497 [TX] - 56 69 56 4F 74 65 63 68 32 00 80 01 00 58 41 30 30 38 38 4B 30 54 44 30 30 4E 30 30 30 30 43 44 32 46 43 43 36 44 37 39 32 44 33 42 32 34 46 30 38 33 37 42 30 33 32 44 30 38 36 38 46 45 43 39 46 44 44 43 39 43 32 36 33 31 31 35 46 30 44 43 43 34 42 44 42 35 37 43 36 30 33 43 34 32 46 34 41 35 30 34 34 39 97 D5 
2017/6/15 09:46:02.617 [RX] - 56 69 56 4F 74 65 63 68 32 00 80 00 00 00 B9 DF  pass 
2017/6/15 09:46:02.832 [TX] - 56 69 56 4F 74 65 63 68 32 00 81 00 00 71 05 41 30 31 31 32 44 30 54 45 30 30 4E 30 31 30 30 4B 53 31 38 36 32 39 39 34 39 30 31 32 43 30 30 30 34 36 30 30 30 30 31 39 34 34 38 36 43 33 31 36 38 43 41 31 46 42 34 41 38 30 39 45 36 33 39 46 46 39 43 33 42 37 32 36 45 32 34 37 43 35 39 30 42 32 32 38 43 35 44 32 32 36 35 30 46 36 36 39 37 45 38 34 37 41 32 46 38 41 32 37 33 39 33 47 AE 
2017/6/15 09:46:02.988 [RX] - 56 69 56 4F 74 65 63 68 32 00 81 00 00 00 CF 6B  pass 
2017/6/15 09:46:03.205 [TX] - 56 69 56 4F 74 65 63 68 32 00 C7 36 00 01 03 6C 97 
2017/6/15 09:46:03.231 [RX] - 56 69 56 4F 74 65 63 68 32 00 C7 00 00 00 86 6E  pass pass pass  

Auto Poll

2017/6/15 09:46:03.454 [TX] - 56 69 56 4F 74 65 63 68 32 00 01 01 00 01 00 F6 24 
2017/6/15 09:46:03.481 [RX] - 56 69 56 4F 74 65 63 68 32 00 01 00 00 00 12 53  pass  

--- AAMVA

2017/6/15 09:46:07.503 [TX] - 56 69 56 4F 74 65 63 68 32 00 03 40 00 00 96 E2 
2017/6/15 09:46:07.536 [RX] - 56 69 56 4F 74 65 63 68 32 00 03 00 00 AA C8 DF EE 25 02 00 11 DF EE 23 81 8D 02 87 00 81 1F 30 23 00 81 92 25 4E 59 4E 45 57 20 59 4F 52 4B 5E 4C 45 45 24 42 52 55 43 45 24 4A 52 5E 36 35 35 20 4E 2E 20 42 45 52 52 59 20 53 54 2E 2C 20 23 4B 5E 3F 52 FE 42 BA 7C 3B 42 E3 38 5A 8A 34 44 07 44 47 EC 9E 42 E0 24 A3 C2 5C 56 AF AC CE 26 EA 2A 2C 24 5B 64 79 3E 02 D5 7F 2F C6 43 6C 69 1F 94 5A A3 C8 0D A2 0E 46 A0 28 5F 0C BA 2A 32 36 30 36 54 31 32 33 34 35 36 62 99 49 01 2C 00 04 60 00 01 9C B4 03 9F 39 01 90 FF EE 01 04 DF 30 01 0C DF EE 26 01 C8 70 A3  AAMVA MagStripe card - pass  

Poll on Demand

2017/6/15 09:46:08.238 [TX] - 56 69 56 4F 74 65 63 68 32 00 01 01 00 01 01 D7 34 
2017/6/15 09:46:08.265 [RX] - 56 69 56 4F 74 65 63 68 32 00 01 00 00 00 12 53  pass  

 Erase All Keys...

2017/6/15 09:46:08.283 [TX] - 56 69 56 4F 74 65 63 68 32 00 83 00 00 00 03 22 
2017/6/15 09:46:08.309 [RX] - 56 69 56 4F 74 65 63 68 32 00 83 00 00 00 22 03  pass  

 Set DUKPT Key Encryption Type...

2017/6/15 09:46:08.528 [TX] - 56 69 56 4F 74 65 63 68 32 00 C7 32 00 01 00 6D FE 
2017/6/15 09:46:08.555 [RX] - 56 69 56 4F 74 65 63 68 32 00 C7 00 00 00 86 6E  pass pass pass  

 Get DUKPT Key Encryption Type...

2017/6/15 09:46:08.776 [TX] - 56 69 56 4F 74 65 63 68 32 00 C7 33 00 00 1A 9B 
2017/6/15 09:46:08.801 [RX] - 56 69 56 4F 74 65 63 68 32 00 C7 00 00 01 00 AC 7F  pass pass  

 Loading DUKPT key...

2017/6/15 09:46:09.027 [TX] - 56 69 56 4F 74 65 63 68 32 00 80 00 00 65 30 45 43 36 30 46 33 35 31 34 37 45 43 41 30 30 38 38 4B 30 54 44 30 30 4E 30 30 30 30 30 30 38 30 39 43 30 37 41 39 39 31 44 43 38 30 33 34 45 43 31 32 45 31 36 39 43 30 44 35 34 35 35 44 45 41 32 39 34 35 31 34 32 34 37 38 30 38 30 35 36 38 32 33 34 39 38 37 31 32 30 32 33 34 30 30 30 30 30 30 30 30 12 43 
2017/6/15 09:46:09.158 [RX] - 56 69 56 4F 74 65 63 68 32 00 80 00 00 00 B9 DF  pass 
2017/6/15 09:46:09.373 [TX] - 56 69 56 4F 74 65 63 68 32 00 80 00 00 65 31 34 43 45 32 35 35 35 31 34 37 45 43 41 30 30 38 38 4B 30 54 44 30 30 4E 30 30 30 30 30 30 38 30 46 35 30 36 46 36 41 33 44 34 30 38 39 39 45 30 35 35 42 42 35 42 39 45 33 41 44 44 36 30 30 42 38 38 35 33 32 37 37 39 32 32 34 36 30 39 32 36 32 33 41 39 39 37 31 32 36 32 33 34 30 30 30 30 30 30 30 30 35 7F 
2017/6/15 09:46:09.505 [RX] - 56 69 56 4F 74 65 63 68 32 00 80 00 00 00 B9 DF  pass 
2017/6/15 09:46:09.720 [TX] - 56 69 56 4F 74 65 63 68 32 00 80 01 00 58 41 30 30 38 38 4B 30 54 44 30 30 4E 30 30 30 30 43 44 32 46 43 43 36 44 37 39 32 44 33 42 32 34 46 30 38 33 37 42 30 33 32 44 30 38 36 38 46 45 43 39 46 44 44 43 39 43 32 36 33 31 31 35 46 30 44 43 43 34 42 44 42 35 37 43 36 30 33 43 34 32 46 34 41 35 30 34 34 39 97 D5 
2017/6/15 09:46:09.840 [RX] - 56 69 56 4F 74 65 63 68 32 00 80 00 00 00 B9 DF  pass 
2017/6/15 09:46:10.055 [TX] - 56 69 56 4F 74 65 63 68 32 00 81 00 00 71 05 41 30 31 31 32 44 30 54 45 30 30 4E 30 31 30 30 4B 53 31 38 36 32 39 39 34 39 30 31 32 43 30 30 30 34 36 30 30 30 30 31 39 34 34 38 36 43 33 31 36 38 43 41 31 46 42 34 41 38 30 39 45 36 33 39 46 46 39 43 33 42 37 32 36 45 32 34 37 43 35 39 30 42 32 32 38 43 35 44 32 32 36 35 30 46 36 36 39 37 45 38 34 37 41 32 46 38 41 32 37 33 39 33 47 AE 
2017/6/15 09:46:10.212 [RX] - 56 69 56 4F 74 65 63 68 32 00 81 00 00 00 CF 6B  pass 
2017/6/15 09:46:10.428 [TX] - 56 69 56 4F 74 65 63 68 32 00 C7 36 00 01 03 6C 97 
2017/6/15 09:46:10.455 [RX] - 56 69 56 4F 74 65 63 68 32 00 C7 00 00 00 86 6E  pass pass pass  

Auto Poll

2017/6/15 09:46:10.677 [TX] - 56 69 56 4F 74 65 63 68 32 00 01 01 00 01 00 F6 24 
2017/6/15 09:46:10.704 [RX] - 56 69 56 4F 74 65 63 68 32 00 01 00 00 00 12 53  pass  

--- Gift card

2017/6/15 09:46:14.726 [TX] - 56 69 56 4F 74 65 63 68 32 00 03 40 00 00 96 E2 
2017/6/15 09:46:14.760 [RX] - 56 69 56 4F 74 65 63 68 32 00 03 00 01 41 C8 DF EE 25 02 00 11 DF EE 23 81 EE 02 E8 00 80 1F 3D 26 00 81 9B 25 2A 36 30 30 36 2A 2A 2A 2A 2A 2A 2A 2A 2A 2A 2A 37 31 34 37 5E 30 37 36 37 35 30 30 39 39 30 32 24 30 30 30 30 30 24 20 20 20 20 20 20 20 20 5E 38 30 31 32 2A 2A 2A 2A 2A 2A 3F 2A F9 77 33 C0 CF 91 D9 6B 0C A9 4F 94 A1 A0 D2 5C C4 F6 E1 E2 FD 2C 89 95 79 E2 91 C1 61 54 FE 00 EB 36 8F 95 04 51 B8 BD F8 8C 08 4C 7B BF 7F 2C C1 DD 3E 2D 73 E0 3E 5A D5 9D 27 FA 05 0B D2 9D 7C E5 05 DC 8A 63 65 57 23 59 99 0C 93 2C F1 8A 31 A7 67 BA D1 6A 5E 94 00 9E 3F F3 6F 1A 87 BE 11 AE B2 68 1B 11 3A C0 4F 96 8D 11 4A 72 0C 4F 3F 7F 90 8C E8 2E DC 54 F5 7D EE DF F5 7B 99 7B D5 25 11 FE 3A 50 34 80 4E 98 D6 B4 D6 2C C9 45 36 30 36 54 31 32 33 34 35 36 62 99 49 01 2C 00 04 60 00 01 43 87 03 9F 39 01 90 FF EE 01 04 DF 30 01 0C DF EE 26 01 C8 DF EF  Gift card MagStripe card - pass 4C 06 00 25 00 00 00 00 DF EF 4D 28 7C E5 05 DC 8A 63 65 57 23 59 99 0C 93 2C F1 8A 31 A7 67 BA D1 6A 5E 94 00 9E 3F F3 6F 1A 87 BE 72 73 0A 1D 19 77 7E EF 33 17  

Poll on Demand

2017/6/15 09:46:15.561 [TX] - 56 69 56 4F 74 65 63 68 32 00 01 01 00 01 01 D7 34 
2017/6/15 09:46:15.588 [RX] - 56 69 56 4F 74 65 63 68 32 00 01 00 00 00 12 53  pass  

 Erase All Keys...

2017/6/15 09:46:15.607 [TX] - 56 69 56 4F 74 65 63 68 32 00 83 00 00 00 03 22 
2017/6/15 09:46:15.633 [RX] - 56 69 56 4F 74 65 63 68 32 00 83 00 00 00 22 03  pass  

 Set DUKPT Key Encryption Type...

2017/6/15 09:46:15.853 [TX] - 56 69 56 4F 74 65 63 68 32 00 C7 32 00 01 00 6D FE 
2017/6/15 09:46:15.880 [RX] - 56 69 56 4F 74 65 63 68 32 00 C7 00 00 00 86 6E  pass pass pass  

 Get DUKPT Key Encryption Type...

2017/6/15 09:46:16.100 [TX] - 56 69 56 4F 74 65 63 68 32 00 C7 33 00 00 1A 9B 
2017/6/15 09:46:16.126 [RX] - 56 69 56 4F 74 65 63 68 32 00 C7 00 00 01 00 AC 7F  pass pass  

 Loading DUKPT key...

2017/6/15 09:46:16.353 [TX] - 56 69 56 4F 74 65 63 68 32 00 80 00 00 65 30 45 43 36 30 46 33 35 31 34 37 45 43 41 30 30 38 38 4B 30 54 44 30 30 4E 30 30 30 30 30 30 38 30 39 43 30 37 41 39 39 31 44 43 38 30 33 34 45 43 31 32 45 31 36 39 43 30 44 35 34 35 35 44 45 41 32 39 34 35 31 34 32 34 37 38 30 38 30 35 36 38 32 33 34 39 38 37 31 32 30 32 33 34 30 30 30 30 30 30 30 30 12 43 
2017/6/15 09:46:16.483 [RX] - 56 69 56 4F 74 65 63 68 32 00 80 00 00 00 B9 DF  pass 
2017/6/15 09:46:16.699 [TX] - 56 69 56 4F 74 65 63 68 32 00 80 00 00 65 31 34 43 45 32 35 35 35 31 34 37 45 43 41 30 30 38 38 4B 30 54 44 30 30 4E 30 30 30 30 30 30 38 30 46 35 30 36 46 36 41 33 44 34 30 38 39 39 45 30 35 35 42 42 35 42 39 45 33 41 44 44 36 30 30 42 38 38 35 33 32 37 37 39 32 32 34 36 30 39 32 36 32 33 41 39 39 37 31 32 36 32 33 34 30 30 30 30 30 30 30 30 35 7F 
2017/6/15 09:46:16.830 [RX] - 56 69 56 4F 74 65 63 68 32 00 80 00 00 00 B9 DF  pass 
2017/6/15 09:46:17.046 [TX] - 56 69 56 4F 74 65 63 68 32 00 80 01 00 58 41 30 30 38 38 4B 30 54 44 30 30 4E 30 30 30 30 43 44 32 46 43 43 36 44 37 39 32 44 33 42 32 34 46 30 38 33 37 42 30 33 32 44 30 38 36 38 46 45 43 39 46 44 44 43 39 43 32 36 33 31 31 35 46 30 44 43 43 34 42 44 42 35 37 43 36 30 33 43 34 32 46 34 41 35 30 34 34 39 97 D5 
2017/6/15 09:46:17.165 [RX] - 56 69 56 4F 74 65 63 68 32 00 80 00 00 00 B9 DF  pass 
2017/6/15 09:46:17.382 [TX] - 56 69 56 4F 74 65 63 68 32 00 81 00 00 71 05 41 30 31 31 32 44 30 54 45 30 30 4E 30 31 30 30 4B 53 31 38 36 32 39 39 34 39 30 31 32 43 30 30 30 34 36 30 30 30 30 31 39 34 34 38 36 43 33 31 36 38 43 41 31 46 42 34 41 38 30 39 45 36 33 39 46 46 39 43 33 42 37 32 36 45 32 34 37 43 35 39 30 42 32 32 38 43 35 44 32 32 36 35 30 46 36 36 39 37 45 38 34 37 41 32 46 38 41 32 37 33 39 33 47 AE 
2017/6/15 09:46:17.538 [RX] - 56 69 56 4F 74 65 63 68 32 00 81 00 00 00 CF 6B  pass 
2017/6/15 09:46:17.756 [TX] - 56 69 56 4F 74 65 63 68 32 00 C7 36 00 01 03 6C 97 
2017/6/15 09:46:17.782 [RX] - 56 69 56 4F 74 65 63 68 32 00 C7 00 00 00 86 6E  pass pass pass  

Auto Poll

2017/6/15 09:46:18.005 [TX] - 56 69 56 4F 74 65 63 68 32 00 01 01 00 01 00 F6 24 
2017/6/15 09:46:18.032 [RX] - 56 69 56 4F 74 65 63 68 32 00 01 00 00 00 12 53  pass  

--- Real card (PAN=11)

2017/6/15 09:46:22.056 [TX] - 56 69 56 4F 74 65 63 68 32 00 03 40 00 00 96 E2 
2017/6/15 09:46:22.089 [RX] - 56 69 56 4F 74 65 63 68 32 00 03 00 00 6E C8 DF EE 25 02 00 11 DF EE 23 52 02 4C 00 83 0F 3B 00 00 81 00 25 42 34 30 37 31 36 36 32 31 30 34 36 5E 44 4F 57 2F 4A 4F 48 4E 20 5E 31 37 31 31 32 30 31 31 32 37 38 37 31 31 30 30 30 30 30 30 30 30 38 34 39 30 30 30 30 30 30 3F 20 3F 3F 36 30 36 54 31 32 33 34 35 36 75 1D 03 9F 39 01 90 FF EE 01 04 DF 30 01 0C DF EE 26 01 C8 D5 A7  Real card (PAN=11) MagStripe card - pass  

Poll on Demand

2017/6/15 09:46:22.725 [TX] - 56 69 56 4F 74 65 63 68 32 00 01 01 00 01 01 D7 34 
2017/6/15 09:46:22.752 [RX] - 56 69 56 4F 74 65 63 68 32 00 01 00 00 00 12 53  pass  

 Erase All Keys...

2017/6/15 09:46:22.770 [TX] - 56 69 56 4F 74 65 63 68 32 00 83 00 00 00 03 22 
2017/6/15 09:46:22.796 [RX] - 56 69 56 4F 74 65 63 68 32 00 83 00 00 00 22 03  pass  

 Set DUKPT Key Encryption Type...

2017/6/15 09:46:23.015 [TX] - 56 69 56 4F 74 65 63 68 32 00 C7 32 00 01 00 6D FE 
2017/6/15 09:46:23.042 [RX] - 56 69 56 4F 74 65 63 68 32 00 C7 00 00 00 86 6E  pass pass pass  

 Get DUKPT Key Encryption Type...

2017/6/15 09:46:23.264 [TX] - 56 69 56 4F 74 65 63 68 32 00 C7 33 00 00 1A 9B 
2017/6/15 09:46:23.289 [RX] - 56 69 56 4F 74 65 63 68 32 00 C7 00 00 01 00 AC 7F  pass pass  

 Loading DUKPT key...

2017/6/15 09:46:23.517 [TX] - 56 69 56 4F 74 65 63 68 32 00 80 00 00 65 30 45 43 36 30 46 33 35 31 34 37 45 43 41 30 30 38 38 4B 30 54 44 30 30 4E 30 30 30 30 30 30 38 30 39 43 30 37 41 39 39 31 44 43 38 30 33 34 45 43 31 32 45 31 36 39 43 30 44 35 34 35 35 44 45 41 32 39 34 35 31 34 32 34 37 38 30 38 30 35 36 38 32 33 34 39 38 37 31 32 30 32 33 34 30 30 30 30 30 30 30 30 12 43 
2017/6/15 09:46:23.648 [RX] - 56 69 56 4F 74 65 63 68 32 00 80 00 00 00 B9 DF  pass 
2017/6/15 09:46:23.863 [TX] - 56 69 56 4F 74 65 63 68 32 00 80 00 00 65 31 34 43 45 32 35 35 35 31 34 37 45 43 41 30 30 38 38 4B 30 54 44 30 30 4E 30 30 30 30 30 30 38 30 46 35 30 36 46 36 41 33 44 34 30 38 39 39 45 30 35 35 42 42 35 42 39 45 33 41 44 44 36 30 30 42 38 38 35 33 32 37 37 39 32 32 34 36 30 39 32 36 32 33 41 39 39 37 31 32 36 32 33 34 30 30 30 30 30 30 30 30 35 7F 
2017/6/15 09:46:23.995 [RX] - 56 69 56 4F 74 65 63 68 32 00 80 00 00 00 B9 DF  pass 
2017/6/15 09:46:24.211 [TX] - 56 69 56 4F 74 65 63 68 32 00 80 01 00 58 41 30 30 38 38 4B 30 54 44 30 30 4E 30 30 30 30 43 44 32 46 43 43 36 44 37 39 32 44 33 42 32 34 46 30 38 33 37 42 30 33 32 44 30 38 36 38 46 45 43 39 46 44 44 43 39 43 32 36 33 31 31 35 46 30 44 43 43 34 42 44 42 35 37 43 36 30 33 43 34 32 46 34 41 35 30 34 34 39 97 D5 
2017/6/15 09:46:24.331 [RX] - 56 69 56 4F 74 65 63 68 32 00 80 00 00 00 B9 DF  pass 
2017/6/15 09:46:24.547 [TX] - 56 69 56 4F 74 65 63 68 32 00 81 00 00 71 05 41 30 31 31 32 44 30 54 45 30 30 4E 30 31 30 30 4B 53 31 38 36 32 39 39 34 39 30 31 32 43 30 30 30 34 36 30 30 30 30 31 39 34 34 38 36 43 33 31 36 38 43 41 31 46 42 34 41 38 30 39 45 36 33 39 46 46 39 43 33 42 37 32 36 45 32 34 37 43 35 39 30 42 32 32 38 43 35 44 32 32 36 35 30 46 36 36 39 37 45 38 34 37 41 32 46 38 41 32 37 33 39 33 47 AE 
2017/6/15 09:46:24.704 [RX] - 56 69 56 4F 74 65 63 68 32 00 81 00 00 00 CF 6B  pass 
2017/6/15 09:46:24.920 [TX] - 56 69 56 4F 74 65 63 68 32 00 C7 36 00 01 03 6C 97 
2017/6/15 09:46:24.947 [RX] - 56 69 56 4F 74 65 63 68 32 00 C7 00 00 00 86 6E  pass pass pass  

Auto Poll

2017/6/15 09:46:25.172 [TX] - 56 69 56 4F 74 65 63 68 32 00 01 01 00 01 00 F6 24 
2017/6/15 09:46:25.199 [RX] - 56 69 56 4F 74 65 63 68 32 00 01 00 00 00 12 53  pass  

--- Real card (PAN=12)

2017/6/15 09:46:29.221 [TX] - 56 69 56 4F 74 65 63 68 32 00 03 40 00 00 96 E2 
2017/6/15 09:46:29.254 [RX] - 56 69 56 4F 74 65 63 68 32 00 03 00 00 DA C8 DF EE 25 02 00 11 DF EE 23 81 AF 02 A9 00 80 0F 3A 00 00 A1 89 25 2A 34 30 37 31 2A 2A 2A 2A 30 34 36 39 5E 44 4F 57 2F 4A 4F 48 4E 20 5E 31 37 31 31 2A 2A 2A 2A 2A 2A 2A 2A 2A 2A 2A 2A 2A 2A 2A 2A 2A 2A 2A 2A 2A 2A 2A 2A 2A 2A 2A 3F 2A FB 74 0D E9 C0 1A AA 04 78 C2 46 EC 88 C8 A1 08 3D C4 B3 A2 7A A8 E4 6C B9 D5 43 BD CA 63 7D AD 07 4C DD D3 8B 78 FA 61 28 C3 ED F7 B2 00 B7 F5 90 6D 5B 11 14 3C C5 5B 03 EF 11 A5 FA CD 00 E6 2C D5 16 64 84 CA B1 DF 2A 0A 61 CB CB 1A 0C 82 05 67 C2 64 36 30 36 54 31 32 33 34 35 36 62 99 49 01 2C 00 04 60 00 01 CA C2 03 9F 39 01 90 FF EE 01 04 DF 30 01 0C DF EE 26 01 C8 DF EF  Real card (PAN=12) MagStripe card - pass 4C 06 00 00 00 00 00 00 DF EF 4D 00 7D DB  

Poll on Demand

2017/6/15 09:46:29.990 [TX] - 56 69 56 4F 74 65 63 68 32 00 01 01 00 01 01 D7 34 
2017/6/15 09:46:30.017 [RX] - 56 69 56 4F 74 65 63 68 32 00 01 00 00 00 12 53  pass  

 Erase All Keys...

2017/6/15 09:46:30.037 [TX] - 56 69 56 4F 74 65 63 68 32 00 83 00 00 00 03 22 
2017/6/15 09:46:30.063 [RX] - 56 69 56 4F 74 65 63 68 32 00 83 00 00 00 22 03  pass  

 Set DUKPT Key Encryption Type...

2017/6/15 09:46:30.283 [TX] - 56 69 56 4F 74 65 63 68 32 00 C7 32 00 01 00 6D FE 
2017/6/15 09:46:30.310 [RX] - 56 69 56 4F 74 65 63 68 32 00 C7 00 00 00 86 6E  pass pass pass  

 Get DUKPT Key Encryption Type...

2017/6/15 09:46:30.532 [TX] - 56 69 56 4F 74 65 63 68 32 00 C7 33 00 00 1A 9B 
2017/6/15 09:46:30.557 [RX] - 56 69 56 4F 74 65 63 68 32 00 C7 00 00 01 00 AC 7F  pass pass  

 Loading DUKPT key...

2017/6/15 09:46:30.784 [TX] - 56 69 56 4F 74 65 63 68 32 00 80 00 00 65 30 45 43 36 30 46 33 35 31 34 37 45 43 41 30 30 38 38 4B 30 54 44 30 30 4E 30 30 30 30 30 30 38 30 39 43 30 37 41 39 39 31 44 43 38 30 33 34 45 43 31 32 45 31 36 39 43 30 44 35 34 35 35 44 45 41 32 39 34 35 31 34 32 34 37 38 30 38 30 35 36 38 32 33 34 39 38 37 31 32 30 32 33 34 30 30 30 30 30 30 30 30 12 43 
2017/6/15 09:46:30.915 [RX] - 56 69 56 4F 74 65 63 68 32 00 80 00 00 00 B9 DF  pass 
2017/6/15 09:46:31.130 [TX] - 56 69 56 4F 74 65 63 68 32 00 80 00 00 65 31 34 43 45 32 35 35 35 31 34 37 45 43 41 30 30 38 38 4B 30 54 44 30 30 4E 30 30 30 30 30 30 38 30 46 35 30 36 46 36 41 33 44 34 30 38 39 39 45 30 35 35 42 42 35 42 39 45 33 41 44 44 36 30 30 42 38 38 35 33 32 37 37 39 32 32 34 36 30 39 32 36 32 33 41 39 39 37 31 32 36 32 33 34 30 30 30 30 30 30 30 30 35 7F 
2017/6/15 09:46:31.262 [RX] - 56 69 56 4F 74 65 63 68 32 00 80 00 00 00 B9 DF  pass 
2017/6/15 09:46:31.477 [TX] - 56 69 56 4F 74 65 63 68 32 00 80 01 00 58 41 30 30 38 38 4B 30 54 44 30 30 4E 30 30 30 30 43 44 32 46 43 43 36 44 37 39 32 44 33 42 32 34 46 30 38 33 37 42 30 33 32 44 30 38 36 38 46 45 43 39 46 44 44 43 39 43 32 36 33 31 31 35 46 30 44 43 43 34 42 44 42 35 37 43 36 30 33 43 34 32 46 34 41 35 30 34 34 39 97 D5 
2017/6/15 09:46:31.597 [RX] - 56 69 56 4F 74 65 63 68 32 00 80 00 00 00 B9 DF  pass 
2017/6/15 09:46:31.812 [TX] - 56 69 56 4F 74 65 63 68 32 00 81 00 00 71 05 41 30 31 31 32 44 30 54 45 30 30 4E 30 31 30 30 4B 53 31 38 36 32 39 39 34 39 30 31 32 43 30 30 30 34 36 30 30 30 30 31 39 34 34 38 36 43 33 31 36 38 43 41 31 46 42 34 41 38 30 39 45 36 33 39 46 46 39 43 33 42 37 32 36 45 32 34 37 43 35 39 30 42 32 32 38 43 35 44 32 32 36 35 30 46 36 36 39 37 45 38 34 37 41 32 46 38 41 32 37 33 39 33 47 AE 
2017/6/15 09:46:31.969 [RX] - 56 69 56 4F 74 65 63 68 32 00 81 00 00 00 CF 6B  pass 
2017/6/15 09:46:32.186 [TX] - 56 69 56 4F 74 65 63 68 32 00 C7 36 00 01 03 6C 97 
2017/6/15 09:46:32.212 [RX] - 56 69 56 4F 74 65 63 68 32 00 C7 00 00 00 86 6E  pass pass pass  

Auto Poll

2017/6/15 09:46:32.435 [TX] - 56 69 56 4F 74 65 63 68 32 00 01 01 00 01 00 F6 24 
2017/6/15 09:46:32.462 [RX] - 56 69 56 4F 74 65 63 68 32 00 01 00 00 00 12 53  pass  

--- Real card (PAN=20)

2017/6/15 09:46:36.484 [TX] - 56 69 56 4F 74 65 63 68 32 00 03 40 00 00 96 E2 
2017/6/15 09:46:36.517 [RX] - 56 69 56 4F 74 65 63 68 32 00 03 00 00 75 C8 DF EE 25 02 00 11 DF EE 23 59 02 53 00 83 0F 42 00 00 81 00 25 42 34 30 37 31 36 36 32 31 30 34 36 39 31 32 33 34 35 36 37 38 5E 44 4F 57 2F 4A 4F 48 4E 20 5E 31 37 31 31 32 30 31 31 32 37 38 37 31 31 30 30 30 30 30 30 30 30 38 34 39 30 30 30 30 30 30 3F 31 36 30 36 54 31 32 33 34 35 36 2C 94 03 9F 39 01 90 FF EE 01 04 DF 30 01 0C DF EE 26 01 C8 B5 BB  Real card (PAN=20) MagStripe card - pass  

Poll on Demand

2017/6/15 09:46:37.161 [TX] - 56 69 56 4F 74 65 63 68 32 00 01 01 00 01 01 D7 34 
2017/6/15 09:46:37.188 [RX] - 56 69 56 4F 74 65 63 68 32 00 01 00 00 00 12 53  pass  

 Erase All Keys...

2017/6/15 09:46:37.206 [TX] - 56 69 56 4F 74 65 63 68 32 00 83 00 00 00 03 22 
2017/6/15 09:46:37.232 [RX] - 56 69 56 4F 74 65 63 68 32 00 83 00 00 00 22 03  pass  

 Set DUKPT Key Encryption Type...

2017/6/15 09:46:37.453 [TX] - 56 69 56 4F 74 65 63 68 32 00 C7 32 00 01 00 6D FE 
2017/6/15 09:46:37.480 [RX] - 56 69 56 4F 74 65 63 68 32 00 C7 00 00 00 86 6E  pass pass pass  

 Get DUKPT Key Encryption Type...

2017/6/15 09:46:37.701 [TX] - 56 69 56 4F 74 65 63 68 32 00 C7 33 00 00 1A 9B 
2017/6/15 09:46:37.727 [RX] - 56 69 56 4F 74 65 63 68 32 00 C7 00 00 01 00 AC 7F  pass pass  

 Loading DUKPT key...

2017/6/15 09:46:37.955 [TX] - 56 69 56 4F 74 65 63 68 32 00 80 00 00 65 30 45 43 36 30 46 33 35 31 34 37 45 43 41 30 30 38 38 4B 30 54 44 30 30 4E 30 30 30 30 30 30 38 30 39 43 30 37 41 39 39 31 44 43 38 30 33 34 45 43 31 32 45 31 36 39 43 30 44 35 34 35 35 44 45 41 32 39 34 35 31 34 32 34 37 38 30 38 30 35 36 38 32 33 34 39 38 37 31 32 30 32 33 34 30 30 30 30 30 30 30 30 12 43 
2017/6/15 09:46:38.085 [RX] - 56 69 56 4F 74 65 63 68 32 00 80 00 00 00 B9 DF  pass 
2017/6/15 09:46:38.301 [TX] - 56 69 56 4F 74 65 63 68 32 00 80 00 00 65 31 34 43 45 32 35 35 35 31 34 37 45 43 41 30 30 38 38 4B 30 54 44 30 30 4E 30 30 30 30 30 30 38 30 46 35 30 36 46 36 41 33 44 34 30 38 39 39 45 30 35 35 42 42 35 42 39 45 33 41 44 44 36 30 30 42 38 38 35 33 32 37 37 39 32 32 34 36 30 39 32 36 32 33 41 39 39 37 31 32 36 32 33 34 30 30 30 30 30 30 30 30 35 7F 
2017/6/15 09:46:38.432 [RX] - 56 69 56 4F 74 65 63 68 32 00 80 00 00 00 B9 DF  pass 
2017/6/15 09:46:38.648 [TX] - 56 69 56 4F 74 65 63 68 32 00 80 01 00 58 41 30 30 38 38 4B 30 54 44 30 30 4E 30 30 30 30 43 44 32 46 43 43 36 44 37 39 32 44 33 42 32 34 46 30 38 33 37 42 30 33 32 44 30 38 36 38 46 45 43 39 46 44 44 43 39 43 32 36 33 31 31 35 46 30 44 43 43 34 42 44 42 35 37 43 36 30 33 43 34 32 46 34 41 35 30 34 34 39 97 D5 
2017/6/15 09:46:38.768 [RX] - 56 69 56 4F 74 65 63 68 32 00 80 00 00 00 B9 DF  pass 
2017/6/15 09:46:38.984 [TX] - 56 69 56 4F 74 65 63 68 32 00 81 00 00 71 05 41 30 31 31 32 44 30 54 45 30 30 4E 30 31 30 30 4B 53 31 38 36 32 39 39 34 39 30 31 32 43 30 30 30 34 36 30 30 30 30 31 39 34 34 38 36 43 33 31 36 38 43 41 31 46 42 34 41 38 30 39 45 36 33 39 46 46 39 43 33 42 37 32 36 45 32 34 37 43 35 39 30 42 32 32 38 43 35 44 32 32 36 35 30 46 36 36 39 37 45 38 34 37 41 32 46 38 41 32 37 33 39 33 47 AE 
2017/6/15 09:46:39.141 [RX] - 56 69 56 4F 74 65 63 68 32 00 81 00 00 00 CF 6B  pass 
2017/6/15 09:46:39.357 [TX] - 56 69 56 4F 74 65 63 68 32 00 C7 36 00 01 03 6C 97 
2017/6/15 09:46:39.383 [RX] - 56 69 56 4F 74 65 63 68 32 00 C7 00 00 00 86 6E  pass pass pass  

Auto Poll

2017/6/15 09:46:39.609 [TX] - 56 69 56 4F 74 65 63 68 32 00 01 01 00 01 00 F6 24 
2017/6/15 09:46:39.636 [RX] - 56 69 56 4F 74 65 63 68 32 00 01 00 00 00 12 53  pass  

--- ISO4909

2017/6/15 09:46:43.658 [TX] - 56 69 56 4F 74 65 63 68 32 00 03 40 00 00 96 E2 
2017/6/15 09:46:43.691 [RX] - 56 69 56 4F 74 65 63 68 32 00 03 00 01 62 C8 DF EE 25 02 00 11 DF EE 23 82 01 0E 02 08 01 80 1F 4D 27 00 81 9B 25 2A 34 35 34 37 2A 2A 2A 2A 2A 2A 2A 2A 30 30 30 30 5E 4C 4C 49 42 52 45 20 52 4F 42 45 52 54 2D 47 55 49 4C 4C 45 52 4D 4F 20 5E 31 31 30 32 2A 2A 2A 2A 2A 2A 2A 2A 2A 2A 2A 2A 2A 2A 2A 2A 2A 2A 2A 2A 2A 2A 2A 2A 2A 2A 2A 3F 2A DE 04 D2 DB BB F9 AA 18 EC 56 B9 DC 8C 3F 27 5F 5A B2 91 41 41 38 04 5F EE 1E 72 01 5B 35 30 E2 EC 75 97 64 E5 62 F9 BA 6E D0 3C 7D 7C 59 11 A0 7A 63 77 FB D6 DA DB A2 9B 3B A6 15 7A B2 92 09 4B 62 8C 26 8E A3 55 92 27 C4 20 64 EA 81 19 7A FC BB A4 7C FC 22 D8 2C 80 ED D4 1E 2C 4D DF B5 D9 A5 18 39 AC 9B 27 02 AA 76 41 75 77 9D D0 C0 89 25 0C D0 4A 03 E4 2C BC 6D B0 09 54 4A 8E 4D B4 6B E2 83 32 3D 79 6E B0 13 AF 65 DF AF 57 85 96 18 2E D3 93 78 61 C2 BD 7D 77 E1 44 D2 BE 7C 36 30 36 54 31 32 33 34 35 36 62 99 49 01 2C 00 04 60 00 01 C0 26 03 9F 39 01 90 FF EE 01 04 DF 30 01 0C DF EE 26 01 C8 DF EF  ISO4909 MagStripe card - pass 4C 06 00 26 00 00 00 00 DF EF 4D 28 FC BB A4 7C FC 22 D8 2C 80 ED D4 1E 2C 4D DF B5 D9 A5 18 39 AC 9B 27 02 AA 76 41 75 77 9D D0 C0 52 0F 5D 20 FC B3 B7 D9 D2 7A  

 ---------- END OF TEST ----------

 Result = PASSED
 

 MASTER RESULT = PASSED


Docklight Log File (HEX) - Stopped 2017/6/15 09:46:45.628 

