Docklight Log File (HEX) - Started 10/10/2008 10:08:01.71 
 #STORE LCD MESSAGE to recover all the default set for EMEA UI Scheme 

10/10/2008 10:08:01.74 [TX] - 56 69 56 4F 74 65 63 68 32 00 01 03 00 01 FD 2C F7 
10/10/2008 10:08:04.02 [RX] - 56 69 56 4F 74 65 63 68 32 00 01 00 00 00 12 53  STORE LCD Status Code - 'OK'
 #GET LCD to verify the results 

10/10/2008 10:08:04.10 [TX] - 56 69 56 4F 74 65 63 68 32 00 01 04 00 01 FF 43 86 
10/10/2008 10:08:04.23 [RX] - 56 69 56 4F 74 65 63 68 32 00 01 00 02 66 00 10 00 00 00 25 50 63 63 63 63 25 46 33 57 65 6C 63 6F 6D 65 01 22 00 00 00 25 46 33 25 50 63 63 31 32 50 6C 65 61 73 65 0A 25 50 63 63 33 37 50 72 65 73 65 6E 74 20 43 61 72 64 02 10 00 00 00 25 50 63 63 63 63 25 46 33 4E 6F 20 43 61 72 64 03 1C 00 00 00 25 46 33 25 50 63 63 31 32 4E 6F 74 0A 25 50 63 63 33 37 43 6F 6E 6E 65 63 74 65 64 04 27 00 00 00 25 46 33 25 50 63 63 31 32 43 61 72 64 20 72 65 61 64 20 6F 6B 0A 25 50 63 63 33 37 72 65 6D 6F 76 65 20 63 61 72 64 05 0D 00 00 00 25 50 63 63 63 63 25 46 33 46 61 69 6C 06 22 00 00 00 25 46 33 25 50 63 63 31 32 25 53 31 25 53 32 0A 25 50 63 63 33 37 50 72 65 73 65 6E 74 20 63 61 72 64 07 1F 00 00 00 25 46 32 25 50 63 63 34 30 41 76 61 69 6C 61 62 6C 65 0A 25 50 63 63 35 32 25 53 31 25 53 32 08 23 00 00 00 25 46 33 25 50 63 63 31 32 49 6E 73 65 72 74 20 6F 72 0A 25 50 63 63 33 37 73 77 69 70 65 20 63 61 72 64 09 12 00 00 00 25 46 33 25 50 63 63 63 63 54 61 70 20 61 67 61 69 6E 0A 24 00 00 00 25 46 33 25 50 63 63 31 32 50 72 65 73 65 6E 74 20 6F 6E 65 0A 25 50 63 63 33 37 63 61 72 64 20 6F 6E 6C 79 0B 14 00 00 00 25 46 33 25 50 63 63 63 63 50 6C 65 61 73 65 20 77 61 69 74 0C 21 00 00 00 25 46 33 25 50 63 63 31 32 50 6C 65 61 73 65 0A 25 50 63 63 33 37 72 65 6D 6F 76 65 20 63 61 72 64 0D 11 00 00 00 25 46 33 25 50 63 63 31 38 41 70 70 72 6F 76 65 64 0E 11 00 00 00 25 46 33 25 50 63 63 31 38 44 65 63 6C 69 6E 65 64 0F 2F 00 00 00 25 46 33 25 50 63 63 30 33 53 65 65 20 70 68 6F 6E 65 0A 25 50 63 63 32 37 66 6F 72 0A 25 50 63 63 34 35 49 6E 73 74 72 75 63 74 69 6F 6E 73 10 0E 00 00 00 52 65 73 65 72 76 65 64 20 4D 53 47 31 36 11 0E 00 00 00 52 65 73 65 72 76 65 64 20 4D 53 47 31 37 12 0E 00 00 00 52 65 73 65 72 76 65 64 20 4D 53 47 31 38 13 0E 00 00 00 52 65 73 65 72 76 65 64 20 4D 53 47 31 39 14 0E 00 00 00 52 65 73 65 72 76 65 64 20 4D 53 47 32 30 15 00 00 00 00 7E 11  EMEA UI SCHEME IS PRESENT
 Result = PASSED


Docklight Log File (HEX) - Stopped 10/10/2008 10:08:04.55 

