Docklight Log File (HEX) - Started 2022/1/11 15:35:55.950 
 TEST CASE: ECA15-2

 --- Set POS COM PORT Settings
 Set POS COM PORT...
 POS operating on COM1 @ 9600 baud...
 Set POS COM PORT - COMPLETE

 --- 04-F0

2022/1/11 15:35:57.095 [TX] - 56 69 56 4F 74 65 63 68 32 00 04 F0 00 00 44 4D 
2022/1/11 15:35:57.450 [RX] - 55 55 55 55 55 55 55 55 55 55 55 55 55 55 55 55 55 55 55 55 55 55 55 55 55 55 55 55 55 55 66 56 69 56 4F 74 65 63 68 32 00 04 00 00 00 AE 16  

 Erase All Keys...

2022/1/11 15:36:04.544 [TX] - 56 69 56 4F 74 65 63 68 32 00 83 00 00 00 03 22 
2022/1/11 15:36:04.600 [RX] - 55 55 55 55 55 55 55 55 55 55 55 55 55 55 55 55 55 55 55 55 55 55 55 55 55 55 55 55 55 55 66 56 69 56 4F 74 65 63 68 32 00 83 00 00 00 22 03  

 Set DUKPT Key Encryption Type...

2022/1/11 15:36:05.196 [TX] - 56 69 56 4F 74 65 63 68 32 00 C7 32 00 01 01 7D DF 
2022/1/11 15:36:05.254 [RX] - 55 55 55 55 55 55 55 55 55 55 55 55 55 55 55 55 55 55 55 55 55 55 55 55 55 55 55 55 55 55 66 56 69 56 4F 74 65 63 68 32 00 C7 00 00 00 86 6E  

 Get DUKPT Key Encryption Type...

2022/1/11 15:36:05.852 [TX] - 56 69 56 4F 74 65 63 68 32 00 C7 33 00 00 1A 9B 
2022/1/11 15:36:05.907 [RX] - 55 55 55 55 55 55 55 55 55 55 55 55 55 55 55 55 55 55 55 55 55 55 55 55 55 55 55 55 55 55 66 56 69 56 4F 74 65 63 68 32 00 C7 00 00 01 01 BC 5E  
OK!
 

 Loading DUKPT key...

2022/1/11 15:36:06.509 [TX] - 56 69 56 4F 74 65 63 68 32 00 80 00 00 65 30 39 36 46 31 35 35 37 37 45 39 41 44 41 30 30 38 38 4B 30 54 44 30 30 4E 30 30 30 30 30 30 38 30 45 30 39 46 43 39 35 35 45 36 33 43 32 45 43 43 30 42 34 39 44 42 46 35 31 37 36 36 42 32 41 39 34 34 33 37 32 37 35 39 30 32 33 30 32 32 30 32 32 33 34 39 38 37 31 32 30 32 33 34 30 30 30 30 30 30 30 30 9C 1B 
2022/1/11 15:36:06.796 [RX] - 55 55 55 55 55 55 55 55 55 55 55 55 55 55 55 55 55 55 55 55 55 55 55 55 55 55 55 55 55 55 66 56 69 56 4F 74 65 63 68 32 00 80 00 00 00 B9 DF 
2022/1/11 15:36:07.391 [TX] - 56 69 56 4F 74 65 63 68 32 00 80 00 00 65 31 32 45 43 36 30 30 37 37 45 39 41 44 41 30 30 38 38 4B 30 54 44 30 30 4E 30 30 30 30 30 30 38 30 31 44 31 45 36 30 44 36 45 32 46 38 44 31 44 36 32 34 42 44 34 34 36 42 43 39 33 31 34 33 33 41 30 33 33 36 33 31 30 34 35 36 37 38 32 37 37 30 32 33 41 39 39 37 31 32 36 32 33 34 30 30 30 30 30 30 30 30 30 E6 
2022/1/11 15:36:07.679 [RX] - 55 55 55 55 55 55 55 55 55 55 55 55 55 55 55 55 55 55 55 55 55 55 55 55 55 55 55 55 55 55 66 56 69 56 4F 74 65 63 68 32 00 80 00 00 00 B9 DF 
2022/1/11 15:36:08.272 [TX] - 56 69 56 4F 74 65 63 68 32 00 80 01 00 58 41 30 30 38 38 4B 30 54 44 30 30 4E 30 30 30 30 46 41 42 44 39 44 34 32 37 34 31 30 42 36 46 41 35 45 44 33 42 37 36 41 44 37 46 41 45 38 45 33 31 36 30 32 31 33 42 46 44 38 31 31 38 32 32 33 38 31 38 41 45 43 46 30 43 44 41 44 42 31 39 41 42 45 39 37 41 41 32 43 B8 FE 
2022/1/11 15:36:08.532 [RX] - 55 55 55 55 55 55 55 55 55 55 55 55 55 55 55 55 55 55 55 55 55 55 55 55 55 55 55 55 55 55 66 56 69 56 4F 74 65 63 68 32 00 80 00 00 00 B9 DF 
2022/1/11 15:36:09.125 [TX] - 56 69 56 4F 74 65 63 68 32 00 81 00 00 71 05 41 30 31 31 32 44 30 54 45 30 30 4E 30 31 30 30 4B 53 31 38 36 32 39 39 34 39 30 31 32 43 30 30 30 34 36 30 30 30 30 31 37 39 46 43 30 31 36 44 31 34 46 34 35 42 39 41 33 37 46 37 32 42 44 35 41 35 37 37 41 43 35 33 34 37 36 42 31 35 35 34 32 45 39 42 39 30 46 35 36 32 46 36 37 36 35 30 45 46 35 33 43 34 44 39 45 42 41 36 39 35 39 46 76 88 
2022/1/11 15:36:09.451 [RX] - 55 55 55 55 55 55 55 55 55 55 55 55 55 55 55 55 55 55 55 55 55 55 55 55 55 55 55 55 55 55 66 56 69 56 4F 74 65 63 68 32 00 81 00 00 00 CF 6B  
OK!
 

 --- Data Encryption: Enable

2022/1/11 15:36:10.067 [TX] - 56 69 56 4F 74 65 63 68 32 00 C7 36 00 01 02 87 4D 
2022/1/11 15:36:10.125 [RX] - 55 55 55 55 55 55 55 55 55 55 55 55 55 55 55 55 55 55 55 55 55 55 55 55 55 55 55 55 55 55 66 56 69 56 4F 74 65 63 68 32 00 C7 00 00 00 86 6E  

 --- Poll on Demand

2022/1/11 15:36:10.229 [TX] - 56 69 56 4F 74 65 63 68 32 00 01 01 00 01 01 D7 34 
2022/1/11 15:36:10.287 [RX] - 55 55 55 55 55 55 55 55 55 55 55 55 55 55 55 55 55 55 55 55 55 55 55 55 55 55 55 55 55 55 66 56 69 56 4F 74 65 63 68 32 00 01 00 00 00 12 53  

 --- Burst mode Off

2022/1/11 15:36:10.895 [TX] - 56 69 56 4F 74 65 63 68 32 00 04 00 00 04 FF F7 01 00 B9 2E 
2022/1/11 15:36:10.960 [RX] - 55 55 55 55 55 55 55 55 55 55 55 55 55 55 55 55 55 55 55 55 55 55 55 55 55 55 55 55 55 55 66 56 69 56 4F 74 65 63 68 32 00 04 00 00 00 AE 16  

 --- Set TTQ (9F66) = 20 00 40 00

2022/1/11 15:36:13.479 [TX] - 56 69 56 4F 74 65 63 68 32 00 04 00 00 07 9F 66 04 20 00 40 00 EC D0 
2022/1/11 15:36:13.551 [RX] - 55 55 55 55 55 55 55 55 55 55 55 55 55 55 55 55 55 55 55 55 55 55 55 55 55 55 55 55 55 55 66 56 69 56 4F 74 65 63 68 32 00 04 00 00 00 AE 16  

 --- 02-01

2022/1/11 15:36:14.154 [TX] - 56 69 56 4F 74 65 63 68 32 00 02 01 00 15 0A 9F 02 06 00 00 00 00 10 00 9A 03 07 11 21 9F 21 03 10 15 20 30 12 
2022/1/11 15:36:14.258 [RX] - 55 55 55 55 55 55 55 55 55 55 55 55 55 55 55 55 55 55 55 55 55 55 55 55 55 55 55 55 55 55 66 56 69 56 4F 74 65 63 68 32 00 02 0C 00 00 FC EE  

 --- 02-40 Activate Transaction

2022/1/11 15:36:16.341 [TX] - 56 69 56 4F 74 65 63 68 32 00 02 40 00 15 0A 9F 02 06 00 00 00 00 10 00 9A 03 07 11 21 9F 21 03 10 15 20 5E 34 
2022/1/11 15:36:17.942 [RX] - 55 55 55 55 55 55 55 55 55 55 55 55 55 55 55 55 55 55 55 55 55 55 55 55 55 55 55 55 55 55 66 56 69 56 4F 74 65 63 68 32 00 02 23 01 3F 43 E1 7D 4F 07 A0 00 00 00 03 10 10 9F 66 04 20 00 40 00 82 02 20 20 95 05 00 00 00 00 00 5F 2A 02 08 40 50 0C 56 49 53 41 20 54 45 53 54 20 30 31 9F 26 08 AA BB CC DD EE FF 11 22 9F 27 01 40 9F 02 06 00 00 00 00 10 00 9F 03 06 00 00 00 00 00 00 9F 10 07 06 01 11 03 90 00 00 9F 1A 02 08 40 9F 36 02 00 03 9F 37 04 3B F0 7C 9E 5A 08 47 61 73 90 01 01 00 10 84 07 A0 00 00 00 03 10 10 57 13 47 61 73 90 01 01 00 10 D3 01 21 20 00 12 33 99 00 03 1F 5F 24 03 30 12 31 5F 34 01 01 9A 03 07 11 21 9B 02 00 00 9C 01 00 9F 06 07 A0 00 00 00 03 10 10 9F 09 02 00 02 FF F2 08 39 54 30 32 35 37 39 33 9F 21 03 10 15 20 9F 33 03 00 08 E8 9F 41 04 00 00 00 01 9F 5D 06 00 00 00 01 00 00 9F 39 01 07 9F 6C 02 20 00 5F 2D 04 65 73 65 6E 9F 35 01 22 FF EE 01 0C DF 52 01 00 DF 30 01 00 DF 5B 01 08 DF EF 4C 06 00 27 00 00 00 00 DF EF 4D 27 3B 34 37 36 31 37 33 39 30 30 31 30 31 30 30 31 30 3D 33 30 31 32 31 32 30 30 30 31 32 33 33 39 39 30 30 30 33 31 3F DF EE 26 01 43 88 87  

 Erase All Keys...

2022/1/11 15:36:19.216 [TX] - 56 69 56 4F 74 65 63 68 32 00 83 00 00 00 03 22 
2022/1/11 15:36:19.272 [RX] - 55 55 55 55 55 55 55 55 55 55 55 55 55 55 55 55 55 55 55 55 55 55 55 55 55 55 55 55 55 55 66 56 69 56 4F 74 65 63 68 32 00 83 00 00 00 22 03  

 Set DUKPT Key Encryption Type...

2022/1/11 15:36:19.877 [TX] - 56 69 56 4F 74 65 63 68 32 00 C7 32 00 01 01 7D DF 
2022/1/11 15:36:19.936 [RX] - 55 55 55 55 55 55 55 55 55 55 55 55 55 55 55 55 55 55 55 55 55 55 55 55 55 55 55 55 55 55 66 56 69 56 4F 74 65 63 68 32 00 C7 00 00 00 86 6E  

 Get DUKPT Key Encryption Type...

2022/1/11 15:36:20.544 [TX] - 56 69 56 4F 74 65 63 68 32 00 C7 33 00 00 1A 9B 
2022/1/11 15:36:20.600 [RX] - 55 55 55 55 55 55 55 55 55 55 55 55 55 55 55 55 55 55 55 55 55 55 55 55 55 55 55 55 55 55 66 56 69 56 4F 74 65 63 68 32 00 C7 00 00 01 01 BC 5E  
OK!
 

 Loading DUKPT key...

2022/1/11 15:36:21.211 [TX] - 56 69 56 4F 74 65 63 68 32 00 80 00 00 65 30 39 36 46 31 35 35 37 37 45 39 41 44 41 30 30 38 38 4B 30 54 44 30 30 4E 30 30 30 30 30 30 38 30 45 30 39 46 43 39 35 35 45 36 33 43 32 45 43 43 30 42 34 39 44 42 46 35 31 37 36 36 42 32 41 39 34 34 33 37 32 37 35 39 30 32 33 30 32 32 30 32 32 33 34 39 38 37 31 32 30 32 33 34 30 30 30 30 30 30 30 30 9C 1B 
2022/1/11 15:36:21.499 [RX] - 55 55 55 55 55 55 55 55 55 55 55 55 55 55 55 55 55 55 55 55 55 55 55 55 55 55 55 55 55 55 66 56 69 56 4F 74 65 63 68 32 00 80 00 00 00 B9 DF 
2022/1/11 15:36:22.089 [TX] - 56 69 56 4F 74 65 63 68 32 00 80 00 00 65 31 32 45 43 36 30 30 37 37 45 39 41 44 41 30 30 38 38 4B 30 54 44 30 30 4E 30 30 30 30 30 30 38 30 31 44 31 45 36 30 44 36 45 32 46 38 44 31 44 36 32 34 42 44 34 34 36 42 43 39 33 31 34 33 33 41 30 33 33 36 33 31 30 34 35 36 37 38 32 37 37 30 32 33 41 39 39 37 31 32 36 32 33 34 30 30 30 30 30 30 30 30 30 E6 
2022/1/11 15:36:22.377 [RX] - 55 55 55 55 55 55 55 55 55 55 55 55 55 55 55 55 55 55 55 55 55 55 55 55 55 55 55 55 55 55 66 56 69 56 4F 74 65 63 68 32 00 80 00 00 00 B9 DF 
2022/1/11 15:36:22.970 [TX] - 56 69 56 4F 74 65 63 68 32 00 80 01 00 58 41 30 30 38 38 4B 30 54 44 30 30 4E 30 30 30 30 46 41 42 44 39 44 34 32 37 34 31 30 42 36 46 41 35 45 44 33 42 37 36 41 44 37 46 41 45 38 45 33 31 36 30 32 31 33 42 46 44 38 31 31 38 32 32 33 38 31 38 41 45 43 46 30 43 44 41 44 42 31 39 41 42 45 39 37 41 41 32 43 B8 FE 
2022/1/11 15:36:23.230 [RX] - 55 55 55 55 55 55 55 55 55 55 55 55 55 55 55 55 55 55 55 55 55 55 55 55 55 55 55 55 55 55 66 56 69 56 4F 74 65 63 68 32 00 80 00 00 00 B9 DF 
2022/1/11 15:36:23.824 [TX] - 56 69 56 4F 74 65 63 68 32 00 81 00 00 71 05 41 30 31 31 32 44 30 54 45 30 30 4E 30 31 30 30 4B 53 31 38 36 32 39 39 34 39 30 31 32 43 30 30 30 34 36 30 30 30 30 31 37 39 46 43 30 31 36 44 31 34 46 34 35 42 39 41 33 37 46 37 32 42 44 35 41 35 37 37 41 43 35 33 34 37 36 42 31 35 35 34 32 45 39 42 39 30 46 35 36 32 46 36 37 36 35 30 45 46 35 33 43 34 44 39 45 42 41 36 39 35 39 46 76 88 
2022/1/11 15:36:24.150 [RX] - 55 55 55 55 55 55 55 55 55 55 55 55 55 55 55 55 55 55 55 55 55 55 55 55 55 55 55 55 55 55 66 56 69 56 4F 74 65 63 68 32 00 81 00 00 00 CF 6B  
OK!
 

 --- 02-40 Activate Transaction

2022/1/11 15:36:25.448 [TX] - 56 69 56 4F 74 65 63 68 32 00 02 40 00 15 0A 9F 02 06 00 00 00 00 10 00 9A 03 07 11 21 9F 21 03 10 15 20 5E 34 
2022/1/11 15:36:26.949 [RX] - 55 55 55 55 55 55 55 55 55 55 55 55 55 55 55 55 55 55 55 55 55 55 55 55 55 55 55 55 55 55 66 56 69 56 4F 74 65 63 68 32 00 02 23 01 3F 43 E1 7D 4F 07 A0 00 00 00 03 10 10 9F 66 04 20 00 40 00 82 02 20 20 95 05 00 00 00 00 00 5F 2A 02 08 40 50 0C 56 49 53 41 20 54 45 53 54 20 30 31 9F 26 08 AA BB CC DD EE FF 11 22 9F 27 01 40 9F 02 06 00 00 00 00 10 00 9F 03 06 00 00 00 00 00 00 9F 10 07 06 01 11 03 90 00 00 9F 1A 02 08 40 9F 36 02 00 03 9F 37 04 B8 73 F5 23 5A 08 47 61 73 90 01 01 00 10 84 07 A0 00 00 00 03 10 10 57 13 47 61 73 90 01 01 00 10 D3 01 21 20 00 12 33 99 00 03 1F 5F 24 03 30 12 31 5F 34 01 01 9A 03 07 11 21 9B 02 00 00 9C 01 00 9F 06 07 A0 00 00 00 03 10 10 9F 09 02 00 02 FF F2 08 39 54 30 32 35 37 39 33 9F 21 03 10 15 20 9F 33 03 00 08 E8 9F 41 04 00 00 00 02 9F 5D 06 00 00 00 01 00 00 9F 39 01 07 9F 6C 02 20 00 5F 2D 04 65 73 65 6E 9F 35 01 22 FF EE 01 0C DF 52 01 00 DF 30 01 00 DF 5B 01 08 DF EF 4C 06 00 27 00 00 00 00 DF EF 4D 27 3B 34 37 36 31 37 33 39 30 30 31 30 31 30 30 31 30 3D 33 30 31 32 31 32 30 30 30 31 32 33 33 39 39 30 30 30 33 31 3F DF EE 26 01 43 D3 4E  
---------- END OF TEST ----------

 Result = PASSED
 

 MASTER RESULT = PASSED


Docklight Log File (HEX) - Stopped 2022/1/11 15:36:28.326 

