Docklight Log File (HEX) - Started 2021/12/2 14:41:09.122 
 TEST CASE: AndroidPayT001-2

 --- Set POS COM PORT Settings
 Set POS COM PORT...
 POS operating on COM90 @ 9600 baud...
 Set POS COM PORT - COMPLETE

 

--- Burst Off (04-00)

2021/12/2 14:41:10.317 [TX] - 56 69 56 4F 74 65 63 68 32 00 04 00 00 04 FF F7 01 00 B9 2E 
2021/12/2 14:41:10.325 [RX] - 56 69 56 4F 74 65 63 68 32 00 04 00 00 00 AE 16  pass pass 00 00 00 00 00 00 00 00 00 00 00 00 00 00 00 00 00 00 00 00 00 00 00 00 00 00 00 00 00 00 00 00 00 00 00 00 00 00 00 00 00 00 00 00 00 00 00  

Poll on Demand

2021/12/2 14:41:10.731 [TX] - 56 69 56 4F 74 65 63 68 32 00 01 01 00 01 01 D7 34 
2021/12/2 14:41:10.737 [RX] - 56 69 56 4F 74 65 63 68 32 00 01 00 00 00 12 53  pass 00 00 00 00 00 00 00 00 00 00 00 00 00 00 00 00 00 00 00 00 00 00 00 00 00 00 00 00 00 00 00 00 00 00 00 00 00 00 00 00 00 00 00 00 00 00 00  

 Erase All Keys...

2021/12/2 14:41:10.745 [TX] - 56 69 56 4F 74 65 63 68 32 00 83 00 00 00 03 22 
2021/12/2 14:41:10.753 [RX] - 56 69 56 4F 74 65 63 68 32 00 83 00 00 00 22 03  pass 00 00 00 00 00 00 00 00 00 00 00 00 00 00 00 00 00 00 00 00 00 00 00 00 00 00 00 00 00 00 00 00 00 00 00 00 00 00 00 00 00 00 00 00 00 00 00  

 Set DUKPT Key Encryption Type...

2021/12/2 14:41:10.962 [TX] - 56 69 56 4F 74 65 63 68 32 00 C7 32 00 01 00 FE 6D 
2021/12/2 14:41:10.970 [RX] - 56 69 56 4F 74 65 63 68 32 00 C7 00 00 00 86 6E  pass pass pass 00 00 00 00 00 00 00 00 00 00 00 00 00 00 00 00 00 00 00 00 00 00 00 00 00 00 00 00 00 00 00 00 00 00 00 00 00 00 00 00 00 00 00 00 00 00 00  

 Get DUKPT Key Encryption Type...

2021/12/2 14:41:11.185 [TX] - 56 69 56 4F 74 65 63 68 32 00 C7 33 00 00 9B 1A 
2021/12/2 14:41:11.193 [RX] - 56 69 56 4F 74 65 63 68 32 00 C7 00 00 01 00 AC 7F  pass 00 00 00 00 00 00 00 00 00 00 00 00 00 00 00 00 00 00 00 00 00 00 00 00 00 00 00 00 00 00 00 00 00 00 00 00 00 00 00 00 00 00 00 00 00 00  

 Loading DUKPT key...

2021/12/2 14:41:11.426 [TX] - 56 69 56 4F 74 65 63 68 32 00 80 00 00 65 30 45 43 36 30 46 33 35 31 34 37 45 43 41 30 30 38 38 4B 30 54 44 30 30 4E 30 30 30 30 30 30 38 30 39 43 30 37 41 39 39 31 44 43 38 30 33 34 45 43 31 32 45 31 36 39 43 30 44 35 34 35 35 44 45 41 32 39 34 35 31 34 32 34 37 38 30 38 30 35 36 38 32 33 34 39 38 37 31 32 30 32 33 34 30 30 30 30 30 30 30 30 12 43 
2021/12/2 14:41:11.437 [RX] - 56 69 56 4F 74 65 63 68 32 00 80 00 00 00 B9 DF  pass 00 00 00 00 00 00 00 00 00 00 00 00 00 00 00 00 00 00 00 00 00 00 00 00 00 00 00 00 00 00 00 00 00 00 00 00 00 00 00 00 00 00 00 00 00 00 00 
2021/12/2 14:41:11.660 [TX] - 56 69 56 4F 74 65 63 68 32 00 80 00 00 65 31 34 43 45 32 35 35 35 31 34 37 45 43 41 30 30 38 38 4B 30 54 44 30 30 4E 30 30 30 30 30 30 38 30 46 35 30 36 46 36 41 33 44 34 30 38 39 39 45 30 35 35 42 42 35 42 39 45 33 41 44 44 36 30 30 42 38 38 35 33 32 37 37 39 32 32 34 36 30 39 32 36 32 33 41 39 39 37 31 32 36 32 33 34 30 30 30 30 30 30 30 30 35 7F 
2021/12/2 14:41:11.669 [RX] - 56 69 56 4F 74 65 63 68 32 00 80 00 00 00 B9 DF  pass 00 00 00 00 00 00 00 00 00 00 00 00 00 00 00 00 00 00 00 00 00 00 00 00 00 00 00 00 00 00 00 00 00 00 00 00 00 00 00 00 00 00 00 00 00 00 00 
2021/12/2 14:41:11.877 [TX] - 56 69 56 4F 74 65 63 68 32 00 80 01 00 58 41 30 30 38 38 4B 30 54 44 30 30 4E 30 30 30 30 43 44 32 46 43 43 36 44 37 39 32 44 33 42 32 34 46 30 38 33 37 42 30 33 32 44 30 38 36 38 46 45 43 39 46 44 44 43 39 43 32 36 33 31 31 35 46 30 44 43 43 34 42 44 42 35 37 43 36 30 33 43 34 32 46 34 41 35 30 34 34 39 97 D5 
2021/12/2 14:41:11.889 [RX] - 56 69 56 4F 74 65 63 68 32 00 80 00 00 00 B9 DF  pass 00 00 00 00 00 00 00 00 00 00 00 00 00 00 00 00 00 00 00 00 00 00 00 00 00 00 00 00 00 00 00 00 00 00 00 00 00 00 00 00 00 00 00 00 00 00 00 
2021/12/2 14:41:12.114 [TX] - 56 69 56 4F 74 65 63 68 32 00 81 00 00 71 05 41 30 31 31 32 44 30 54 45 30 30 4E 30 31 30 30 4B 53 31 38 36 32 39 39 34 39 30 31 32 43 30 30 30 34 36 30 30 30 30 31 39 34 34 38 36 43 33 31 36 38 43 41 31 46 42 34 41 38 30 39 45 36 33 39 46 46 39 43 33 42 37 32 36 45 32 34 37 43 35 39 30 42 32 32 38 43 35 44 32 32 36 35 30 46 36 36 39 37 45 38 34 37 41 32 46 38 41 32 37 33 39 33 47 AE 
2021/12/2 14:41:12.141 [RX] - 56 69 56 4F 74 65 63 68 32 00 81 00 00 00 CF 6B  pass 00 00 00 00 00 00 00 00 00 00 00 00 00 00 00 00 00 00 00 00 00 00 00 00 00 00 00 00 00 00 00 00 00 00 00 00 00 00 00 00 00 00 00 00 00 00 00 
2021/12/2 14:41:12.347 [TX] - 56 69 56 4F 74 65 63 68 32 00 C7 36 00 01 02 4D 87 
2021/12/2 14:41:12.353 [RX] - 56 69 56 4F 74 65 63 68 32 00 C7 00 00 00 86 6E  pass pass pass 00 00 00 00 00 00 00 00 00 00 00 00 00 00 00 00 00 00 00 00 00 00 00 00 00 00 00 00 00 00 00 00 00 00 00 00 00 00 00 00 00 00 00 00 00 00 00 
2021/12/2 14:41:12.561 [TX] - 56 69 56 4F 74 65 63 68 32 00 C7 37 00 00 5B C6 
2021/12/2 14:41:12.569 [RX] - 56 69 56 4F 74 65 63 68 32 00 C7 00 00 01 02 8C 3D 00 00 00 00 00 00 00 00 00 00 00 00 00 00 00 00 00 00 00 00 00 00 00 00 00 00 00 00 00 00 00 00 00 00 00 00 00 00 00 00 00 00 00 00 00 00  

--- Activate transaction response - Androidpay

2021/12/2 14:41:13.354 [TX] - 56 69 56 4F 74 65 63 68 32 00 02 40 00 0A 0A 9F 02 06 00 00 00 00 10 00 18 73 
2021/12/2 14:41:20.109 [RX] - 56 69 56 4F 74 65 63 68 32 00 02 23 01 4D 41 E1 7D 4F 07 A0 00 00 00 03 10 10 9F 66 04 A0 00 40 00 82 02 00 40 95 05 00 00 00 00 00 5F 2A 02 08 40 50 0B 56 69 73 61 20 43 72 65 64 69 74 9F 6E 04 23 8C 00 00 9F 26 08 B9 71 05 B1 6E 1F 26 6A 9F 27 01 80 9F 02 06 00 00 00 00 10 00 9F 03 06 00 00 00 00 00 00 9F 10 20 1F 43 FE 51 20 00 00 00 00 00 00 00 00 01 80 47 00 00 00 00 00 00 00 00 00 00 00 00 00 00 00 00 9F 1A 02 08 40 57 13 49 98 75 13 09 76 77 09 D2 31 22 01 00 00 00 00 00 00 0F 84 07 A0 00 00 00 03 10 10 5F 34 01 00 9A 03 14 08 10 9B 02 00 00 9C 01 00 9F 06 07 A0 00 00 00 03 10 10 9F 07 02 00 00 9F 09 02 00 02 FF F2 08 32 33 34 35 36 37 38 39 9F 21 03 12 13 34 9F 33 03 00 08 E8 9F 36 02 06 8D 9F 37 04 AE 2B 5A 98 9F 41 04 00 00 00 12 9F 39 01 07 9F 6C 02 01 80 5F 2D 02 65 6E 9F 35 01 22 5F 28 02 01 58 FF EE 01 0C DF 52 01 03 DF 30 01 00 DF 5B 01 08 DF EF 4C 06 00 27 00 00 00 00 DF EF 4D 27 3B 34 39 39 38 37 35 31 33 30 39 37 36 37 37 30 39 3D 32 33 31 32 32 30 31 30 30 30 30 30 30 30 30 30 30 30 30 30 3F DF EE 26 01 41 0D 09 00 00 00 00 00 00 00 00 00 00 00 00 00 00 00 00 00 00 00 00 00 00 00 00 00 00 00 00 00  

Auto Poll

2021/12/2 14:41:20.201 [TX] - 56 69 56 4F 74 65 63 68 32 00 01 01 00 01 00 F6 24 
2021/12/2 14:41:20.209 [RX] - 56 69 56 4F 74 65 63 68 32 00 01 00 00 00 12 53  pass 00 00 00 00 00 00 00 00 00 00 00 00 00 00 00 00 00 00 00 00 00 00 00 00 00 00 00 00 00 00 00 00 00 00 00 00 00 00 00 00 00 00 00 00 00 00 00  

 Erase All Keys...

2021/12/2 14:41:20.222 [TX] - 56 69 56 4F 74 65 63 68 32 00 83 00 00 00 03 22 
2021/12/2 14:41:20.229 [RX] - 56 69 56 4F 74 65 63 68 32 00 83 00 00 00 22 03  pass 00 00 00 00 00 00 00 00 00 00 00 00 00 00 00 00 00 00 00 00 00 00 00 00 00 00 00 00 00 00 00 00 00 00 00 00 00 00 00 00 00 00 00 00 00 00 00  

 Set DUKPT Key Encryption Type...

2021/12/2 14:41:20.461 [TX] - 56 69 56 4F 74 65 63 68 32 00 C7 32 00 01 00 FE 6D 
2021/12/2 14:41:20.469 [RX] - 56 69 56 4F 74 65 63 68 32 00 C7 00 00 00 86 6E  pass pass pass 00 00 00 00 00 00 00 00 00 00 00 00 00 00 00 00 00 00 00 00 00 00 00 00 00 00 00 00 00 00 00 00 00 00 00 00 00 00 00 00 00 00 00 00 00 00 00  

 Get DUKPT Key Encryption Type...

2021/12/2 14:41:20.701 [TX] - 56 69 56 4F 74 65 63 68 32 00 C7 33 00 00 9B 1A 
2021/12/2 14:41:20.709 [RX] - 56 69 56 4F 74 65 63 68 32 00 C7 00 00 01 00 AC 7F  pass 00 00 00 00 00 00 00 00 00 00 00 00 00 00 00 00 00 00 00 00 00 00 00 00 00 00 00 00 00 00 00 00 00 00 00 00 00 00 00 00 00 00 00 00 00 00  

 Loading DUKPT key...

2021/12/2 14:41:20.939 [TX] - 56 69 56 4F 74 65 63 68 32 00 80 00 00 65 30 45 43 36 30 46 33 35 31 34 37 45 43 41 30 30 38 38 4B 30 54 44 30 30 4E 30 30 30 30 30 30 38 30 39 43 30 37 41 39 39 31 44 43 38 30 33 34 45 43 31 32 45 31 36 39 43 30 44 35 34 35 35 44 45 41 32 39 34 35 31 34 32 34 37 38 30 38 30 35 36 38 32 33 34 39 38 37 31 32 30 32 33 34 30 30 30 30 30 30 30 30 12 43 
2021/12/2 14:41:20.949 [RX] - 56 69 56 4F 74 65 63 68 32 00 80 00 00 00 B9 DF  pass 00 00 00 00 00 00 00 00 00 00 00 00 00 00 00 00 00 00 00 00 00 00 00 00 00 00 00 00 00 00 00 00 00 00 00 00 00 00 00 00 00 00 00 00 00 00 00 
2021/12/2 14:41:21.180 [TX] - 56 69 56 4F 74 65 63 68 32 00 80 00 00 65 31 34 43 45 32 35 35 35 31 34 37 45 43 41 30 30 38 38 4B 30 54 44 30 30 4E 30 30 30 30 30 30 38 30 46 35 30 36 46 36 41 33 44 34 30 38 39 39 45 30 35 35 42 42 35 42 39 45 33 41 44 44 36 30 30 42 38 38 35 33 32 37 37 39 32 32 34 36 30 39 32 36 32 33 41 39 39 37 31 32 36 32 33 34 30 30 30 30 30 30 30 30 35 7F 
2021/12/2 14:41:21.191 [RX] - 56 69 56 4F 74 65 63 68 32 00 80 00 00 00 B9 DF  pass 00 00 00 00 00 00 00 00 00 00 00 00 00 00 00 00 00 00 00 00 00 00 00 00 00 00 00 00 00 00 00 00 00 00 00 00 00 00 00 00 00 00 00 00 00 00 00 
2021/12/2 14:41:21.408 [TX] - 56 69 56 4F 74 65 63 68 32 00 80 01 00 58 41 30 30 38 38 4B 30 54 44 30 30 4E 30 30 30 30 43 44 32 46 43 43 36 44 37 39 32 44 33 42 32 34 46 30 38 33 37 42 30 33 32 44 30 38 36 38 46 45 43 39 46 44 44 43 39 43 32 36 33 31 31 35 46 30 44 43 43 34 42 44 42 35 37 43 36 30 33 43 34 32 46 34 41 35 30 34 34 39 97 D5 
2021/12/2 14:41:21.421 [RX] - 56 69 56 4F 74 65 63 68 32 00 80 00 00 00 B9 DF  pass 00 00 00 00 00 00 00 00 00 00 00 00 00 00 00 00 00 00 00 00 00 00 00 00 00 00 00 00 00 00 00 00 00 00 00 00 00 00 00 00 00 00 00 00 00 00 00 
2021/12/2 14:41:21.680 [TX] - 56 69 56 4F 74 65 63 68 32 00 81 00 00 71 05 41 30 31 31 32 44 30 54 45 30 30 4E 30 31 30 30 4B 53 31 38 36 32 39 39 34 39 30 31 32 43 30 30 30 34 36 30 30 30 30 31 39 34 34 38 36 43 33 31 36 38 43 41 31 46 42 34 41 38 30 39 45 36 33 39 46 46 39 43 33 42 37 32 36 45 32 34 37 43 35 39 30 42 32 32 38 43 35 44 32 32 36 35 30 46 36 36 39 37 45 38 34 37 41 32 46 38 41 32 37 33 39 33 47 AE 
2021/12/2 14:41:21.709 [RX] - 56 69 56 4F 74 65 63 68 32 00 81 00 00 00 CF 6B  pass 00 00 00 00 00 00 00 00 00 00 00 00 00 00 00 00 00 00 00 00 00 00 00 00 00 00 00 00 00 00 00 00 00 00 00 00 00 00 00 00 00 00 00 00 00 00 00 
2021/12/2 14:41:21.915 [TX] - 56 69 56 4F 74 65 63 68 32 00 C7 36 00 01 02 4D 87 
2021/12/2 14:41:21.921 [RX] - 56 69 56 4F 74 65 63 68 32 00 C7 00 00 00 86 6E  pass pass pass 00 00 00 00 00 00 00 00 00 00 00 00 00 00 00 00 00 00 00 00 00 00 00 00 00 00 00 00 00 00 00 00 00 00 00 00 00 00 00 00 00 00 00 00 00 00 00 
2021/12/2 14:41:22.129 [TX] - 56 69 56 4F 74 65 63 68 32 00 C7 37 00 00 5B C6 
2021/12/2 14:41:22.137 [RX] - 56 69 56 4F 74 65 63 68 32 00 C7 00 00 01 02 8C 3D 00 00 00 00 00 00 00 00 00 00 00 00 00 00 00 00 00 00 00 00 00 00 00 00 00 00 00 00 00 00 00 00 00 00 00 00 00 00 00 00 00 00 00 00 00 00  

--- Get transaction result response - Androidpay

2021/12/2 14:41:24.440 [TX] - 56 69 56 4F 74 65 63 68 32 00 03 40 00 00 96 E2 
2021/12/2 14:41:24.449 [RX] - 56 69 56 4F 74 65 63 68 32 00 03 23 01 4D 41 E1 7D 4F 07 A0 00 00 00 03 10 10 9F 66 04 A0 00 40 00 82 02 00 40 95 05 00 00 00 00 00 5F 2A 02 08 40 50 0B 56 69 73 61 20 43 72 65 64 69 74 9F 6E 04 23 8C 00 00 9F 26 08 3A 5E D0 2C 10 30 14 C0 9F 27 01 80 9F 02 06 00 00 00 00 00 01 9F 03 06 00 00 00 00 00 00 9F 10 20 1F 43 FE 00 20 00 00 00 00 00 00 00 00 01 80 47 01 00 00 00 00 00 00 00 00 00 00 00 00 00 00 00 9F 1A 02 08 40 57 13 49 98 75 13 09 76 77 09 D2 31 22 01 00 00 00 00 00 00 0F 84 07 A0 00 00 00 03 10 10 5F 34 01 00 9A 03 14 08 10 9B 02 00 00 9C 01 00 9F 06 07 A0 00 00 00 03 10 10 9F 07 02 00 00 9F 09 02 00 02 FF F2 08 32 33 34 35 36 37 38 39 9F 21 03 12 13 37 9F 33 03 00 08 E8 9F 36 02 06 8E 9F 37 04 07 CF B5 3F 9F 41 04 00 00 00 13 9F 39 01 07 9F 6C 02 01 80 5F 2D 02 65 6E 9F 35 01 22 5F 28 02 01 58 FF EE 01 0C DF 52 01 03 DF 30 01 00 DF 5B 01 08 DF EF 4C 06 00 27 00 00 00 00 DF EF 4D 27 3B 34 39 39 38 37 35 31 33 30 39 37 36 37 37 30 39 3D 32 33 31 32 32 30 31 30 30 30 30 30 30 30 30 30 30 30 30 30 3F DF EE 26 01 41 C4 77 00 00 00 00 00 00 00 00 00 00 00 00 00 00 00 00 00 00 00 00 00 00 00 00 00 00 00 00 00  

 ---------- END OF TEST ----------

 Result = PASSED


Docklight Log File (HEX) - Stopped 2021/12/2 14:41:24.580 

