Docklight Log File (HEX) - Started 2017/5/8 10:00:17.521 
 TEST CASE: EMA0510

 --- Set POS COM PORT Settings
 Set POS COM PORT...
 POS operating on COM90 @ 9600 baud...
 Set POS COM PORT - COMPLETE

 --- Tag FFEE1D = 06 04 2A 0C 30

2017/5/8 10:00:18.681 [TX] - 56 69 56 4F 74 65 63 68 32 00 04 00 00 09 FF EE 1D 05 06 04 2A 0C 30 60 3A 
2017/5/8 10:00:18.690 [RX] - 56 69 56 4F 74 65 63 68 32 00 04 00 00 00 AE 16  pass pass 00 00 00 00 00 00 00 00 00 00 00 00 00 00 00 00 00 00 00 00 00 00 00 00 00 00 00 00 00 00 00 00 00 00 00 00 00 00 00 00 00 00 00 00 00 00 00  

--- Poll on Demand

2017/5/8 10:00:18.694 [TX] - 56 69 56 4F 74 65 63 68 32 00 01 01 00 01 01 D7 34 
2017/5/8 10:00:18.700 [RX] - 56 69 56 4F 74 65 63 68 32 00 01 00 00 00 12 53  pass 00 00 00 00 00 00 00 00 00 00 00 00 00 00 00 00 00 00 00 00 00 00 00 00 00 00 00 00 00 00 00 00 00 00 00 00 00 00 00 00 00 00 00 00 00 00 00  

--- Burst Off

2017/5/8 10:00:19.012 [TX] - 56 69 56 4F 74 65 63 68 32 00 04 00 00 04 FF F7 01 00 B9 2E 
2017/5/8 10:00:19.020 [RX] - 56 69 56 4F 74 65 63 68 32 00 04 00 00 00 AE 16  pass pass 00 00 00 00 00 00 00 00 00 00 00 00 00 00 00 00 00 00 00 00 00 00 00 00 00 00 00 00 00 00 00 00 00 00 00 00 00 00 00 00 00 00 00 00 00 00 00  

--- Erase all Key

2017/5/8 10:00:19.321 [TX] - 56 69 56 4F 74 65 63 68 32 00 83 00 00 00 03 22 
2017/5/8 10:00:19.328 [RX] - 56 69 56 4F 74 65 63 68 32 00 83 00 00 00 22 03  pass 00 00 00 00 00 00 00 00 00 00 00 00 00 00 00 00 00 00 00 00 00 00 00 00 00 00 00 00 00 00 00 00 00 00 00 00 00 00 00 00 00 00 00 00 00 00 00  

--- 1-use AES to encrypt (C7-32)

2017/5/8 10:00:19.643 [TX] - 56 69 56 4F 74 65 63 68 32 00 C7 32 00 01 01 7D DF 
2017/5/8 10:00:19.650 [RX] - 56 69 56 4F 74 65 63 68 32 00 C7 00 00 00 86 6E  pass pass pass pass 00 00 00 00 00 00 00 00 00 00 00 00 00 00 00 00 00 00 00 00 00 00 00 00 00 00 00 00 00 00 00 00 00 00 00 00 00 00 00 00 00 00 00 00 00 00 00  

--- Load Plaintext Key - command 1 (80-00)

2017/5/8 10:00:19.960 [TX] - 56 69 56 4F 74 65 63 68 32 00 80 00 00 65 30 45 43 36 30 46 33 35 31 34 37 45 43 41 30 30 38 38 4B 30 54 44 30 30 4E 30 30 30 30 30 30 38 30 39 43 30 37 41 39 39 31 44 43 38 30 33 34 45 43 31 32 45 31 36 39 43 30 44 35 34 35 35 44 45 41 32 39 34 35 31 34 32 34 37 38 30 38 30 35 36 38 32 33 34 39 38 37 31 32 30 32 33 34 30 30 30 30 30 30 30 30 12 43 
2017/5/8 10:00:19.969 [RX] - 56 69 56 4F 74 65 63 68 32 00 80 00 00 00 B9 DF  pass 00 00 00 00 00 00 00 00 00 00 00 00 00 00 00 00 00 00 00 00 00 00 00 00 00 00 00 00 00 00 00 00 00 00 00 00 00 00 00 00 00 00 00 00 00 00 00  

--- Load Plaintext Key - command 2  (80-00)

2017/5/8 10:00:20.378 [TX] - 56 69 56 4F 74 65 63 68 32 00 80 00 00 65 31 34 43 45 32 35 35 35 31 34 37 45 43 41 30 30 38 38 4B 30 54 44 30 30 4E 30 30 30 30 30 30 38 30 46 35 30 36 46 36 41 33 44 34 30 38 39 39 45 30 35 35 42 42 35 42 39 45 33 41 44 44 36 30 30 42 38 38 35 33 32 37 37 39 32 32 34 36 30 39 32 36 32 33 41 39 39 37 31 32 36 32 33 34 30 30 30 30 30 30 30 30 35 7F 
2017/5/8 10:00:20.389 [RX] - 56 69 56 4F 74 65 63 68 32 00 80 00 00 00 B9 DF  pass 00 00 00 00 00 00 00 00 00 00 00 00 00 00 00 00 00 00 00 00 00 00 00 00 00 00 00 00 00 00 00 00 00 00 00 00 00 00 00 00 00 00 00 00 00 00 00  

--- Load Encrypted KPK (80-01)

2017/5/8 10:00:20.792 [TX] - 56 69 56 4F 74 65 63 68 32 00 80 01 00 58 41 30 30 38 38 4B 30 54 44 30 30 4E 30 30 30 30 43 44 32 46 43 43 36 44 37 39 32 44 33 42 32 34 46 30 38 33 37 42 30 33 32 44 30 38 36 38 46 45 43 39 46 44 44 43 39 43 32 36 33 31 31 35 46 30 44 43 43 34 42 44 42 35 37 43 36 30 33 43 34 32 46 34 41 35 30 34 34 39 97 D5 
2017/5/8 10:00:20.805 [RX] - 56 69 56 4F 74 65 63 68 32 00 80 00 00 00 B9 DF  pass 00 00 00 00 00 00 00 00 00 00 00 00 00 00 00 00 00 00 00 00 00 00 00 00 00 00 00 00 00 00 00 00 00 00 00 00 00 00 00 00 00 00 00 00 00 00 00  

--- Enter DUKPT Key (81-00)

2017/5/8 10:00:21.201 [TX] - 56 69 56 4F 74 65 63 68 32 00 81 00 00 71 05 41 30 31 31 32 44 30 54 45 30 30 4E 30 31 30 30 4B 53 31 38 36 32 39 39 34 39 30 31 32 43 30 30 30 34 36 30 30 30 30 31 39 34 34 38 36 43 33 31 36 38 43 41 31 46 42 34 41 38 30 39 45 36 33 39 46 46 39 43 33 42 37 32 36 45 32 34 37 43 35 39 30 42 32 32 38 43 35 44 32 32 36 35 30 46 36 36 39 37 45 38 34 37 41 32 46 38 41 32 37 33 39 33 47 AE 
2017/5/8 10:00:21.225 [RX] - 56 69 56 4F 74 65 63 68 32 00 81 00 00 00 CF 6B  pass 00 00 00 00 00 00 00 00 00 00 00 00 00 00 00 00 00 00 00 00 00 00 00 00 00 00 00 00 00 00 00 00 00 00 00 00 00 00 00 00 00 00 00 00 00 00 00  

--- Enable Data Encryption  (C7-36)

2017/5/8 10:00:21.634 [TX] - 56 69 56 4F 74 65 63 68 32 00 C7 36 00 01 03 6C 97 
2017/5/8 10:00:21.637 [RX] - 56 69 56 4F 74 65 63 68 32 00 C7 00 00 00 86 6E  pass pass pass pass 00 00 00 00 00 00 00 00 00 00 00 00 00 00 00 00 00 00 00 00 00 00 00 00 00 00 00 00 00 00 00 00 00 00 00 00 00 00 00 00 00 00 00 00 00 00 00  
--- Set MSR Secure Parameters (C7-38)- 08 (Default)

2017/5/8 10:00:21.941 [TX] - 56 69 56 4F 74 65 63 68 32 00 C7 38 00 05 DF DE 04 01 08 61 39 
2017/5/8 10:00:21.945 [RX] - 56 69 56 4F 74 65 63 68 32 00 C7 00 00 00 86 6E  pass pass pass pass 00 00 00 00 00 00 00 00 00 00 00 00 00 00 00 00 00 00 00 00 00 00 00 00 00 00 00 00 00 00 00 00 00 00 00 00 00 00 00 00 00 00 00 00 00 00 00  

 --- 60-10 Contact Start Transaction >>>>>>>>>>>>>>>>>>>>>>>>>>>>>>>>>>>>>>>>>>>>>> PAN = 12

2017/5/8 10:00:22.256 [TX] - 56 69 56 4F 74 65 63 68 32 00 60 10 00 23 01 00 78 00 78 9C 01 00 5F 57 01 00 9F 02 06 00 00 00 00 02 00 9F 03 06 00 00 00 00 00 00 5F 2A 02 08 40 8F F0 
2017/5/8 10:00:22.261 [RX] - 56 69 56 4F 74 65 63 68 32 00 60 63 00 00 FF 0E 00 00 00 00 00 00 00 00 00 00 00 00 00 00 00 00 00 00 00 00 00 00 00 00 00 00 00 00 00 00 00 00 00 00 00 00 00 00 00 00 00 00 00 00 00 00 00 56 69 56 4F 74 65 63 68 32 00 61 01 00 10 03 00 00 02 00 45 4E 03 00 81 0B 1C 02 00 00 00 34 C9 00 00 00 00 00 00 00 00 00 00 00 00 00 00 00 00 00 00 00 00 00 00 00 00 00 00 00 00 00 00 00 56 69 56 4F 74 65 63 68 32 00 61 01 00 10 03 00 00 02 00 45 4E 03 00 81 11 1C 02 00 00 00 A8 4F 00 00 00 00 00 00 00 00 00 00 00 00 00 00 00 00 00 00 00 00 00 00 00 00 00 00 00 00 00 00 00 56 69 56 4F 74 65 63 68 32 00 61 01 00 10 03 00 00 02 00 45 4E 03 00 81 1A 1C 02 00 00 00 6B ED 00 00 00 00 00 00 00 00 00 00 00 00 00 00 00 00 00 00 00 00 00 00 00 00 00 00 00 00 00 00 00 56 69 56 4F 74 65 63 68 32 00 60 00 01 14 C2 DF EE 25 02 00 10 57 A1 0F 47 61 73 CC CC CC DC CC C2 01 CC CC CC CC CC 57 C1 20 48 CA CD 7B 9C 81 D6 52 AE 64 44 16 36 61 CB 54 8B 4F FE 2C DB C3 4B 6C 60 53 64 11 5D 58 8A 84 5A C1 10 CA 37 84 B8 1B BC E5 23 EA DE 2D 1A 7B 72 76 EF 5F 34 01 01 5F 20 0F 46 55 4C 4C 20 46 55 4E 43 54 49 4F 4E 41 4C 5F 24 03 20 12 31 9F 20 00 5F 25 03 95 07 01 5F 2D 08 65 73 65 6E 66 72 64 65 50 0A 56 49 53 41 43 52 45 44 49 54 4F 07 A0 00 00 00 03 10 10 84 07 A0 00 00 00 03 10 10 DF 4B 00 9F 39 01 07 FF EE 01 04 DF 30 01 01 DF EF 4C 06 00 20 00 00 00 00 DF EF 4D 20 71 EB 54 8D 75 44 F6 03 35 5B 5F C5 04 E1 9F 64 62 1C F0 2B 7F 57 96 32 69 52 87 C3 18 C4 5F 6A DF EE 26 01 C2 DF 4A 0A 62 99 49 01 2C 00 04 60 00 01 DF 4C 06 47 61 73 CC CC CC DF 4D 05 05 00 00 50 00 DF 4F 01 00 DF 34 10 55 31 35 54 54 4B 4E 45 4F 56 31 30 32 30 33 37 DC BA 00 00 00 00 00 00 00 00 00 00 00 00 00 00 00 00 00 00 00 00 00 00 00  

 --- 60-11 Contact Authenticate Transaction

2017/5/8 10:00:26.641 [TX] - 56 69 56 4F 74 65 63 68 32 00 60 11 00 03 00 00 78 46 F3 
2017/5/8 10:00:26.644 [RX] - 56 69 56 4F 74 65 63 68 32 00 60 63 00 00 FF 0E 00 00 00 00 00 00 00 00 00 00 00 00 00 00 00 00 00 00 00 00 00 00 00 00 00 00 00 00 00 00 00 00 00 00 00 00 00 00 00 00 00 00 00 00 00 00 00 56 69 56 4F 74 65 63 68 32 00 61 01 00 10 03 00 00 02 00 45 53 03 00 81 15 1C 02 00 00 00 B2 43 00 00 00 00 00 00 00 00 00 00 00 00 00 00 00 00 00 00 00 00 00 00 00 00 00 00 00 00 00 00 00 56 69 56 4F 74 65 63 68 32 00 60 00 00 9E C2 DF EE 25 02 00 04 9F 10 07 06 01 1A 03 90 00 00 9F 26 08 D9 35 29 06 D2 80 CC 99 9F 27 01 80 9F 36 02 00 01 9F 37 04 D3 65 77 C6 9F 02 06 00 00 00 00 02 00 9F 4D 00 9F 4F 00 9F 13 00 95 05 80 80 00 00 00 9B 02 48 00 9F 03 06 00 00 00 00 00 00 9F 34 03 5E 03 00 9F 39 01 07 FF EE 01 04 DF 30 01 01 DF EE 26 01 C2 DF 4A 0A 62 99 49 01 2C 00 04 60 00 01 DF 4C 06 47 61 73 CC CC CC DF 4D 05 05 00 00 50 00 DF 4F 01 00 DF 34 10 55 31 35 54 54 4B 4E 45 4F 56 31 30 32 30 33 37 94 78 00 00 00 00 00 00 00 00 00 00 00 00 00 00 00  

 --- 60-12 Contact Apply Host Response

2017/5/8 10:00:27.852 [TX] - 56 69 56 4F 74 65 63 68 32 00 60 12 00 11 01 8A 02 30 30 91 0A 11 22 33 44 55 66 77 88 30 30 1C F3 
2017/5/8 10:00:27.856 [RX] - 56 69 56 4F 74 65 63 68 32 00 60 63 00 00 FF 0E 00 00 00 00 00 00 00 00 00 00 00 00 00 00 00 00 00 00 00 00 00 00 00 00 00 00 00 00 00 00 00 00 00 00 00 00 00 00 00 00 00 00 00 00 00 00 00 56 69 56 4F 74 65 63 68 32 00 61 01 00 10 03 00 00 02 00 45 53 03 00 81 03 1C 02 00 00 00 25 26 00 00 00 00 00 00 00 00 00 00 00 00 00 00 00 00 00 00 00 00 00 00 00 00 00 00 00 00 00 00 00 56 69 56 4F 74 65 63 68 32 00 60 00 00 A3 C2 DF EE 25 02 00 02 9F 10 07 06 01 1A 03 60 00 00 9F 26 08 88 2D 84 27 A2 68 E2 14 9F 27 01 40 9F 36 02 00 01 9F 37 04 D3 65 77 C6 9F 02 06 00 00 00 00 02 00 9F 4D 00 9F 4F 00 9F 13 00 95 05 80 80 00 00 00 9B 02 78 00 9F 03 06 00 00 00 00 00 00 9F 34 03 5E 03 00 99 00 9F 39 01 07 9F 5B 00 FF EE 01 04 DF 30 01 01 DF EE 26 01 C2 DF 4A 0A 62 99 49 01 2C 00 04 60 00 01 DF 4C 06 47 61 73 CC CC CC DF 4D 05 05 00 00 50 00 DF 4F 01 00 DF 34 10 55 31 35 54 54 4B 4E 45 4F 56 31 30 32 30 33 37 A5 82 00 00 00 00 00 00 00 00 00 00  

 --- 60-10 Contact Start Transaction >>>>>>>>>>>>>>>>>>>>>>>>>>>>>>>>>>>>>>>>>>>>>> PAN = 13

2017/5/8 10:00:31.116 [TX] - 56 69 56 4F 74 65 63 68 32 00 60 10 00 23 01 00 78 00 78 9C 01 00 5F 57 01 00 9F 02 06 00 00 00 00 02 00 9F 03 06 00 00 00 00 00 00 5F 2A 02 08 40 8F F0 
2017/5/8 10:00:31.120 [RX] - 56 69 56 4F 74 65 63 68 32 00 60 63 00 00 FF 0E 00 00 00 00 00 00 00 00 00 00 00 00 00 00 00 00 00 00 00 00 00 00 00 00 00 00 00 00 00 00 00 00 00 00 00 00 00 00 00 00 00 00 00 00 00 00 00 56 69 56 4F 74 65 63 68 32 00 61 01 00 10 03 00 00 02 00 45 4E 03 00 81 0B 1C 02 00 00 00 34 C9 00 00 00 00 00 00 00 00 00 00 00 00 00 00 00 00 00 00 00 00 00 00 00 00 00 00 00 00 00 00 00 56 69 56 4F 74 65 63 68 32 00 61 01 00 10 03 00 00 02 00 45 4E 03 00 81 11 1C 02 00 00 00 A8 4F 00 00 00 00 00 00 00 00 00 00 00 00 00 00 00 00 00 00 00 00 00 00 00 00 00 00 00 00 00 00 00 56 69 56 4F 74 65 63 68 32 00 61 01 00 10 03 00 00 02 00 45 4E 03 00 81 1A 1C 02 00 00 00 6B ED 00 00 00 00 00 00 00 00 00 00 00 00 00 00 00 00 00 00 00 00 00 00 00 00 00 00 00 00 00 00 00 56 69 56 4F 74 65 63 68 32 00 60 00 01 26 C2 DF EE 25 02 00 10 57 A1 10 47 61 73 CC CC CC 0D CC CC 20 1C CC CC CC CC CC 57 C1 20 14 1D E9 C3 E7 FE 32 F8 E9 D1 F3 9E 24 92 0E F8 8A 66 0D 50 8C F2 F9 D0 E9 BE 93 01 8B B2 5F F3 5A C1 10 0B F1 44 62 75 85 E4 1F 78 F2 ED 6A F6 5D 03 65 5F 34 01 01 5F 20 0F 46 55 4C 4C 20 46 55 4E 43 54 49 4F 4E 41 4C 5F 24 03 20 12 31 9F 20 00 5F 25 03 95 07 01 5F 2D 08 65 73 65 6E 66 72 64 65 50 0A 56 49 53 41 43 52 45 44 49 54 4F 07 A0 00 00 00 03 10 10 84 07 A0 00 00 00 03 10 10 DF 4B 00 9F 39 01 07 FF EE 01 04 DF 30 01 01 DF EF 4C 06 00 21 00 00 00 00 DF EF 4D 30 82 9D DB 5D BB FA 40 2E D8 92 E8 55 0A C5 3D 25 93 A0 91 7C 0F DF F2 48 66 3E D9 D9 25 2F 40 82 C0 16 45 79 47 01 9E A9 17 EE 18 43 E7 CB 19 9F DF EE 26 01 C2 DF 4A 0A 62 99 49 01 2C 00 04 60 00 02 DF 4C 07 47 61 73 CC CC CC 0F DF 4D 05 05 00 00 50 00 DF 4F 01 00 DF 34 10 55 31 35 54 54 4B 4E 45 4F 56 31 30 32 30 33 37 19 5C 00 00 00 00 00  

 --- 60-11 Contact Authenticate Transaction

2017/5/8 10:00:34.911 [TX] - 56 69 56 4F 74 65 63 68 32 00 60 11 00 03 00 00 78 46 F3 
2017/5/8 10:00:34.916 [RX] - 56 69 56 4F 74 65 63 68 32 00 60 63 00 00 FF 0E 00 00 00 00 00 00 00 00 00 00 00 00 00 00 00 00 00 00 00 00 00 00 00 00 00 00 00 00 00 00 00 00 00 00 00 00 00 00 00 00 00 00 00 00 00 00 00 56 69 56 4F 74 65 63 68 32 00 61 01 00 10 03 00 00 02 00 45 53 03 00 81 15 1C 02 00 00 00 B2 43 00 00 00 00 00 00 00 00 00 00 00 00 00 00 00 00 00 00 00 00 00 00 00 00 00 00 00 00 00 00 00 56 69 56 4F 74 65 63 68 32 00 60 00 00 9F C2 DF EE 25 02 00 04 9F 10 07 06 01 1A 03 90 00 00 9F 26 08 AB 47 18 A0 82 16 B6 1A 9F 27 01 80 9F 36 02 00 01 9F 37 04 E0 FE 41 31 9F 02 06 00 00 00 00 02 00 9F 4D 00 9F 4F 00 9F 13 00 95 05 80 80 00 00 00 9B 02 48 00 9F 03 06 00 00 00 00 00 00 9F 34 03 5E 03 00 9F 39 01 07 FF EE 01 04 DF 30 01 01 DF EE 26 01 C2 DF 4A 0A 62 99 49 01 2C 00 04 60 00 02 DF 4C 07 47 61 73 CC CC CC 0F DF 4D 05 05 00 00 50 00 DF 4F 01 00 DF 34 10 55 31 35 54 54 4B 4E 45 4F 56 31 30 32 30 33 37 1C 38 00 00 00 00 00 00 00 00 00 00 00 00 00 00  

 --- 60-12 Contact Apply Host Response

2017/5/8 10:00:36.125 [TX] - 56 69 56 4F 74 65 63 68 32 00 60 12 00 11 01 8A 02 30 30 91 0A 11 22 33 44 55 66 77 88 30 30 1C F3 
2017/5/8 10:00:36.128 [RX] - 56 69 56 4F 74 65 63 68 32 00 60 63 00 00 FF 0E 00 00 00 00 00 00 00 00 00 00 00 00 00 00 00 00 00 00 00 00 00 00 00 00 00 00 00 00 00 00 00 00 00 00 00 00 00 00 00 00 00 00 00 00 00 00 00 56 69 56 4F 74 65 63 68 32 00 61 01 00 10 03 00 00 02 00 45 53 03 00 81 03 1C 02 00 00 00 25 26 00 00 00 00 00 00 00 00 00 00 00 00 00 00 00 00 00 00 00 00 00 00 00 00 00 00 00 00 00 00 00 56 69 56 4F 74 65 63 68 32 00 60 00 00 A4 C2 DF EE 25 02 00 02 9F 10 07 06 01 1A 03 60 00 00 9F 26 08 88 2D 84 27 A2 68 E2 14 9F 27 01 40 9F 36 02 00 01 9F 37 04 E0 FE 41 31 9F 02 06 00 00 00 00 02 00 9F 4D 00 9F 4F 00 9F 13 00 95 05 80 80 00 00 00 9B 02 78 00 9F 03 06 00 00 00 00 00 00 9F 34 03 5E 03 00 99 00 9F 39 01 07 9F 5B 00 FF EE 01 04 DF 30 01 01 DF EE 26 01 C2 DF 4A 0A 62 99 49 01 2C 00 04 60 00 02 DF 4C 07 47 61 73 CC CC CC 0F DF 4D 05 05 00 00 50 00 DF 4F 01 00 DF 34 10 55 31 35 54 54 4B 4E 45 4F 56 31 30 32 30 33 37 8C 04 00 00 00 00 00 00 00 00 00  

 --- 60-10 Contact Start Transaction >>>>>>>>>>>>>>>>>>>>>>>>>>>>>>>>>>>>>>>>>>>>>> PAN = 14

2017/5/8 10:00:39.115 [TX] - 56 69 56 4F 74 65 63 68 32 00 60 10 00 23 01 00 78 00 78 9C 01 00 5F 57 01 00 9F 02 06 00 00 00 00 02 00 9F 03 06 00 00 00 00 00 00 5F 2A 02 08 40 8F F0 
2017/5/8 10:00:39.124 [RX] - 56 69 56 4F 74 65 63 68 32 00 60 63 00 00 FF 0E 00 00 00 00 00 00 00 00 00 00 00 00 00 00 00 00 00 00 00 00 00 00 00 00 00 00 00 00 00 00 00 00 00 00 00 00 00 00 00 00 00 00 00 00 00 00 00 56 69 56 4F 74 65 63 68 32 00 61 01 00 10 03 00 00 02 00 45 4E 03 00 81 0B 1C 02 00 00 00 34 C9 00 00 00 00 00 00 00 00 00 00 00 00 00 00 00 00 00 00 00 00 00 00 00 00 00 00 00 00 00 00 00 56 69 56 4F 74 65 63 68 32 00 61 01 00 10 03 00 00 02 00 45 4E 03 00 81 11 1C 02 00 00 00 A8 4F 00 00 00 00 00 00 00 00 00 00 00 00 00 00 00 00 00 00 00 00 00 00 00 00 00 00 00 00 00 00 00 56 69 56 4F 74 65 63 68 32 00 61 01 00 10 03 00 00 02 00 45 4E 03 00 81 1A 1C 02 00 00 00 6B ED 00 00 00 00 00 00 00 00 00 00 00 00 00 00 00 00 00 00 00 00 00 00 00 00 00 00 00 00 00 00 00 56 69 56 4F 74 65 63 68 32 00 60 00 01 26 C2 DF EE 25 02 00 10 57 A1 10 47 61 73 CC CC CC 00 DC CC C2 01 CC CC CC CC CC 57 C1 20 65 2E 03 F1 7D FA A7 B7 33 D7 DE CD 27 B9 1C 91 6D E2 2E A4 A9 93 42 ED AE 90 EF BB 25 76 1D 5C 5A C1 10 3C FE 7C 24 18 20 5C 47 43 11 95 A0 67 3E 6F 8D 5F 34 01 01 5F 20 0F 46 55 4C 4C 20 46 55 4E 43 54 49 4F 4E 41 4C 5F 24 03 20 12 31 9F 20 00 5F 25 03 95 07 01 5F 2D 08 65 73 65 6E 66 72 64 65 50 0A 56 49 53 41 43 52 45 44 49 54 4F 07 A0 00 00 00 03 10 10 84 07 A0 00 00 00 03 10 10 DF 4B 00 9F 39 01 07 FF EE 01 04 DF 30 01 01 DF EF 4C 06 00 22 00 00 00 00 DF EF 4D 30 CB 71 CB 83 42 FC EB 17 74 7F 02 4E 8D 2E C9 1A 8C 64 A0 B3 B5 42 A5 A3 B5 47 3B A2 A8 1C 68 E5 89 5D B8 58 3A D8 26 E1 40 FA F8 14 F2 C2 91 E2 DF EE 26 01 C2 DF 4A 0A 62 99 49 01 2C 00 04 60 00 03 DF 4C 07 47 61 73 CC CC CC 00 DF 4D 05 05 00 00 50 00 DF 4F 01 00 DF 34 10 55 31 35 54 54 4B 4E 45 4F 56 31 30 32 30 33 37 4C 1C 00 00 00 00 00  

 --- 60-11 Contact Authenticate Transaction

2017/5/8 10:00:42.914 [TX] - 56 69 56 4F 74 65 63 68 32 00 60 11 00 03 00 00 78 46 F3 
2017/5/8 10:00:42.929 [RX] - 56 69 56 4F 74 65 63 68 32 00 60 63 00 00 FF 0E 00 00 00 00 00 00 00 00 00 00 00 00 00 00 00 00 00 00 00 00 00 00 00 00 00 00 00 00 00 00 00 00 00 00 00 00 00 00 00 00 00 00 00 00 00 00 00 56 69 56 4F 74 65 63 68 32 00 61 01 00 10 03 00 00 02 00 45 53 03 00 81 15 1C 02 00 00 00 B2 43 00 00 00 00 00 00 00 00 00 00 00 00 00 00 00 00 00 00 00 00 00 00 00 00 00 00 00 00 00 00 00 56 69 56 4F 74 65 63 68 32 00 60 00 00 9F C2 DF EE 25 02 00 04 9F 10 07 06 01 1A 03 90 00 00 9F 26 08 0D 5D 64 7B F3 74 B5 86 9F 27 01 80 9F 36 02 00 01 9F 37 04 87 F8 CF 7C 9F 02 06 00 00 00 00 02 00 9F 4D 00 9F 4F 00 9F 13 00 95 05 80 80 00 00 00 9B 02 48 00 9F 03 06 00 00 00 00 00 00 9F 34 03 5E 03 00 9F 39 01 07 FF EE 01 04 DF 30 01 01 DF EE 26 01 C2 DF 4A 0A 62 99 49 01 2C 00 04 60 00 03 DF 4C 07 47 61 73 CC CC CC 00 DF 4D 05 05 00 00 50 00 DF 4F 01 00 DF 34 10 55 31 35 54 54 4B 4E 45 4F 56 31 30 32 30 33 37 9E F5 00 00 00 00 00 00 00 00 00 00 00 00 00 00  

 --- 60-12 Contact Apply Host Response

2017/5/8 10:00:44.112 [TX] - 56 69 56 4F 74 65 63 68 32 00 60 12 00 11 01 8A 02 30 30 91 0A 11 22 33 44 55 66 77 88 30 30 1C F3 
2017/5/8 10:00:44.116 [RX] - 56 69 56 4F 74 65 63 68 32 00 60 63 00 00 FF 0E 00 00 00 00 00 00 00 00 00 00 00 00 00 00 00 00 00 00 00 00 00 00 00 00 00 00 00 00 00 00 00 00 00 00 00 00 00 00 00 00 00 00 00 00 00 00 00 56 69 56 4F 74 65 63 68 32 00 61 01 00 10 03 00 00 02 00 45 53 03 00 81 03 1C 02 00 00 00 25 26 00 00 00 00 00 00 00 00 00 00 00 00 00 00 00 00 00 00 00 00 00 00 00 00 00 00 00 00 00 00 00 56 69 56 4F 74 65 63 68 32 00 60 00 00 A4 C2 DF EE 25 02 00 02 9F 10 07 06 01 1A 03 60 00 00 9F 26 08 88 2D 84 27 A2 68 E2 14 9F 27 01 40 9F 36 02 00 01 9F 37 04 87 F8 CF 7C 9F 02 06 00 00 00 00 02 00 9F 4D 00 9F 4F 00 9F 13 00 95 05 80 80 00 00 00 9B 02 78 00 9F 03 06 00 00 00 00 00 00 9F 34 03 5E 03 00 99 00 9F 39 01 07 9F 5B 00 FF EE 01 04 DF 30 01 01 DF EE 26 01 C2 DF 4A 0A 62 99 49 01 2C 00 04 60 00 03 DF 4C 07 47 61 73 CC CC CC 00 DF 4D 05 05 00 00 50 00 DF 4F 01 00 DF 34 10 55 31 35 54 54 4B 4E 45 4F 56 31 30 32 30 33 37 8F E9 00 00 00 00 00 00 00 00 00  

 --- 60-10 Contact Start Transaction >>>>>>>>>>>>>>>>>>>>>>>>>>>>>>>>>>>>>>>>>>>>>> PAN = 15

2017/5/8 10:00:47.084 [TX] - 56 69 56 4F 74 65 63 68 32 00 60 10 00 23 01 00 78 00 78 9C 01 00 5F 57 01 00 9F 02 06 00 00 00 00 02 00 9F 03 06 00 00 00 00 00 00 5F 2A 02 08 40 8F F0 
2017/5/8 10:00:47.088 [RX] - 56 69 56 4F 74 65 63 68 32 00 60 63 00 00 FF 0E 00 00 00 00 00 00 00 00 00 00 00 00 00 00 00 00 00 00 00 00 00 00 00 00 00 00 00 00 00 00 00 00 00 00 00 00 00 00 00 00 00 00 00 00 00 00 00 56 69 56 4F 74 65 63 68 32 00 61 01 00 10 03 00 00 02 00 45 4E 03 00 81 0B 1C 02 00 00 00 34 C9 00 00 00 00 00 00 00 00 00 00 00 00 00 00 00 00 00 00 00 00 00 00 00 00 00 00 00 00 00 00 00 56 69 56 4F 74 65 63 68 32 00 61 01 00 10 03 00 00 02 00 45 4E 03 00 81 11 1C 02 00 00 00 A8 4F 00 00 00 00 00 00 00 00 00 00 00 00 00 00 00 00 00 00 00 00 00 00 00 00 00 00 00 00 00 00 00 56 69 56 4F 74 65 63 68 32 00 61 01 00 10 03 00 00 02 00 45 4E 03 00 81 1A 1C 02 00 00 00 6B ED 00 00 00 00 00 00 00 00 00 00 00 00 00 00 00 00 00 00 00 00 00 00 00 00 00 00 00 00 00 00 00 56 69 56 4F 74 65 63 68 32 00 60 00 01 28 C2 DF EE 25 02 00 10 57 A1 11 47 61 73 CC CC CC 00 1D CC CC 20 1C CC CC CC CC CC 57 C1 20 58 AB DB 4C E9 B7 72 76 5C CA 60 40 A6 FA 45 90 73 E4 EC B1 40 4B 36 F4 96 5B B2 74 CD C1 B5 FB 5A C1 10 05 0D 8C C3 F2 E6 40 92 39 42 24 EA 62 87 E3 4F 5F 34 01 01 5F 20 0F 46 55 4C 4C 20 46 55 4E 43 54 49 4F 4E 41 4C 5F 24 03 20 12 31 9F 20 00 5F 25 03 95 07 01 5F 2D 08 65 73 65 6E 66 72 64 65 50 0A 56 49 53 41 43 52 45 44 49 54 4F 07 A0 00 00 00 03 10 10 84 07 A0 00 00 00 03 10 10 DF 4B 00 9F 39 01 07 FF EE 01 04 DF 30 01 01 DF EF 4C 06 00 23 00 00 00 00 DF EF 4D 30 68 E1 EC 7B 27 2D C3 C1 01 25 89 41 FE 6F C3 A6 4B E7 C2 3C 55 B0 E7 8F 5C 29 F4 53 F2 83 49 D4 D2 38 20 4A F7 7E AA D6 9B BA 25 4A 2D 8F 07 76 DF EE 26 01 C2 DF 4A 0A 62 99 49 01 2C 00 04 60 00 04 DF 4C 08 47 61 73 CC CC CC 00 1F DF 4D 05 05 00 00 50 00 DF 4F 01 00 DF 34 10 55 31 35 54 54 4B 4E 45 4F 56 31 30 32 30 33 37 04 4D 00 00 00  

 --- 60-11 Contact Authenticate Transaction

2017/5/8 10:00:52.072 [TX] - 56 69 56 4F 74 65 63 68 32 00 60 11 00 03 00 00 78 46 F3 
2017/5/8 10:00:52.076 [RX] - 56 69 56 4F 74 65 63 68 32 00 60 63 00 00 FF 0E 00 00 00 00 00 00 00 00 00 00 00 00 00 00 00 00 00 00 00 00 00 00 00 00 00 00 00 00 00 00 00 00 00 00 00 00 00 00 00 00 00 00 00 00 00 00 00 56 69 56 4F 74 65 63 68 32 00 61 01 00 10 03 00 00 02 00 45 53 03 00 81 15 1C 02 00 00 00 B2 43 00 00 00 00 00 00 00 00 00 00 00 00 00 00 00 00 00 00 00 00 00 00 00 00 00 00 00 00 00 00 00 56 69 56 4F 74 65 63 68 32 00 60 00 00 A0 C2 DF EE 25 02 00 04 9F 10 07 06 01 1A 03 90 00 00 9F 26 08 8D 38 94 2D 90 B8 C0 54 9F 27 01 80 9F 36 02 00 01 9F 37 04 C6 73 FC 06 9F 02 06 00 00 00 00 02 00 9F 4D 00 9F 4F 00 9F 13 00 95 05 80 80 00 00 00 9B 02 48 00 9F 03 06 00 00 00 00 00 00 9F 34 03 5E 03 00 9F 39 01 07 FF EE 01 04 DF 30 01 01 DF EE 26 01 C2 DF 4A 0A 62 99 49 01 2C 00 04 60 00 04 DF 4C 08 47 61 73 CC CC CC 00 1F DF 4D 05 05 00 00 50 00 DF 4F 01 00 DF 34 10 55 31 35 54 54 4B 4E 45 4F 56 31 30 32 30 33 37 32 80 00 00 00 00 00 00 00 00 00 00 00 00 00  

 --- 60-12 Contact Apply Host Response

2017/5/8 10:00:53.278 [TX] - 56 69 56 4F 74 65 63 68 32 00 60 12 00 11 01 8A 02 30 30 91 0A 11 22 33 44 55 66 77 88 30 30 1C F3 
2017/5/8 10:00:53.284 [RX] - 56 69 56 4F 74 65 63 68 32 00 60 63 00 00 FF 0E 00 00 00 00 00 00 00 00 00 00 00 00 00 00 00 00 00 00 00 00 00 00 00 00 00 00 00 00 00 00 00 00 00 00 00 00 00 00 00 00 00 00 00 00 00 00 00 56 69 56 4F 74 65 63 68 32 00 61 01 00 10 03 00 00 02 00 45 53 03 00 81 03 1C 02 00 00 00 25 26 00 00 00 00 00 00 00 00 00 00 00 00 00 00 00 00 00 00 00 00 00 00 00 00 00 00 00 00 00 00 00 56 69 56 4F 74 65 63 68 32 00 60 00 00 A5 C2 DF EE 25 02 00 02 9F 10 07 06 01 1A 03 60 00 00 9F 26 08 88 2D 84 27 A2 68 E2 14 9F 27 01 40 9F 36 02 00 01 9F 37 04 C6 73 FC 06 9F 02 06 00 00 00 00 02 00 9F 4D 00 9F 4F 00 9F 13 00 95 05 80 80 00 00 00 9B 02 78 00 9F 03 06 00 00 00 00 00 00 9F 34 03 5E 03 00 99 00 9F 39 01 07 9F 5B 00 FF EE 01 04 DF 30 01 01 DF EE 26 01 C2 DF 4A 0A 62 99 49 01 2C 00 04 60 00 04 DF 4C 08 47 61 73 CC CC CC 00 1F DF 4D 05 05 00 00 50 00 DF 4F 01 00 DF 34 10 55 31 35 54 54 4B 4E 45 4F 56 31 30 32 30 33 37 F7 B3 00 00 00 00 00 00 00 00  

 --- 60-10 Contact Start Transaction >>>>>>>>>>>>>>>>>>>>>>>>>>>>>>>>>>>>>>>>>>>>>> PAN = 16

2017/5/8 10:00:56.316 [TX] - 56 69 56 4F 74 65 63 68 32 00 60 10 00 23 01 00 78 00 78 9C 01 00 5F 57 01 00 9F 02 06 00 00 00 00 02 00 9F 03 06 00 00 00 00 00 00 5F 2A 02 08 40 8F F0 
2017/5/8 10:00:56.327 [RX] - 56 69 56 4F 74 65 63 68 32 00 60 63 00 00 FF 0E 00 00 00 00 00 00 00 00 00 00 00 00 00 00 00 00 00 00 00 00 00 00 00 00 00 00 00 00 00 00 00 00 00 00 00 00 00 00 00 00 00 00 00 00 00 00 00 56 69 56 4F 74 65 63 68 32 00 61 01 00 10 03 00 00 02 00 45 4E 03 00 81 0B 1C 02 00 00 00 34 C9 00 00 00 00 00 00 00 00 00 00 00 00 00 00 00 00 00 00 00 00 00 00 00 00 00 00 00 00 00 00 00 56 69 56 4F 74 65 63 68 32 00 61 01 00 10 03 00 00 02 00 45 4E 03 00 81 11 1C 02 00 00 00 A8 4F 00 00 00 00 00 00 00 00 00 00 00 00 00 00 00 00 00 00 00 00 00 00 00 00 00 00 00 00 00 00 00 56 69 56 4F 74 65 63 68 32 00 61 01 00 10 03 00 00 02 00 45 4E 03 00 81 1A 1C 02 00 00 00 6B ED 00 00 00 00 00 00 00 00 00 00 00 00 00 00 00 00 00 00 00 00 00 00 00 00 00 00 00 00 00 00 00 56 69 56 4F 74 65 63 68 32 00 60 00 01 28 C2 DF EE 25 02 00 10 57 A1 11 47 61 73 CC CC CC 00 10 DC CC C2 01 CC CC CC CC CC 57 C1 20 9C 97 6D 0F 45 53 1D B3 13 26 2E F0 B5 0B EE C9 0E EF EF 2D 27 8F AE AC BF 5E 7A 71 D2 08 EC 54 5A C1 10 8D C6 A8 1F A4 D7 F1 D7 90 DE 69 37 3D 2B 3B 16 5F 34 01 01 5F 20 0F 46 55 4C 4C 20 46 55 4E 43 54 49 4F 4E 41 4C 5F 24 03 20 12 31 9F 20 00 5F 25 03 95 07 01 5F 2D 08 65 73 65 6E 66 72 64 65 50 0A 56 49 53 41 43 52 45 44 49 54 4F 07 A0 00 00 00 03 10 10 84 07 A0 00 00 00 03 10 10 DF 4B 00 9F 39 01 07 FF EE 01 04 DF 30 01 01 DF EF 4C 06 00 24 00 00 00 00 DF EF 4D 30 CB 60 C8 C9 4A 0F B7 57 AC 70 9E F2 86 96 28 00 E7 61 5D BC CC E5 33 D7 C8 83 56 CF 2D 7D 31 87 D8 4E 25 8C 5F 7C 49 4F 40 18 22 FA 33 A1 6C A3 DF EE 26 01 C2 DF 4A 0A 62 99 49 01 2C 00 04 60 00 05 DF 4C 08 47 61 73 CC CC CC 00 10 DF 4D 05 05 00 00 50 00 DF 4F 01 00 DF 34 10 55 31 35 54 54 4B 4E 45 4F 56 31 30 32 30 33 37 7E 25 00 00 00  

 --- 60-11 Contact Authenticate Transaction

2017/5/8 10:01:00.317 [TX] - 56 69 56 4F 74 65 63 68 32 00 60 11 00 03 00 00 78 46 F3 
2017/5/8 10:01:00.320 [RX] - 56 69 56 4F 74 65 63 68 32 00 60 63 00 00 FF 0E 00 00 00 00 00 00 00 00 00 00 00 00 00 00 00 00 00 00 00 00 00 00 00 00 00 00 00 00 00 00 00 00 00 00 00 00 00 00 00 00 00 00 00 00 00 00 00 56 69 56 4F 74 65 63 68 32 00 61 01 00 10 03 00 00 02 00 45 53 03 00 81 15 1C 02 00 00 00 B2 43 00 00 00 00 00 00 00 00 00 00 00 00 00 00 00 00 00 00 00 00 00 00 00 00 00 00 00 00 00 00 00 56 69 56 4F 74 65 63 68 32 00 60 00 00 A0 C2 DF EE 25 02 00 04 9F 10 07 06 01 1A 03 90 00 00 9F 26 08 E2 69 AE AC 57 D3 EE 67 9F 27 01 80 9F 36 02 00 01 9F 37 04 4B 26 C5 2D 9F 02 06 00 00 00 00 02 00 9F 4D 00 9F 4F 00 9F 13 00 95 05 80 80 00 00 00 9B 02 48 00 9F 03 06 00 00 00 00 00 00 9F 34 03 5E 03 00 9F 39 01 07 FF EE 01 04 DF 30 01 01 DF EE 26 01 C2 DF 4A 0A 62 99 49 01 2C 00 04 60 00 05 DF 4C 08 47 61 73 CC CC CC 00 10 DF 4D 05 05 00 00 50 00 DF 4F 01 00 DF 34 10 55 31 35 54 54 4B 4E 45 4F 56 31 30 32 30 33 37 B1 3A 00 00 00 00 00 00 00 00 00 00 00 00 00  

 --- 60-12 Contact Apply Host Response

2017/5/8 10:01:01.518 [TX] - 56 69 56 4F 74 65 63 68 32 00 60 12 00 11 01 8A 02 30 30 91 0A 11 22 33 44 55 66 77 88 30 30 1C F3 
2017/5/8 10:01:01.524 [RX] - 56 69 56 4F 74 65 63 68 32 00 60 63 00 00 FF 0E 00 00 00 00 00 00 00 00 00 00 00 00 00 00 00 00 00 00 00 00 00 00 00 00 00 00 00 00 00 00 00 00 00 00 00 00 00 00 00 00 00 00 00 00 00 00 00 56 69 56 4F 74 65 63 68 32 00 61 01 00 10 03 00 00 02 00 45 53 03 00 81 03 1C 02 00 00 00 25 26 00 00 00 00 00 00 00 00 00 00 00 00 00 00 00 00 00 00 00 00 00 00 00 00 00 00 00 00 00 00 00 56 69 56 4F 74 65 63 68 32 00 60 00 00 A5 C2 DF EE 25 02 00 02 9F 10 07 06 01 1A 03 60 00 00 9F 26 08 88 2D 84 27 A2 68 E2 14 9F 27 01 40 9F 36 02 00 01 9F 37 04 4B 26 C5 2D 9F 02 06 00 00 00 00 02 00 9F 4D 00 9F 4F 00 9F 13 00 95 05 80 80 00 00 00 9B 02 78 00 9F 03 06 00 00 00 00 00 00 9F 34 03 5E 03 00 99 00 9F 39 01 07 9F 5B 00 FF EE 01 04 DF 30 01 01 DF EE 26 01 C2 DF 4A 0A 62 99 49 01 2C 00 04 60 00 05 DF 4C 08 47 61 73 CC CC CC 00 10 DF 4D 05 05 00 00 50 00 DF 4F 01 00 DF 34 10 55 31 35 54 54 4B 4E 45 4F 56 31 30 32 30 33 37 B9 35 00 00 00 00 00 00 00 00  

 --- 60-10 Contact Start Transaction >>>>>>>>>>>>>>>>>>>>>>>>>>>>>>>>>>>>>>>>>>>>>> PAN = 19

2017/5/8 10:01:04.349 [TX] - 56 69 56 4F 74 65 63 68 32 00 60 10 00 23 01 00 78 00 78 9C 01 00 5F 57 01 00 9F 02 06 00 00 00 00 02 00 9F 03 06 00 00 00 00 00 00 5F 2A 02 08 40 8F F0 
2017/5/8 10:01:04.352 [RX] - 56 69 56 4F 74 65 63 68 32 00 60 63 00 00 FF 0E 00 00 00 00 00 00 00 00 00 00 00 00 00 00 00 00 00 00 00 00 00 00 00 00 00 00 00 00 00 00 00 00 00 00 00 00 00 00 00 00 00 00 00 00 00 00 00 56 69 56 4F 74 65 63 68 32 00 61 01 00 10 03 00 00 02 00 45 4E 03 00 81 0B 1C 02 00 00 00 34 C9 00 00 00 00 00 00 00 00 00 00 00 00 00 00 00 00 00 00 00 00 00 00 00 00 00 00 00 00 00 00 00 56 69 56 4F 74 65 63 68 32 00 61 01 00 10 03 00 00 02 00 45 4E 03 00 81 11 1C 02 00 00 00 A8 4F 00 00 00 00 00 00 00 00 00 00 00 00 00 00 00 00 00 00 00 00 00 00 00 00 00 00 00 00 00 00 00 56 69 56 4F 74 65 63 68 32 00 61 01 00 10 03 00 00 02 00 45 4E 03 00 81 1A 1C 02 00 00 00 6B ED 00 00 00 00 00 00 00 00 00 00 00 00 00 00 00 00 00 00 00 00 00 00 00 00 00 00 00 00 00 00 00 56 69 56 4F 74 65 63 68 32 00 60 00 01 2C C2 DF EE 25 02 00 10 57 A1 13 47 61 73 CC CC CC 00 10 77 7D CC CC 20 1C CC CC CC CC CC 57 C1 20 19 0F 74 C5 EF C1 71 D2 D9 9D E3 31 BF C4 18 DD FC 67 48 9A 5F 50 A5 37 C0 87 92 91 DD E2 84 7D 5A C1 10 9F 45 B4 F4 70 C3 91 B7 A7 37 94 6F AE EB 6C 31 5F 34 01 01 5F 20 0F 46 55 4C 4C 20 46 55 4E 43 54 49 4F 4E 41 4C 5F 24 03 20 12 31 9F 20 00 5F 25 03 95 07 01 5F 2D 08 65 73 65 6E 66 72 64 65 50 0A 56 49 53 41 43 52 45 44 49 54 4F 07 A0 00 00 00 03 10 10 84 07 A0 00 00 00 03 10 10 DF 4B 00 9F 39 01 07 FF EE 01 04 DF 30 01 01 DF EF 4C 06 00 27 00 00 00 00 DF EF 4D 30 F1 7B 54 45 60 7B 4D D0 B3 1C D7 3A 3A B0 51 0A BF B3 C6 3D 10 E1 AA 8F A4 FB FA B8 58 18 C4 08 D7 6D 5C DC FF 2E 5E 9B 31 85 5F 7B CB C1 C8 E5 DF EE 26 01 C2 DF 4A 0A 62 99 49 01 2C 00 04 60 00 06 DF 4C 0A 47 61 73 CC CC CC 00 10 77 7F DF 4D 05 05 00 00 50 00 DF 4F 01 00 DF 34 10 55 31 35 54 54 4B 4E 45 4F 56 31 30 32 30 33 37 D9 55 00 00 00 00 00 00 00 00 00 00 00 00 00 00 00 00 00 00 00 00 00 00 00 00 00 00 00 00 00 00 00 00 00 00 00 00 00 00 00 00 00 00 00 00 00 00 00 00 00 00 00 00 00 00 00 00 00 00 00 00 00 00  

 --- 60-11 Contact Authenticate Transaction

2017/5/8 10:01:08.215 [TX] - 56 69 56 4F 74 65 63 68 32 00 60 11 00 03 00 00 78 46 F3 
2017/5/8 10:01:08.220 [RX] - 56 69 56 4F 74 65 63 68 32 00 60 63 00 00 FF 0E 00 00 00 00 00 00 00 00 00 00 00 00 00 00 00 00 00 00 00 00 00 00 00 00 00 00 00 00 00 00 00 00 00 00 00 00 00 00 00 00 00 00 00 00 00 00 00 56 69 56 4F 74 65 63 68 32 00 61 01 00 10 03 00 00 02 00 45 53 03 00 81 15 1C 02 00 00 00 B2 43 00 00 00 00 00 00 00 00 00 00 00 00 00 00 00 00 00 00 00 00 00 00 00 00 00 00 00 00 00 00 00 56 69 56 4F 74 65 63 68 32 00 60 00 00 A2 C2 DF EE 25 02 00 04 9F 10 07 06 01 1A 03 90 00 00 9F 26 08 3D 54 A0 5C 4D 2C 87 B8 9F 27 01 80 9F 36 02 00 01 9F 37 04 94 38 A1 EF 9F 02 06 00 00 00 00 02 00 9F 4D 00 9F 4F 00 9F 13 00 95 05 80 80 00 00 00 9B 02 48 00 9F 03 06 00 00 00 00 00 00 9F 34 03 5E 03 00 9F 39 01 07 FF EE 01 04 DF 30 01 01 DF EE 26 01 C2 DF 4A 0A 62 99 49 01 2C 00 04 60 00 06 DF 4C 0A 47 61 73 CC CC CC 00 10 77 7F DF 4D 05 05 00 00 50 00 DF 4F 01 00 DF 34 10 55 31 35 54 54 4B 4E 45 4F 56 31 30 32 30 33 37 B5 DB 00 00 00 00 00 00 00 00 00 00 00  

 --- 60-12 Contact Apply Host Response

2017/5/8 10:01:09.410 [TX] - 56 69 56 4F 74 65 63 68 32 00 60 12 00 11 01 8A 02 30 30 91 0A 11 22 33 44 55 66 77 88 30 30 1C F3 
2017/5/8 10:01:09.416 [RX] - 56 69 56 4F 74 65 63 68 32 00 60 63 00 00 FF 0E 00 00 00 00 00 00 00 00 00 00 00 00 00 00 00 00 00 00 00 00 00 00 00 00 00 00 00 00 00 00 00 00 00 00 00 00 00 00 00 00 00 00 00 00 00 00 00 56 69 56 4F 74 65 63 68 32 00 61 01 00 10 03 00 00 02 00 45 53 03 00 81 03 1C 02 00 00 00 25 26 00 00 00 00 00 00 00 00 00 00 00 00 00 00 00 00 00 00 00 00 00 00 00 00 00 00 00 00 00 00 00 56 69 56 4F 74 65 63 68 32 00 60 00 00 A7 C2 DF EE 25 02 00 02 9F 10 07 06 01 1A 03 60 00 00 9F 26 08 88 2D 84 27 A2 68 E2 14 9F 27 01 40 9F 36 02 00 01 9F 37 04 94 38 A1 EF 9F 02 06 00 00 00 00 02 00 9F 4D 00 9F 4F 00 9F 13 00 95 05 80 80 00 00 00 9B 02 78 00 9F 03 06 00 00 00 00 00 00 9F 34 03 5E 03 00 99 00 9F 39 01 07 9F 5B 00 FF EE 01 04 DF 30 01 01 DF EE 26 01 C2 DF 4A 0A 62 99 49 01 2C 00 04 60 00 06 DF 4C 0A 47 61 73 CC CC CC 00 10 77 7F DF 4D 05 05 00 00 50 00 DF 4F 01 00 DF 34 10 55 31 35 54 54 4B 4E 45 4F 56 31 30 32 30 33 37 C4 A5 00 00 00 00 00 00  

FAIL items: 0
 

 ---------- END OF TEST ----------

 Result = PASSED


Docklight Log File (HEX) - Stopped 2017/5/8 10:01:11.811 

