Docklight Log File (HEX) - Started 2017/3/22 13:37:00.537 
 TEST CASE: CR046-3-AES

 --- Set POS COM PORT Settings
 Set POS COM PORT...
 POS operating on COM90 @ 9600 baud...
 Set POS COM PORT - COMPLETE

 

 Erase All Keys...

2017/3/22 13:37:01.778 [TX] - 56 69 56 4F 74 65 63 68 32 00 83 00 00 00 03 22 
2017/3/22 13:37:01.784 [RX] - 56 69 56 4F 74 65 63 68 32 00 83 00 00 00 22 03 00 00 00 00 00 00 00 00 00 00 00 00 00 00 00 00 00 00 00 00 00 00 00 00 00 00 00 00 00 00 00 00 00 00 00 00 00 00 00 00 00 00 00 00 00 00 00  

 Set DUKPT Key Encryption Type...

2017/3/22 13:37:02.288 [TX] - 56 69 56 4F 74 65 63 68 32 00 C7 32 00 01 01 7D DF 
2017/3/22 13:37:02.292 [RX] - 56 69 56 4F 74 65 63 68 32 00 C7 00 00 00 86 6E 00 00 00 00 00 00 00 00 00 00 00 00 00 00 00 00 00 00 00 00 00 00 00 00 00 00 00 00 00 00 00 00 00 00 00 00 00 00 00 00 00 00 00 00 00 00 00  

 Get DUKPT Key Encryption Type...

2017/3/22 13:37:02.797 [TX] - 56 69 56 4F 74 65 63 68 32 00 C7 33 00 00 1A 9B 
2017/3/22 13:37:02.800 [RX] - 56 69 56 4F 74 65 63 68 32 00 C7 00 00 01 01 BC 5E 00 00 00 00 00 00 00 00 00 00 00 00 00 00 00 00 00 00 00 00 00 00 00 00 00 00 00 00 00 00 00 00 00 00 00 00 00 00 00 00 00 00 00 00 00 00  
OK!
 

 Loading DUKPT key...

2017/3/22 13:37:03.308 [TX] - 56 69 56 4F 74 65 63 68 32 00 80 00 00 65 30 39 36 46 31 35 35 37 37 45 39 41 44 41 30 30 38 38 4B 30 54 44 30 30 4E 30 30 30 30 30 30 38 30 45 30 39 46 43 39 35 35 45 36 33 43 32 45 43 43 30 42 34 39 44 42 46 35 31 37 36 36 42 32 41 39 34 34 33 37 32 37 35 39 30 32 33 30 32 32 30 32 32 33 34 39 38 37 31 32 30 32 33 34 30 30 30 30 30 30 30 30 9C 1B 
2017/3/22 13:37:03.316 [RX] - 56 69 56 4F 74 65 63 68 32 00 80 00 00 00 B9 DF 00 00 00 00 00 00 00 00 00 00 00 00 00 00 00 00 00 00 00 00 00 00 00 00 00 00 00 00 00 00 00 00 00 00 00 00 00 00 00 00 00 00 00 00 00 00 00 
2017/3/22 13:37:03.819 [TX] - 56 69 56 4F 74 65 63 68 32 00 80 00 00 65 31 32 45 43 36 30 30 37 37 45 39 41 44 41 30 30 38 38 4B 30 54 44 30 30 4E 30 30 30 30 30 30 38 30 31 44 31 45 36 30 44 36 45 32 46 38 44 31 44 36 32 34 42 44 34 34 36 42 43 39 33 31 34 33 33 41 30 33 33 36 33 31 30 34 35 36 37 38 32 37 37 30 32 33 41 39 39 37 31 32 36 32 33 34 30 30 30 30 30 30 30 30 30 E6 
2017/3/22 13:37:03.828 [RX] - 56 69 56 4F 74 65 63 68 32 00 80 00 00 00 B9 DF 00 00 00 00 00 00 00 00 00 00 00 00 00 00 00 00 00 00 00 00 00 00 00 00 00 00 00 00 00 00 00 00 00 00 00 00 00 00 00 00 00 00 00 00 00 00 00 
2017/3/22 13:37:04.332 [TX] - 56 69 56 4F 74 65 63 68 32 00 80 01 00 58 41 30 30 38 38 4B 30 54 44 30 30 4E 30 30 30 30 46 41 42 44 39 44 34 32 37 34 31 30 42 36 46 41 35 45 44 33 42 37 36 41 44 37 46 41 45 38 45 33 31 36 30 32 31 33 42 46 44 38 31 31 38 32 32 33 38 31 38 41 45 43 46 30 43 44 41 44 42 31 39 41 42 45 39 37 41 41 32 43 B8 FE 
2017/3/22 13:37:04.344 [RX] - 56 69 56 4F 74 65 63 68 32 00 80 00 00 00 B9 DF 00 00 00 00 00 00 00 00 00 00 00 00 00 00 00 00 00 00 00 00 00 00 00 00 00 00 00 00 00 00 00 00 00 00 00 00 00 00 00 00 00 00 00 00 00 00 00 
2017/3/22 13:37:04.848 [TX] - 56 69 56 4F 74 65 63 68 32 00 81 00 00 71 05 41 30 31 31 32 44 30 54 45 30 30 4E 30 31 30 30 4B 53 31 38 36 32 39 39 34 39 30 31 32 43 30 30 30 34 36 30 30 30 30 31 37 39 46 43 30 31 36 44 31 34 46 34 35 42 39 41 33 37 46 37 32 42 44 35 41 35 37 37 41 43 35 33 34 37 36 42 31 35 35 34 32 45 39 42 39 30 46 35 36 32 46 36 37 36 35 30 45 46 35 33 43 34 44 39 45 42 41 36 39 35 39 46 76 88 
2017/3/22 13:37:04.872 [RX] - 56 69 56 4F 74 65 63 68 32 00 81 00 00 00 CF 6B 00 00 00 00 00 00 00 00 00 00 00 00 00 00 00 00 00 00 00 00 00 00 00 00 00 00 00 00 00 00 00 00 00 00 00 00 00 00 00 00 00 00 00 00 00 00 00  
OK!
 

 --- Data Encryption: Enable

2017/3/22 13:37:05.386 [TX] - 56 69 56 4F 74 65 63 68 32 00 C7 36 00 01 03 97 6C 
2017/3/22 13:37:05.392 [RX] - 56 69 56 4F 74 65 63 68 32 00 C7 00 00 00 86 6E 00 00 00 00 00 00 00 00 00 00 00 00 00 00 00 00 00 00 00 00 00 00 00 00 00 00 00 00 00 00 00 00 00 00 00 00 00 00 00 00 00 00 00 00 00 00 00  

 --- 60-10 Contact Start Transaction (support FallBack)

2017/3/22 13:37:05.403 [TX] - 56 69 56 4F 74 65 63 68 32 00 60 10 00 23 01 00 78 00 78 9C 01 00 5F 57 01 00 9F 02 06 00 00 00 00 02 00 9F 03 06 00 00 00 00 00 00 5F 2A 02 08 40 8F F0 
2017/3/22 13:37:05.408 [RX] - 56 69 56 4F 74 65 63 68 32 00 60 63 00 00 FF 0E 00 00 00 00 00 00 00 00 00 00 00 00 00 00 00 00 00 00 00 00 00 00 00 00 00 00 00 00 00 00 00 00 00 00 00 00 00 00 00 00 00 00 00 00 00 00 00 56 69 56 4F 74 65 63 68 32 00 61 01 00 10 03 00 00 02 00 45 4E 03 00 81 0B 1C 02 00 00 00 34 C9 00 00 00 00 00 00 00 00 00 00 00 00 00 00 00 00 00 00 00 00 00 00 00 00 00 00 00 00 00 00 00 56 69 56 4F 74 65 63 68 32 00 61 01 00 10 03 00 00 02 00 45 4E 03 00 81 11 1C 02 00 00 00 A8 4F 00 00 00 00 00 00 00 00 00 00 00 00 00 00 00 00 00 00 00 00 00 00 00 00 00 00 00 00 00 00 00 56 69 56 4F 74 65 63 68 32 00 61 01 00 10 03 00 00 02 00 45 4E 03 00 81 13 1C 02 00 00 00 23 0F 00 00 00 00 00 00 00 00 00 00 00 00 00 00 00 00 00 00 00 00 00 00 00 00 00 00 00 00 00 00 00 56 69 56 4F 74 65 63 68 32 00 61 01 00 10 03 00 00 02 00 45 4E 03 00 81 03 1C 02 00 00 00 39 8B 00 00 00 00 00 00 00 00 00 00 00 00 00 00 00 00 00 00 00 00 00 00 00 00 00 00 00 00 00 00 00 56 69 56 4F 74 65 63 68 32 00 60 00 01 3A CA DF EE 25 02 00 07 57 00 5A 00 5F 34 00 5F 20 00 5F 24 00 9F 20 00 5F 25 00 5F 2D 00 50 00 4F 00 84 00 DF 4B 81 85 01 01 50 E4 4A CA A5 26 DD 68 74 E0 77 D2 64 97 64 02 AE F9 05 A6 30 FC 7E 1C B8 96 7E 51 88 26 9E CC 27 36 D4 FF E8 BF B9 14 7E BC F9 DC C2 54 87 8F B4 6D 7A 83 2C 49 26 53 B9 CD 61 8E 93 42 58 4F 8E 93 FB B2 57 35 DE A0 75 59 7C 60 BE F0 15 6B 65 30 CB 3F 04 BD 2E BB 21 96 AB DA D6 B0 6D 77 09 8D E2 3A 3E 89 89 F4 4F 0D 5E 2F 63 92 E2 29 EE A9 F5 FD 93 69 15 35 7A BA BB 46 0B 23 3B 21 87 DE 00 9F 39 01 80 FF EE 01 04 DF 30 01 0C DF EE 26 01 CA DF EF 4C 06 00 27 00 00 00 00 DF EF 4D 30 CB 3F 04 BD 2E BB 21 96 AB DA D6 B0 6D 77 09 8D E2 3A 3E 89 89 F4 4F 0D 5E 2F 63 92 E2 29 EE A9 A3 DD 3C 65 49 8B FD 4F 56 7A 04 83 90 BF 29 34 DF 4A 0A 62 99 49 01 2C 00 04 60 00 01 DF 4C 10 36 35 31 30 30 30 2A 2A 2A 2A 2A 2A 30 31 32 35 DF 4D 05 05 00 00 50 00 DF 4F 01 01 DF 34 10 55 31 35 54 54 4B 4E 45 4F 56 31 30 32 30 33 33 EA 18 00 00 00 00 00 00 00 00 00 00 00 00 00 00 00 00 00 00 00 00 00 00 00 00 00 00 00 00 00 00 00 00 00 00 00 00 00 00 00 00 00 00 00 00 00 00 00 00  

 --- 60-13 Contact Retrieve Transaction Result

2017/3/22 13:37:15.326 [TX] - 56 69 56 4F 74 65 63 68 32 00 60 13 00 15 57 5A 5F 34 5F 20 5F 24 9F 20 5F 25 5F 2D 50 4F 84 DF 4B 9F 39 FC 74 
2017/3/22 13:37:15.356 [RX] - 56 69 56 4F 74 65 63 68 32 00 60 00 00 FA CA 57 00 5A 00 5F 34 00 5F 20 00 5F 24 00 9F 20 00 5F 25 00 5F 2D 00 50 00 4F 00 84 00 DF 4B 81 85 01 01 50 E4 4A CA A5 26 DD 68 74 E0 77 D2 64 97 64 02 AE F9 05 A6 30 FC 7E 1C B8 96 7E 51 88 26 9E CC 27 36 D4 FF E8 BF B9 14 7E BC F9 DC C2 54 87 8F B4 6D 7A 83 2C 49 26 53 B9 CD 61 8E 93 42 58 4F 8E 93 FB B2 57 35 DE A0 75 59 7C 60 BE F0 15 6B 65 30 CB 3F 04 BD 2E BB 21 96 AB DA D6 B0 6D 77 09 8D E2 3A 3E 89 89 F4 4F 0D 5E 2F 63 92 E2 29 EE A9 F5 FD 93 69 15 35 7A BA BB 46 0B 23 3B 21 87 DE 00 9F 39 01 80 DF 4A 0A 62 99 49 01 2C 00 04 60 00 01 DF EF 4C 06 00 27 00 00 00 00 DF EF 4D 30 CB 3F 04 BD 2E BB 21 96 AB DA D6 B0 6D 77 09 8D E2 3A 3E 89 89 F4 4F 0D 5E 2F 63 92 E2 29 EE A9 A3 DD 3C 65 49 8B FD 4F 56 7A 04 83 90 BF 29 34 DF EE 26 01 CA 4F F9 00 00 00 00 00 00 00 00 00 00 00 00 00 00 00 00 00 00 00 00 00 00 00 00 00 00 00 00 00 00 00 00 00 00 00 00 00 00 00 00 00 00 00 00 00 00 00 00 00  

 Result = PASSED
 ---------- END OF TEST ----------

 Result = PASSED
 

 MASTER RESULT = PASSED


Docklight Log File (HEX) - Stopped 2017/3/22 13:37:17.457 

