Docklight Log File (HEX) - Started 2018/2/22 15:38:17.176 
 TEST CASE: EDCA06-3

 --- Set POS COM PORT Settings
 Set POS COM PORT...
 POS operating on COM90 @ 9600 baud...
 Set POS COM PORT - COMPLETE

 

 --- Data Encryption: Enable

2018/2/22 15:38:18.430 [TX] - 56 69 56 4F 74 65 63 68 32 00 C7 36 00 01 03 97 6C 
2018/2/22 15:38:18.433 [RX] - 56 69 56 4F 74 65 63 68 32 00 C7 00 00 00 86 6E 00 00 00 00 00 00 00 00 00 00 00 00 00 00 00 00 00 00 00 00 00 00 00 00 00 00 00 00 00 00 00 00 00 00 00 00 00 00 00 00 00 00 00 00 00 00 00  

 --- Poll on Demand

2018/2/22 15:38:18.438 [TX] - 56 69 56 4F 74 65 63 68 32 00 01 01 00 01 01 D7 34 
2018/2/22 15:38:18.445 [RX] - 56 69 56 4F 74 65 63 68 32 00 01 00 00 00 12 53 00 00 00 00 00 00 00 00 00 00 00 00 00 00 00 00 00 00 00 00 00 00 00 00 00 00 00 00 00 00 00 00 00 00 00 00 00 00 00 00 00 00 00 00 00 00 00  

 --- Burst mode Off

2018/2/22 15:38:18.957 [TX] - 56 69 56 4F 74 65 63 68 32 00 04 00 00 04 FF F7 01 00 B9 2E 
2018/2/22 15:38:18.961 [RX] - 56 69 56 4F 74 65 63 68 32 00 04 00 00 00 AE 16 00 00 00 00 00 00 00 00 00 00 00 00 00 00 00 00 00 00 00 00 00 00 00 00 00 00 00 00 00 00 00 00 00 00 00 00 00 00 00 00 00 00 00 00 00 00 00  

 Erase All Keys...

2018/2/22 15:38:19.473 [TX] - 56 69 56 4F 74 65 63 68 32 00 83 00 00 00 03 22 
2018/2/22 15:38:19.480 [RX] - 56 69 56 4F 74 65 63 68 32 00 83 00 00 00 22 03 00 00 00 00 00 00 00 00 00 00 00 00 00 00 00 00 00 00 00 00 00 00 00 00 00 00 00 00 00 00 00 00 00 00 00 00 00 00 00 00 00 00 00 00 00 00 00  

 Set DUKPT Key Encryption Type...

2018/2/22 15:38:19.988 [TX] - 56 69 56 4F 74 65 63 68 32 00 C7 32 00 01 01 7D DF 
2018/2/22 15:38:19.995 [RX] - 56 69 56 4F 74 65 63 68 32 00 C7 00 00 00 86 6E 00 00 00 00 00 00 00 00 00 00 00 00 00 00 00 00 00 00 00 00 00 00 00 00 00 00 00 00 00 00 00 00 00 00 00 00 00 00 00 00 00 00 00 00 00 00 00  

 Get DUKPT Key Encryption Type...

2018/2/22 15:38:20.503 [TX] - 56 69 56 4F 74 65 63 68 32 00 C7 33 00 00 1A 9B 
2018/2/22 15:38:20.510 [RX] - 56 69 56 4F 74 65 63 68 32 00 C7 00 00 01 01 BC 5E 00 00 00 00 00 00 00 00 00 00 00 00 00 00 00 00 00 00 00 00 00 00 00 00 00 00 00 00 00 00 00 00 00 00 00 00 00 00 00 00 00 00 00 00 00 00  
OK!
 

 Loading DUKPT key...

2018/2/22 15:38:21.030 [TX] - 56 69 56 4F 74 65 63 68 32 00 80 00 00 65 30 39 36 46 31 35 35 37 37 45 39 41 44 41 30 30 38 38 4B 30 54 44 30 30 4E 30 30 30 30 30 30 38 30 45 30 39 46 43 39 35 35 45 36 33 43 32 45 43 43 30 42 34 39 44 42 46 35 31 37 36 36 42 32 41 39 34 34 33 37 32 37 35 39 30 32 33 30 32 32 30 32 32 33 34 39 38 37 31 32 30 32 33 34 30 30 30 30 30 30 30 30 9C 1B 
2018/2/22 15:38:21.041 [RX] - 56 69 56 4F 74 65 63 68 32 00 80 00 00 00 B9 DF 00 00 00 00 00 00 00 00 00 00 00 00 00 00 00 00 00 00 00 00 00 00 00 00 00 00 00 00 00 00 00 00 00 00 00 00 00 00 00 00 00 00 00 00 00 00 00 
2018/2/22 15:38:21.559 [TX] - 56 69 56 4F 74 65 63 68 32 00 80 00 00 65 31 32 45 43 36 30 30 37 37 45 39 41 44 41 30 30 38 38 4B 30 54 44 30 30 4E 30 30 30 30 30 30 38 30 31 44 31 45 36 30 44 36 45 32 46 38 44 31 44 36 32 34 42 44 34 34 36 42 43 39 33 31 34 33 33 41 30 33 33 36 33 31 30 34 35 36 37 38 32 37 37 30 32 33 41 39 39 37 31 32 36 32 33 34 30 30 30 30 30 30 30 30 30 E6 
2018/2/22 15:38:21.568 [RX] - 56 69 56 4F 74 65 63 68 32 00 80 00 00 00 B9 DF 00 00 00 00 00 00 00 00 00 00 00 00 00 00 00 00 00 00 00 00 00 00 00 00 00 00 00 00 00 00 00 00 00 00 00 00 00 00 00 00 00 00 00 00 00 00 00 
2018/2/22 15:38:22.076 [TX] - 56 69 56 4F 74 65 63 68 32 00 80 01 00 58 41 30 30 38 38 4B 30 54 44 30 30 4E 30 30 30 30 46 41 42 44 39 44 34 32 37 34 31 30 42 36 46 41 35 45 44 33 42 37 36 41 44 37 46 41 45 38 45 33 31 36 30 32 31 33 42 46 44 38 31 31 38 32 32 33 38 31 38 41 45 43 46 30 43 44 41 44 42 31 39 41 42 45 39 37 41 41 32 43 B8 FE 
2018/2/22 15:38:22.088 [RX] - 56 69 56 4F 74 65 63 68 32 00 80 00 00 00 B9 DF 00 00 00 00 00 00 00 00 00 00 00 00 00 00 00 00 00 00 00 00 00 00 00 00 00 00 00 00 00 00 00 00 00 00 00 00 00 00 00 00 00 00 00 00 00 00 00 
2018/2/22 15:38:22.603 [TX] - 56 69 56 4F 74 65 63 68 32 00 81 00 00 71 05 41 30 31 31 32 44 30 54 45 30 30 4E 30 31 30 30 4B 53 31 38 36 32 39 39 34 39 30 31 32 43 30 30 30 34 36 30 30 30 30 31 37 39 46 43 30 31 36 44 31 34 46 34 35 42 39 41 33 37 46 37 32 42 44 35 41 35 37 37 41 43 35 33 34 37 36 42 31 35 35 34 32 45 39 42 39 30 46 35 36 32 46 36 37 36 35 30 45 46 35 33 43 34 44 39 45 42 41 36 39 35 39 46 76 88 
2018/2/22 15:38:22.628 [RX] - 56 69 56 4F 74 65 63 68 32 00 81 00 00 00 CF 6B 00 00 00 00 00 00 00 00 00 00 00 00 00 00 00 00 00 00 00 00 00 00 00 00 00 00 00 00 00 00 00 00 00 00 00 00 00 00 00 00 00 00 00 00 00 00 00  
OK!
 

 --- 04-00-----DFEF4B = A4 T1+T1 Sentinel+Only First Element Found

2018/2/22 15:38:23.152 [TX] - 56 69 56 4F 74 65 63 68 32 00 04 00 00 07 DF EF 4B 03 A4 00 00 51 25 
2018/2/22 15:38:23.156 [RX] - 56 69 56 4F 74 65 63 68 32 00 04 00 00 00 AE 16 00 00 00 00 00 00 00 00 00 00 00 00 00 00 00 00 00 00 00 00 00 00 00 00 00 00 00 00 00 00 00 00 00 00 00 00 00 00 00 00 00 00 00 00 00 00 00  

 --- 02-40 Activate Transaction

2018/2/22 15:38:24.119 [TX] - 56 69 56 4F 74 65 63 68 32 00 02 40 00 15 0A 9F 02 06 00 00 00 00 10 00 9A 03 07 11 21 9F 21 03 10 15 20 5E 34 
2018/2/22 15:38:25.245 [RX] - 56 69 56 4F 74 65 63 68 32 00 02 23 02 2E D3 FF EE 12 0A 62 99 49 01 2C 00 04 60 00 01 82 02 19 80 95 05 00 00 00 00 00 9A 03 07 11 21 9C 01 00 5F 2A 02 08 40 5F 2D 02 65 6E 9F 02 06 00 00 00 00 10 00 9F 03 06 00 00 00 00 00 00 9F 06 07 A0 00 00 00 04 10 10 9F 09 02 00 02 9F 1A 02 08 40 9F 1E 08 30 30 30 30 30 30 30 30 9F 21 03 10 15 20 9F 33 03 00 00 E8 9F 34 03 00 00 00 9F 35 01 22 9F 36 02 23 2D 9F 37 04 7E B2 F9 66 9F 39 01 91 9F 53 01 00 DF 81 29 08 30 F0 F0 00 30 F0 FF 00 FF 81 06 4E DF 81 2A C1 20 DC 21 E6 8D 9A 89 C1 3C 86 5C C9 2D A3 25 30 D9 0B 2C 6A 94 6C 3C D1 0F 0B 63 38 A9 15 D7 5F BE DF 81 2B C1 10 7F 4C 6A 42 60 54 3E 39 21 1F 37 06 A2 9B B5 ED DF 81 15 06 00 00 00 00 00 FF 9F 6E 07 08 40 00 00 30 30 00 FF 81 05 81 D1 50 10 44 65 62 69 74 20 4D 61 73 74 65 72 43 61 72 64 9F 12 10 44 65 62 69 74 20 4D 61 73 74 65 72 43 61 72 64 84 07 A0 00 00 00 04 10 10 9F 11 01 01 9F 6D 02 00 01 56 A1 29 2A 35 31 32 38 2A 2A 2A 2A 2A 2A 2A 2A 38 31 37 31 5E 20 2F 5E 31 38 30 33 36 32 32 2A 2A 2A 2A 2A 2A 2A 2A 2A 2A 2A 2A 2A 56 C1 30 82 59 2D 74 C3 4B 95 86 90 EF 46 F4 85 EB B5 33 30 77 3B DD 04 82 0F 38 69 68 37 49 78 29 73 84 52 B5 53 2C 49 5D 01 C7 3B 33 A6 19 3F 6F B2 7D  Tag 56 9F 6B A1 13 51 28 CC CC CC CC 81 71 D1 80 36 22 CC CC CC CC CC CC CC 9F 6B C1 20 B8 E5 90 8D A0 60 42 61 F4 5B 46 52 40 93 26 DF 35 D5 46 1C 86 22 CC A4 43 1F 64 A7 17 BA 14 1B  Tag 9F6B FF EE 01 2C DF 30 01 00 DF 31 C1 10 7D D2 4A 26 04 17 57 C5 C6 14 E7 63 34 36 76 C8 DF 32 C1 10 DF 2F C2 CE 3F 2B C8 61 95 AE 46 DF 56 1D 2B E0 DF EF 4C 06 00 25 00 00 00 00 DF EF 4D 30 68 C3 1A B4 2A D2 65 85 5C 40 B4 C0 34 84 87 50 4A 20 B0 67 60 02 4B 42 2E D0 98 37 63 68 9C A3 ED DA 73 08 57 74 CD 65 01 4F 2F D9 04 BB 8C 0F DF EE 26 01 D3 14 1F 00 00 00 00 00 00 00 00 00 00 00 00 00 00 00 00 00 00 00 00 00 00 00 00 00 00 00 00 00 00 00 00 00 00 00 00 00 00 00 00 00 00 00 00 00 00 00 00 00 00 00 00 00 00 00 00  

 Erase All Keys...

2018/2/22 15:38:25.802 [TX] - 56 69 56 4F 74 65 63 68 32 00 83 00 00 00 03 22 
2018/2/22 15:38:25.809 [RX] - 56 69 56 4F 74 65 63 68 32 00 83 00 00 00 22 03 00 00 00 00 00 00 00 00 00 00 00 00 00 00 00 00 00 00 00 00 00 00 00 00 00 00 00 00 00 00 00 00 00 00 00 00 00 00 00 00 00 00 00 00 00 00 00  

 Set DUKPT Key Encryption Type...

2018/2/22 15:38:26.322 [TX] - 56 69 56 4F 74 65 63 68 32 00 C7 32 00 01 01 7D DF 
2018/2/22 15:38:26.329 [RX] - 56 69 56 4F 74 65 63 68 32 00 C7 00 00 00 86 6E 00 00 00 00 00 00 00 00 00 00 00 00 00 00 00 00 00 00 00 00 00 00 00 00 00 00 00 00 00 00 00 00 00 00 00 00 00 00 00 00 00 00 00 00 00 00 00  

 Get DUKPT Key Encryption Type...

2018/2/22 15:38:26.847 [TX] - 56 69 56 4F 74 65 63 68 32 00 C7 33 00 00 1A 9B 
2018/2/22 15:38:26.853 [RX] - 56 69 56 4F 74 65 63 68 32 00 C7 00 00 01 01 BC 5E 00 00 00 00 00 00 00 00 00 00 00 00 00 00 00 00 00 00 00 00 00 00 00 00 00 00 00 00 00 00 00 00 00 00 00 00 00 00 00 00 00 00 00 00 00 00  
OK!
 

 Loading DUKPT key...

2018/2/22 15:38:27.371 [TX] - 56 69 56 4F 74 65 63 68 32 00 80 00 00 65 30 39 36 46 31 35 35 37 37 45 39 41 44 41 30 30 38 38 4B 30 54 44 30 30 4E 30 30 30 30 30 30 38 30 45 30 39 46 43 39 35 35 45 36 33 43 32 45 43 43 30 42 34 39 44 42 46 35 31 37 36 36 42 32 41 39 34 34 33 37 32 37 35 39 30 32 33 30 32 32 30 32 32 33 34 39 38 37 31 32 30 32 33 34 30 30 30 30 30 30 30 30 9C 1B 
2018/2/22 15:38:27.380 [RX] - 56 69 56 4F 74 65 63 68 32 00 80 00 00 00 B9 DF 00 00 00 00 00 00 00 00 00 00 00 00 00 00 00 00 00 00 00 00 00 00 00 00 00 00 00 00 00 00 00 00 00 00 00 00 00 00 00 00 00 00 00 00 00 00 00 
2018/2/22 15:38:27.892 [TX] - 56 69 56 4F 74 65 63 68 32 00 80 00 00 65 31 32 45 43 36 30 30 37 37 45 39 41 44 41 30 30 38 38 4B 30 54 44 30 30 4E 30 30 30 30 30 30 38 30 31 44 31 45 36 30 44 36 45 32 46 38 44 31 44 36 32 34 42 44 34 34 36 42 43 39 33 31 34 33 33 41 30 33 33 36 33 31 30 34 35 36 37 38 32 37 37 30 32 33 41 39 39 37 31 32 36 32 33 34 30 30 30 30 30 30 30 30 30 E6 
2018/2/22 15:38:27.900 [RX] - 56 69 56 4F 74 65 63 68 32 00 80 00 00 00 B9 DF 00 00 00 00 00 00 00 00 00 00 00 00 00 00 00 00 00 00 00 00 00 00 00 00 00 00 00 00 00 00 00 00 00 00 00 00 00 00 00 00 00 00 00 00 00 00 00 
2018/2/22 15:38:28.411 [TX] - 56 69 56 4F 74 65 63 68 32 00 80 01 00 58 41 30 30 38 38 4B 30 54 44 30 30 4E 30 30 30 30 46 41 42 44 39 44 34 32 37 34 31 30 42 36 46 41 35 45 44 33 42 37 36 41 44 37 46 41 45 38 45 33 31 36 30 32 31 33 42 46 44 38 31 31 38 32 32 33 38 31 38 41 45 43 46 30 43 44 41 44 42 31 39 41 42 45 39 37 41 41 32 43 B8 FE 
2018/2/22 15:38:28.424 [RX] - 56 69 56 4F 74 65 63 68 32 00 80 00 00 00 B9 DF 00 00 00 00 00 00 00 00 00 00 00 00 00 00 00 00 00 00 00 00 00 00 00 00 00 00 00 00 00 00 00 00 00 00 00 00 00 00 00 00 00 00 00 00 00 00 00 
2018/2/22 15:38:28.938 [TX] - 56 69 56 4F 74 65 63 68 32 00 81 00 00 71 05 41 30 31 31 32 44 30 54 45 30 30 4E 30 31 30 30 4B 53 31 38 36 32 39 39 34 39 30 31 32 43 30 30 30 34 36 30 30 30 30 31 37 39 46 43 30 31 36 44 31 34 46 34 35 42 39 41 33 37 46 37 32 42 44 35 41 35 37 37 41 43 35 33 34 37 36 42 31 35 35 34 32 45 39 42 39 30 46 35 36 32 46 36 37 36 35 30 45 46 35 33 43 34 44 39 45 42 41 36 39 35 39 46 76 88 
2018/2/22 15:38:28.960 [RX] - 56 69 56 4F 74 65 63 68 32 00 81 00 00 00 CF 6B 00 00 00 00 00 00 00 00 00 00 00 00 00 00 00 00 00 00 00 00 00 00 00 00 00 00 00 00 00 00 00 00 00 00 00 00 00 00 00 00 00 00 00 00 00 00 00  
OK!
 

 --- 04-00-----DFEF4B = 92 T2+T2 Sentinel+Only First Element Found

2018/2/22 15:38:29.481 [TX] - 56 69 56 4F 74 65 63 68 32 00 04 00 00 07 DF EF 4B 03 92 00 00 54 52 
2018/2/22 15:38:29.484 [RX] - 56 69 56 4F 74 65 63 68 32 00 04 00 00 00 AE 16 00 00 00 00 00 00 00 00 00 00 00 00 00 00 00 00 00 00 00 00 00 00 00 00 00 00 00 00 00 00 00 00 00 00 00 00 00 00 00 00 00 00 00 00 00 00 00  

 --- 02-40 Activate Transaction

2018/2/22 15:38:30.598 [TX] - 56 69 56 4F 74 65 63 68 32 00 02 40 00 15 0A 9F 02 06 00 00 00 00 10 00 9A 03 07 11 21 9F 21 03 10 15 20 5E 34 
2018/2/22 15:38:31.692 [RX] - 56 69 56 4F 74 65 63 68 32 00 02 23 02 2E D3 FF EE 12 0A 62 99 49 01 2C 00 04 60 00 01 82 02 19 80 95 05 00 00 00 00 00 9A 03 07 11 21 9C 01 00 5F 2A 02 08 40 5F 2D 02 65 6E 9F 02 06 00 00 00 00 10 00 9F 03 06 00 00 00 00 00 00 9F 06 07 A0 00 00 00 04 10 10 9F 09 02 00 02 9F 1A 02 08 40 9F 1E 08 30 30 30 30 30 30 30 30 9F 21 03 10 15 20 9F 33 03 00 00 E8 9F 34 03 00 00 00 9F 35 01 22 9F 36 02 23 2E 9F 37 04 91 F7 E7 15 9F 39 01 91 9F 53 01 00 DF 81 29 08 30 F0 F0 00 30 F0 FF 00 FF 81 06 4E DF 81 2A C1 20 DC 21 E6 8D 9A 89 C1 3C 86 5C C9 2D A3 25 30 D9 0B 2C 6A 94 6C 3C D1 0F 0B 63 38 A9 15 D7 5F BE DF 81 2B C1 10 7F 4C 6A 42 60 54 3E 39 21 1F 37 06 A2 9B B5 ED DF 81 15 06 00 00 00 00 00 FF 9F 6E 07 08 40 00 00 30 30 00 FF 81 05 81 D1 50 10 44 65 62 69 74 20 4D 61 73 74 65 72 43 61 72 64 9F 12 10 44 65 62 69 74 20 4D 61 73 74 65 72 43 61 72 64 84 07 A0 00 00 00 04 10 10 9F 11 01 01 9F 6D 02 00 01 56 A1 29 2A 35 31 32 38 2A 2A 2A 2A 2A 2A 2A 2A 38 31 37 31 5E 20 2F 5E 31 38 30 33 36 32 32 2A 2A 2A 2A 2A 2A 2A 2A 2A 2A 2A 2A 2A 56 C1 30 82 59 2D 74 C3 4B 95 86 90 EF 46 F4 85 EB B5 33 30 77 3B DD 04 82 0F 38 69 68 37 49 78 29 73 84 39 D2 D1 4E 20 6D 0A 06 AB A7 96 42 23 92 69 23  Tag 56 9F 6B A1 13 51 28 CC CC CC CC 81 71 D1 80 36 22 CC CC CC CC CC CC CC 9F 6B C1 20 B8 E5 90 8D A0 60 42 61 F4 5B 46 52 40 93 26 DF BD 4B 9A 97 BA 90 5D 32 7C 7D AC 68 62 6D 49 50  Tag 9F6B FF EE 01 2C DF 30 01 00 DF 31 C1 10 7D D2 4A 26 04 17 57 C5 C6 14 E7 63 34 36 76 C8 DF 32 C1 10 DF 2F C2 CE 3F 2B C8 61 95 AE 46 DF 56 1D 2B E0 DF EF 4C 06 00 27 00 00 00 00 DF EF 4D 30 AF 40 D2 A6 75 AE 4F CE E1 17 05 BB 59 90 42 C9 C4 A2 04 2E F9 C4 40 A2 78 69 59 8E 02 BA CB 9E E8 65 BB D1 91 BD E4 D1 F9 F0 75 39 A5 2A 70 04 DF EE 26 01 D3 B0 31 00 00 00 00 00 00 00 00 00 00 00 00 00 00 00 00 00 00 00 00 00 00 00 00 00 00 00 00 00 00 00 00 00 00 00 00 00 00 00 00 00 00 00 00 00 00 00 00 00 00 00 00 00 00 00 00  

 Erase All Keys...

2018/2/22 15:38:32.254 [TX] - 56 69 56 4F 74 65 63 68 32 00 83 00 00 00 03 22 
2018/2/22 15:38:32.261 [RX] - 56 69 56 4F 74 65 63 68 32 00 83 00 00 00 22 03 00 00 00 00 00 00 00 00 00 00 00 00 00 00 00 00 00 00 00 00 00 00 00 00 00 00 00 00 00 00 00 00 00 00 00 00 00 00 00 00 00 00 00 00 00 00 00  

 Set DUKPT Key Encryption Type...

2018/2/22 15:38:32.768 [TX] - 56 69 56 4F 74 65 63 68 32 00 C7 32 00 01 01 7D DF 
2018/2/22 15:38:32.772 [RX] - 56 69 56 4F 74 65 63 68 32 00 C7 00 00 00 86 6E 00 00 00 00 00 00 00 00 00 00 00 00 00 00 00 00 00 00 00 00 00 00 00 00 00 00 00 00 00 00 00 00 00 00 00 00 00 00 00 00 00 00 00 00 00 00 00  

 Get DUKPT Key Encryption Type...

2018/2/22 15:38:33.281 [TX] - 56 69 56 4F 74 65 63 68 32 00 C7 33 00 00 1A 9B 
2018/2/22 15:38:33.288 [RX] - 56 69 56 4F 74 65 63 68 32 00 C7 00 00 01 01 BC 5E 00 00 00 00 00 00 00 00 00 00 00 00 00 00 00 00 00 00 00 00 00 00 00 00 00 00 00 00 00 00 00 00 00 00 00 00 00 00 00 00 00 00 00 00 00 00  
OK!
 

 Loading DUKPT key...

2018/2/22 15:38:33.805 [TX] - 56 69 56 4F 74 65 63 68 32 00 80 00 00 65 30 39 36 46 31 35 35 37 37 45 39 41 44 41 30 30 38 38 4B 30 54 44 30 30 4E 30 30 30 30 30 30 38 30 45 30 39 46 43 39 35 35 45 36 33 43 32 45 43 43 30 42 34 39 44 42 46 35 31 37 36 36 42 32 41 39 34 34 33 37 32 37 35 39 30 32 33 30 32 32 30 32 32 33 34 39 38 37 31 32 30 32 33 34 30 30 30 30 30 30 30 30 9C 1B 
2018/2/22 15:38:33.812 [RX] - 56 69 56 4F 74 65 63 68 32 00 80 00 00 00 B9 DF 00 00 00 00 00 00 00 00 00 00 00 00 00 00 00 00 00 00 00 00 00 00 00 00 00 00 00 00 00 00 00 00 00 00 00 00 00 00 00 00 00 00 00 00 00 00 00 
2018/2/22 15:38:34.322 [TX] - 56 69 56 4F 74 65 63 68 32 00 80 00 00 65 31 32 45 43 36 30 30 37 37 45 39 41 44 41 30 30 38 38 4B 30 54 44 30 30 4E 30 30 30 30 30 30 38 30 31 44 31 45 36 30 44 36 45 32 46 38 44 31 44 36 32 34 42 44 34 34 36 42 43 39 33 31 34 33 33 41 30 33 33 36 33 31 30 34 35 36 37 38 32 37 37 30 32 33 41 39 39 37 31 32 36 32 33 34 30 30 30 30 30 30 30 30 30 E6 
2018/2/22 15:38:34.332 [RX] - 56 69 56 4F 74 65 63 68 32 00 80 00 00 00 B9 DF 00 00 00 00 00 00 00 00 00 00 00 00 00 00 00 00 00 00 00 00 00 00 00 00 00 00 00 00 00 00 00 00 00 00 00 00 00 00 00 00 00 00 00 00 00 00 00 
2018/2/22 15:38:34.841 [TX] - 56 69 56 4F 74 65 63 68 32 00 80 01 00 58 41 30 30 38 38 4B 30 54 44 30 30 4E 30 30 30 30 46 41 42 44 39 44 34 32 37 34 31 30 42 36 46 41 35 45 44 33 42 37 36 41 44 37 46 41 45 38 45 33 31 36 30 32 31 33 42 46 44 38 31 31 38 32 32 33 38 31 38 41 45 43 46 30 43 44 41 44 42 31 39 41 42 45 39 37 41 41 32 43 B8 FE 
2018/2/22 15:38:34.852 [RX] - 56 69 56 4F 74 65 63 68 32 00 80 00 00 00 B9 DF 00 00 00 00 00 00 00 00 00 00 00 00 00 00 00 00 00 00 00 00 00 00 00 00 00 00 00 00 00 00 00 00 00 00 00 00 00 00 00 00 00 00 00 00 00 00 00 
2018/2/22 15:38:35.363 [TX] - 56 69 56 4F 74 65 63 68 32 00 81 00 00 71 05 41 30 31 31 32 44 30 54 45 30 30 4E 30 31 30 30 4B 53 31 38 36 32 39 39 34 39 30 31 32 43 30 30 30 34 36 30 30 30 30 31 37 39 46 43 30 31 36 44 31 34 46 34 35 42 39 41 33 37 46 37 32 42 44 35 41 35 37 37 41 43 35 33 34 37 36 42 31 35 35 34 32 45 39 42 39 30 46 35 36 32 46 36 37 36 35 30 45 46 35 33 43 34 44 39 45 42 41 36 39 35 39 46 76 88 
2018/2/22 15:38:35.388 [RX] - 56 69 56 4F 74 65 63 68 32 00 81 00 00 00 CF 6B 00 00 00 00 00 00 00 00 00 00 00 00 00 00 00 00 00 00 00 00 00 00 00 00 00 00 00 00 00 00 00 00 00 00 00 00 00 00 00 00 00 00 00 00 00 00 00  
OK!
 

 --- 04-00-----DFEF4B = 89 T3+T3 Sentinel+Only First Element Found

2018/2/22 15:38:35.915 [TX] - 56 69 56 4F 74 65 63 68 32 00 04 00 00 07 DF EF 4B 03 89 00 00 C6 E1 
2018/2/22 15:38:35.920 [RX] - 56 69 56 4F 74 65 63 68 32 00 04 00 00 00 AE 16 00 00 00 00 00 00 00 00 00 00 00 00 00 00 00 00 00 00 00 00 00 00 00 00 00 00 00 00 00 00 00 00 00 00 00 00 00 00 00 00 00 00 00 00 00 00 00  

 --- 02-40 Activate Transaction

2018/2/22 15:38:36.871 [TX] - 56 69 56 4F 74 65 63 68 32 00 02 40 00 15 0A 9F 02 06 00 00 00 00 10 00 9A 03 07 11 21 9F 21 03 10 15 20 5E 34 
2018/2/22 15:38:38.044 [RX] - 56 69 56 4F 74 65 63 68 32 00 02 23 02 2E D3 FF EE 12 0A 62 99 49 01 2C 00 04 60 00 01 82 02 19 80 95 05 00 00 00 00 00 9A 03 07 11 21 9C 01 00 5F 2A 02 08 40 5F 2D 02 65 6E 9F 02 06 00 00 00 00 10 00 9F 03 06 00 00 00 00 00 00 9F 06 07 A0 00 00 00 04 10 10 9F 09 02 00 02 9F 1A 02 08 40 9F 1E 08 30 30 30 30 30 30 30 30 9F 21 03 10 15 20 9F 33 03 00 00 E8 9F 34 03 00 00 00 9F 35 01 22 9F 36 02 23 2F 9F 37 04 7E B2 F4 72 9F 39 01 91 9F 53 01 00 DF 81 29 08 30 F0 F0 00 30 F0 FF 00 FF 81 06 4E DF 81 2A C1 20 DC 21 E6 8D 9A 89 C1 3C 86 5C C9 2D A3 25 30 D9 0B 2C 6A 94 6C 3C D1 0F 0B 63 38 A9 15 D7 5F BE DF 81 2B C1 10 7F 4C 6A 42 60 54 3E 39 21 1F 37 06 A2 9B B5 ED DF 81 15 06 00 00 00 00 00 FF 9F 6E 07 08 40 00 00 30 30 00 FF 81 05 81 D1 50 10 44 65 62 69 74 20 4D 61 73 74 65 72 43 61 72 64 9F 12 10 44 65 62 69 74 20 4D 61 73 74 65 72 43 61 72 64 84 07 A0 00 00 00 04 10 10 9F 11 01 01 9F 6D 02 00 01 56 A1 29 2A 35 31 32 38 2A 2A 2A 2A 2A 2A 2A 2A 38 31 37 31 5E 20 2F 5E 31 38 30 33 36 32 32 2A 2A 2A 2A 2A 2A 2A 2A 2A 2A 2A 2A 2A 56 C1 30 82 59 2D 74 C3 4B 95 86 90 EF 46 F4 85 EB B5 33 30 77 3B DD 04 82 0F 38 69 68 37 49 78 29 73 84 21 0A A1 9C 9C 29 C7 92 5D 55 11 E3 3B 06 55 86  Tag 56 9F 6B A1 13 51 28 CC CC CC CC 81 71 D1 80 36 22 CC CC CC CC CC CC CC 9F 6B C1 20 B8 E5 90 8D A0 60 42 61 F4 5B 46 52 40 93 26 DF AD ED 20 9F 3E C9 B8 A9 19 43 D1 8E C4 FB B1 C3  Tag 9F6B FF EE 01 2C DF 30 01 00 DF 31 C1 10 7D D2 4A 26 04 17 57 C5 C6 14 E7 63 34 36 76 C8 DF 32 C1 10 DF 2F C2 CE 3F 2B C8 61 95 AE 46 DF 56 1D 2B E0 DF EF 4C 06 00 25 00 00 00 00 DF EF 4D 30 68 C3 1A B4 2A D2 65 85 5C 40 B4 C0 34 84 87 50 E4 BB 7E 22 F6 0E 12 D5 9E D4 C9 17 1C 47 81 15 90 35 B2 98 92 6F A4 29 5B 74 8B BD 15 9F DB BE DF EE 26 01 D3 F8 1C 00 00 00 00 00 00 00 00 00 00 00 00 00 00 00 00 00 00 00 00 00 00 00 00 00 00 00 00 00 00 00 00 00 00 00 00 00 00 00 00 00 00 00 00 00 00 00 00 00 00 00 00 00 00 00 00  

 Erase All Keys...

2018/2/22 15:38:38.598 [TX] - 56 69 56 4F 74 65 63 68 32 00 83 00 00 00 03 22 
2018/2/22 15:38:38.604 [RX] - 56 69 56 4F 74 65 63 68 32 00 83 00 00 00 22 03 00 00 00 00 00 00 00 00 00 00 00 00 00 00 00 00 00 00 00 00 00 00 00 00 00 00 00 00 00 00 00 00 00 00 00 00 00 00 00 00 00 00 00 00 00 00 00  

 Set DUKPT Key Encryption Type...

2018/2/22 15:38:39.126 [TX] - 56 69 56 4F 74 65 63 68 32 00 C7 32 00 01 01 7D DF 
2018/2/22 15:38:39.134 [RX] - 56 69 56 4F 74 65 63 68 32 00 C7 00 00 00 86 6E 00 00 00 00 00 00 00 00 00 00 00 00 00 00 00 00 00 00 00 00 00 00 00 00 00 00 00 00 00 00 00 00 00 00 00 00 00 00 00 00 00 00 00 00 00 00 00  

 Get DUKPT Key Encryption Type...

2018/2/22 15:38:39.642 [TX] - 56 69 56 4F 74 65 63 68 32 00 C7 33 00 00 1A 9B 
2018/2/22 15:38:39.649 [RX] - 56 69 56 4F 74 65 63 68 32 00 C7 00 00 01 01 BC 5E 00 00 00 00 00 00 00 00 00 00 00 00 00 00 00 00 00 00 00 00 00 00 00 00 00 00 00 00 00 00 00 00 00 00 00 00 00 00 00 00 00 00 00 00 00 00  
OK!
 

 Loading DUKPT key...

2018/2/22 15:38:40.160 [TX] - 56 69 56 4F 74 65 63 68 32 00 80 00 00 65 30 39 36 46 31 35 35 37 37 45 39 41 44 41 30 30 38 38 4B 30 54 44 30 30 4E 30 30 30 30 30 30 38 30 45 30 39 46 43 39 35 35 45 36 33 43 32 45 43 43 30 42 34 39 44 42 46 35 31 37 36 36 42 32 41 39 34 34 33 37 32 37 35 39 30 32 33 30 32 32 30 32 32 33 34 39 38 37 31 32 30 32 33 34 30 30 30 30 30 30 30 30 9C 1B 
2018/2/22 15:38:40.168 [RX] - 56 69 56 4F 74 65 63 68 32 00 80 00 00 00 B9 DF 00 00 00 00 00 00 00 00 00 00 00 00 00 00 00 00 00 00 00 00 00 00 00 00 00 00 00 00 00 00 00 00 00 00 00 00 00 00 00 00 00 00 00 00 00 00 00 
2018/2/22 15:38:40.681 [TX] - 56 69 56 4F 74 65 63 68 32 00 80 00 00 65 31 32 45 43 36 30 30 37 37 45 39 41 44 41 30 30 38 38 4B 30 54 44 30 30 4E 30 30 30 30 30 30 38 30 31 44 31 45 36 30 44 36 45 32 46 38 44 31 44 36 32 34 42 44 34 34 36 42 43 39 33 31 34 33 33 41 30 33 33 36 33 31 30 34 35 36 37 38 32 37 37 30 32 33 41 39 39 37 31 32 36 32 33 34 30 30 30 30 30 30 30 30 30 E6 
2018/2/22 15:38:40.688 [RX] - 56 69 56 4F 74 65 63 68 32 00 80 00 00 00 B9 DF 00 00 00 00 00 00 00 00 00 00 00 00 00 00 00 00 00 00 00 00 00 00 00 00 00 00 00 00 00 00 00 00 00 00 00 00 00 00 00 00 00 00 00 00 00 00 00 
2018/2/22 15:38:41.195 [TX] - 56 69 56 4F 74 65 63 68 32 00 80 01 00 58 41 30 30 38 38 4B 30 54 44 30 30 4E 30 30 30 30 46 41 42 44 39 44 34 32 37 34 31 30 42 36 46 41 35 45 44 33 42 37 36 41 44 37 46 41 45 38 45 33 31 36 30 32 31 33 42 46 44 38 31 31 38 32 32 33 38 31 38 41 45 43 46 30 43 44 41 44 42 31 39 41 42 45 39 37 41 41 32 43 B8 FE 
2018/2/22 15:38:41.208 [RX] - 56 69 56 4F 74 65 63 68 32 00 80 00 00 00 B9 DF 00 00 00 00 00 00 00 00 00 00 00 00 00 00 00 00 00 00 00 00 00 00 00 00 00 00 00 00 00 00 00 00 00 00 00 00 00 00 00 00 00 00 00 00 00 00 00 
2018/2/22 15:38:41.714 [TX] - 56 69 56 4F 74 65 63 68 32 00 81 00 00 71 05 41 30 31 31 32 44 30 54 45 30 30 4E 30 31 30 30 4B 53 31 38 36 32 39 39 34 39 30 31 32 43 30 30 30 34 36 30 30 30 30 31 37 39 46 43 30 31 36 44 31 34 46 34 35 42 39 41 33 37 46 37 32 42 44 35 41 35 37 37 41 43 35 33 34 37 36 42 31 35 35 34 32 45 39 42 39 30 46 35 36 32 46 36 37 36 35 30 45 46 35 33 43 34 44 39 45 42 41 36 39 35 39 46 76 88 
2018/2/22 15:38:41.740 [RX] - 56 69 56 4F 74 65 63 68 32 00 81 00 00 00 CF 6B 00 00 00 00 00 00 00 00 00 00 00 00 00 00 00 00 00 00 00 00 00 00 00 00 00 00 00 00 00 00 00 00 00 00 00 00 00 00 00 00 00 00 00 00 00 00 00  
OK!
 

 --- 04-00-----DFEF4B = B6 T1+T2+T1 Sentinel+T2 Sentinel+Only First Element Found

2018/2/22 15:38:42.258 [TX] - 56 69 56 4F 74 65 63 68 32 00 04 00 00 07 DF EF 4B 03 B6 00 00 52 08 
2018/2/22 15:38:42.264 [RX] - 56 69 56 4F 74 65 63 68 32 00 04 00 00 00 AE 16 00 00 00 00 00 00 00 00 00 00 00 00 00 00 00 00 00 00 00 00 00 00 00 00 00 00 00 00 00 00 00 00 00 00 00 00 00 00 00 00 00 00 00 00 00 00 00  

 --- 02-40 Activate Transaction

2018/2/22 15:38:43.254 [TX] - 56 69 56 4F 74 65 63 68 32 00 02 40 00 15 0A 9F 02 06 00 00 00 00 10 00 9A 03 07 11 21 9F 21 03 10 15 20 5E 34 
2018/2/22 15:38:44.392 [RX] - 56 69 56 4F 74 65 63 68 32 00 02 23 02 2E D3 FF EE 12 0A 62 99 49 01 2C 00 04 60 00 01 82 02 19 80 95 05 00 00 00 00 00 9A 03 07 11 21 9C 01 00 5F 2A 02 08 40 5F 2D 02 65 6E 9F 02 06 00 00 00 00 10 00 9F 03 06 00 00 00 00 00 00 9F 06 07 A0 00 00 00 04 10 10 9F 09 02 00 02 9F 1A 02 08 40 9F 1E 08 30 30 30 30 30 30 30 30 9F 21 03 10 15 20 9F 33 03 00 00 E8 9F 34 03 00 00 00 9F 35 01 22 9F 36 02 23 30 9F 37 04 7E 01 D8 2C 9F 39 01 91 9F 53 01 00 DF 81 29 08 30 F0 F0 00 30 F0 FF 00 FF 81 06 4E DF 81 2A C1 20 DC 21 E6 8D 9A 89 C1 3C 86 5C C9 2D A3 25 30 D9 0B 2C 6A 94 6C 3C D1 0F 0B 63 38 A9 15 D7 5F BE DF 81 2B C1 10 7F 4C 6A 42 60 54 3E 39 21 1F 37 06 A2 9B B5 ED DF 81 15 06 00 00 00 00 00 FF 9F 6E 07 08 40 00 00 30 30 00 FF 81 05 81 D1 50 10 44 65 62 69 74 20 4D 61 73 74 65 72 43 61 72 64 9F 12 10 44 65 62 69 74 20 4D 61 73 74 65 72 43 61 72 64 84 07 A0 00 00 00 04 10 10 9F 11 01 01 9F 6D 02 00 01 56 A1 29 2A 35 31 32 38 2A 2A 2A 2A 2A 2A 2A 2A 38 31 37 31 5E 20 2F 5E 31 38 30 33 36 32 32 2A 2A 2A 2A 2A 2A 2A 2A 2A 2A 2A 2A 2A 56 C1 30 82 59 2D 74 C3 4B 95 86 90 EF 46 F4 85 EB B5 33 30 77 3B DD 04 82 0F 38 69 68 37 49 78 29 73 84 99 CB 7C D2 25 A4 36 A7 F3 8D 56 CD 00 5E EA CE  Tag 56 9F 6B A1 13 51 28 CC CC CC CC 81 71 D1 80 36 22 CC CC CC CC CC CC CC 9F 6B C1 20 B8 E5 90 8D A0 60 42 61 F4 5B 46 52 40 93 26 DF 73 01 9C E2 43 A4 45 39 F6 B2 F8 2C 6B BA 2F BF  Tag 9F6B FF EE 01 2C DF 30 01 00 DF 31 C1 10 7D D2 4A 26 04 17 57 C5 C6 14 E7 63 34 36 76 C8 DF 32 C1 10 DF 2F C2 CE 3F 2B C8 61 95 AE 46 DF 56 1D 2B E0 DF EF 4C 06 00 27 00 00 00 00 DF EF 4D 30 AF 40 D2 A6 75 AE 4F CE E1 17 05 BB 59 90 42 C9 53 F2 F1 CA DA E5 9A AF 38 A1 1C FA BF D2 CB 2F DA 46 A5 C4 B0 B6 74 42 C8 EB 78 E1 B5 E0 F7 13 DF EE 26 01 D3 0E EA 00 00 00 00 00 00 00 00 00 00 00 00 00 00 00 00 00 00 00 00 00 00 00 00 00 00 00 00 00 00 00 00 00 00 00 00 00 00 00 00 00 00 00 00 00 00 00 00 00 00 00 00 00 00 00 00  

 Erase All Keys...

2018/2/22 15:38:44.947 [TX] - 56 69 56 4F 74 65 63 68 32 00 83 00 00 00 03 22 
2018/2/22 15:38:44.952 [RX] - 56 69 56 4F 74 65 63 68 32 00 83 00 00 00 22 03 00 00 00 00 00 00 00 00 00 00 00 00 00 00 00 00 00 00 00 00 00 00 00 00 00 00 00 00 00 00 00 00 00 00 00 00 00 00 00 00 00 00 00 00 00 00 00  

 Set DUKPT Key Encryption Type...

2018/2/22 15:38:45.458 [TX] - 56 69 56 4F 74 65 63 68 32 00 C7 32 00 01 01 7D DF 
2018/2/22 15:38:45.464 [RX] - 56 69 56 4F 74 65 63 68 32 00 C7 00 00 00 86 6E 00 00 00 00 00 00 00 00 00 00 00 00 00 00 00 00 00 00 00 00 00 00 00 00 00 00 00 00 00 00 00 00 00 00 00 00 00 00 00 00 00 00 00 00 00 00 00  

 Get DUKPT Key Encryption Type...

2018/2/22 15:38:45.971 [TX] - 56 69 56 4F 74 65 63 68 32 00 C7 33 00 00 1A 9B 
2018/2/22 15:38:45.976 [RX] - 56 69 56 4F 74 65 63 68 32 00 C7 00 00 01 01 BC 5E 00 00 00 00 00 00 00 00 00 00 00 00 00 00 00 00 00 00 00 00 00 00 00 00 00 00 00 00 00 00 00 00 00 00 00 00 00 00 00 00 00 00 00 00 00 00  
OK!
 

 Loading DUKPT key...

2018/2/22 15:38:46.487 [TX] - 56 69 56 4F 74 65 63 68 32 00 80 00 00 65 30 39 36 46 31 35 35 37 37 45 39 41 44 41 30 30 38 38 4B 30 54 44 30 30 4E 30 30 30 30 30 30 38 30 45 30 39 46 43 39 35 35 45 36 33 43 32 45 43 43 30 42 34 39 44 42 46 35 31 37 36 36 42 32 41 39 34 34 33 37 32 37 35 39 30 32 33 30 32 32 30 32 32 33 34 39 38 37 31 32 30 32 33 34 30 30 30 30 30 30 30 30 9C 1B 
2018/2/22 15:38:46.496 [RX] - 56 69 56 4F 74 65 63 68 32 00 80 00 00 00 B9 DF 00 00 00 00 00 00 00 00 00 00 00 00 00 00 00 00 00 00 00 00 00 00 00 00 00 00 00 00 00 00 00 00 00 00 00 00 00 00 00 00 00 00 00 00 00 00 00 
2018/2/22 15:38:47.008 [TX] - 56 69 56 4F 74 65 63 68 32 00 80 00 00 65 31 32 45 43 36 30 30 37 37 45 39 41 44 41 30 30 38 38 4B 30 54 44 30 30 4E 30 30 30 30 30 30 38 30 31 44 31 45 36 30 44 36 45 32 46 38 44 31 44 36 32 34 42 44 34 34 36 42 43 39 33 31 34 33 33 41 30 33 33 36 33 31 30 34 35 36 37 38 32 37 37 30 32 33 41 39 39 37 31 32 36 32 33 34 30 30 30 30 30 30 30 30 30 E6 
2018/2/22 15:38:47.016 [RX] - 56 69 56 4F 74 65 63 68 32 00 80 00 00 00 B9 DF 00 00 00 00 00 00 00 00 00 00 00 00 00 00 00 00 00 00 00 00 00 00 00 00 00 00 00 00 00 00 00 00 00 00 00 00 00 00 00 00 00 00 00 00 00 00 00 
2018/2/22 15:38:47.531 [TX] - 56 69 56 4F 74 65 63 68 32 00 80 01 00 58 41 30 30 38 38 4B 30 54 44 30 30 4E 30 30 30 30 46 41 42 44 39 44 34 32 37 34 31 30 42 36 46 41 35 45 44 33 42 37 36 41 44 37 46 41 45 38 45 33 31 36 30 32 31 33 42 46 44 38 31 31 38 32 32 33 38 31 38 41 45 43 46 30 43 44 41 44 42 31 39 41 42 45 39 37 41 41 32 43 B8 FE 
2018/2/22 15:38:47.544 [RX] - 56 69 56 4F 74 65 63 68 32 00 80 00 00 00 B9 DF 00 00 00 00 00 00 00 00 00 00 00 00 00 00 00 00 00 00 00 00 00 00 00 00 00 00 00 00 00 00 00 00 00 00 00 00 00 00 00 00 00 00 00 00 00 00 00 
2018/2/22 15:38:48.067 [TX] - 56 69 56 4F 74 65 63 68 32 00 81 00 00 71 05 41 30 31 31 32 44 30 54 45 30 30 4E 30 31 30 30 4B 53 31 38 36 32 39 39 34 39 30 31 32 43 30 30 30 34 36 30 30 30 30 31 37 39 46 43 30 31 36 44 31 34 46 34 35 42 39 41 33 37 46 37 32 42 44 35 41 35 37 37 41 43 35 33 34 37 36 42 31 35 35 34 32 45 39 42 39 30 46 35 36 32 46 36 37 36 35 30 45 46 35 33 43 34 44 39 45 42 41 36 39 35 39 46 76 88 
2018/2/22 15:38:48.092 [RX] - 56 69 56 4F 74 65 63 68 32 00 81 00 00 00 CF 6B 00 00 00 00 00 00 00 00 00 00 00 00 00 00 00 00 00 00 00 00 00 00 00 00 00 00 00 00 00 00 00 00 00 00 00 00 00 00 00 00 00 00 00 00 00 00 00  
OK!
 

 --- 04-00-----DFEF4B = AD T1+T3+T1 Sentinel+T3 Sentinel+Only First Element Found

2018/2/22 15:38:48.617 [TX] - 56 69 56 4F 74 65 63 68 32 00 04 00 00 07 DF EF 4B 03 AD 00 00 C0 BB 
2018/2/22 15:38:48.620 [RX] - 56 69 56 4F 74 65 63 68 32 00 04 00 00 00 AE 16 00 00 00 00 00 00 00 00 00 00 00 00 00 00 00 00 00 00 00 00 00 00 00 00 00 00 00 00 00 00 00 00 00 00 00 00 00 00 00 00 00 00 00 00 00 00 00  

 --- 02-40 Activate Transaction

2018/2/22 15:38:49.143 [TX] - 56 69 56 4F 74 65 63 68 32 00 02 40 00 15 0A 9F 02 06 00 00 00 00 10 00 9A 03 07 11 21 9F 21 03 10 15 20 5E 34 
2018/2/22 15:38:50.080 [RX] - 56 69 56 4F 74 65 63 68 32 00 02 23 02 2E D3 FF EE 12 0A 62 99 49 01 2C 00 04 60 00 01 82 02 19 80 95 05 00 00 00 00 00 9A 03 07 11 21 9C 01 00 5F 2A 02 08 40 5F 2D 02 65 6E 9F 02 06 00 00 00 00 10 00 9F 03 06 00 00 00 00 00 00 9F 06 07 A0 00 00 00 04 10 10 9F 09 02 00 02 9F 1A 02 08 40 9F 1E 08 30 30 30 30 30 30 30 30 9F 21 03 10 15 20 9F 33 03 00 00 E8 9F 34 03 00 00 00 9F 35 01 22 9F 36 02 23 31 9F 37 04 AE CC 0B FB 9F 39 01 91 9F 53 01 00 DF 81 29 08 30 F0 F0 00 30 F0 FF 00 FF 81 06 4E DF 81 2A C1 20 DC 21 E6 8D 9A 89 C1 3C 86 5C C9 2D A3 25 30 D9 0B 2C 6A 94 6C 3C D1 0F 0B 63 38 A9 15 D7 5F BE DF 81 2B C1 10 7F 4C 6A 42 60 54 3E 39 21 1F 37 06 A2 9B B5 ED DF 81 15 06 00 00 00 00 00 FF 9F 6E 07 08 40 00 00 30 30 00 FF 81 05 81 D1 50 10 44 65 62 69 74 20 4D 61 73 74 65 72 43 61 72 64 9F 12 10 44 65 62 69 74 20 4D 61 73 74 65 72 43 61 72 64 84 07 A0 00 00 00 04 10 10 9F 11 01 01 9F 6D 02 00 01 56 A1 29 2A 35 31 32 38 2A 2A 2A 2A 2A 2A 2A 2A 38 31 37 31 5E 20 2F 5E 31 38 30 33 36 32 32 2A 2A 2A 2A 2A 2A 2A 2A 2A 2A 2A 2A 2A 56 C1 30 82 59 2D 74 C3 4B 95 86 90 EF 46 F4 85 EB B5 33 30 77 3B DD 04 82 0F 38 69 68 37 49 78 29 73 84 F5 C7 D7 DE 71 4E 7F 5E B6 F3 60 01 99 6A 9B 97  Tag 56 9F 6B A1 13 51 28 CC CC CC CC 81 71 D1 80 36 22 CC CC CC CC CC CC CC 9F 6B C1 20 B8 E5 90 8D A0 60 42 61 F4 5B 46 52 40 93 26 DF 46 3A 70 4D DB E1 51 52 54 19 2D 53 D2 BE AA 2D  Tag 9F6B FF EE 01 2C DF 30 01 00 DF 31 C1 10 7D D2 4A 26 04 17 57 C5 C6 14 E7 63 34 36 76 C8 DF 32 C1 10 DF 2F C2 CE 3F 2B C8 61 95 AE 46 DF 56 1D 2B E0 DF EF 4C 06 00 25 00 00 00 00 DF EF 4D 30 68 C3 1A B4 2A D2 65 85 5C 40 B4 C0 34 84 87 50 D8 80 BD 16 4D CE 0E 3A 44 89 9C B8 09 F1 58 EA 0F A7 8D 47 DA C1 13 AB E8 F7 65 D1 C4 BD 9C BF DF EE 26 01 D3 A4 C5 00 00 00 00 00 00 00 00 00 00 00 00 00 00 00 00 00 00 00 00 00 00 00 00 00 00 00 00 00 00 00 00 00 00 00 00 00 00 00 00 00 00 00 00 00 00 00 00 00 00 00 00 00 00 00 00  

 Erase All Keys...

2018/2/22 15:38:50.642 [TX] - 56 69 56 4F 74 65 63 68 32 00 83 00 00 00 03 22 
2018/2/22 15:38:50.650 [RX] - 56 69 56 4F 74 65 63 68 32 00 83 00 00 00 22 03 00 00 00 00 00 00 00 00 00 00 00 00 00 00 00 00 00 00 00 00 00 00 00 00 00 00 00 00 00 00 00 00 00 00 00 00 00 00 00 00 00 00 00 00 00 00 00  

 Set DUKPT Key Encryption Type...

2018/2/22 15:38:51.165 [TX] - 56 69 56 4F 74 65 63 68 32 00 C7 32 00 01 01 7D DF 
2018/2/22 15:38:51.172 [RX] - 56 69 56 4F 74 65 63 68 32 00 C7 00 00 00 86 6E 00 00 00 00 00 00 00 00 00 00 00 00 00 00 00 00 00 00 00 00 00 00 00 00 00 00 00 00 00 00 00 00 00 00 00 00 00 00 00 00 00 00 00 00 00 00 00  

 Get DUKPT Key Encryption Type...

2018/2/22 15:38:51.683 [TX] - 56 69 56 4F 74 65 63 68 32 00 C7 33 00 00 1A 9B 
2018/2/22 15:38:51.688 [RX] - 56 69 56 4F 74 65 63 68 32 00 C7 00 00 01 01 BC 5E 00 00 00 00 00 00 00 00 00 00 00 00 00 00 00 00 00 00 00 00 00 00 00 00 00 00 00 00 00 00 00 00 00 00 00 00 00 00 00 00 00 00 00 00 00 00  
OK!
 

 Loading DUKPT key...

2018/2/22 15:38:52.197 [TX] - 56 69 56 4F 74 65 63 68 32 00 80 00 00 65 30 39 36 46 31 35 35 37 37 45 39 41 44 41 30 30 38 38 4B 30 54 44 30 30 4E 30 30 30 30 30 30 38 30 45 30 39 46 43 39 35 35 45 36 33 43 32 45 43 43 30 42 34 39 44 42 46 35 31 37 36 36 42 32 41 39 34 34 33 37 32 37 35 39 30 32 33 30 32 32 30 32 32 33 34 39 38 37 31 32 30 32 33 34 30 30 30 30 30 30 30 30 9C 1B 
2018/2/22 15:38:52.204 [RX] - 56 69 56 4F 74 65 63 68 32 00 80 00 00 00 B9 DF 00 00 00 00 00 00 00 00 00 00 00 00 00 00 00 00 00 00 00 00 00 00 00 00 00 00 00 00 00 00 00 00 00 00 00 00 00 00 00 00 00 00 00 00 00 00 00 
2018/2/22 15:38:52.709 [TX] - 56 69 56 4F 74 65 63 68 32 00 80 00 00 65 31 32 45 43 36 30 30 37 37 45 39 41 44 41 30 30 38 38 4B 30 54 44 30 30 4E 30 30 30 30 30 30 38 30 31 44 31 45 36 30 44 36 45 32 46 38 44 31 44 36 32 34 42 44 34 34 36 42 43 39 33 31 34 33 33 41 30 33 33 36 33 31 30 34 35 36 37 38 32 37 37 30 32 33 41 39 39 37 31 32 36 32 33 34 30 30 30 30 30 30 30 30 30 E6 
2018/2/22 15:38:52.716 [RX] - 56 69 56 4F 74 65 63 68 32 00 80 00 00 00 B9 DF 00 00 00 00 00 00 00 00 00 00 00 00 00 00 00 00 00 00 00 00 00 00 00 00 00 00 00 00 00 00 00 00 00 00 00 00 00 00 00 00 00 00 00 00 00 00 00 
2018/2/22 15:38:53.221 [TX] - 56 69 56 4F 74 65 63 68 32 00 80 01 00 58 41 30 30 38 38 4B 30 54 44 30 30 4E 30 30 30 30 46 41 42 44 39 44 34 32 37 34 31 30 42 36 46 41 35 45 44 33 42 37 36 41 44 37 46 41 45 38 45 33 31 36 30 32 31 33 42 46 44 38 31 31 38 32 32 33 38 31 38 41 45 43 46 30 43 44 41 44 42 31 39 41 42 45 39 37 41 41 32 43 B8 FE 
2018/2/22 15:38:53.232 [RX] - 56 69 56 4F 74 65 63 68 32 00 80 00 00 00 B9 DF 00 00 00 00 00 00 00 00 00 00 00 00 00 00 00 00 00 00 00 00 00 00 00 00 00 00 00 00 00 00 00 00 00 00 00 00 00 00 00 00 00 00 00 00 00 00 00 
2018/2/22 15:38:53.748 [TX] - 56 69 56 4F 74 65 63 68 32 00 81 00 00 71 05 41 30 31 31 32 44 30 54 45 30 30 4E 30 31 30 30 4B 53 31 38 36 32 39 39 34 39 30 31 32 43 30 30 30 34 36 30 30 30 30 31 37 39 46 43 30 31 36 44 31 34 46 34 35 42 39 41 33 37 46 37 32 42 44 35 41 35 37 37 41 43 35 33 34 37 36 42 31 35 35 34 32 45 39 42 39 30 46 35 36 32 46 36 37 36 35 30 45 46 35 33 43 34 44 39 45 42 41 36 39 35 39 46 76 88 
2018/2/22 15:38:53.772 [RX] - 56 69 56 4F 74 65 63 68 32 00 81 00 00 00 CF 6B 00 00 00 00 00 00 00 00 00 00 00 00 00 00 00 00 00 00 00 00 00 00 00 00 00 00 00 00 00 00 00 00 00 00 00 00 00 00 00 00 00 00 00 00 00 00 00  
OK!
 

 --- 04-00-----DFEF4B = 9B T2+T3+T2 Sentinel+T3 Sentinel+Only First Element Found

2018/2/22 15:38:54.288 [TX] - 56 69 56 4F 74 65 63 68 32 00 04 00 00 07 DF EF 4B 03 9B 00 00 C5 CC 
2018/2/22 15:38:54.292 [RX] - 56 69 56 4F 74 65 63 68 32 00 04 00 00 00 AE 16 00 00 00 00 00 00 00 00 00 00 00 00 00 00 00 00 00 00 00 00 00 00 00 00 00 00 00 00 00 00 00 00 00 00 00 00 00 00 00 00 00 00 00 00 00 00 00  

 --- 02-40 Activate Transaction

2018/2/22 15:38:54.806 [TX] - 56 69 56 4F 74 65 63 68 32 00 02 40 00 15 0A 9F 02 06 00 00 00 00 10 00 9A 03 07 11 21 9F 21 03 10 15 20 5E 34 
2018/2/22 15:38:55.992 [RX] - 56 69 56 4F 74 65 63 68 32 00 02 23 02 2E D3 FF EE 12 0A 62 99 49 01 2C 00 04 60 00 01 82 02 19 80 95 05 00 00 00 00 00 9A 03 07 11 21 9C 01 00 5F 2A 02 08 40 5F 2D 02 65 6E 9F 02 06 00 00 00 00 10 00 9F 03 06 00 00 00 00 00 00 9F 06 07 A0 00 00 00 04 10 10 9F 09 02 00 02 9F 1A 02 08 40 9F 1E 08 30 30 30 30 30 30 30 30 9F 21 03 10 15 20 9F 33 03 00 00 E8 9F 34 03 00 00 00 9F 35 01 22 9F 36 02 23 32 9F 37 04 FC 79 5B AF 9F 39 01 91 9F 53 01 00 DF 81 29 08 30 F0 F0 00 30 F0 FF 00 FF 81 06 4E DF 81 2A C1 20 DC 21 E6 8D 9A 89 C1 3C 86 5C C9 2D A3 25 30 D9 0B 2C 6A 94 6C 3C D1 0F 0B 63 38 A9 15 D7 5F BE DF 81 2B C1 10 7F 4C 6A 42 60 54 3E 39 21 1F 37 06 A2 9B B5 ED DF 81 15 06 00 00 00 00 00 FF 9F 6E 07 08 40 00 00 30 30 00 FF 81 05 81 D1 50 10 44 65 62 69 74 20 4D 61 73 74 65 72 43 61 72 64 9F 12 10 44 65 62 69 74 20 4D 61 73 74 65 72 43 61 72 64 84 07 A0 00 00 00 04 10 10 9F 11 01 01 9F 6D 02 00 01 56 A1 29 2A 35 31 32 38 2A 2A 2A 2A 2A 2A 2A 2A 38 31 37 31 5E 20 2F 5E 31 38 30 33 36 32 32 2A 2A 2A 2A 2A 2A 2A 2A 2A 2A 2A 2A 2A 56 C1 30 82 59 2D 74 C3 4B 95 86 90 EF 46 F4 85 EB B5 33 30 77 3B DD 04 82 0F 38 69 68 37 49 78 29 73 84 B7 A2 CB 9C C4 03 C5 63 FA BD 82 EA 0F 15 B8 E8  Tag 56 9F 6B A1 13 51 28 CC CC CC CC 81 71 D1 80 36 22 CC CC CC CC CC CC CC 9F 6B C1 20 B8 E5 90 8D A0 60 42 61 F4 5B 46 52 40 93 26 DF E4 F6 C8 47 DD 9C 2F 3C BF 15 77 BF CE B7 10 3E  Tag 9F6B FF EE 01 2C DF 30 01 00 DF 31 C1 10 7D D2 4A 26 04 17 57 C5 C6 14 E7 63 34 36 76 C8 DF 32 C1 10 DF 2F C2 CE 3F 2B C8 61 95 AE 46 DF 56 1D 2B E0 DF EF 4C 06 00 27 00 00 00 00 DF EF 4D 30 AF 40 D2 A6 75 AE 4F CE E1 17 05 BB 59 90 42 C9 86 55 2D 14 80 85 45 B6 A0 CB 14 00 37 67 67 ED B1 2C E2 CA 9D 50 FA DC 4E F4 41 3C 8B 64 BC 37 DF EE 26 01 D3 7F 4A 00 00 00 00 00 00 00 00 00 00 00 00 00 00 00 00 00 00 00 00 00 00 00 00 00 00 00 00 00 00 00 00 00 00 00 00 00 00 00 00 00 00 00 00 00 00 00 00 00 00 00 00 00 00 00 00  

 Erase All Keys...

2018/2/22 15:38:56.550 [TX] - 56 69 56 4F 74 65 63 68 32 00 83 00 00 00 03 22 
2018/2/22 15:38:56.552 [RX] - 56 69 56 4F 74 65 63 68 32 00 83 00 00 00 22 03 00 00 00 00 00 00 00 00 00 00 00 00 00 00 00 00 00 00 00 00 00 00 00 00 00 00 00 00 00 00 00 00 00 00 00 00 00 00 00 00 00 00 00 00 00 00 00  

 Set DUKPT Key Encryption Type...

2018/2/22 15:38:57.060 [TX] - 56 69 56 4F 74 65 63 68 32 00 C7 32 00 01 01 7D DF 
2018/2/22 15:38:57.067 [RX] - 56 69 56 4F 74 65 63 68 32 00 C7 00 00 00 86 6E 00 00 00 00 00 00 00 00 00 00 00 00 00 00 00 00 00 00 00 00 00 00 00 00 00 00 00 00 00 00 00 00 00 00 00 00 00 00 00 00 00 00 00 00 00 00 00  

 Get DUKPT Key Encryption Type...

2018/2/22 15:38:57.575 [TX] - 56 69 56 4F 74 65 63 68 32 00 C7 33 00 00 1A 9B 
2018/2/22 15:38:57.584 [RX] - 56 69 56 4F 74 65 63 68 32 00 C7 00 00 01 01 BC 5E 00 00 00 00 00 00 00 00 00 00 00 00 00 00 00 00 00 00 00 00 00 00 00 00 00 00 00 00 00 00 00 00 00 00 00 00 00 00 00 00 00 00 00 00 00 00  
OK!
 

 Loading DUKPT key...

2018/2/22 15:38:58.102 [TX] - 56 69 56 4F 74 65 63 68 32 00 80 00 00 65 30 39 36 46 31 35 35 37 37 45 39 41 44 41 30 30 38 38 4B 30 54 44 30 30 4E 30 30 30 30 30 30 38 30 45 30 39 46 43 39 35 35 45 36 33 43 32 45 43 43 30 42 34 39 44 42 46 35 31 37 36 36 42 32 41 39 34 34 33 37 32 37 35 39 30 32 33 30 32 32 30 32 32 33 34 39 38 37 31 32 30 32 33 34 30 30 30 30 30 30 30 30 9C 1B 
2018/2/22 15:38:58.112 [RX] - 56 69 56 4F 74 65 63 68 32 00 80 00 00 00 B9 DF 00 00 00 00 00 00 00 00 00 00 00 00 00 00 00 00 00 00 00 00 00 00 00 00 00 00 00 00 00 00 00 00 00 00 00 00 00 00 00 00 00 00 00 00 00 00 00 
2018/2/22 15:38:58.624 [TX] - 56 69 56 4F 74 65 63 68 32 00 80 00 00 65 31 32 45 43 36 30 30 37 37 45 39 41 44 41 30 30 38 38 4B 30 54 44 30 30 4E 30 30 30 30 30 30 38 30 31 44 31 45 36 30 44 36 45 32 46 38 44 31 44 36 32 34 42 44 34 34 36 42 43 39 33 31 34 33 33 41 30 33 33 36 33 31 30 34 35 36 37 38 32 37 37 30 32 33 41 39 39 37 31 32 36 32 33 34 30 30 30 30 30 30 30 30 30 E6 
2018/2/22 15:38:58.634 [RX] - 56 69 56 4F 74 65 63 68 32 00 80 00 00 00 B9 DF 00 00 00 00 00 00 00 00 00 00 00 00 00 00 00 00 00 00 00 00 00 00 00 00 00 00 00 00 00 00 00 00 00 00 00 00 00 00 00 00 00 00 00 00 00 00 00 
2018/2/22 15:38:59.152 [TX] - 56 69 56 4F 74 65 63 68 32 00 80 01 00 58 41 30 30 38 38 4B 30 54 44 30 30 4E 30 30 30 30 46 41 42 44 39 44 34 32 37 34 31 30 42 36 46 41 35 45 44 33 42 37 36 41 44 37 46 41 45 38 45 33 31 36 30 32 31 33 42 46 44 38 31 31 38 32 32 33 38 31 38 41 45 43 46 30 43 44 41 44 42 31 39 41 42 45 39 37 41 41 32 43 B8 FE 
2018/2/22 15:38:59.164 [RX] - 56 69 56 4F 74 65 63 68 32 00 80 00 00 00 B9 DF 00 00 00 00 00 00 00 00 00 00 00 00 00 00 00 00 00 00 00 00 00 00 00 00 00 00 00 00 00 00 00 00 00 00 00 00 00 00 00 00 00 00 00 00 00 00 00 
2018/2/22 15:38:59.675 [TX] - 56 69 56 4F 74 65 63 68 32 00 81 00 00 71 05 41 30 31 31 32 44 30 54 45 30 30 4E 30 31 30 30 4B 53 31 38 36 32 39 39 34 39 30 31 32 43 30 30 30 34 36 30 30 30 30 31 37 39 46 43 30 31 36 44 31 34 46 34 35 42 39 41 33 37 46 37 32 42 44 35 41 35 37 37 41 43 35 33 34 37 36 42 31 35 35 34 32 45 39 42 39 30 46 35 36 32 46 36 37 36 35 30 45 46 35 33 43 34 44 39 45 42 41 36 39 35 39 46 76 88 
2018/2/22 15:38:59.700 [RX] - 56 69 56 4F 74 65 63 68 32 00 81 00 00 00 CF 6B 00 00 00 00 00 00 00 00 00 00 00 00 00 00 00 00 00 00 00 00 00 00 00 00 00 00 00 00 00 00 00 00 00 00 00 00 00 00 00 00 00 00 00 00 00 00 00  
OK!
 

 --- 04-00-----DFEF4B = BF T1+T2+T3+T1 Sentinel+T2 Sentinel+T3 Sentinel+Only First Element Found

2018/2/22 15:39:00.213 [TX] - 56 69 56 4F 74 65 63 68 32 00 04 00 00 07 DF EF 4B 03 BF 00 00 C3 96 
2018/2/22 15:39:00.221 [RX] - 56 69 56 4F 74 65 63 68 32 00 04 00 00 00 AE 16 00 00 00 00 00 00 00 00 00 00 00 00 00 00 00 00 00 00 00 00 00 00 00 00 00 00 00 00 00 00 00 00 00 00 00 00 00 00 00 00 00 00 00 00 00 00 00  

 --- 02-40 Activate Transaction

2018/2/22 15:39:00.774 [TX] - 56 69 56 4F 74 65 63 68 32 00 02 40 00 15 0A 9F 02 06 00 00 00 00 10 00 9A 03 07 11 21 9F 21 03 10 15 20 5E 34 
2018/2/22 15:39:02.136 [RX] - 56 69 56 4F 74 65 63 68 32 00 02 23 02 2E D3 FF EE 12 0A 62 99 49 01 2C 00 04 60 00 01 82 02 19 80 95 05 00 00 00 00 00 9A 03 07 11 21 9C 01 00 5F 2A 02 08 40 5F 2D 02 65 6E 9F 02 06 00 00 00 00 10 00 9F 03 06 00 00 00 00 00 00 9F 06 07 A0 00 00 00 04 10 10 9F 09 02 00 02 9F 1A 02 08 40 9F 1E 08 30 30 30 30 30 30 30 30 9F 21 03 10 15 20 9F 33 03 00 00 E8 9F 34 03 00 00 00 9F 35 01 22 9F 36 02 23 33 9F 37 04 5E 13 BF 4F 9F 39 01 91 9F 53 01 00 DF 81 29 08 30 F0 F0 00 30 F0 FF 00 FF 81 06 4E DF 81 2A C1 20 DC 21 E6 8D 9A 89 C1 3C 86 5C C9 2D A3 25 30 D9 0B 2C 6A 94 6C 3C D1 0F 0B 63 38 A9 15 D7 5F BE DF 81 2B C1 10 7F 4C 6A 42 60 54 3E 39 21 1F 37 06 A2 9B B5 ED DF 81 15 06 00 00 00 00 00 FF 9F 6E 07 08 40 00 00 30 30 00 FF 81 05 81 D1 50 10 44 65 62 69 74 20 4D 61 73 74 65 72 43 61 72 64 9F 12 10 44 65 62 69 74 20 4D 61 73 74 65 72 43 61 72 64 84 07 A0 00 00 00 04 10 10 9F 11 01 01 9F 6D 02 00 01 56 A1 29 2A 35 31 32 38 2A 2A 2A 2A 2A 2A 2A 2A 38 31 37 31 5E 20 2F 5E 31 38 30 33 36 32 32 2A 2A 2A 2A 2A 2A 2A 2A 2A 2A 2A 2A 2A 56 C1 30 82 59 2D 74 C3 4B 95 86 90 EF 46 F4 85 EB B5 33 30 77 3B DD 04 82 0F 38 69 68 37 49 78 29 73 84 B5 6D DA 50 F8 6C 78 78 EB 51 59 E8 AC 99 60 A8  Tag 56 9F 6B A1 13 51 28 CC CC CC CC 81 71 D1 80 36 22 CC CC CC CC CC CC CC 9F 6B C1 20 B8 E5 90 8D A0 60 42 61 F4 5B 46 52 40 93 26 DF C6 07 48 F9 C0 C1 5D F6 3F 63 74 70 2A DB 00 E3  Tag 9F6B FF EE 01 2C DF 30 01 00 DF 31 C1 10 7D D2 4A 26 04 17 57 C5 C6 14 E7 63 34 36 76 C8 DF 32 C1 10 DF 2F C2 CE 3F 2B C8 61 95 AE 46 DF 56 1D 2B E0 DF EF 4C 06 00 27 00 00 00 00 DF EF 4D 30 AF 40 D2 A6 75 AE 4F CE E1 17 05 BB 59 90 42 C9 B4 2A DA F7 B3 0E C5 F0 19 4A 5B F8 80 F5 BF 90 BA CD 1A 80 9C 58 4C 43 AF D1 37 2E EB 6A 20 57 DF EE 26 01 D3 0F A7 00 00 00 00 00 00 00 00 00 00 00 00 00 00 00 00 00 00 00 00 00 00 00 00 00 00 00 00 00 00 00 00 00 00 00 00 00 00 00 00 00 00 00 00 00 00 00 00 00 00 00 00 00 00 00 00  
---------- END OF TEST ----------

 Result = PASSED
 

 MASTER RESULT = PASSED


Docklight Log File (HEX) - Stopped 2018/2/22 15:39:02.764 

