Docklight Log File (HEX) - Started 2022/9/6 07:48:45.917 
 TEST CASE: test

 --- Set POS COM PORT Settings
 Set POS COM PORT...
 POS operating on COM90 @ 115200 baud...
 Set POS COM PORT - COMPLETE

 
cycle: 1
 

 --- 60-10 Contact Start Transaction

2022/9/6 07:48:47.040 [TX] - 56 69 56 4F 74 65 63 68 32 00 60 10 00 23 01 00 78 00 78 9C 01 00 5F 57 01 00 9F 02 06 00 00 00 00 02 00 9F 03 06 00 00 00 00 00 00 5F 2A 02 08 40 8F F0 
2022/9/6 07:48:47.103 [RX] - 56 69 56 4F 74 65 63 68 32 00 60 63 00 00 FF 0E 00 00 00 00 00 00 00 00 00 00 00 00 00 00 00 00 00 00 00 00 00 00 00 00 00 00 00 00 00 00 00 00 00 00 00 00 00 00 00 00 00 00 00 00 00 00 00 56 69 56 4F 74 65 63 68 32 00 61 01 00 10 03 00 00 02 00 45 4E 03 00 82 11 1C 02 00 FF FF C2 6D 00 00 00 00 00 00 00 00 00 00 00 00 00 00 00 00 00 00 00 00 00 00 00 00 00 00 00 00 00 00 00 56 69 56 4F 74 65 63 68 32 00 61 01 00 10 03 00 00 02 00 45 4E 03 00 82 11 1C 02 00 FF FF C2 6D 00 00 00 00 00 00 00 00 00 00 00 00 00 00 00 00 00 00 00 00 00 00 00 00 00 00 00 00 00 00 00 56 69 56 4F 74 65 63 68 32 00 61 01 00 10 03 00 00 02 00 45 4E 03 00 82 1A 1C 02 00 FF FF 60 AE 00 00 00 00 00 00 00 00 00 00 00 00 00 00 00 00 00 00 00 00 00 00 00 00 00 00 00 00 00 00 00 56 69 56 4F 74 65 63 68 32 00 61 01 00 10 03 00 00 02 00 45 53 03 00 82 1A 1C 02 00 FF FF CD B2 00 00 00 00 00 00 00 00 00 00 00 00 00 00 00 00 00 00 00 00 00 00 00 00 00 00 00 00 00 00 00 56 69 56 4F 74 65 63 68 32 00 61 01 00 10 03 00 00 02 00 45 53 03 00 82 1A 1C 02 00 FF FF CD B2 00 00 00 00 00 00 00 00 00 00 00 00 00 00 00 00 00 00 00 00 00 00 00 00 00 00 00 00 00 00 00 56 69 56 4F 74 65 63 68 32 00 60 00 00 D5 E0 DF EE 26 02 E0 00 DF EE 12 0A FF FF FF 02 00 0D 7B 40 0D AB DF EE 25 02 00 10 57 A1 11 47 61 CC CC CC CC 00 10 D2 01 2C CC CC CC CC CC CC 57 C1 18 34 6F F9 79 C6 C9 60 BD 61 9C 09 1F 18 3E 3D 13 11 D0 5F E1 AE 58 48 BB 5A A1 08 47 61 CC CC CC CC 00 10 5A C1 10 C9 B8 C5 BC 07 35 3E B8 5C 79 0E 44 E8 1C 44 E5 5F 34 01 01 5F 20 0F 46 55 4C 4C 20 46 55 4E 43 54 49 4F 4E 41 4C 5F 24 03 20 12 31 9F 1E 08 54 65 72 6D 69 6E 61 6C 9F 20 00 5F 25 03 95 07 01 5F 2D 08 65 73 65 6E 66 72 64 65 50 0A 56 49 53 41 43 52 45 44 49 54 4F 07 A0 00 00 00 03 10 10 84 07 A0 00 00 00 03 10 10 DF EE 23 00 9F 39 01 05 9F 53 00 FF EE 01 05 DF EE 30 01 01 DF 39 00 00 00 00 00 00 00 00 00 00 00 00 00 00 00 00 00 00 00 00 00 00 00  

 --- 60-11 Contact Authenticate Transaction

2022/9/6 07:48:52.781 [TX] - 56 69 56 4F 74 65 63 68 32 00 60 11 00 03 00 00 78 46 F3 
2022/9/6 07:48:52.803 [RX] - 56 69 56 4F 74 65 63 68 32 00 60 63 00 00 FF 0E 00 00 00 00 00 00 00 00 00 00 00 00 00 00 00 00 00 00 00 00 00 00 00 00 00 00 00 00 00 00 00 00 00 00 00 00 00 00 00 00 00 00 00 00 00 00 00 56 69 56 4F 74 65 63 68 32 00 61 01 00 10 03 00 00 02 00 45 53 03 00 82 1A 1C 02 00 FF FF CD B2 00 00 00 00 00 00 00 00 00 00 00 00 00 00 00 00 00 00 00 00 00 00 00 00 00 00 00 00 00 00 00 56 69 56 4F 74 65 63 68 32 00 61 01 00 10 03 00 00 02 00 45 53 03 00 82 15 1C 02 00 FF FF CE 77 00 00 00 00 00 00 00 00 00 00 00 00 00 00 00 00 00 00 00 00 00 00 00 00 00 00 00 00 00 00 00 56 69 56 4F 74 65 63 68 32 00 60 00 01 C8 E0 DF EE 26 02 E0 00 DF EE 12 0A FF FF FF 02 00 0D 7B 40 0D AB DF EE 25 02 00 04 4F 07 A0 00 00 00 03 10 10 5A A1 08 47 61 CC CC CC CC 00 10 5A C1 10 C9 B8 C5 BC 07 35 3E B8 5C 79 0E 44 E8 1C 44 E5 50 0A 56 49 53 41 43 52 45 44 49 54 57 A1 11 47 61 CC CC CC CC 00 10 D2 01 2C CC CC CC CC CC CC 57 C1 18 34 6F F9 79 C6 C9 60 BD 61 9C 09 1F 18 3E 3D 13 11 D0 5F E1 AE 58 48 BB 82 02 5C 00 84 07 A0 00 00 00 03 10 10 8E 0C 00 00 00 00 00 00 00 00 5F 03 00 00 95 05 42 C0 00 80 00 9A 03 22 09 05 9B 02 C8 00 9C 01 00 99 00 5F 20 0F 46 55 4C 4C 20 46 55 4E 43 54 49 4F 4E 41 4C 5F 24 03 20 12 31 5F 25 03 95 07 01 5F 28 02 08 40 5F 2A 02 08 40 5F 2D 08 65 73 65 6E 66 72 64 65 5F 34 01 01 9F 02 06 00 00 00 00 02 00 9F 03 06 00 00 00 00 00 00 9F 07 02 FF C0 9F 08 02 00 8C 9F 09 02 00 96 9F 0B 00 9F 0D 05 00 00 00 00 00 9F 0E 05 00 00 00 00 00 9F 0F 05 00 00 00 00 00 9F 10 07 06 01 1A 03 90 00 00 9F 11 01 01 9F 12 0D 43 52 45 44 49 54 4F 44 45 56 49 53 41 9F 13 00 9F 15 02 12 34 9F 16 0F 30 30 30 30 30 30 30 30 30 30 30 30 30 30 30 9F 1A 02 08 40 9F 1C 08 38 37 36 35 34 33 32 31 9F 1E 08 54 65 72 6D 69 6E 61 6C 9F 20 00 9F 21 03 23 48 07 9F 24 00 9F 26 08 16 32 53 FB 79 DF 9B 88 9F 27 01 80 9F 33 03 60 08 C8 9F 34 03 5F 03 02 9F 35 01 25 9F 36 02 00 01 9F 37 04 D0 BB 1F EA 9F 53 00 DF 21 00 DF EE 23 00 9F 39 01 05 DF EE 51 00 9F 5B 00 FF EE 01 05 DF EE 30 01 01 24 39 00 00 00 00 00 00 00 00 00 00 00 00 00 00 00 00 00 00 00 00 00 00 00 00 00 00 00 00 00 00 00 00  

 --- 60-12 Contact Apply Host Response

2022/9/6 07:48:54.520 [TX] - 56 69 56 4F 74 65 63 68 32 00 60 12 00 11 01 8A 02 30 30 91 0A 11 22 33 44 55 66 77 88 30 30 1C F3 
2022/9/6 07:48:54.539 [RX] - 56 69 56 4F 74 65 63 68 32 00 60 63 00 00 FF 0E 00 00 00 00 00 00 00 00 00 00 00 00 00 00 00 00 00 00 00 00 00 00 00 00 00 00 00 00 00 00 00 00 00 00 00 00 00 00 00 00 00 00 00 00 00 00 00 56 69 56 4F 74 65 63 68 32 00 61 01 00 10 03 00 00 02 00 45 53 03 00 82 03 1C 02 00 FF FF AB E0 00 00 00 00 00 00 00 00 00 00 00 00 00 00 00 00 00 00 00 00 00 00 00 00 00 00 00 00 00 00 00 56 69 56 4F 74 65 63 68 32 00 60 00 00 75 E0 DF EE 26 02 E0 00 DF EE 25 02 00 02 8A 02 30 30 9F 10 07 06 01 1A 03 60 00 00 9F 26 08 88 2D 84 27 A2 68 E2 14 9F 27 01 40 9F 36 02 00 01 9F 37 04 D0 BB 1F EA 9F 02 06 00 00 00 00 02 00 9F 13 00 95 05 42 C0 00 80 00 9B 02 F8 00 9F 03 06 00 00 00 00 00 00 9F 34 03 5F 03 02 DF EE 51 00 99 00 DF 21 00 9F 39 01 05 9F 53 00 FF EE 01 05 DF EE 30 01 01 0D 95 00 00 00 00 00 00 00 00 00 00 00 00 00 00 00 00 00 00 00 00 00 00 00 00 00 00 00 00 00 00 00 00 00 00 00 00 00 00 00 00 00 00 00 00 00 00 00 00 00 00 00 00 00 00 00 00 56 69 56 4F 74 65 63 68 32 00 61 01 00 10 03 00 00 02 00 45 4E 03 00 82 23 1C 02 00 FF FF 0E C9 00 00 00 00 00 00 00 00 00 00 00 00 00 00 00 00 00 00 00 00 00 00 00 00 00 00 00 00 00 00 00  
cycle: 2
 

 --- 60-10 Contact Start Transaction

2022/9/6 07:48:56.087 [TX] - 56 69 56 4F 74 65 63 68 32 00 60 10 00 23 01 00 78 00 78 9C 01 00 5F 57 01 00 9F 02 06 00 00 00 00 02 00 9F 03 06 00 00 00 00 00 00 5F 2A 02 08 40 8F F0 
2022/9/6 07:48:56.141 [RX] - 56 69 56 4F 74 65 63 68 32 00 60 63 00 00 FF 0E 00 00 00 00 00 00 00 00 00 00 00 00 00 00 00 00 00 00 00 00 00 00 00 00 00 00 00 00 00 00 00 00 00 00 00 00 00 00 00 00 00 00 00 00 00 00 00 56 69 56 4F 74 65 63 68 32 00 61 01 00 10 03 00 00 02 00 45 4E 03 00 82 11 1C 02 00 FF FF C2 6D 00 00 00 00 00 00 00 00 00 00 00 00 00 00 00 00 00 00 00 00 00 00 00 00 00 00 00 00 00 00 00 56 69 56 4F 74 65 63 68 32 00 61 01 00 10 03 00 00 02 00 45 4E 03 00 82 11 1C 02 00 FF FF C2 6D 00 00 00 00 00 00 00 00 00 00 00 00 00 00 00 00 00 00 00 00 00 00 00 00 00 00 00 00 00 00 00 56 69 56 4F 74 65 63 68 32 00 61 01 00 10 03 00 00 02 00 45 4E 03 00 82 1A 1C 02 00 FF FF 60 AE 00 00 00 00 00 00 00 00 00 00 00 00 00 00 00 00 00 00 00 00 00 00 00 00 00 00 00 00 00 00 00 56 69 56 4F 74 65 63 68 32 00 61 01 00 10 03 00 00 02 00 45 53 03 00 82 1A 1C 02 00 FF FF CD B2 00 00 00 00 00 00 00 00 00 00 00 00 00 00 00 00 00 00 00 00 00 00 00 00 00 00 00 00 00 00 00 56 69 56 4F 74 65 63 68 32 00 61 01 00 10 03 00 00 02 00 45 53 03 00 82 1A 1C 02 00 FF FF CD B2 00 00 00 00 00 00 00 00 00 00 00 00 00 00 00 00 00 00 00 00 00 00 00 00 00 00 00 00 00 00 00 56 69 56 4F 74 65 63 68 32 00 60 00 00 D5 E0 DF EE 26 02 E0 00 DF EE 12 0A FF FF FF 02 00 0D 7B 40 0D AC DF EE 25 02 00 10 57 A1 11 47 61 CC CC CC CC 00 10 D2 01 2C CC CC CC CC CC CC 57 C1 18 A5 01 7C BA 75 EE 27 88 A0 02 64 8E ED E3 18 0F 47 EA E8 FA 95 37 56 BE 5A A1 08 47 61 CC CC CC CC 00 10 5A C1 10 73 76 3F C0 CF 29 34 98 4C 16 A7 28 E5 CB 1E A2 5F 34 01 01 5F 20 0F 46 55 4C 4C 20 46 55 4E 43 54 49 4F 4E 41 4C 5F 24 03 20 12 31 9F 1E 08 54 65 72 6D 69 6E 61 6C 9F 20 00 5F 25 03 95 07 01 5F 2D 08 65 73 65 6E 66 72 64 65 50 0A 56 49 53 41 43 52 45 44 49 54 4F 07 A0 00 00 00 03 10 10 84 07 A0 00 00 00 03 10 10 DF EE 23 00 9F 39 01 05 9F 53 00 FF EE 01 05 DF EE 30 01 01 B4 83 00 00 00 00 00 00 00 00 00 00 00 00 00 00 00 00 00 00 00 00 00 00 00 

Docklight Log File (HEX) - Stopped 2022/9/6 07:49:01.057 

