Docklight Log File (HEX) - Started 2026/7/7 15:38:51.081 
 TEST CASE: AC004

 --- Set POS COM PORT Settings
 Set POS COM PORT...
 POS operating on COM90 @ 115200 baud...
 Set POS COM PORT - COMPLETE

 --- Burst mode OFF *** NEO2

2026/7/7 15:38:53.261 [TX] - 56 69 56 4F 74 65 63 68 32 00 04 00 00 05 DF EE 7E 01 00 60 1E 
2026/7/7 15:38:53.325 [RX] - 56 69 56 4F 74 65 63 68 32 00 04 00 00 00 AE 16 00 00 00 00 00 00 00 00 00 00 00 00 00 00 00 00 00 00 00 00 00 00 00 00 00 00 00 00 00 00 00 00 00 00 00 00 00 00 00 00 00 00 00 00 00 00 00  

 --- Poll on Demand

2026/7/7 15:38:53.960 [TX] - 56 69 56 4F 74 65 63 68 32 00 01 01 00 01 01 D7 34 
2026/7/7 15:38:53.971 [RX] - 56 69 56 4F 74 65 63 68 32 00 01 00 00 00 12 53 00 00 00 00 00 00 00 00 00 00 00 00 00 00 00 00 00 00 00 00 00 00 00 00 00 00 00 00 00 00 00 00 00 00 00 00 00 00 00 00 00 00 00 00 00 00 00  

 --- cfg mstripe (FFFC=1) grp1

2026/7/7 15:38:54.509 [TX] - 56 69 56 4F 74 65 63 68 32 00 04 03 01 02 DF EE 2D 01 80 9F 01 00 9F 1A 02 08 40 9F 1C 00 9F 1D 08 6C FF 00 00 00 00 00 00 5F 57 00 DF 60 00 DF 62 00 DF 63 00 DF 81 08 00 DF 81 09 00 DF 81 0A 00 DF 81 0D 00 DF 81 17 01 00 DF 81 18 01 60 DF 81 19 01 08 DF 81 1A 03 9F 6A 04 DF 81 1C 02 00 00 DF 81 1D 01 00 DF 81 1E 01 10 DF 81 1F 01 08 DF 81 20 05 00 00 00 00 00 DF 81 22 05 00 00 00 00 00 DF 81 21 05 00 00 00 00 00 DF 81 23 06 00 00 00 01 00 00 DF 81 24 06 00 00 00 03 00 00 DF 81 25 06 00 00 00 05 00 00 DF 81 26 06 00 00 00 00 10 00 DF 81 2C 01 00 9F 09 02 00 02 9F 15 02 11 11 9F 16 00 9F 1E 08 30 30 30 30 30 30 30 30 9F 33 00 9F 35 01 22 9F 40 05 00 00 00 00 00 9F 4E 00 9F 6D 02 00 01 9F 7E 00 DF EE 0F 01 01 DF EE 37 01 03 DF EE 38 01 00 DF 81 1B 01 40 DF EF 46 02 9F 02 DF EF 4F 02 9F 02 DF EF 4E 02 9F 02 1B BA 
2026/7/7 15:38:54.623 [RX] - 56 69 56 4F 74 65 63 68 32 00 04 00 00 00 AE 16 00 00 00 00 00 00 00 00 00 00 00 00 00 00 00 00 00 00 00 00 00 00 00 00 00 00 00 00 00 00 00 00 00 00 00 00 00 00 00 00 00 00 00 00 00 00 00  

 --- cfg mc aid grp1 (payment)

2026/7/7 15:38:55.269 [TX] - 56 69 56 4F 74 65 63 68 32 00 04 02 00 2A DF EE 2D 01 80 9F 06 07 A0 00 00 00 04 10 10 DF EE 4B 01 01 DF EE 2E 01 10 DF EE 54 03 02 00 80 DF EE 59 01 02 DF EE 4D 01 40 BE B3 
2026/7/7 15:38:55.323 [RX] - 56 69 56 4F 74 65 63 68 32 00 04 00 00 00 AE 16 00 00 00 00 00 00 00 00 00 00 00 00 00 00 00 00 00 00 00 00 00 00 00 00 00 00 00 00 00 00 00 00 00 00 00 00 00 00 00 00 00 00 00 00 00 00 00  

 --- Activate Transaction

2026/7/7 15:38:56.211 [TX] - 56 69 56 4F 74 65 63 68 32 00 02 01 00 22 0A 9F 02 06 00 00 00 00 01 55 5F 2A 02 08 40 9A 03 08 02 11 9F 21 03 13 13 58 9F 1A 02 08 40 9C 01 00 28 E3 
2026/7/7 15:38:59.678 [RX] - 56 69 56 4F 74 65 63 68 32 00 02 23 01 B3 31 DF EE 26 02 31 00 DF 81 16 0D 1E 04 00 00 00 00 00 00 00 00 00 00 00 DF 81 29 08 30 F0 F0 00 30 F0 FF 00 FF 81 06 31 DF 81 2A 18 30 30 30 31 30 30 30 30 30 31 30 30 31 31 31 31 31 31 31 31 31 31 31 32 DF 81 2B 07 00 01 00 00 01 00 2F DF 81 15 06 00 00 00 00 00 FF FF 81 05 82 01 1E 4F 07 A0 00 00 00 04 10 10 50 0A 4D 61 73 74 65 72 43 61 72 64 56 3E 42 35 32 35 36 38 33 32 30 33 30 30 30 30 30 30 30 5E 53 75 70 70 6C 69 65 64 2F 4E 6F 74 5E 31 32 31 32 35 30 32 35 37 38 31 30 30 37 37 32 31 39 33 31 31 31 31 31 31 31 31 31 31 31 32 82 02 00 00 84 07 A0 00 00 00 04 10 10 95 05 00 00 00 00 00 9A 03 08 02 11 9B 02 00 00 9C 01 00 5F 2A 02 08 40 9F 01 00 9F 02 06 00 00 00 00 01 55 9F 06 07 A0 00 00 00 04 10 10 9F 09 02 00 02 9F 15 02 11 11 9F 16 00 9F 1A 02 08 40 9F 1C 00 9F 1D 08 6C FF 00 00 00 00 00 00 9F 1E 08 56 50 36 33 32 38 30 31 9F 21 03 13 13 58 9F 2A 01 02 9F 33 03 00 00 08 9F 34 03 00 00 00 9F 35 01 22 9F 36 02 03 04 9F 37 04 7E 87 D3 58 9F 39 01 91 9F 40 05 00 00 00 00 00 9F 41 04 00 00 00 35 9F 4E 00 9F 66 02 01 F6 9F 6A 04 00 00 00 93 9F 6B 13 52 56 83 20 30 00 00 00 D1 21 25 02 78 31 00 77 21 93 2F 9F 6D 02 00 01 DF 81 0C 01 02 96 08 02 00 00 00 00 00 00 00 DF EE 4C 01 03 DF EC 1C 1E 08 03 00 03 FF 00 1E 04 00 00 00 00 81 29 08 30 F0 F0 00 30 00 00 00 00 00 00 00 00 FF 00 12 D7 00 00 00 00 00 00 00 00 00 00 00 00 00 00 00 00 00 00 00 00 00 00 00 00 00 00 00 00 00 00 00 00 00 00 00 00 00 00 00 00 00 00 00 00 00 00 00 00 00 00 00 00 00  
Card data => Incorrect!
 
Tag DF30 => Incorrect!
 

 ---------- END OF TEST ----------

 Result = FAILED


Docklight Log File (HEX) - Stopped 2026/7/7 15:39:08.402 

