Docklight Log File (HEX) - Started 2024/5/16 13:50:39.257 
 TEST CASE: ECT03-3

 --- Set POS COM PORT Settings
 Set POS COM PORT...
 POS operating on com90 @ 115200 baud...
 Set POS COM PORT - COMPLETE

 Erase All Keys...

2024/5/16 13:50:40.578 [TX] - 56 69 56 4F 74 65 63 68 32 00 83 00 00 00 03 22 
2024/5/16 13:50:40.585 [RX] - 56 69 56 4F 74 65 63 68 32 00 29 00 00 18 56 69 56 4F 74 65 63 68 32 00 83 00 00 00 22 03 00 00 00 00 00 00 00 00 00 00 00 00 00 00 00 00 00 00 00 00 00 00 00 00 00 00 00 00 00 00 00 00 00 00 00 00 00 00 00 00 00 00 00 00 00 00 00  

 Set DUKPT Key Encryption Type...

2024/5/16 13:50:41.122 [TX] - 56 69 56 4F 74 65 63 68 32 00 C7 32 00 01 00 6D FE 
2024/5/16 13:50:41.132 [RX] - 56 69 56 4F 74 65 63 68 32 00 C7 00 00 00 86 6E 00 00 00 00 00 00 00 00 00 00 00 00 00 00 00 00 00 00 00 00 00 00 00 00 00 00 00 00 00 00 00 00 00 00 00 00 00 00 00 00 00 00 00 00 00 00 00  

 Get DUKPT Key Encryption Type...

2024/5/16 13:50:41.657 [TX] - 56 69 56 4F 74 65 63 68 32 00 C7 33 00 00 1A 9B 
2024/5/16 13:50:41.667 [RX] - 56 69 56 4F 74 65 63 68 32 00 C7 00 00 01 00 AC 7F 00 00 00 00 00 00 00 00 00 00 00 00 00 00 00 00 00 00 00 00 00 00 00 00 00 00 00 00 00 00 00 00 00 00 00 00 00 00 00 00 00 00 00 00 00 00  
OK!
 

 Loading DUKPT key...

2024/5/16 13:50:42.198 [TX] - 56 69 56 4F 74 65 63 68 32 00 80 00 00 65 30 43 46 35 35 34 43 32 46 30 45 45 41 41 30 30 38 38 4B 30 54 44 30 30 4E 30 30 30 30 30 30 38 30 32 41 38 34 46 44 44 36 33 39 31 35 44 43 41 45 42 46 38 37 37 35 34 33 32 32 44 32 36 37 42 41 33 34 34 31 38 33 41 42 39 41 32 35 36 37 39 30 32 33 34 39 38 37 31 32 30 32 33 34 30 30 30 30 30 30 30 30 C2 98 
2024/5/16 13:50:42.209 [RX] - 56 69 56 4F 74 65 63 68 32 00 80 00 00 00 B9 DF 00 00 00 00 00 00 00 00 00 00 00 00 00 00 00 00 00 00 00 00 00 00 00 00 00 00 00 00 00 00 00 00 00 00 00 00 00 00 00 00 00 00 00 00 00 00 00 
2024/5/16 13:50:42.726 [TX] - 56 69 56 4F 74 65 63 68 32 00 80 00 00 65 31 35 43 44 42 38 31 32 46 30 45 45 41 41 30 30 38 38 4B 30 54 44 30 30 4E 30 30 30 30 30 30 38 30 39 32 36 39 41 34 33 36 39 42 36 43 37 45 33 42 35 36 37 32 39 38 33 41 36 36 32 46 36 31 30 33 32 35 37 32 39 32 33 36 33 37 38 33 30 33 33 36 32 33 41 39 39 37 31 32 36 32 33 34 30 30 30 30 30 30 30 30 AA E9 
2024/5/16 13:50:42.741 [RX] - 56 69 56 4F 74 65 63 68 32 00 80 00 00 00 B9 DF 00 00 00 00 00 00 00 00 00 00 00 00 00 00 00 00 00 00 00 00 00 00 00 00 00 00 00 00 00 00 00 00 00 00 00 00 00 00 00 00 00 00 00 00 00 00 00 
2024/5/16 13:50:43.264 [TX] - 56 69 56 4F 74 65 63 68 32 00 80 01 00 58 41 30 30 38 38 4B 30 54 44 30 30 4E 30 30 30 30 42 39 34 38 46 37 42 33 34 43 41 44 37 32 36 42 41 37 37 43 39 43 34 41 38 30 37 37 39 42 42 38 36 42 42 43 33 37 34 30 31 31 42 42 45 33 39 45 30 36 46 34 46 36 41 37 44 44 36 46 37 32 30 45 37 31 33 44 45 39 34 41 A0 6B 
2024/5/16 13:50:43.278 [RX] - 56 69 56 4F 74 65 63 68 32 00 80 00 00 00 B9 DF 00 00 00 00 00 00 00 00 00 00 00 00 00 00 00 00 00 00 00 00 00 00 00 00 00 00 00 00 00 00 00 00 00 00 00 00 00 00 00 00 00 00 00 00 00 00 00 
2024/5/16 13:50:43.803 [TX] - 56 69 56 4F 74 65 63 68 32 00 81 00 00 71 05 41 30 31 31 32 44 30 54 45 30 30 4E 30 31 30 30 4B 53 31 38 46 46 46 46 39 38 37 36 35 34 33 32 31 30 45 30 30 30 30 30 37 43 45 37 34 45 39 30 30 35 33 43 41 38 45 45 42 43 33 37 42 35 37 30 36 38 31 45 35 42 32 37 36 31 34 38 43 33 45 37 34 34 41 42 43 44 36 44 34 43 35 33 36 43 37 46 34 46 36 37 44 37 46 32 32 44 33 39 34 45 44 42 A8 31 
2024/5/16 13:50:43.829 [RX] - 56 69 56 4F 74 65 63 68 32 00 81 00 00 00 CF 6B 00 00 00 00 00 00 00 00 00 00 00 00 00 00 00 00 00 00 00 00 00 00 00 00 00 00 00 00 00 00 00 00 00 00 00 00 00 00 00 00 00 00 00 00 00 00 00  
OK!
 

 --- Data Encryption: Enable

2024/5/16 13:50:44.372 [TX] - 56 69 56 4F 74 65 63 68 32 00 C7 36 00 01 03 97 6C 
2024/5/16 13:50:44.388 [RX] - 56 69 56 4F 74 65 63 68 32 00 C7 00 00 00 86 6E 00 00 00 00 00 00 00 00 00 00 00 00 00 00 00 00 00 00 00 00 00 00 00 00 00 00 00 00 00 00 00 00 00 00 00 00 00 00 00 00 00 00 00 00 00 00 00  

 --- Poll on Demand

2024/5/16 13:50:44.412 [TX] - 56 69 56 4F 74 65 63 68 32 00 01 01 00 01 01 D7 34 
2024/5/16 13:50:44.420 [RX] - 56 69 56 4F 74 65 63 68 32 00 01 00 00 00 12 53 00 00 00 00 00 00 00 00 00 00 00 00 00 00 00 00 00 00 00 00 00 00 00 00 00 00 00 00 00 00 00 00 00 00 00 00 00 00 00 00 00 00 00 00 00 00 00  

 --- Burst mode Off

2024/5/16 13:50:44.952 [TX] - 56 69 56 4F 74 65 63 68 32 00 04 00 00 04 FF F7 01 00 B9 2E 
2024/5/16 13:50:44.957 [RX] - 56 69 56 4F 74 65 63 68 32 00 04 00 00 00 AE 16 00 00 00 00 00 00 00 00 00 00 00 00 00 00 00 00 00 00 00 00 00 00 00 00 00 00 00 00 00 00 00 00 00 00 00 00 00 00 00 00 00 00 00 00 00 00 00  

 --- 02-40 Activate Transaction

2024/5/16 13:50:46.201 [TX] - 56 69 56 4F 74 65 63 68 32 00 02 40 00 15 0A 9F 02 06 00 00 00 00 10 00 9A 03 07 11 21 9F 21 03 10 15 20 5E 34 
2024/5/16 13:50:47.505 [RX] - 56 69 56 4F 74 65 63 68 32 00 02 23 01 DE D1 FF EE 12 0A FF FF 98 76 54 32 10 E0 00 01 9A 03 07 11 21 9F 21 03 10 15 20 9F 37 04 90 E5 41 9D 9F 6A 04 00 00 00 97 9C 01 00 9F 39 01 91 FF EE 01 04 DF 30 01 00 9F 1E 08 36 54 31 32 33 34 35 36 DF 81 16 16 1E 04 00 00 00 00 00 00 00 00 00 00 00 00 00 00 00 00 00 00 00 00 DF 81 29 08 30 F0 F0 00 30 F0 FF 00 FF 81 06 44 DF 81 15 06 00 00 00 00 00 FF DF 81 2A C1 20 74 FA D4 2F FD FA 0B 09 06 35 D5 E2 50 F1 6B 95 62 07 81 7D 03 EC BA AC 82 F0 05 C0 70 28 6F 1F DF 81 2B C1 10 FB 84 49 F3 E0 AC C3 71 91 3B 70 1B 66 23 2A 8B FF 81 05 81 DA 9F 02 06 00 00 00 00 10 00 9F 6D 02 00 01 50 0A 4D 61 73 74 65 72 43 61 72 64 84 07 A0 00 00 00 04 10 10 56 A1 3E 2A 35 32 35 36 2A 2A 2A 2A 2A 2A 2A 2A 30 30 30 30 5E 53 75 70 70 6C 69 65 64 2F 4E 6F 74 5E 31 32 31 32 35 30 32 2A 2A 2A 2A 2A 2A 2A 2A 2A 2A 2A 2A 2A 2A 2A 2A 2A 2A 2A 2A 2A 2A 2A 2A 56 C1 40 AC C6 CE C2 22 76 C8 49 7A 09 54 B2 8D 35 1A 52 D3 B4 82 59 4D 74 C0 6A 82 7C 09 F6 8E 3E 71 C6 BF ED 5B 45 92 BE 01 99 6A 47 1D 7E 62 E3 52 C1 B2 3B 94 BC F9 BA 41 0D 38 8D 4C 30 7F DA 61 0D  Tag 56 9F 6B A1 13 52 56 CC CC CC CC 00 00 D1 21 25 02 CC CC CC CC CC CC CC 9F 6B C1 18 1F 91 6A 1B 85 CD D0 95 5E 17 32 D4 25 21 85 95 22 67 0C B1 2C 3A BB 72  Tag 9F6B DF EC 21 10 F0 E4 6C 39 59 B4 4C 60 A9 9E E4 81 17 24 5E 8D DF EF 4C 06 00 27 00 00 00 00 DF EF 4D 28 D9 44 26 F1 4D 5E A1 C9 11 32 57 B6 04 C6 F0 4F B0 EB 89 A9 C5 1F E8 E5 3D 04 6F A6 41 C3 D9 3F FB 17 89 52 DC 6A 33 5D DF EE 26 01 D1 7F 30 00 00 00 00 00 00 00 00 00 00  
---------- END OF TEST ----------

 Result = PASSED
 

 MASTER RESULT = PASSED


Docklight Log File (HEX) - Stopped 2024/5/16 13:50:52.173 

