Docklight Log File (HEX) - Started 2026/5/18 13:37:09.523 
 TEST CASE: USAT016-2

 --- Set POS COM PORT Settings
 Set POS COM PORT...
 POS operating on COM90 @ 9600 baud...
 Set POS COM PORT - COMPLETE


2026/5/18 13:37:17.365 [TX] - 56 69 56 4F 74 65 63 68 32 00 04 0A 00 00 D7 69 
2026/5/18 13:37:19.013 [RX] - 56 69 56 4F 74 65 63 68 32 00 04 00 00 00 AE 16 00 00 00 00 00 00 00 00 00 00 00 00 00 00 00 00 00 00 00 00 00 00 00 00 00 00 00 00 00 00 00 00 00 00 00 00 00 00 00 00 00 00 00 00 00 00 00 56 69 56 4F 74 65 63 68 32 00 61 01 00 10 03 00 00 02 00 45 4E 03 00 82 23 1C 02 00 00 20 63 F0 00 00 00 00 00 00 00 00 00 00 00 00 00 00 00 00 00 00 00 00 00 00 00 00 00 00 00 00 00 00 00  

 --- Set Merchant 4 - pass.com.apple.wallet.dev_Panera

2026/5/18 13:37:34.999 [TX] - 56 69 56 4F 74 65 63 68 32 00 04 11 00 63 04 01 06 41 3B 95 7A 52 59 98 3B 60 8C FC 89 CF B1 DA B9 0C E7 05 AD 8E FF 78 E9 DE 12 2C CF 8D 2C BF 00 00 00 00 00 00 00 00 00 00 00 00 00 00 00 00 00 00 00 00 00 00 00 00 00 00 00 00 00 00 00 00 00 00 00 00 00 00 00 00 00 00 00 00 00 00 00 00 00 00 00 00 00 00 00 00 00 00 00 00 00 00 00 00 00 E7 6F 
2026/5/18 13:37:35.060 [RX] - 56 69 56 4F 74 65 63 68 32 00 04 00 00 00 AE 16 00 00 00 00 00 00 00 00 00 00 00 00 00 00 00 00 00 00 00 00 00 00 00 00 00 00 00 00 00 00 00 00 00 00 00 00 00 00 00 00 00 00 00 00 00 00 00  

 --- Burst OFF mode

2026/5/18 13:37:35.584 [TX] - 56 69 56 4F 74 65 63 68 32 00 04 00 00 05 DF EE 7E 01 00 60 1E 
2026/5/18 13:37:35.774 [RX] - 56 69 56 4F 74 65 63 68 32 00 04 00 00 00 AE 16 00 00 00 00 00 00 00 00 00 00 00 00 00 00 00 00 00 00 00 00 00 00 00 00 00 00 00 00 00 00 00 00 00 00 00 00 00 00 00 00 00 00 00 00 00 00 00  

 --- Get Data Encryption (C7-37)

2026/5/18 13:37:35.793 [TX] - 56 69 56 4F 74 65 63 68 32 00 C7 37 00 00 5B C6 
2026/5/18 13:37:35.798 [RX] - 56 69 56 4F 74 65 63 68 32 00 C7 00 00 01 03 9C 1C 00 00 00 00 00 00 00 00 00 00 00 00 00 00 00 00 00 00 00 00 00 00 00 00 00 00 00 00 00 00 00 00 00 00 00 00 00 00 00 00 00 00 00 00 00 00  

 --- Poll on demand

2026/5/18 13:37:36.341 [TX] - 56 69 56 4F 74 65 63 68 32 00 01 01 00 01 01 D7 34 
2026/5/18 13:37:36.353 [RX] - 56 69 56 4F 74 65 63 68 32 00 01 00 00 00 12 53 00 00 00 00 00 00 00 00 00 00 00 00 00 00 00 00 00 00 00 00 00 00 00 00 00 00 00 00 00 00 00 00 00 00 00 00 00 00 00 00 00 00 00 00 00 00 00  

 --- 04-00 w/ DFEF7A = 00 >>>>>>>>>>>>>>>>>>>>>>>>>>>>>>>>>>>>>>>>>>>>>>>>

2026/5/18 13:37:36.889 [TX] - 56 69 56 4F 74 65 63 68 32 00 04 00 00 05 DF EF 7A 01 00 14 B4 
2026/5/18 13:37:36.940 [RX] - 56 69 56 4F 74 65 63 68 32 00 04 00 00 00 AE 16 00 00 00 00 00 00 00 00 00 00 00 00 00 00 00 00 00 00 00 00 00 00 00 00 00 00 00 00 00 00 00 00 00 00 00 00 00 00 00 00 00 00 00 00 00 00 00  

 --- 02-40 (tap iPhone (ApplePay))

2026/5/18 13:37:42.027 [TX] - 56 69 56 4F 74 65 63 68 32 00 02 40 00 1A 0A 9F 02 06 00 00 00 00 10 00 9A 03 07 11 21 9F 21 03 10 15 20 DF EF 37 01 02 D2 C2 
2026/5/18 13:37:42.740 [RX] - 56 69 56 4F 74 65 63 68 32 00 61 01 00 10 03 00 00 02 00 45 4E 03 00 82 54 1C 02 00 00 20 BE 7D 00 00 00 00 00 00 00 00 00 00 00 00 00 00 00 00 00 00 00 00 00 00 00 00 00 00 00 00 00 00 00 56 69 56 4F 74 65 63 68 32 00 61 01 00 1A 04 00 00 02 00 45 4E 0D 00 84 01 1C 04 24 1C 04 31 30 2E 30 30 1C 02 00 F4 21 2B DF 00 00 00 00 00 00 00 00 00 00 00 00 00 00 00 00 00 00 00 00 00 56 69 56 4F 74 65 63 68 32 00 61 01 00 10 03 00 00 02 00 45 4E 03 00 82 1A 1C 02 00 F4 21 29 58 00 00 00 00 00 00 00 00 00 00 00 00 00 00 00 00 00 00 00 00 00 00 00 00 00 00 00 00 00 00 00 56 69 56 4F 74 65 63 68 32 00 61 01 00 10 03 00 00 02 00 45 4E 03 00 82 68 1C 02 00 F4 21 F5 96 00 00 00 00 00 00 00 00 00 00 00 00 00 00 00 00 00 00 00 00 00 00 00 00 00 00 00 00 00 00 00 56 69 56 4F 74 65 63 68 32 00 61 01 00 10 03 00 00 02 00 45 4E 03 00 82 15 1C 02 00 F4 21 2A 9D 00 00 00 00 00 00 00 00 00 00 00 00 00 00 00 00 00 00 00 00 00 00 00 00 00 00 00 00 00 00 00 56 69 56 4F 74 65 63 68 32 00 02 23 02 5F E5 DF EE 26 02 E5 06 DF EE 12 0A FF FF FF 02 00 19 30 40 00 08 DF EF 4C 06 00 00 00 00 00 00 DF EF 4D 00 DF 81 29 08 30 F0 F0 30 A0 F0 FF 00 DF 81 16 16 1B FF 00 00 13 00 00 00 00 00 00 00 00 00 00 00 00 00 00 00 00 00 FF 81 05 82 01 B7 4F 07 A0 00 00 00 03 10 10 50 04 56 49 53 41 57 A1 13 48 31 CC CC CC CC 59 73 D2 81 2C CC CC CC CC CC CC CC CC 57 C1 28 95 02 30 79 A9 4C C1 07 0F 9E 66 E1 AE C6 E8 D7 3E B0 02 37 4C C7 03 1F E7 82 EA E1 1B 5B DF 78 10 6F 1E 14 74 50 EA 4C 5A A1 08 48 31 CC CC CC CC 59 73 5A C1 10 9F F3 58 A1 6A 3E 20 6D 3B A3 59 3F 12 09 C4 65 82 02 00 60 84 07 A0 00 00 00 03 10 10 95 05 00 00 00 00 00 96 01 03 9A 03 07 11 21 9C 01 00 5F 28 02 07 02 5F 2A 02 08 40 5F 34 01 00 5F 36 01 02 9F 02 06 00 00 00 00 10 00 9F 03 06 00 00 00 00 00 00 9F 06 07 A0 00 00 00 03 10 10 9F 09 02 00 02 9F 10 20 1F 42 03 32 A0 00 00 00 00 10 03 02 73 00 00 00 00 40 00 00 00 00 00 00 00 00 00 00 00 00 00 00 9F 15 02 00 00 9F 19 06 04 00 10 03 02 73 9F 1A 02 08 40 9F 1B 04 00 00 1F 40 9F 1E 08 39 54 35 33 33 35 38 38 9F 21 03 10 15 20 9F 24 1D 56 30 30 31 30 30 31 33 30 31 36 31 38 33 31 31 33 34 38 39 37 31 33 35 33 36 32 34 32 9F 26 08 5F 6E 12 A8 5E 1C 7F BA 9F 27 01 80 9F 33 03 E0 08 40 9F 34 03 24 03 02 9F 35 01 15 9F 36 02 07 3C 9F 37 04 9A CB 38 5F 9F 39 01 07 9F 40 05 80 00 00 00 00 9F 41 04 00 00 00 01 9F 4E 1E 00 00 00 00 00 00 00 00 00 00 00 00 00 00 00 00 00 00 00 00 00 00 00 00 00 00 00 00 00 00 9F 5A 05 40 07 02 07 02 9F 66 04 30 00 C0 00 9F 6C 02 00 80 9F 6E 04 23 88 00 00 DF 81 26 06 00 00 00 00 60 00 DF EE 4C 01 06 FF EE 01 0F DF EE 30 01 00 DF EE 52 01 03 DF EE 5B 01 05 DF EC 1C 1E 08 08 00 01 FF 00 1B 00 00 00 13 FF 00 00 00 00 00 00 00 00 00 00 00 00 00 00 00 00 FF 00 DF EC 11 20 4C 73 C6 DF A3 34 2E 39 D9 AF B2 1D 56 59 46 BE 3F 0F DC 19 44 5D 56 89 74 6D 51 5B C5 FC 70 98 E4 9B 00 00 00 00 00 00 00  

 --- 02-40 (tap MChip card)

2026/5/18 13:37:47.835 [TX] - 56 69 56 4F 74 65 63 68 32 00 02 40 00 1A 0A 9F 02 06 00 00 00 00 10 00 9A 03 07 11 21 9F 21 03 10 15 20 DF EF 37 01 02 D2 C2 
2026/5/18 13:37:48.011 [RX] - 56 69 56 4F 74 65 63 68 32 00 61 01 00 10 03 00 00 02 00 45 4E 03 00 82 54 1C 02 00 00 20 BE 7D 00 00 00 00 00 00 00 00 00 00 00 00 00 00 00 00 00 00 00 00 00 00 00 00 00 00 00 00 00 00 00 56 69 56 4F 74 65 63 68 32 00 61 01 00 1A 04 00 00 02 00 45 4E 0D 00 84 01 1C 04 24 1C 04 31 30 2E 30 30 1C 02 00 F4 21 2B DF 00 00 00 00 00 00 00 00 00 00 00 00 00 00 00 00 00 00 00 00 00 56 69 56 4F 74 65 63 68 32 00 61 01 00 10 03 00 00 02 00 45 4E 03 00 82 1A 1C 02 00 F4 21 29 58 00 00 00 00 00 00 00 00 00 00 00 00 00 00 00 00 00 00 00 00 00 00 00 00 00 00 00 00 00 00 00 56 69 56 4F 74 65 63 68 32 00 61 01 00 10 03 00 00 02 00 45 4E 03 00 82 68 1C 02 00 F4 21 F5 96 00 00 00 00 00 00 00 00 00 00 00 00 00 00 00 00 00 00 00 00 00 00 00 00 00 00 00 00 00 00 00 56 69 56 4F 74 65 63 68 32 00 61 01 00 10 03 00 00 02 00 45 4E 03 00 82 15 1C 02 00 F4 21 2A 9D 00 00 00 00 00 00 00 00 00 00 00 00 00 00 00 00 00 00 00 00 00 00 00 00 00 00 00 00 00 00 00 56 69 56 4F 74 65 63 68 32 00 02 23 03 07 E5 DF EE 26 02 E5 06 DF EE 12 0A FF FF FF 02 00 19 30 40 00 09 DF EF 4C 06 00 00 00 00 00 00 DF EF 4D 00 DF 81 29 08 30 F0 F0 F0 A0 F0 FF 00 DF 81 16 16 1B FF 00 00 00 00 00 00 00 00 00 00 00 00 00 00 00 00 00 00 00 00 FF 81 05 82 01 F5 4F 07 A0 00 00 01 52 30 10 50 0E 44 69 6E 65 72 73 20 43 6C 75 62 20 30 31 56 A1 41 2A 33 36 30 37 2A 2A 2A 2A 2A 2A 2A 2A 30 30 31 34 5E 54 45 53 54 20 43 41 52 44 2F 4D 53 20 20 20 20 20 20 20 20 20 20 20 20 20 20 5E 34 39 31 32 2A 2A 2A 2A 2A 2A 2A 2A 2A 2A 2A 2A 2A 2A 2A 2A 56 C1 48 C4 FD 05 F6 75 D7 DD 52 79 EA A9 14 5D 53 82 2D 99 E0 BB 17 70 78 06 21 BA BB E2 2E 8C 98 80 AB E9 11 11 2B 2F 53 7D 73 BD 2B EB B9 EA A4 E7 FC 40 41 7B B9 AC 53 29 32 61 23 76 F6 43 DB 6D A3 4C 07 D3 19 14 0A 1A EC 57 A1 12 36 07 CC CC CC C0 00 1D 49 12 CC CC CC CC CC CC CC CC 57 C1 28 0D 1B 54 76 98 E8 CB 01 8E A2 AA 85 12 8B 2A 11 9F EB E3 18 1A AA B3 D7 CE 0C 11 BE 23 42 97 B5 96 B3 DF 4A BC EA 71 A5 5A A1 08 36 07 CC CC CC C0 00 1F 5A C1 10 CF A7 91 6F 38 F8 C3 96 B4 CA BA 80 76 2E F9 CC 5F 25 03 10 12 01 5F 28 02 08 40 5F 2A 02 08 40 5F 2D 06 65 6E 65 73 66 72 5F 34 01 01 82 02 19 00 84 07 A0 00 00 01 52 30 10 8F 01 01 95 05 24 20 00 00 00 96 01 06 9A 03 07 11 21 9B 02 88 00 9C 01 00 9F 02 06 00 00 00 00 10 00 9F 03 06 00 00 00 00 00 00 9F 06 07 A0 00 00 01 52 30 10 9F 07 02 FF 00 9F 09 02 00 01 9F 10 0A 01 15 00 00 00 00 00 00 00 00 9F 11 01 01 9F 12 04 46 49 4D 45 9F 15 02 00 00 9F 1A 02 08 40 9F 1E 08 39 54 35 33 33 35 38 38 9F 21 03 10 15 20 9F 27 01 40 9F 2A 01 06 9F 33 03 A0 68 08 9F 34 03 3F 00 00 9F 35 01 25 9F 36 02 00 01 9F 37 04 96 A0 F9 F7 9F 39 01 07 9F 40 05 F0 00 00 00 00 9F 41 04 00 00 00 02 9F 53 08 00 00 00 00 00 00 B8 00 9F 66 04 37 2C C0 00 9F 71 02 00 40 DF EE 4C 01 0D FF EE 01 05 DF EE 30 01 00 DF EC 1C 1E 08 03 00 04 FF 00 1B 00 00 00 00 FF 00 00 00 00 00 00 00 00 00 00 00 00 00 00 00 00 FF 00 DF EC 11 20 CB 30 5C A6 A1 1C D0 CD 26 99 2F EC E8 87 2F BE 28 B0 E2 9D 34 CA DB D0 FF 60 3F 6D FA CD A2 78 DF ED 29 70 C4 FD 05 F6 75 D7 DD 52 79 EA A9 14 5D 53 82 2D 99 E0 BB 17 70 78 06 21 BA BB E2 2E 8C 98 80 AB E9 11 11 2B 2F 53 7D 73 BD 2B EB B9 EA A4 E7 FC 40 41 7B B9 AC 53 29 32 61 23 76 F6 43 DB 6D A3 0C E4 13 58 D8 9E E0 23 FD 05 DE 33 5E 98 C8 5E 1D 97 BF 3D 8B 42 B2 F6 96 34 12 83 50 A9 CD 6F 7C 69 67 79 12 DF EB D1 73 20 2F C0 FF 9C F4 94 F0 7A 00 00 00 00 00 00 00 00 00 00 00 00 00 00 00 00 00 00 00 00 00 00 00 00 00 00 00 00  

 --- 02-40 VAS Only (tap iPhone (AppleVAS -- Panera Bread card))

2026/5/18 13:37:56.939 [TX] - 56 69 56 4F 74 65 63 68 32 00 02 40 00 2E 30 9F 02 06 00 00 00 00 00 01 9C 01 00 FF EE 06 18 9F 22 02 01 00 9F 26 04 00 00 00 02 9F 2B 05 01 00 00 00 00 DF 01 01 01 DF EF 37 01 02 7E 57 
2026/5/18 13:37:57.162 [RX] - 56 69 56 4F 74 65 63 68 32 00 61 01 00 10 03 00 00 02 00 45 4E 03 00 82 54 1C 02 00 00 20 BE 7D 00 00 00 00 00 00 00 00 00 00 00 00 00 00 00 00 00 00 00 00 00 00 00 00 00 00 00 00 00 00 00 56 69 56 4F 74 65 63 68 32 00 61 01 00 19 04 00 00 02 00 45 4E 0C 00 84 01 1C 04 24 1C 04 30 2E 30 31 1C 02 00 F4 21 DF 62 00 00 00 00 00 00 00 00 00 00 00 00 00 00 00 00 00 00 00 00 00 00 56 69 56 4F 74 65 63 68 32 00 61 01 00 10 03 00 00 02 00 45 4E 03 00 82 1A 1C 02 00 F4 21 29 58 00 00 00 00 00 00 00 00 00 00 00 00 00 00 00 00 00 00 00 00 00 00 00 00 00 00 00 00 00 00 00 56 69 56 4F 74 65 63 68 32 00 02 57 00 8D E5 DF EE 26 02 E5 06 FF EE 06 75 9A 03 26 05 18 9F 21 03 05 37 56 9F 25 20 06 41 3B 95 7A 52 59 98 3B 60 8C FC 89 CF B1 DA B9 0C E7 05 AD 8E FF 78 E9 DE 12 2C CF 8D 2C BF 9F 2A 00 9F 27 41 44 8D EC 4C C3 F6 F0 9A 51 A5 D0 A6 B1 68 6C BF A2 B9 43 BA 07 FC 27 2F EE 78 F9 DD F6 58 2A 9D DF 43 62 C1 63 FE D9 4B B9 CB E9 B9 89 12 8A 0C 74 19 D1 3F EE 20 B0 2F EC 82 7E 05 44 62 12 D4 83 9F 39 01 07 FF EE 01 05 DF EE 30 01 00 41 49 00 00 00 00 00 00 00 00 00 00 00 00 00 00 00 00 00 00 00 00 00 00 00 00 00 00 00 00 00 00 00 00 56 69 56 4F 74 65 63 68 32 00 61 01 00 10 03 00 00 02 00 45 4E 03 00 82 23 1C 02 00 00 20 63 F0 00 00 00 00 00 00 00 00 00 00 00 00 00 00 00 00 00 00 00 00 00 00 00 00 00 00 00 00 00 00 00  

 --- Poll on demand

2026/5/18 13:38:01.968 [TX] - 56 69 56 4F 74 65 63 68 32 00 01 01 00 01 01 D7 34 
2026/5/18 13:38:01.981 [RX] - 56 69 56 4F 74 65 63 68 32 00 01 00 00 00 12 53 00 00 00 00 00 00 00 00 00 00 00 00 00 00 00 00 00 00 00 00 00 00 00 00 00 00 00 00 00 00 00 00 00 00 00 00 00 00 00 00 00 00 00 00 00 00 00  

 --- 04-00 w/ DFEF7A = 01 >>>>>>>>>>>>>>>>>>>>>>>>>>>>>>>>>>>>>>>>>>>>>>>>

2026/5/18 13:38:03.015 [TX] - 56 69 56 4F 74 65 63 68 32 00 04 00 00 05 DF EF 7A 01 01 35 A4 
2026/5/18 13:38:03.069 [RX] - 56 69 56 4F 74 65 63 68 32 00 04 00 00 00 AE 16 00 00 00 00 00 00 00 00 00 00 00 00 00 00 00 00 00 00 00 00 00 00 00 00 00 00 00 00 00 00 00 00 00 00 00 00 00 00 00 00 00 00 00 00 00 00 00  

 --- 02-40 (tap iPhone (ApplePay))

2026/5/18 13:38:04.154 [TX] - 56 69 56 4F 74 65 63 68 32 00 02 40 00 1A 0A 9F 02 06 00 00 00 00 10 00 9A 03 07 11 21 9F 21 03 10 15 20 DF EF 37 01 02 D2 C2 
2026/5/18 13:38:04.837 [RX] - 56 69 56 4F 74 65 63 68 32 00 61 01 00 10 03 00 00 02 00 45 4E 03 00 82 54 1C 02 00 00 20 BE 7D 00 00 00 00 00 00 00 00 00 00 00 00 00 00 00 00 00 00 00 00 00 00 00 00 00 00 00 00 00 00 00 56 69 56 4F 74 65 63 68 32 00 61 01 00 1A 04 00 00 02 00 45 4E 0D 00 84 01 1C 04 24 1C 04 31 30 2E 30 30 1C 02 00 F4 21 2B DF 00 00 00 00 00 00 00 00 00 00 00 00 00 00 00 00 00 00 00 00 00 56 69 56 4F 74 65 63 68 32 00 61 01 00 10 03 00 00 02 00 45 4E 03 00 82 1A 1C 02 00 F4 21 29 58 00 00 00 00 00 00 00 00 00 00 00 00 00 00 00 00 00 00 00 00 00 00 00 00 00 00 00 00 00 00 00 56 69 56 4F 74 65 63 68 32 00 61 01 00 10 03 00 00 02 00 45 4E 03 00 82 68 1C 02 00 F4 21 F5 96 00 00 00 00 00 00 00 00 00 00 00 00 00 00 00 00 00 00 00 00 00 00 00 00 00 00 00 00 00 00 00 56 69 56 4F 74 65 63 68 32 00 61 01 00 10 03 00 00 02 00 45 4E 03 00 82 15 1C 02 00 F4 21 2A 9D 00 00 00 00 00 00 00 00 00 00 00 00 00 00 00 00 00 00 00 00 00 00 00 00 00 00 00 00 00 00 00 56 69 56 4F 74 65 63 68 32 00 02 23 02 64 E5 DF EE 26 02 E5 06 DF EE 12 0A FF FF FF 02 00 19 30 40 00 0A DF EF 4C 06 00 00 00 00 00 00 DF EF 4D 00 DF 81 29 08 30 F0 F0 30 A0 F0 FF 00 DF 81 16 16 1B FF 00 00 13 00 00 00 00 00 00 00 00 00 00 00 00 00 00 00 00 00 FF 81 05 82 01 B7 4F 07 A0 00 00 00 03 10 10 50 04 56 49 53 41 57 A1 13 48 31 CC CC CC CC 59 73 D2 81 2C CC CC CC CC CC CC CC CC 57 C1 28 34 90 28 54 C9 F4 69 8F 6F 09 88 63 FD 96 D3 80 9E AA 2E 08 F3 2F 5B BF 63 71 B6 54 0D 44 93 E9 EC 1B B3 0A F7 03 6B D8 5A A1 08 48 31 CC CC CC CC 59 73 5A C1 10 10 4C 25 11 BB F2 91 1D 0B 86 A4 6E 56 FA 72 A8 82 02 00 60 84 07 A0 00 00 00 03 10 10 95 05 00 00 00 00 00 96 01 03 9A 03 07 11 21 9C 01 00 5F 28 02 07 02 5F 2A 02 08 40 5F 34 01 00 5F 36 01 02 9F 02 06 00 00 00 00 10 00 9F 03 06 00 00 00 00 00 00 9F 06 07 A0 00 00 00 03 10 10 9F 09 02 00 02 9F 10 20 1F 42 03 32 A0 00 00 00 00 10 03 02 73 00 00 00 00 40 00 00 00 00 00 00 00 00 00 00 00 00 00 00 9F 15 02 00 00 9F 19 06 04 00 10 03 02 73 9F 1A 02 08 40 9F 1B 04 00 00 1F 40 9F 1E 08 39 54 35 33 33 35 38 38 9F 21 03 10 15 20 9F 24 1D 56 30 30 31 30 30 31 33 30 31 36 31 38 33 31 31 33 34 38 39 37 31 33 35 33 36 32 34 32 9F 26 08 2A 31 4A 86 E0 43 69 F1 9F 27 01 80 9F 33 03 E0 08 40 9F 34 03 24 03 02 9F 35 01 15 9F 36 02 07 3D 9F 37 04 9E 03 37 0D 9F 39 01 07 9F 40 05 80 00 00 00 00 9F 41 04 00 00 00 03 9F 4E 1E 00 00 00 00 00 00 00 00 00 00 00 00 00 00 00 00 00 00 00 00 00 00 00 00 00 00 00 00 00 00 9F 5A 05 40 07 02 07 02 9F 66 04 30 00 C0 00 9F 6C 02 00 80 9F 6E 04 23 88 00 00 DF 81 26 06 00 00 00 00 60 00 DF EE 4C 01 06 FF EE 01 0F DF EE 30 01 00 DF EE 52 01 03 DF EE 5B 01 05 DF EC 1C 1E 08 08 00 01 FF 00 1B 00 00 00 13 FF 00 00 00 00 00 00 00 00 00 00 00 00 00 00 00 00 FF 00 DF EF 7B  --> DFEF7B 01 01 DF EC 11 20 4C 73 C6 DF A3 34 2E 39 D9 AF B2 1D 56 59 46 BE 3F 0F DC 19 44 5D 56 89 74 6D 51 5B C5 FC 70 98 93 66 00 00  

 --- 02-40 (tap MChip card)

2026/5/18 13:38:06.699 [TX] - 56 69 56 4F 74 65 63 68 32 00 02 40 00 1A 0A 9F 02 06 00 00 00 00 10 00 9A 03 07 11 21 9F 21 03 10 15 20 DF EF 37 01 02 D2 C2 
2026/5/18 13:38:06.881 [RX] - 56 69 56 4F 74 65 63 68 32 00 61 01 00 10 03 00 00 02 00 45 4E 03 00 82 54 1C 02 00 00 20 BE 7D 00 00 00 00 00 00 00 00 00 00 00 00 00 00 00 00 00 00 00 00 00 00 00 00 00 00 00 00 00 00 00 56 69 56 4F 74 65 63 68 32 00 61 01 00 1A 04 00 00 02 00 45 4E 0D 00 84 01 1C 04 24 1C 04 31 30 2E 30 30 1C 02 00 F4 21 2B DF 00 00 00 00 00 00 00 00 00 00 00 00 00 00 00 00 00 00 00 00 00 56 69 56 4F 74 65 63 68 32 00 61 01 00 10 03 00 00 02 00 45 4E 03 00 82 1A 1C 02 00 F4 21 29 58 00 00 00 00 00 00 00 00 00 00 00 00 00 00 00 00 00 00 00 00 00 00 00 00 00 00 00 00 00 00 00 56 69 56 4F 74 65 63 68 32 00 61 01 00 10 03 00 00 02 00 45 4E 03 00 82 68 1C 02 00 F4 21 F5 96 00 00 00 00 00 00 00 00 00 00 00 00 00 00 00 00 00 00 00 00 00 00 00 00 00 00 00 00 00 00 00 56 69 56 4F 74 65 63 68 32 00 61 01 00 10 03 00 00 02 00 45 4E 03 00 82 15 1C 02 00 F4 21 2A 9D 00 00 00 00 00 00 00 00 00 00 00 00 00 00 00 00 00 00 00 00 00 00 00 00 00 00 00 00 00 00 00 56 69 56 4F 74 65 63 68 32 00 02 23 03 0C E5 DF EE 26 02 E5 06 DF EE 12 0A FF FF FF 02 00 19 30 40 00 0B DF EF 4C 06 00 00 00 00 00 00 DF EF 4D 00 DF 81 29 08 30 F0 F0 F0 A0 F0 FF 00 DF 81 16 16 1B FF 00 00 00 00 00 00 00 00 00 00 00 00 00 00 00 00 00 00 00 00 FF 81 05 82 01 F5 4F 07 A0 00 00 01 52 30 10 50 0E 44 69 6E 65 72 73 20 43 6C 75 62 20 30 31 56 A1 41 2A 33 36 30 37 2A 2A 2A 2A 2A 2A 2A 2A 30 30 31 34 5E 54 45 53 54 20 43 41 52 44 2F 4D 53 20 20 20 20 20 20 20 20 20 20 20 20 20 20 5E 34 39 31 32 2A 2A 2A 2A 2A 2A 2A 2A 2A 2A 2A 2A 2A 2A 2A 2A 56 C1 48 1D FC A4 22 42 B1 FF 6F 46 43 02 2E 57 B7 06 10 98 EA B3 FB 2E C8 B3 50 0F 87 5F FE D4 02 68 F0 F0 F1 32 F8 BB 51 19 EB 6E 60 21 43 F6 61 94 09 F4 16 C4 74 B6 DA 49 FE F1 33 F7 14 03 51 DD 6D 4C E7 B4 A8 50 F6 84 28 57 A1 12 36 07 CC CC CC C0 00 1D 49 12 CC CC CC CC CC CC CC CC 57 C1 28 36 88 A3 EC 58 8D 85 DD CD CC 5B 57 87 D7 EF 65 86 8C 19 67 EA E7 FE 1A 92 A4 3E 3A 1B AF 94 AF 61 0B 8C 28 74 C6 C5 20 5A A1 08 36 07 CC CC CC C0 00 1F 5A C1 10 EB 97 52 05 EA C3 BF 7D 9F 65 20 5C 82 98 6C 52 5F 25 03 10 12 01 5F 28 02 08 40 5F 2A 02 08 40 5F 2D 06 65 6E 65 73 66 72 5F 34 01 01 82 02 19 00 84 07 A0 00 00 01 52 30 10 8F 01 01 95 05 24 20 00 00 00 96 01 06 9A 03 07 11 21 9B 02 88 00 9C 01 00 9F 02 06 00 00 00 00 10 00 9F 03 06 00 00 00 00 00 00 9F 06 07 A0 00 00 01 52 30 10 9F 07 02 FF 00 9F 09 02 00 01 9F 10 0A 01 15 00 00 00 00 00 00 00 00 9F 11 01 01 9F 12 04 46 49 4D 45 9F 15 02 00 00 9F 1A 02 08 40 9F 1E 08 39 54 35 33 33 35 38 38 9F 21 03 10 15 20 9F 27 01 40 9F 2A 01 06 9F 33 03 A0 68 08 9F 34 03 3F 00 00 9F 35 01 25 9F 36 02 00 01 9F 37 04 1D 19 41 F9 9F 39 01 07 9F 40 05 F0 00 00 00 00 9F 41 04 00 00 00 04 9F 53 08 00 00 00 00 00 00 B8 00 9F 66 04 37 2C C0 00 9F 71 02 00 40 DF EE 4C 01 0D FF EE 01 05 DF EE 30 01 00 DF EC 1C 1E 08 03 00 04 FF 00 1B 00 00 00 00 FF 00 00 00 00 00 00 00 00 00 00 00 00 00 00 00 00 FF 00 DF EF 7B  --> DFEF7B 01 00 DF EC 11 20 CB 30 5C A6 A1 1C D0 CD 26 99 2F EC E8 87 2F BE 28 B0 E2 9D 34 CA DB D0 FF 60 3F 6D FA CD A2 78 DF ED 29 70 1D FC A4 22 42 B1 FF 6F 46 43 02 2E 57 B7 06 10 98 EA B3 FB 2E C8 B3 50 0F 87 5F FE D4 02 68 F0 F0 F1 32 F8 BB 51 19 EB 6E 60 21 43 F6 61 94 09 F4 16 C4 74 B6 DA 49 FE F1 33 F7 14 03 51 DD 6D BF B9 05 D4 CB 91 B9 7A 24 5E 24 A2 DA DB D5 00 5A F2 2F A7 11 7A E1 AF 06 B2 C5 EA 6D F0 8C B7 E1 F9 94 F5 5C A4 39 92 B4 36 E7 CD F3 E2 06 6A 62 77 00 00 00 00 00 00 00 00 00 00 00 00 00 00 00 00 00 00 00 00 00 00 00  

 --- 02-40 VAS Only (tap iPhone (AppleVAS -- Panera Bread card))

2026/5/18 13:38:10.187 [TX] - 56 69 56 4F 74 65 63 68 32 00 02 40 00 2E 30 9F 02 06 00 00 00 00 00 01 9C 01 00 FF EE 06 18 9F 22 02 01 00 9F 26 04 00 00 00 02 9F 2B 05 01 00 00 00 00 DF 01 01 01 DF EF 37 01 02 7E 57 
2026/5/18 13:38:10.412 [RX] - 56 69 56 4F 74 65 63 68 32 00 61 01 00 10 03 00 00 02 00 45 4E 03 00 82 54 1C 02 00 00 20 BE 7D 00 00 00 00 00 00 00 00 00 00 00 00 00 00 00 00 00 00 00 00 00 00 00 00 00 00 00 00 00 00 00 56 69 56 4F 74 65 63 68 32 00 61 01 00 19 04 00 00 02 00 45 4E 0C 00 84 01 1C 04 24 1C 04 30 2E 30 31 1C 02 00 F4 21 DF 62 00 00 00 00 00 00 00 00 00 00 00 00 00 00 00 00 00 00 00 00 00 00 56 69 56 4F 74 65 63 68 32 00 61 01 00 10 03 00 00 02 00 45 4E 03 00 82 1A 1C 02 00 F4 21 29 58 00 00 00 00 00 00 00 00 00 00 00 00 00 00 00 00 00 00 00 00 00 00 00 00 00 00 00 00 00 00 00 56 69 56 4F 74 65 63 68 32 00 02 57 00 92 E5 DF EE 26 02 E5 06 FF EE 06 75 9A 03 26 05 18 9F 21 03 05 38 09 9F 25 20 06 41 3B 95 7A 52 59 98 3B 60 8C FC 89 CF B1 DA B9 0C E7 05 AD 8E FF 78 E9 DE 12 2C CF 8D 2C BF 9F 2A 00 9F 27 41 44 8D EC 4C 82 D0 C1 10 26 8D 8E 54 24 4D 71 B5 DC B8 B8 62 E4 B4 97 18 79 26 31 5D 51 10 E6 F7 98 4B 51 7B 14 67 40 10 65 2F 2F 5B 3B 56 AA DF DE F0 34 60 A9 A7 2D 1E 38 6A 9D DC A8 5F 9B 63 0A 9F 39 01 07 FF EE 01 05 DF EE 30 01 00 DF EF 7B  --> DFEF7B 01 01 70 0E 00 00 00 00 00 00 00 00 00 00 00 00 00 00 00 00 00 00 00 00 00 00 00 00 00 00 00 56 69 56 4F 74 65 63 68 32 00 61 01 00 10 03 00 00 02 00 45 4E 03 00 82 23 1C 02 00 00 20 63 F0 00 00 00 00 00 00 00 00 00 00 00 00 00 00 00 00 00 00 00 00 00 00 00 00 00 00 00 00 00 00 00  

 Result = PASSED
 ---------- END OF TEST ----------

 Result = PASSED


Docklight Log File (HEX) - Stopped 2026/5/18 13:38:12.292 

