Docklight Log File (HEX) - Started 2026/5/15 13:08:45.662 
 TEST CASE: CR035

 --- Set POS COM PORT Settings
 Set POS COM PORT...
 POS operating on COM90 @ 9600 baud...
 Set POS COM PORT - COMPLETE

 --- PassThrough: START

2026/5/15 13:08:46.986 [TX] - 56 69 56 4F 74 65 63 68 32 00 2C 01 00 01 01 1D 19 
2026/5/15 13:08:47.001 [RX] - 56 69 56 4F 74 65 63 68 32 00 2C 00  PASS 00 00 1C 9B 00 00 00 00 00 00 00 00 00 00 00 00 00 00 00 00 00 00 00 00 00 00 00 00 00 00 00 00 00 00 00 00 00 00 00 00 00 00 00 00 00 00 00 00 00 00 00  

 --- Get ATR (ICC)

2026/5/15 13:08:51.048 [TX] - 56 69 56 4F 74 65 63 68 32 00 2C 12 00 01 20 21 A9 
2026/5/15 13:08:51.105 [RX] - 56 69 56 4F 74 65 63 68 32 00 2C 00  PASS 00 0C 3B 68 00 00 00 73 C8 40 13 00 90 00 44 B7 00 00 00 00 00 00 00 00 00 00 00 00 00 00 00 00 00 00 00 00 00 00 00 00 00 00 00 00 00 00 00 00 00 00 00  

 --- Exchange APDU Data -- 1 PAY (SAM 1)

2026/5/15 13:08:52.141 [TX] - 56 69 56 4F 74 65 63 68 32 00 2C 13 00 14 21 00 A4 04 00 0E 31 50 41 59 2E 53 59 53 2E 44 44 46 30 31 D8 C2 
2026/5/15 13:08:52.149 [RX] - 56 69 56 4F 74 65 63 68 32 00 2C 05 00 00 F7 6B 00 00 00 00 00 00 00 00 00 00 00 00 00 00 00 00 00 00 00 00 00 00 00 00 00 00 00 00 00 00 00 00 00 00 00 00 00 00 00 00 00 00 00 00 00 00 00  

 --- Exchange APDU Data -- 1 PAY (SAM 2)

2026/5/15 13:08:52.165 [TX] - 56 69 56 4F 74 65 63 68 32 00 2C 13 00 14 22 00 A4 04 00 0E 31 50 41 59 2E 53 59 53 2E 44 44 46 30 31 86 17 
2026/5/15 13:08:52.180 [RX] - 56 69 56 4F 74 65 63 68 32 00 2C 05 00 00 F7 6B 00 00 00 00 00 00 00 00 00 00 00 00 00 00 00 00 00 00 00 00 00 00 00 00 00 00 00 00 00 00 00 00 00 00 00 00 00 00 00 00 00 00 00 00 00 00 00  

 --- Exchange APDU Data -- 1 PAY (ICC)

2026/5/15 13:08:52.203 [TX] - 56 69 56 4F 74 65 63 68 32 00 2C 13 00 14 20 00 A4 04 00 0E 31 50 41 59 2E 53 59 53 2E 44 44 46 30 31 71 ED 
2026/5/15 13:08:52.246 [RX] - 56 69 56 4F 74 65 63 68 32 00 2C 00  PASS 00 02 61 20 06 D5 00 00 00 00 00 00 00 00 00 00 00 00 00 00 00 00 00 00 00 00 00 00 00 00 00 00 00 00 00 00 00 00 00 00 00 00 00 00 00 00 00 00 00 00 00  

 --- Contact Power Off (ICC)

2026/5/15 13:08:53.289 [TX] - 56 69 56 4F 74 65 63 68 32 00 2C 18 00 01 20 8A C1 
2026/5/15 13:08:53.307 [RX] - 56 69 56 4F 74 65 63 68 32 00 2C 00  PASS 00 00 1C 9B 00 00 00 00 00 00 00 00 00 00 00 00 00 00 00 00 00 00 00 00 00 00 00 00 00 00 00 00 00 00 00 00 00 00 00 00 00 00 00 00 00 00 00 00 00 00 00  

 --- PassThrough: STOP

2026/5/15 13:08:53.334 [TX] - 56 69 56 4F 74 65 63 68 32 00 2C 01 00 01 00 0D 38 
2026/5/15 13:08:53.347 [RX] - 56 69 56 4F 74 65 63 68 32 00 2C 00  PASS 00 00 1C 9B 00 00 00 00 00 00 00 00 00 00 00 00 00 00 00 00 00 00 00 00 00 00 00 00 00 00 00 00 00 00 00 00 00 00 00 00 00 00 00 00 00 00 00 00 00 00 00  

 Result = PASSED
 ---------- END OF TEST ----------

 Result = PASSED
 

 MASTER RESULT = PASSED


Docklight Log File (HEX) - Stopped 2026/5/15 13:08:54.490 

