Docklight Log File (HEX) - Started 2019/4/19 12:06:02.488 
 TEST CASE: MF000410

 --- Set POS COM PORT Settings
 Set POS COM PORT...
 POS operating on COM1 @ 9600 baud...
 Set POS COM PORT - COMPLETE

 --- PT Stop >>> get 0C status code

2019/4/19 12:06:03.637 [TX] - 56 69 56 4F 74 65 63 68 32 00 2C 01 00 01 00 0D 38 
2019/4/19 12:06:03.665 [RX] - 56 69 56 4F 74 65 63 68 32 00 2C 0C 00 00 69 FA  

 --- PT Start

2019/4/19 12:06:06.643 [TX] - 56 69 56 4F 74 65 63 68 32 00 2C 01 00 01 01 1D 19 
2019/4/19 12:06:06.670 [RX] - 56 69 56 4F 74 65 63 68 32 00 2C 00 00 00 1C 9B  status code 00
 

 --- Antenna Enable

2019/4/19 12:06:06.686 [TX] - 56 69 56 4F 74 65 63 68 32 00 28 01 00 01 01 94 1F 
2019/4/19 12:06:06.713 [RX] - 56 69 56 4F 74 65 63 68 32 00 28 00 00 00 D6 6A  Antenna Enable (OK)
 

 --- Poll for Token (10 sec)

2019/4/19 12:06:07.423 [TX] - 56 69 56 4F 74 65 63 68 32 00 2C 02 00 02 0A 00 B1 E4 
2019/4/19 12:06:07.541 [RX] - 56 69 56 4F 74 65 63 68 32 00 2C 00 00 05  

2019/4/19 12:06:07.549 [RX] - 03 F0  

 --- Mifare auth - Sector 1

2019/4/19 12:06:07.558 [TX] - 56 69 56 4F 74 65 63 68 32 00 2C 06 00 08 01 01 FF FF FF FF FF FF 4B C8 
2019/4/19 12:06:07.558 [RX] - 46 34 59 C8 EF 56 69 56 4F 74 65 63 68 32 00 2C 00 00 00 1C 9B  status code 00
 

 --- Read 15Blocks, starting Block #0

2019/4/19 12:06:07.610 [TX] - 56 69 56 4F 74 65 63 68 32 00 2C 07 00 02 3F 00 68 D3 
2019/4/19 12:06:07.738 [RX] - 56 69 56 4F 74 65 63 68 32 00 2C 00 00 F0 F0 46 34 59 DB 88 04 00 46 8F 75 10 51 70 24 11 11 11 11 11 11 11 11 11 11 11 11 11 11 11 11 11 22 22 22 22 22 22 22 22 22 22 22 22 22 22 22 22 44 44 44 44 44 44 44 44 44 44 44 44 44 44 44 44 55 55 55 55 55 55 55 55 55 55 55 55 55 55 55 55 66 66 66 66 66 66 66 66 66 66 66 66 66 66 66 66 88 88 88 88 88 88 88 88 88 88 88 88 88 88 88 88 99 99 99 99 99 99 99 99 99 99 99 99 99 99 99 99 10 10 10 10 10 10 10 10 10 10 10 10 10 10 10 10 12 12 12 12 12 12 12 12 12 12 12 12 12 12 12 12 13 13 13 13 13 13 13 13 13 13 13 13 13 13 13 13 14 14 14 14 14 14 14 14 14 14 14 14 14 14 14 14 16 16 16 16 16 16 16 16 16 16 16 16 16 16 16 16 17 17 17 17 17 17 17 17 17 17 17 17 17 17 17 17 18 18 18 18 18 18 18 18 18 18 18 18 18 18 18 18 BB FD  

 --- Read 15Blocks, starting Block #16

2019/4/19 12:06:08.006 [TX] - 56 69 56 4F 74 65 63 68 32 00 2C 07 00 02 3F 10 7A E2 
2019/4/19 12:06:08.134 [RX] - 56 69 56 4F 74 65 63 68 32 00 2C 00 00 F0 16 16 16 16 16 16 16 16 16 16 16 16 16 16 16 16 17 17 17 17 17 17 17 17 17 17 17 17 17 17 17 17 18 18 18 18 18 18 18 18 18 18 18 18 18 18 18 18 20 20 20 20 20 20 20 20 20 20 20 20 20 20 20 20 21 21 21 21 21 21 21 21 21 21 21 21 21 21 21 21 22 22 22 22 22 22 22 22 22 22 22 22 22 22 22 22 24 24 24 24 24 24 24 24 24 24 24 24 24 24 24 24 25 25 25 25 25 25 25 25 25 25 25 25 25 25 25 25 26 26 26 26 26 26 26 26 26 26 26 26 26 26 26 26 28 28 28 28 28 28 28 28 28 28 28 28 28 28 28 28 29 29 29 29 29 29 29 29 29 29 29 29 29 29 29 29 30 30 30 30 30 30 30 30 30 30 30 30 30 30 30 30 32 32 32 32 32 32 32 32 32 32 32 32 32 32 32 32 33 33 33 33 33 33 33 33 33 33 33 33 33 33 33 33 34 34 34 34 34 34 34 34 34 34 34 34 34 34 34 34 1E 5F  

 --- Read 15Blocks, starting Block #32

2019/4/19 12:06:08.402 [TX] - 56 69 56 4F 74 65 63 68 32 00 2C 07 00 02 3F 20 4C B1 
2019/4/19 12:06:08.530 [RX] - 56 69 56 4F 74 65 63 68 32 00 2C 00 00 F0 32 32 32 32 32 32 32 32 32 32 32 32 32 32 32 32 33 33 33 33 33 33 33 33 33 33 33 33 33 33 33 33 34 34 34 34 34 34 34 34 34 34 34 34 34 34 34 34 36 36 36 36 36 36 36 36 36 36 36 36 36 36 36 36 37 37 37 37 37 37 37 37 37 37 37 37 37 37 37 37 38 38 38 38 38 38 38 38 38 38 38 38 38 38 38 38 40 40 40 40 40 40 40 40 40 40 40 40 40 40 40 40 41 41 41 41 41 41 41 41 41 41 41 41 41 41 41 41 42 42 42 42 42 42 42 42 42 42 42 42 42 42 42 42 44 44 44 44 44 44 44 44 44 44 44 44 44 44 44 44 45 45 45 45 45 45 45 45 45 45 45 45 45 45 45 45 46 46 46 46 46 46 46 46 46 46 46 46 46 46 46 46 48 48 48 48 48 48 48 48 48 48 48 48 48 48 48 48 49 49 49 49 49 49 49 49 49 49 49 49 49 49 49 49 50 50 50 50 50 50 50 50 50 50 50 50 50 50 50 50 CC D2  

 --- Read 12Blocks, starting Block #48

2019/4/19 12:06:08.800 [TX] - 56 69 56 4F 74 65 63 68 32 00 2C 07 00 02 3C 30 0B D3 
2019/4/19 12:06:08.909 [RX] - 56 69 56 4F 74 65 63 68 32 00 2C 00 00 C0 48 48 48 48 48 48 48 48 48 48 48 48 48 48 48 48 49 49 49 49 49 49 49 49 49 49 49 49 49 49 49 49 50 50 50 50 50 50 50 50 50 50 50 50 50 50 50 50 52 52 52 52 52 52 52 52 52 52 52 52 52 52 52 52 53 53 53 53 53 53 53 53 53 53 53 53 53 53 53 53 54 54 54 54 54 54 54 54 54 54 54 54 54 54 54 54 56 56 56 56 56 56 56 56 56 56 56 56 56 56 56 56 57 57 57 57 57 57 57 57 57 57 57 57 57 57 57 57 58 58 58 58 58 58 58 58 58 58 58 58 58 58 58 58 60 60 60 60 60 60 60 60 60 60 60 60 60 60 60 60 61 61 61 61 61 61 61 61 61 61 61 61 61 61 61 61 62 62 62 62 62 62 62 62 62 62 62 62 62 62 62 62 22 3A  

 --- PT Stop >>> get 00 status code

2019/4/19 12:06:09.128 [TX] - 56 69 56 4F 74 65 63 68 32 00 2C 01 00 01 00 0D 38 
2019/4/19 12:06:09.187 [RX] - 56 69 56 4F 74 65 63 68 32 00 2C 00 00 00 1C 9B  status code 00
 Result = PASSED
 ---------- END OF TEST ----------

 

 MASTER RESULT = PASSED


Docklight Log File (HEX) - Stopped 2019/4/19 12:06:14.236 

