Docklight Log File (HEX) - Started 2018/1/8 16:27:13.526 
 TEST CASE: EDC07-2

 --- Set POS COM PORT Settings
 Set POS COM PORT...
 POS operating on COM1 @ 9600 baud...
 Set POS COM PORT - COMPLETE

 

 --- Poll on Demand

2018/1/8 16:27:14.682 [TX] - 56 69 56 4F 74 65 63 68 32 00 01 01 00 01 01 D7 34 
2018/1/8 16:27:14.709 [RX] - 56 69 56 4F 74 65 63 68 32 00 01 00 00 00 12 53  

 --- Burst mode Off

2018/1/8 16:27:15.227 [TX] - 56 69 56 4F 74 65 63 68 32 00 04 00 00 04 FF F7 01 00 B9 2E 
2018/1/8 16:27:15.257 [RX] - 56 69 56 4F 74 65 63 68 32 00 04 00 00 00 AE 16  

 --- 04-00-----DFEF4B = E0 T1+PAN+Only First Element Found

2018/1/8 16:27:15.778 [TX] - 56 69 56 4F 74 65 63 68 32 00 04 00 00 07 DF EF 4B 03 E0 00 00 3C E4 
2018/1/8 16:27:15.811 [RX] - 56 69 56 4F 74 65 63 68 32 00 04 00 00 00 AE 16  

 --- 02-40 Activate Transaction

2018/1/8 16:27:16.379 [TX] - 56 69 56 4F 74 65 63 68 32 00 02 40 00 15 0A 9F 02 06 00 00 00 00 10 00 9A 03 07 11 21 9F 21 03 10 15 20 5E 34 
2018/1/8 16:27:17.707 [RX] - 56 69 56 4F 74 65 63 68 32 00 02 23 01 38 11 FF EE 13 41 42 36 35 31 30 30 30 30 30 30 30 30 30 30 31 32 35 5E 43 41 52 44 2F 49 4D 41 47 45 20 30 38 20 20 20 20 20 20 20 20 20 20 20 20 20 5E 31 37 31 32 32 30 31 31 30 30 30 30 39 35 30 30 30 30 30 30 FF EE 14 25 36 35 31 30 30 30 30 30 30 30 30 30 30 31 32 35 3D 31 37 31 32 32 30 31 31 30 30 30 30 39 35 30 30 30 30 30 30 84 08 A0 00 00 03 24 10 10 01 9F 06 07 A0 00 00 03 24 10 10 9F 35 01 25 9F 37 04 24 33 88 49 9F 39 01 91 9A 03 07 11 21 9F 21 03 10 15 20 56 41 42 36 35 31 30 30 30 30 30 30 30 30 30 30 31 32 35 5E 43 41 52 44 2F 49 4D 41 47 45 20 30 38 20 20 20 20 20 20 20 20 20 20 20 20 20 5E 31 37 31 32 32 30 31 31 30 30 30 30 39 35 30 30 30 30 30 30 57 13 65 10 00 00 00 00 01 25 D1 71 22 01 10 00 09 50 00 00 0F 9C 01 00 FF EE 01 04 DF 30 01 00 DF EF 4C 06 00 25 00 00 00 00 DF EF 4D 25 36 35 31 30 30 30 30 30 30 30 30 30 30 31 32 35 3D 31 37 31 32 32 30 31 31 30 30 30 30 39 35 30 30 30 30 30 30 DF EE 26 01 11 2D F7  

 --- 04-00-----DFEF4B = D0 T2+PAN+Only First Element Found

2018/1/8 16:27:18.555 [TX] - 56 69 56 4F 74 65 63 68 32 00 04 00 00 07 DF EF 4B 03 D0 00 00 99 21 
2018/1/8 16:27:18.588 [RX] - 56 69 56 4F 74 65 63 68 32 00 04 00 00 00 AE 16  

 --- 02-40 Activate Transaction

2018/1/8 16:27:19.338 [TX] - 56 69 56 4F 74 65 63 68 32 00 02 40 00 15 0A 9F 02 06 00 00 00 00 10 00 9A 03 07 11 21 9F 21 03 10 15 20 5E 34 
2018/1/8 16:27:20.717 [RX] - 56 69 56 4F 74 65 63 68 32 00 02 23 01 38 11 FF EE 13 41 42 36 35 31 30 30 30 30 30 30 30 30 30 30 31 32 35 5E 43 41 52 44 2F 49 4D 41 47 45 20 30 38 20 20 20 20 20 20 20 20 20 20 20 20 20 5E 31 37 31 32 32 30 31 31 30 30 30 30 39 35 30 30 30 30 30 30 FF EE 14 25 36 35 31 30 30 30 30 30 30 30 30 30 30 31 32 35 3D 31 37 31 32 32 30 31 31 30 30 30 30 39 35 30 30 30 30 30 30 84 08 A0 00 00 03 24 10 10 01 9F 06 07 A0 00 00 03 24 10 10 9F 35 01 25 9F 37 04 75 62 30 77 9F 39 01 91 9A 03 07 11 21 9F 21 03 10 15 20 56 41 42 36 35 31 30 30 30 30 30 30 30 30 30 30 31 32 35 5E 43 41 52 44 2F 49 4D 41 47 45 20 30 38 20 20 20 20 20 20 20 20 20 20 20 20 20 5E 31 37 31 32 32 30 31 31 30 30 30 30 39 35 30 30 30 30 30 30 57 13 65 10 00 00 00 00 01 25 D1 71 22 01 10 00 09 50 00 00 0F 9C 01 00 FF EE 01 04 DF 30 01 00 DF EF 4C 06 00 25 00 00 00 00 DF EF 4D 25 36 35 31 30 30 30 30 30 30 30 30 30 30 31 32 35 3D 31 37 31 32 32 30 31 31 30 30 30 30 39 35 30 30 30 30 30 30 DF EE 26 01 11 9A 5C  

 --- 04-00-----DFEF4B = C8 T3+PAN+Only First Element Found

2018/1/8 16:27:21.565 [TX] - 56 69 56 4F 74 65 63 68 32 00 04 00 00 07 DF EF 4B 03 C8 00 00 5B CB 
2018/1/8 16:27:21.598 [RX] - 56 69 56 4F 74 65 63 68 32 00 04 00 00 00 AE 16  

 --- 02-40 Activate Transaction

2018/1/8 16:27:22.490 [TX] - 56 69 56 4F 74 65 63 68 32 00 02 40 00 15 0A 9F 02 06 00 00 00 00 10 00 9A 03 07 11 21 9F 21 03 10 15 20 5E 34 
2018/1/8 16:27:23.807 [RX] - 56 69 56 4F 74 65 63 68 32 00 02 23 01 38 11 FF EE 13 41 42 36 35 31 30 30 30 30 30 30 30 30 30 30 31 32 35 5E 43 41 52 44 2F 49 4D 41 47 45 20 30 38 20 20 20 20 20 20 20 20 20 20 20 20 20 5E 31 37 31 32 32 30 31 31 30 30 30 30 39 35 30 30 30 30 30 30 FF EE 14 25 36 35 31 30 30 30 30 30 30 30 30 30 30 31 32 35 3D 31 37 31 32 32 30 31 31 30 30 30 30 39 35 30 30 30 30 30 30 84 08 A0 00 00 03 24 10 10 01 9F 06 07 A0 00 00 03 24 10 10 9F 35 01 25 9F 37 04 44 51 28 82 9F 39 01 91 9A 03 07 11 21 9F 21 03 10 15 20 56 41 42 36 35 31 30 30 30 30 30 30 30 30 30 30 31 32 35 5E 43 41 52 44 2F 49 4D 41 47 45 20 30 38 20 20 20 20 20 20 20 20 20 20 20 20 20 5E 31 37 31 32 32 30 31 31 30 30 30 30 39 35 30 30 30 30 30 30 57 13 65 10 00 00 00 00 01 25 D1 71 22 01 10 00 09 50 00 00 0F 9C 01 00 FF EE 01 04 DF 30 01 00 DF EF 4C 06 00 25 00 00 00 00 DF EF 4D 25 36 35 31 30 30 30 30 30 30 30 30 30 30 31 32 35 3D 31 37 31 32 32 30 31 31 30 30 30 30 39 35 30 30 30 30 30 30 DF EE 26 01 11 37 99  

 --- 04-00-----DFEF4B = F0 T1+T2+PAN+Only First Element Found

2018/1/8 16:27:24.656 [TX] - 56 69 56 4F 74 65 63 68 32 00 04 00 00 07 DF EF 4B 03 F0 00 00 5F A7 
2018/1/8 16:27:24.689 [RX] - 56 69 56 4F 74 65 63 68 32 00 04 00 00 00 AE 16  

 --- 02-40 Activate Transaction

2018/1/8 16:27:25.722 [TX] - 56 69 56 4F 74 65 63 68 32 00 02 40 00 15 0A 9F 02 06 00 00 00 00 10 00 9A 03 07 11 21 9F 21 03 10 15 20 5E 34 
2018/1/8 16:27:26.927 [RX] - 56 69 56 4F 74 65 63 68 32 00 02 23 01 38 11 FF EE 13 41 42 36 35 31 30 30 30 30 30 30 30 30 30 30 31 32 35 5E 43 41 52 44 2F 49 4D 41 47 45 20 30 38 20 20 20 20 20 20 20 20 20 20 20 20 20 5E 31 37 31 32 32 30 31 31 30 30 30 30 39 35 30 30 30 30 30 30 FF EE 14 25 36 35 31 30 30 30 30 30 30 30 30 30 30 31 32 35 3D 31 37 31 32 32 30 31 31 30 30 30 30 39 35 30 30 30 30 30 30 84 08 A0 00 00 03 24 10 10 01 9F 06 07 A0 00 00 03 24 10 10 9F 35 01 25 9F 37 04 45 66 70 88 9F 39 01 91 9A 03 07 11 21 9F 21 03 10 15 20 56 41 42 36 35 31 30 30 30 30 30 30 30 30 30 30 31 32 35 5E 43 41 52 44 2F 49 4D 41 47 45 20 30 38 20 20 20 20 20 20 20 20 20 20 20 20 20 5E 31 37 31 32 32 30 31 31 30 30 30 30 39 35 30 30 30 30 30 30 57 13 65 10 00 00 00 00 01 25 D1 71 22 01 10 00 09 50 00 00 0F 9C 01 00 FF EE 01 04 DF 30 01 00 DF EF 4C 06 00 25 00 00 00 00 DF EF 4D 25 36 35 31 30 30 30 30 30 30 30 30 30 30 31 32 35 3D 31 37 31 32 32 30 31 31 30 30 30 30 39 35 30 30 30 30 30 30 DF EE 26 01 11 FC DB  

 --- 04-00-----DFEF4B = E8 T1+T3+PAN+Only First Element Found

2018/1/8 16:27:27.775 [TX] - 56 69 56 4F 74 65 63 68 32 00 04 00 00 07 DF EF 4B 03 E8 00 00 9D 4D 
2018/1/8 16:27:27.808 [RX] - 56 69 56 4F 74 65 63 68 32 00 04 00 00 00 AE 16  

 --- 02-40 Activate Transaction

2018/1/8 16:27:28.890 [TX] - 56 69 56 4F 74 65 63 68 32 00 02 40 00 15 0A 9F 02 06 00 00 00 00 10 00 9A 03 07 11 21 9F 21 03 10 15 20 5E 34 
2018/1/8 16:27:30.007 [RX] - 56 69 56 4F 74 65 63 68 32 00 02 23 01 38 11 FF EE 13 41 42 36 35 31 30 30 30 30 30 30 30 30 30 30 31 32 35 5E 43 41 52 44 2F 49 4D 41 47 45 20 30 38 20 20 20 20 20 20 20 20 20 20 20 20 20 5E 31 37 31 32 32 30 31 31 30 30 30 30 39 35 30 30 30 30 30 30 FF EE 14 25 36 35 31 30 30 30 30 30 30 30 30 30 30 31 32 35 3D 31 37 31 32 32 30 31 31 30 30 30 30 39 35 30 30 30 30 30 30 84 08 A0 00 00 03 24 10 10 01 9F 06 07 A0 00 00 03 24 10 10 9F 35 01 25 9F 37 04 59 86 88 95 9F 39 01 91 9A 03 07 11 21 9F 21 03 10 15 20 56 41 42 36 35 31 30 30 30 30 30 30 30 30 30 30 31 32 35 5E 43 41 52 44 2F 49 4D 41 47 45 20 30 38 20 20 20 20 20 20 20 20 20 20 20 20 20 5E 31 37 31 32 32 30 31 31 30 30 30 30 39 35 30 30 30 30 30 30 57 13 65 10 00 00 00 00 01 25 D1 71 22 01 10 00 09 50 00 00 0F 9C 01 00 FF EE 01 04 DF 30 01 00 DF EF 4C 06 00 25 00 00 00 00 DF EF 4D 25 36 35 31 30 30 30 30 30 30 30 30 30 30 31 32 35 3D 31 37 31 32 32 30 31 31 30 30 30 30 39 35 30 30 30 30 30 30 DF EE 26 01 11 10 55  

 --- 04-00-----DFEF4B = D8 T2+T3+PAN+Only First Element Found

2018/1/8 16:27:30.855 [TX] - 56 69 56 4F 74 65 63 68 32 00 04 00 00 07 DF EF 4B 03 D8 00 00 38 88 
2018/1/8 16:27:30.888 [RX] - 56 69 56 4F 74 65 63 68 32 00 04 00 00 00 AE 16  

 --- 02-40 Activate Transaction

2018/1/8 16:27:32.042 [TX] - 56 69 56 4F 74 65 63 68 32 00 02 40 00 15 0A 9F 02 06 00 00 00 00 10 00 9A 03 07 11 21 9F 21 03 10 15 20 5E 34 
2018/1/8 16:27:33.257 [RX] - 56 69 56 4F 74 65 63 68 32 00 02 23 01 38 11 FF EE 13 41 42 36 35 31 30 30 30 30 30 30 30 30 30 30 31 32 35 5E 43 41 52 44 2F 49 4D 41 47 45 20 30 38 20 20 20 20 20 20 20 20 20 20 20 20 20 5E 31 37 31 32 32 30 31 31 30 30 30 30 39 35 30 30 30 30 30 30 FF EE 14 25 36 35 31 30 30 30 30 30 30 30 30 30 30 31 32 35 3D 31 37 31 32 32 30 31 31 30 30 30 30 39 35 30 30 30 30 30 30 84 08 A0 00 00 03 24 10 10 01 9F 06 07 A0 00 00 03 24 10 10 9F 35 01 25 9F 37 04 73 33 93 39 9F 39 01 91 9A 03 07 11 21 9F 21 03 10 15 20 56 41 42 36 35 31 30 30 30 30 30 30 30 30 30 30 31 32 35 5E 43 41 52 44 2F 49 4D 41 47 45 20 30 38 20 20 20 20 20 20 20 20 20 20 20 20 20 5E 31 37 31 32 32 30 31 31 30 30 30 30 39 35 30 30 30 30 30 30 57 13 65 10 00 00 00 00 01 25 D1 71 22 01 10 00 09 50 00 00 0F 9C 01 00 FF EE 01 04 DF 30 01 00 DF EF 4C 06 00 25 00 00 00 00 DF EF 4D 25 36 35 31 30 30 30 30 30 30 30 30 30 30 31 32 35 3D 31 37 31 32 32 30 31 31 30 30 30 30 39 35 30 30 30 30 30 30 DF EE 26 01 11 D4 C7  

 --- 04-00-----DFEF4B = F8 T1+T2+T3+PAN+Only First Element Found

2018/1/8 16:27:34.112 [TX] - 56 69 56 4F 74 65 63 68 32 00 04 00 00 07 DF EF 4B 03 F8 00 00 FE 0E 
2018/1/8 16:27:34.145 [RX] - 56 69 56 4F 74 65 63 68 32 00 04 00 00 00 AE 16  

 --- 02-40 Activate Transaction

2018/1/8 16:27:35.321 [TX] - 56 69 56 4F 74 65 63 68 32 00 02 40 00 15 0A 9F 02 06 00 00 00 00 10 00 9A 03 07 11 21 9F 21 03 10 15 20 5E 34 
2018/1/8 16:27:36.638 [RX] - 56 69 56 4F 74 65 63 68 32 00 02 23 01 38 11 FF EE 13 41 42 36 35 31 30 30 30 30 30 30 30 30 30 30 31 32 35 5E 43 41 52 44 2F 49 4D 41 47 45 20 30 38 20 20 20 20 20 20 20 20 20 20 20 20 20 5E 31 37 31 32 32 30 31 31 30 30 30 30 39 35 30 30 30 30 30 30 FF EE 14 25 36 35 31 30 30 30 30 30 30 30 30 30 30 31 32 35 3D 31 37 31 32 32 30 31 31 30 30 30 30 39 35 30 30 30 30 30 30 84 08 A0 00 00 03 24 10 10 01 9F 06 07 A0 00 00 03 24 10 10 9F 35 01 25 9F 37 04 10 16 33 25 9F 39 01 91 9A 03 07 11 21 9F 21 03 10 15 20 56 41 42 36 35 31 30 30 30 30 30 30 30 30 30 30 31 32 35 5E 43 41 52 44 2F 49 4D 41 47 45 20 30 38 20 20 20 20 20 20 20 20 20 20 20 20 20 5E 31 37 31 32 32 30 31 31 30 30 30 30 39 35 30 30 30 30 30 30 57 13 65 10 00 00 00 00 01 25 D1 71 22 01 10 00 09 50 00 00 0F 9C 01 00 FF EE 01 04 DF 30 01 00 DF EF 4C 06 00 25 00 00 00 00 DF EF 4D 25 36 35 31 30 30 30 30 30 30 30 30 30 30 31 32 35 3D 31 37 31 32 32 30 31 31 30 30 30 30 39 35 30 30 30 30 30 30 DF EE 26 01 11 20 53  
---------- END OF TEST ----------

 Result = PASSED
 

 MASTER RESULT = PASSED


Docklight Log File (HEX) - Stopped 2018/1/8 16:27:37.581 

