Docklight Log File (HEX) - Started 2026/3/23 13:20:32.864 
 TEST CASE: CA016

 --- Set POS COM PORT Settings
 Set POS COM PORT...
 POS operating on COM90 @ 9600 baud...
 Set POS COM PORT - COMPLETE

 --- Create AID 1 Successful

2026/3/23 13:20:34.311 [TX] - 56 69 56 4F 74 65 63 68 32 00 04 02 00 12 FF E4 01 01 9F 06 07 A0 21 34 56 13 10 10 FF E2 01 01 16 DF 
2026/3/23 13:20:34.323 [RX] - 56 69 56 4F 74 65 63 68 32 00 04 00 00 00 AE 16 00 00 00 00 00 00 00 00 00 00 00 00 00 00 00 00 00 00 00 00 00 00 00 00 00 00 00 00 00 00 00 00 00 00 00 00 00 00 00 00 00 00 00 00 00 00 00  

 --- Get AID 1 Successful

2026/3/23 13:20:35.345 [TX] - 56 69 56 4F 74 65 63 68 32 00 03 04 00 0A 9F 06 07 A0 21 34 56 13 10 10 32 48 
2026/3/23 13:20:35.354 [RX] - 56 69 56 4F 74 65 63 68 32 00 03 00 00 12 FF E4 01 01 9F 06 07 A0 21 34 56 13 10 10 FF E2 01 01 75 F2 00 00 00 00 00 00 00 00 00 00 00 00 00 00 00 00 00 00 00 00 00 00 00 00 00 00 00 00 00  

 --- Create AID 2 Successful

2026/3/23 13:20:35.365 [TX] - 56 69 56 4F 74 65 63 68 32 00 04 02 00 12 FF E4 01 02 9F 06 07 A0 21 34 57 13 10 10 FF E2 01 01 E0 7B 
2026/3/23 13:20:35.375 [RX] - 56 69 56 4F 74 65 63 68 32 00 04 00 00 00 AE 16 00 00 00 00 00 00 00 00 00 00 00 00 00 00 00 00 00 00 00 00 00 00 00 00 00 00 00 00 00 00 00 00 00 00 00 00 00 00 00 00 00 00 00 00 00 00 00  

 --- Get AID 2 Successful

2026/3/23 13:20:36.410 [TX] - 56 69 56 4F 74 65 63 68 32 00 03 04 00 0A 9F 06 07 A0 21 34 57 13 10 10 86 3E 
2026/3/23 13:20:36.419 [RX] - 56 69 56 4F 74 65 63 68 32 00 03 00 00 12 FF E4 01 02 9F 06 07 A0 21 34 57 13 10 10 FF E2 01 01 D1 04 00 00 00 00 00 00 00 00 00 00 00 00 00 00 00 00 00 00 00 00 00 00 00 00 00 00 00 00 00  

 --- Create AID 3 Successful

2026/3/23 13:20:36.448 [TX] - 56 69 56 4F 74 65 63 68 32 00 04 02 00 12 FF E4 01 03 9F 06 07 A0 21 34 58 13 10 10 FF E2 01 01 DE 0C 
2026/3/23 13:20:36.459 [RX] - 56 69 56 4F 74 65 63 68 32 00 04 00 00 00 AE 16 00 00 00 00 00 00 00 00 00 00 00 00 00 00 00 00 00 00 00 00 00 00 00 00 00 00 00 00 00 00 00 00 00 00 00 00 00 00 00 00 00 00 00 00 00 00 00  

 --- Get AID 3 Successful

2026/3/23 13:20:37.495 [TX] - 56 69 56 4F 74 65 63 68 32 00 03 04 00 0A 9F 06 07 A0 21 34 58 13 10 10 68 EA 
2026/3/23 13:20:37.503 [RX] - 56 69 56 4F 74 65 63 68 32 00 03 00 00 12 FF E4 01 03 9F 06 07 A0 21 34 58 13 10 10 FF E2 01 01 A6 3A 00 00 00 00 00 00 00 00 00 00 00 00 00 00 00 00 00 00 00 00 00 00 00 00 00 00 00 00 00  

 --- Create AID 4 Successful

2026/3/23 13:20:37.525 [TX] - 56 69 56 4F 74 65 63 68 32 00 04 02 00 12 FF E4 01 04 9F 06 07 A0 21 34 59 13 10 10 FF E2 01 01 9A 33 
2026/3/23 13:20:37.535 [RX] - 56 69 56 4F 74 65 63 68 32 00 04 00 00 00 AE 16 00 00 00 00 00 00 00 00 00 00 00 00 00 00 00 00 00 00 00 00 00 00 00 00 00 00 00 00 00 00 00 00 00 00 00 00 00 00 00 00 00 00 00 00 00 00 00  

 --- Get AID 4 Successful

2026/3/23 13:20:38.558 [TX] - 56 69 56 4F 74 65 63 68 32 00 03 04 00 0A 9F 06 07 A0 21 34 59 13 10 10 DC 9C 
2026/3/23 13:20:38.563 [RX] - 56 69 56 4F 74 65 63 68 32 00 03 00 00 12 FF E4 01 04 9F 06 07 A0 21 34 59 13 10 10 FF E2 01 01  <-- AID 4 99 7E 00 00 00 00 00 00 00 00 00 00 00 00 00 00 00 00 00 00 00 00 00 00 00 00 00 00 00 00 00  

 --- Create AID 5 Successful

2026/3/23 13:20:38.587 [TX] - 56 69 56 4F 74 65 63 68 32 00 04 02 00 12 FF E4 01 05 9F 06 07 A0 21 34 60 13 10 10 FF E2 01 01 B3 82 
2026/3/23 13:20:38.599 [RX] - 56 69 56 4F 74 65 63 68 32 00 04 00 00 00 AE 16 00 00 00 00 00 00 00 00 00 00 00 00 00 00 00 00 00 00 00 00 00 00 00 00 00 00 00 00 00 00 00 00 00 00 00 00 00 00 00 00 00 00 00 00 00 00 00  

 --- Get AID 5 Successful

2026/3/23 13:20:39.620 [TX] - 56 69 56 4F 74 65 63 68 32 00 03 04 00 0A 9F 06 07 A0 21 34 60 13 10 10 42 43 
2026/3/23 13:20:39.627 [RX] - 56 69 56 4F 74 65 63 68 32 00 03 00 00 12 FF E4 01 05 9F 06 07 A0 21 34 60 13 10 10 FF E2 01 01 28 57 00 00 00 00 00 00 00 00 00 00 00 00 00 00 00 00 00 00 00 00 00 00 00 00 00 00 00 00 00  

 --- Create AID 6 Successful

2026/3/23 13:20:39.649 [TX] - 56 69 56 4F 74 65 63 68 32 00 04 02 00 12 FF E4 01 06 9F 06 07 A0 21 34 61 13 10 10 FF E2 01 01 45 26 
2026/3/23 13:20:39.659 [RX] - 56 69 56 4F 74 65 63 68 32 00 04 00 00 00 AE 16 00 00 00 00 00 00 00 00 00 00 00 00 00 00 00 00 00 00 00 00 00 00 00 00 00 00 00 00 00 00 00 00 00 00 00 00 00 00 00 00 00 00 00 00 00 00 00  

 --- Get AID 6 Successful

2026/3/23 13:20:40.687 [TX] - 56 69 56 4F 74 65 63 68 32 00 03 04 00 0A 9F 06 07 A0 21 34 61 13 10 10 F6 35 
2026/3/23 13:20:40.695 [RX] - 56 69 56 4F 74 65 63 68 32 00 03 00 00 12 FF E4 01 06 9F 06 07 A0 21 34 61 13 10 10 FF E2 01 01 8C A1 00 00 00 00 00 00 00 00 00 00 00 00 00 00 00 00 00 00 00 00 00 00 00 00 00 00 00 00 00  

 --- Create AID 7 Successful

2026/3/23 13:20:40.716 [TX] - 56 69 56 4F 74 65 63 68 32 00 04 02 00 12 FF E4 01 07 9F 06 07 A0 21 34 62 13 10 10 FF E2 01 01 CC 40 
2026/3/23 13:20:40.727 [RX] - 56 69 56 4F 74 65 63 68 32 00 04 00 00 00 AE 16 00 00 00 00 00 00 00 00 00 00 00 00 00 00 00 00 00 00 00 00 00 00 00 00 00 00 00 00 00 00 00 00 00 00 00 00 00 00 00 00 00 00 00 00 00 00 00  

 --- Get AID 7 Successful

2026/3/23 13:20:41.751 [TX] - 56 69 56 4F 74 65 63 68 32 00 03 04 00 0A 9F 06 07 A0 21 34 62 13 10 10 2A AE 
2026/3/23 13:20:41.759 [RX] - 56 69 56 4F 74 65 63 68 32 00 03 00 00 12 FF E4 01 07 9F 06 07 A0 21 34 62 13 10 10 FF E2 01 01 EA 28 00 00 00 00 00 00 00 00 00 00 00 00 00 00 00 00 00 00 00 00 00 00 00 00 00 00 00 00 00  

 --- Create AID 8 Successful

2026/3/23 13:20:41.782 [TX] - 56 69 56 4F 74 65 63 68 32 00 04 02 00 12 FF E4 01 07 9F 06 07 A0 21 34 63 13 10 10 FF E2 01 01 1F 07 
2026/3/23 13:20:41.791 [RX] - 56 69 56 4F 74 65 63 68 32 00 04 00 00 00 AE 16 00 00 00 00 00 00 00 00 00 00 00 00 00 00 00 00 00 00 00 00 00 00 00 00 00 00 00 00 00 00 00 00 00 00 00 00 00 00 00 00 00 00 00 00 00 00 00  

 --- Get AID 8 Successful

2026/3/23 13:20:42.816 [TX] - 56 69 56 4F 74 65 63 68 32 00 03 04 00 0A 9F 06 07 A0 21 34 63 13 10 10 9E D8 
2026/3/23 13:20:42.823 [RX] - 56 69 56 4F 74 65 63 68 32 00 03 00 00 12 FF E4 01 07 9F 06 07 A0 21 34 63 13 10 10 FF E2 01 01 AD FB 00 00 00 00 00 00 00 00 00 00 00 00 00 00 00 00 00 00 00 00 00 00 00 00 00 00 00 00 00  

 --- Get all AIDs: check AID 4 only

2026/3/23 13:20:43.844 [TX] - 56 69 56 4F 74 65 63 68 32 00 03 05 00 00 CB 14 
2026/3/23 13:20:43.859 [RX] - 56 69 56 4F 74 65 63 68 32 00 03 00 02 AB FF E4 01 02 9F 06 06 A0 00 00 00 25 01 FF E1 01 01 FF E5 01 10 FF E9 06 04 00 02 04 01 02 DF EF 2C 01 01 FF E2 01 02 FF E4 01 01 9F 06 07 A0 00 00 00 04 10 10 FF E1 01 01 FF E3 01 74 FF E5 01 10 FF E9 0C 02 00 01 02 20 01 02 01 01 02 09 01 FF EA 01 02 FF E2 01 03 FF E4 01 00 9F 06 07 A0 00 00 00 65 90 01 FF E1 01 01 FF E3 01 14 FF E5 01 08 FF E6 01 80 FF E2 01 0E FF E4 01 01 9F 06 07 A0 00 00 00 04 30 60 FF E1 01 01 FF E3 01 74 FF E5 01 10 FF E9 0C 02 00 01 02 20 01 02 01 01 02 09 01 FF EA 01 02 FF E2 01 03 FF E4 01 06 9F 06 07 A0 00 00 00 03 10 10 FF E1 01 01 FF E3 01 14 FF E5 01 10 FF E2 01 06 FF E4 01 06 9F 06 07 A0 00 00 00 03 20 10 FF E1 01 01 FF E3 01 14 FF E5 01 10 FF E2 01 06 FF E4 01 06 9F 06 07 A0 00 00 00 03 30 10 FF E1 01 01 FF E3 01 14 FF E5 01 10 FF E2 01 06 FF E4 01 00 9F 06 07 A0 00 00 00 65 10 10 FF E1 01 01 FF E3 01 14 FF E5 01 10 FF E2 01 06 FF E4 01 03 9F 06 07 A0 00 00 03 24 10 10 FF E1 01 01 FF E5 01 10 FF E2 01 0D FF E4 01 00 9F 06 0A A0 00 00 00 02 30 60 D1 58 00 FF E1 01 01 FF E3 01 74 FF E5 01 10 FF E2 01 10 FF E4 01 00 9F 06 07 A0 00 00 04 17 01 01 FF E1 01 01 FF E3 01 08 FF E5 01 08 FF E2 01 0F FF E4 01 04 9F 06 07 A0 00 00 02 77 10 10 FF E1 01 01 FF E5 01 10 FF E2 01 15 FF E4 01 03 9F 06 07 A0 00 00 01 52 30 10 FF E1 01 01 FF E5 01 10 FF E2 01 0D FF E4 01 06 9F 06 07 A0 00 00 00 03 80 10 FF E1 01 01 FF E3 01 14 FF E5 01 10 FF E2 01 06 FF E4 01 05 9F 06 07 A0 00 00 00 04 22 03 FF E1 01 01 FF E3 01 74 FF E5 01 10 FF E9 0C 02 00 05 02 20 05 02 01 05 02 09 05 FF EA 01 02 FF E2 01 03 FF E4 01 8E 9F 06 09 A0 00 00 04 76 D0 00 01 11 FF E1 01 01 FF E5 01 10 FF E2 01 17 FF E4 01 01 9F 06 07 A0 21 34 56 13 10 10 FF E2 01 01 FF E4 01 02 9F 06 07 A0 21 34 57 13 10 10 FF E2 01 01 FF E4 01 03 9F 06 07 A0 21 34 58 13 10 10 FF E2 01 01 FF E4 01 04 9F 06 07 A0 21 34 59 13 10 10 FF E2 01 01  <-- AID 4 FF E4 01 05 9F 06 07 A0 21 34 60 13 10 10 FF E2 01 01 FF E4 01 06 9F 06 07 A0 21 34 61 13 10 10 FF E2 01 01 FF E4 01 07 9F 06 07 A0 21 34 62 13 10 10 FF E2 01 01 FF E4 01 07 9F 06 07 A0 21 34 63 13 10 10 FF E2 01 01 74 69 00 00 00 00 00 00 00 00 00 00 00 00 00 00 00 00 00 00 00 00 00 00 00 00 00 00 00 00 00 00 00 00 00 00 00 00 00 00 00 00 00 00 00 00 00 00 00 00 00 00 00 00 00 00 00 00 00  

 Result = PASSED
 ---------- END OF TEST ----------

 

 MASTER RESULT = PASSED


Docklight Log File (HEX) - Stopped 2026/3/23 13:20:45.524 

