Docklight Log File (HEX) - Started 2016/11/16 09:26:07.232 
 TEST CASE: ST013-2

 --- Set POS COM PORT Settings
 Set POS COM PORT...
 POS operating on COM90 @ 9600 baud...
 Set POS COM PORT - COMPLETE

 --- Poll on demand

2016/11/16 09:26:08.478 [TX] - 56 69 56 4F 74 65 63 68 32 00 01 01 00 01 01 D7 34 
2016/11/16 09:26:08.483 [RX] - 56 69 56 4F 74 65 63 68 32 00 01 00 00 00 12 53 00 00 00 00 00 00 00 00 00 00 00 00 00 00 00 00 00 00 00 00 00 00 00 00 00 00 00 00 00 00 00 00 00 00 00 00 00 00 00 00 00 00 00 00 00 00 00  

 --- Burst mode off

2016/11/16 09:26:08.497 [TX] - 56 69 56 4F 74 65 63 68 32 00 04 00 00 04 FF F7 01 00 B9 2E 
2016/11/16 09:26:08.503 [RX] - 56 69 56 4F 74 65 63 68 32 00 04 00 00 00 AE 16 00 00 00 00 00 00 00 00 00 00 00 00 00 00 00 00 00 00 00 00 00 00 00 00 00 00 00 00 00 00 00 00 00 00 00 00 00 00 00 00 00 00 00 00 00 00 00  

 --- Set SmartTap support: FFF3

2016/11/16 09:26:08.509 [TX] - 56 69 56 4F 74 65 63 68 32 00 04 00 00 05 FF F3 02 17 FF B9 2E 
2016/11/16 09:26:08.515 [RX] - 56 69 56 4F 74 65 63 68 32 00 04 00 00 00 AE 16 00 00 00 00 00 00 00 00 00 00 00 00 00 00 00 00 00 00 00 00 00 00 00 00 00 00 00 00 00 00 00 00 00 00 00 00 00 00 00 00 00 00 00 00 00 00 00  

 --- 04-11 Set Merchant Record

2016/11/16 09:26:09.535 [TX] - 56 69 56 4F 74 65 63 68 32 00 04 11 00 63 01 01 3C C7 0E D8 9A 9D 43 54 BE 98 30 AB 58 D8 9C 6F E7 E6 2B AC A9 39 D2 A6 85 1D FC 60 2E A7 98 F7 00 00 00 00 00 00 00 00 00 00 00 00 00 00 00 00 00 00 00 00 00 00 00 00 00 00 00 00 00 00 00 00 00 00 00 00 00 00 00 00 00 00 00 00 00 00 00 00 00 00 00 00 00 00 00 00 00 00 00 00 00 00 00 00 00 25 B1 
2016/11/16 09:26:09.543 [RX] - 56 69 56 4F 74 65 63 68 32 00 04 00 00 00 AE 16 00 00 00 00 00 00 00 00 00 00 00 00 00 00 00 00 00 00 00 00 00 00 00 00 00 00 00 00 00 00 00 00 00 00 00 00 00 00 00 00 00 00 00 00 00 00 00  

 --- 02-40 Act-Test 1 SmartTap Phone, PrePPSE read, NoPay, LOYALTY

2016/11/16 09:26:12.055 [TX] - 56 69 56 4F 74 65 63 68 32 00 02 40 00 41 0A 9F 02 06 00 00 00 00 15 00 FF EE 01 33 DF 50 04 17 02 01 00 DF 47 29 DF 31 04 99 99 99 99 DF 32 04 88 77 66 55 DF 41 05 70 02 00 00 01 DF 11 07 20 11 09 28 12 00 30 DF 12 02 01 00 DF 33 01 80 14 C1 
2016/11/16 09:26:12.799 [RX] - 56 69 56 4F 74 65 63 68 32 00 02 0A 00 1F 01 FF EE 02 09 DF 49 06 00 00 20 02 67 00 9F 39 01 07 FF EE 01 04 DF 30 01 00 DF EE 26 01 01 46 10 00 00 00 00 00 00 00 00 00 00 00 00 00 00 00 00  

 --- 02-40 Act-Test 2 SmartTap Phone, PrePPSE read, NoPay, OFFERS

2016/11/16 09:26:14.042 [TX] - 56 69 56 4F 74 65 63 68 32 00 02 40 00 41 0A 9F 02 06 00 00 00 00 15 00 FF EE 01 33 DF 50 04 17 02 01 00 DF 47 29 DF 31 04 99 99 99 99 DF 32 04 88 77 66 55 DF 54 05 12 63 19 70 11 DF 11 07 20 11 09 28 12 00 30 DF 12 02 01 00 DF 33 01 20 9F 68 
2016/11/16 09:26:14.715 [RX] - 56 69 56 4F 74 65 63 68 32 00 02 0A 00 1F 01 FF EE 02 09 DF 49 06 00 00 20 02 67 00 9F 39 01 07 FF EE 01 04 DF 30 01 00 DF EE 26 01 01 46 10 00 00 00 00 00 00 00 00 00 00 00 00 00 00 00 00  

 --- 02-40 Act-Test 3 SmartTap Phone, PrePPSE read, NoPay, LOYALTY+OFFERS

2016/11/16 09:26:16.123 [TX] - 56 69 56 4F 74 65 63 68 32 00 02 40 00 69 0A 9F 02 06 00 00 00 00 15 00 FF EE 01 5B DF 50 04 17 02 01 00 DF 47 51 DF 31 08 99 99 99 99 88 88 88 88 DF 32 20 30 31 32 33 34 35 36 37 38 39 41 42 43 44 45 46 46 45 44 43 42 41 39 38 37 36 35 34 33 32 31 30 DF 41 05 70 02 00 00 01 DF 54 05 12 63 19 70 11 DF 11 07 20 11 09 28 12 00 30 DF 12 02 01 20 DF 33 01 A0 C8 AE 
2016/11/16 09:26:16.783 [RX] - 56 69 56 4F 74 65 63 68 32 00 02 0A 00 1F 01 FF EE 02 09 DF 49 06 00 00 20 02 67 00 9F 39 01 07 FF EE 01 04 DF 30 01 00 DF EE 26 01 01 46 10 00 00 00 00 00 00 00 00 00 00 00 00 00 00 00 00  

 --- 02-40 Act-Test 4 SmartTap Phone, PrePPSE read, Pay, LOYALTY+OFFERS

2016/11/16 09:26:18.361 [TX] - 56 69 56 4F 74 65 63 68 32 00 02 40 00 69 0A 9F 02 06 00 00 00 00 15 00 FF EE 01 5B DF 50 04 17 03 01 00 DF 47 51 DF 31 08 99 99 99 99 88 88 88 88 DF 32 20 30 31 32 33 34 35 36 37 38 39 41 42 43 44 45 46 46 45 44 43 42 41 39 38 37 36 35 34 33 32 31 30 DF 41 05 70 02 00 00 01 DF 54 05 12 63 19 70 11 DF 11 07 20 11 09 28 12 00 30 DF 12 02 01 20 DF 33 01 A8 73 A8 
2016/11/16 09:26:19.231 [RX] - 56 69 56 4F 74 65 63 68 32 00 02 23 01 A3 11 82 02 00 00 95 05 00 00 00 00 00 9A 03 14 08 10 9C 01 00 5F 2A 02 08 40 9F 02 06 00 00 00 00 15 00 9F 03 06 00 00 00 00 00 00 9F 06 07 A0 00 00 00 04 10 10 9F 09 02 00 02 9F 1A 02 08 40 9F 1E 08 30 30 30 30 30 30 30 30 9F 21 03 12 27 11 9F 33 03 00 00 E8 9F 34 03 00 00 00 9F 35 01 22 9F 36 02 0C EE 9F 37 04 5D 01 48 9F 9F 39 01 91 9F 53 01 00 DF 81 29 08 30 F0 F0 00 30 F0 FF 00 FF 81 06 31 DF 81 2A 18 30 30 30 31 30 30 30 30 30 31 30 30 31 31 31 31 31 31 31 31 31 31 31 32 DF 81 2B 07 00 01 00 00 01 00 2F DF 81 15 06 00 00 00 00 00 FF FF 81 05 70 50 0A 4D 61 73 74 65 72 43 61 72 64 84 07 A0 00 00 00 04 10 10 9F 6D 02 00 01 56 3E 42 35 32 35 36 38 33 32 30 33 30 30 30 30 30 30 30 5E 53 75 70 70 6C 69 65 64 2F 4E 6F 74 5E 31 32 31 32 35 30 32 38 32 33 31 30 33 33 31 30 31 36 30 31 31 31 31 31 31 31 31 31 31 31 32 9F 6B 13 52 56 83 20 30 00 00 00 D1 21 25 02 37 21 03 31 01 60 2F FF EE 01 2F DF 30 01 00 DF 31 18 30 30 30 31 30 30 30 30 30 31 30 30 31 31 31 31 31 31 31 31 31 31 31 32 DF 32 0D 30 30 30 31 30 30 30 30 30 31 30 30 32 FF EE 02 09 DF 49 06 00 00 20 02 67 00 DF EF 4C 06 00 27 00 00 00 00 DF EF 4D 27 3B 35 32 35 36 38 33 32 30 33 30 30 30 30 30 30 30 3D 31 32 31 32 35 30 32 33 37 32 31 30 33 33 31 30 31 36 30 32 3F DF EE 26 01 11 45 F3 00 00 00 00 00 00  

 --- 02-40 Act-Test 5 SmartTap Phone, PostPPSE read, Pay, LOYALTY+OFFERS

2016/11/16 09:26:21.466 [TX] - 56 69 56 4F 74 65 63 68 32 00 02 40 00 69 0A 9F 02 06 00 00 00 00 15 00 FF EE 01 5B DF 50 04 17 05 00 01 DF 47 51 DF 31 08 99 99 99 99 88 88 88 88 DF 32 20 30 31 32 33 34 35 36 37 38 39 41 42 43 44 45 46 46 45 44 43 42 41 39 38 37 36 35 34 33 32 31 30 DF 41 05 70 02 00 00 01 DF 54 05 12 63 19 70 11 DF 11 07 20 11 09 28 12 00 30 DF 12 02 01 20 DF 33 01 A8 18 5A 
2016/11/16 09:26:22.491 [RX] - 56 69 56 4F 74 65 63 68 32 00 02 23 01 A3 11 82 02 00 00 95 05 00 00 00 00 00 9A 03 14 08 10 9C 01 00 5F 2A 02 08 40 9F 02 06 00 00 00 00 15 00 9F 03 06 00 00 00 00 00 00 9F 06 07 A0 00 00 00 04 10 10 9F 09 02 00 02 9F 1A 02 08 40 9F 1E 08 30 30 30 30 30 30 30 30 9F 21 03 12 27 14 9F 33 03 00 00 E8 9F 34 03 00 00 00 9F 35 01 22 9F 36 02 0C EF 9F 37 04 C0 72 A1 2F 9F 39 01 91 9F 53 01 00 DF 81 29 08 30 F0 F0 00 30 F0 FF 00 FF 81 06 31 DF 81 2A 18 30 30 30 31 30 30 30 30 30 31 30 30 31 31 31 31 31 31 31 31 31 31 31 32 DF 81 2B 07 00 01 00 00 01 00 2F DF 81 15 06 00 00 00 00 00 FF FF 81 05 70 50 0A 4D 61 73 74 65 72 43 61 72 64 84 07 A0 00 00 00 04 10 10 9F 6D 02 00 01 56 3E 42 35 32 35 36 38 33 32 30 33 30 30 30 30 30 30 30 5E 53 75 70 70 6C 69 65 64 2F 4E 6F 74 5E 31 32 31 32 35 30 32 39 30 33 31 30 33 33 31 31 31 32 38 31 31 31 31 31 31 31 31 31 31 31 32 9F 6B 13 52 56 83 20 30 00 00 00 D1 21 25 02 92 41 03 31 11 28 2F FF EE 01 2F DF 30 01 00 DF 31 18 30 30 30 31 30 30 30 30 30 31 30 30 31 31 31 31 31 31 31 31 31 31 31 32 DF 32 0D 30 30 30 31 30 30 30 30 30 31 30 30 32 FF EE 03 09 DF 49 06 00 00 20 02 67 00 DF EF 4C 06 00 27 00 00 00 00 DF EF 4D 27 3B 35 32 35 36 38 33 32 30 33 30 30 30 30 30 30 30 3D 31 32 31 32 35 30 32 39 32 34 31 30 33 33 31 31 31 32 38 32 3F DF EE 26 01 11 26 C8 00 00 00 00 00 00  

 --- 02-40 Act-Test 6 SmartTap Phone, PrePPSE read, Pay, LOYALTY+OFFERS, LargeData

2016/11/16 09:26:23.914 [TX] - 56 69 56 4F 74 65 63 68 32 00 02 40 00 69 0A 9F 02 06 00 00 00 00 15 00 FF EE 01 5B DF 50 04 17 02 01 00 DF 47 51 DF 31 08 99 99 99 99 88 88 88 88 DF 32 20 30 31 32 33 34 35 36 37 38 39 41 42 43 44 45 46 46 45 44 43 42 41 39 38 37 36 35 34 33 32 31 30 DF 41 05 70 02 00 00 01 DF 54 05 12 63 19 70 11 DF 11 07 20 11 09 28 12 00 30 DF 12 02 01 20 DF 33 01 A0 C8 AE 
2016/11/16 09:26:24.623 [RX] - 56 69 56 4F 74 65 63 68 32 00 02 0A 00 1F 01 FF EE 02 09 DF 49 06 00 00 20 02 67 00 9F 39 01 07 FF EE 01 04 DF 30 01 00 DF EE 26 01 01 46 10 00 00 00 00 00 00 00 00 00 00 00 00 00 00 00 00  

 --- 02-40 Act-Test7 Apple VAS Only, Beep + SmartTap PrePPSE read, NoPay, LOYALTY

2016/11/16 09:26:26.155 [TX] - 56 69 56 4F 74 65 63 68 32 00 02 40 00 5D 0A 9F 02 06 00 00 00 00 15 00 FF EE 06 18 9F 22 02 01 00 9F 26 04 00 00 00 02 9F 2B 05 01 00 00 00 00 DF 01 01 03 FF EE 01 33 DF 50 04 17 02 01 00 DF 47 29 DF 31 04 99 99 99 99 DF 32 04 88 77 66 55 DF 41 05 70 02 00 00 01 DF 11 07 20 11 09 28 12 00 30 DF 12 02 01 00 DF 33 01 80 07 24 
2016/11/16 09:26:27.855 [RX] - 56 69 56 4F 74 65 63 68 32 00 02 0A 00 37 01 FF EE 06 82 00 12 9A 03 14 08 10 9F 21 03 12 27 18 DF 02 04 20 67 00 02 FF EE 02 09 DF 49 06 00 00 20 02 67 00 9F 39 01 07 FF EE 01 04 DF 30 01 00 DF EE 26 01 01 98 EA 00 00 00 00 00 00 00 00 00 00 00 00 00 00 00 00 00 00 00 00 00 00 00 00 00 00 00 00 00 00 00 00 00 00 00 00 00 00 00 00 00 00 00 00 00 00 00 00 00 00 00 00 00 00 00  

 --- 02-40 Act-Test8 Apple VAS Only + SmartTap PrePPSE read, Pay, LOYALTY & OFFERS

2016/11/16 09:26:29.193 [TX] - 56 69 56 4F 74 65 63 68 32 00 02 40 00 85 0A 9F 02 06 00 00 00 00 15 00 FF EE 06 18 9F 22 02 01 00 9F 26 04 00 00 00 02 9F 2B 05 01 00 00 00 00 DF 01 01 01 FF EE 01 5B DF 50 04 17 03 01 00 DF 47 51 DF 31 08 99 99 99 99 88 88 88 88 DF 32 20 30 31 32 33 34 35 36 37 38 39 41 42 43 44 45 46 46 45 44 43 42 41 39 38 37 36 35 34 33 32 31 30 DF 41 05 70 02 00 00 01 DF 54 05 12 63 19 70 11 DF 11 07 20 11 09 28 12 00 30 DF 12 02 01 20 DF 33 01 A8 D0 D2 
2016/11/16 09:26:30.963 [RX] - 56 69 56 4F 74 65 63 68 32 00 02 23 01 BB 11 82 02 00 00 95 05 00 00 00 00 00 9A 03 14 08 10 9C 01 00 5F 2A 02 08 40 9F 02 06 00 00 00 00 15 00 9F 03 06 00 00 00 00 00 00 9F 06 07 A0 00 00 00 04 10 10 9F 09 02 00 02 9F 1A 02 08 40 9F 1E 08 30 30 30 30 30 30 30 30 9F 21 03 12 27 22 9F 33 03 00 00 E8 9F 34 03 00 00 00 9F 35 01 22 9F 36 02 0C F0 9F 37 04 6F C3 4D E7 9F 39 01 91 9F 53 01 00 DF 81 29 08 30 F0 F0 00 30 F0 FF 00 FF 81 06 31 DF 81 2A 18 30 30 30 31 30 30 30 30 30 31 30 30 31 31 31 31 31 31 31 31 31 31 31 32 DF 81 2B 07 00 01 00 00 01 00 2F DF 81 15 06 00 00 00 00 00 FF FF 81 05 70 50 0A 4D 61 73 74 65 72 43 61 72 64 84 07 A0 00 00 00 04 10 10 9F 6D 02 00 01 56 3E 42 35 32 35 36 38 33 32 30 33 30 30 30 30 30 30 30 5E 53 75 70 70 6C 69 65 64 2F 4E 6F 74 5E 31 32 31 32 35 30 32 32 30 30 31 30 33 33 31 32 31 37 35 31 31 31 31 31 31 31 31 31 31 31 32 9F 6B 13 52 56 83 20 30 00 00 00 D1 21 25 02 19 11 03 31 21 75 2F FF EE 01 2F DF 30 01 00 DF 31 18 30 30 30 31 30 30 30 30 30 31 30 30 31 31 31 31 31 31 31 31 31 31 31 32 DF 32 0D 30 30 30 31 30 30 30 30 30 31 30 30 32 FF EE 06 82 00 12 9A 03 14 08 10 9F 21 03 12 27 21 DF 02 04 20 67 00 02 FF EE 02 09 DF 49 06 00 00 20 02 67 00 DF EF 4C 06 00 27 00 00 00 00 DF EF 4D 27 3B 35 32 35 36 38 33 32 30 33 30 30 30 30 30 30 30 3D 31 32 31 32 35 30 32 31 39 31 31 30 33 33 31 32 31 37 35 32 3F DF EE 26 01 11 31 0D 00 00 00 00 00 00 00 00 00 00 00 00 00 00 00 00 00 00 00 00 00 00 00 00 00 00 00 00 00 00 00 00 00 00 00 00 00 00 00 00 00 00 00 00 00  

 --- 02-40 Act-Test9 Apple VAS or Pay + SmartTap PrePPSE read, Pay, LOYALTY & OFFERS

2016/11/16 09:26:32.426 [TX] - 56 69 56 4F 74 65 63 68 32 00 02 40 00 85 0A 9F 02 06 00 00 00 00 15 00 FF EE 06 18 9F 22 02 01 00 9F 26 04 00 00 00 00 9F 2B 05 01 00 00 00 00 DF 01 01 01 FF EE 01 5B DF 50 04 17 03 01 00 DF 47 51 DF 31 08 99 99 99 99 88 88 88 88 DF 32 20 30 31 32 33 34 35 36 37 38 39 41 42 43 44 45 46 46 45 44 43 42 41 39 38 37 36 35 34 33 32 31 30 DF 41 05 70 02 00 00 01 DF 54 05 12 63 19 70 11 DF 11 07 20 11 09 28 12 00 30 DF 12 02 01 20 DF 33 01 A8 9F AF 
2016/11/16 09:26:33.879 [RX] - 56 69 56 4F 74 65 63 68 32 00 02 23 01 B0 11 82 02 00 00 95 05 00 00 00 00 00 9A 03 14 08 10 9C 01 00 5F 2A 02 08 40 9F 02 06 00 00 00 00 15 00 9F 03 06 00 00 00 00 00 00 9F 06 07 A0 00 00 00 04 10 10 9F 09 02 00 02 9F 1A 02 08 40 9F 1E 08 30 30 30 30 30 30 30 30 9F 21 03 12 27 25 9F 33 03 00 00 E8 9F 34 03 00 00 00 9F 35 01 22 9F 36 02 0C F1 9F 37 04 4B E7 28 C6 9F 39 01 91 9F 53 01 00 DF 81 29 08 30 F0 F0 00 30 F0 FF 00 FF 81 06 31 DF 81 2A 18 30 30 30 31 30 30 30 30 30 31 30 30 31 31 31 31 31 31 31 31 31 31 31 32 DF 81 2B 07 00 01 00 00 01 00 2F DF 81 15 06 00 00 00 00 00 FF FF 81 05 70 50 0A 4D 61 73 74 65 72 43 61 72 64 84 07 A0 00 00 00 04 10 10 9F 6D 02 00 01 56 3E 42 35 32 35 36 38 33 32 30 33 30 30 30 30 30 30 30 5E 53 75 70 70 6C 69 65 64 2F 4E 6F 74 5E 31 32 31 32 35 30 32 30 31 36 31 30 33 33 31 33 31 37 33 31 31 31 31 31 31 31 31 31 31 31 32 9F 6B 13 52 56 83 20 30 00 00 00 D1 21 25 02 21 51 03 31 31 73 2F FF EE 01 2F DF 30 01 00 DF 31 18 30 30 30 31 30 30 30 30 30 31 30 30 31 31 31 31 31 31 31 31 31 31 31 32 DF 32 0D 30 30 30 31 30 30 30 30 30 31 30 30 32 FF EE 06 82 00 07 DF 02 04 82 67 00 02 FF EE 02 09 DF 49 06 00 00 20 02 67 00 DF EF 4C 06 00 27 00 00 00 00 DF EF 4D 27 3B 35 32 35 36 38 33 32 30 33 30 30 30 30 30 30 30 3D 31 32 31 32 35 30 32 32 31 35 31 30 33 33 31 33 31 37 33 32 3F DF EE 26 01 11 12 33 00 00 00 00 00 00 00 00 00 00 00 00 00 00 00 00 00 00 00 00 00 00 00 00 00 00 00 00 00 00 00 00 00 00 00 00 00 00 00 00 00 00 00 00 00 00 00 00 00 00 00 00 00 00 00 00  

 --- 02-40 Act-Test10 Apple VAS & Pay + SmartTap PrePPSE read, Pay, LOYALTY & OFFERS

2016/11/16 09:26:35.113 [TX] - 56 69 56 4F 74 65 63 68 32 00 02 40 00 85 0A 9F 02 06 00 00 00 00 15 00 FF EE 06 18 9F 22 02 01 00 9F 26 04 00 00 00 01 9F 2B 05 01 00 00 00 00 DF 01 01 01 FF EE 01 5B DF 50 04 17 03 01 00 DF 47 51 DF 31 08 99 99 99 99 88 88 88 88 DF 32 20 30 31 32 33 34 35 36 37 38 39 41 42 43 44 45 46 46 45 44 43 42 41 39 38 37 36 35 34 33 32 31 30 DF 41 05 70 02 00 00 01 DF 54 05 12 63 19 70 11 DF 11 07 20 11 09 28 12 00 30 DF 12 02 01 20 DF 33 01 A8 28 19 
2016/11/16 09:26:36.551 [RX] - 56 69 56 4F 74 65 63 68 32 00 02 23 01 B0 11 82 02 00 00 95 05 00 00 00 00 00 9A 03 14 08 10 9C 01 00 5F 2A 02 08 40 9F 02 06 00 00 00 00 15 00 9F 03 06 00 00 00 00 00 00 9F 06 07 A0 00 00 00 04 10 10 9F 09 02 00 02 9F 1A 02 08 40 9F 1E 08 30 30 30 30 30 30 30 30 9F 21 03 12 27 28 9F 33 03 00 00 E8 9F 34 03 00 00 00 9F 35 01 22 9F 36 02 0C F2 9F 37 04 13 3D 05 EC 9F 39 01 91 9F 53 01 00 DF 81 29 08 30 F0 F0 00 30 F0 FF 00 FF 81 06 31 DF 81 2A 18 30 30 30 31 30 30 30 30 30 31 30 30 31 31 31 31 31 31 31 31 31 31 31 32 DF 81 2B 07 00 01 00 00 01 00 2F DF 81 15 06 00 00 00 00 00 FF FF 81 05 70 50 0A 4D 61 73 74 65 72 43 61 72 64 84 07 A0 00 00 00 04 10 10 9F 6D 02 00 01 56 3E 42 35 32 35 36 38 33 32 30 33 30 30 30 30 30 30 30 5E 53 75 70 70 6C 69 65 64 2F 4E 6F 74 5E 31 32 31 32 35 30 32 39 33 38 31 30 33 33 31 34 31 32 32 31 31 31 31 31 31 31 31 31 31 31 32 9F 6B 13 52 56 83 20 30 00 00 00 D1 21 25 02 65 21 03 31 41 22 2F FF EE 01 2F DF 30 01 00 DF 31 18 30 30 30 31 30 30 30 30 30 31 30 30 31 31 31 31 31 31 31 31 31 31 31 32 DF 32 0D 30 30 30 31 30 30 30 30 30 31 30 30 32 FF EE 06 82 00 07 DF 02 04 82 67 00 02 FF EE 02 09 DF 49 06 00 00 20 02 67 00 DF EF 4C 06 00 27 00 00 00 00 DF EF 4D 27 3B 35 32 35 36 38 33 32 30 33 30 30 30 30 30 30 30 3D 31 32 31 32 35 30 32 36 35 32 31 30 33 33 31 34 31 32 32 32 3F DF EE 26 01 11 8D BD 00 00 00 00 00 00 00 00 00 00 00 00 00 00 00 00 00 00 00 00 00 00 00 00 00 00 00 00 00 00 00 00 00 00 00 00 00 00 00 00 00 00 00 00 00 00 00 00 00 00 00 00 00 00 00 00  

 Result = PASSED
 ---------- END OF TEST ----------



Docklight Log File (HEX) - Stopped 2016/11/16 09:26:36.663 

