Docklight Log File (HEX) - Started 2022/1/12 09:32:01.620 
 TEST CASE: GTR008

 --- Set POS COM PORT Settings
 Set POS COM PORT...
 POS operating on COM1 @ 9600 baud...
 Set POS COM PORT - COMPLETE

 --- Burst mode OFF

2022/1/12 09:32:02.751 [TX] - 56 69 56 4F 74 65 63 68 32 00 04 00 00 04 FF F7 01 00 B9 2E 
2022/1/12 09:32:02.817 [RX] - 55 55 55 55 55 55 55 55 55 55 55 55 55 55 55 55 55 55 55 55 55 55 55 55 55 55 55 55 55 55 66 56 69 56 4F 74 65 63 68 32 00 04 00 00 00 AE 16  

 --- Auto poll

2022/1/12 09:32:02.912 [TX] - 56 69 56 4F 74 65 63 68 32 00 01 01 00 01 00 F6 24 
2022/1/12 09:32:02.970 [RX] - 55 55 55 55 55 55 55 55 55 55 55 55 55 55 55 55 55 55 55 55 55 55 55 55 55 55 55 55 55 55 66 56 69 56 4F 74 65 63 68 32 00 01 00 00 00 12 53  

 --- TTQ 20 00 *** GR

2022/1/12 09:32:05.721 [TX] - 56 69 56 4F 74 65 63 68 32 00 04 00 00 07 9F 66 04 20 00 00 00 20 DD 
2022/1/12 09:32:05.794 [RX] - 55 55 55 55 55 55 55 55 55 55 55 55 55 55 55 55 55 55 55 55 55 55 55 55 55 55 55 55 55 55 66 56 69 56 4F 74 65 63 68 32 00 04 00 00 00 AE 16  

 --- 03-00

2022/1/12 09:32:14.889 [TX] - 56 69 56 4F 74 65 63 68 32 00 03 00 00 00 3B FF 
2022/1/12 09:32:14.945 [RX] - 55 55 55 55 55 55 55 55 55 55 55 55 55 55 55 55 55 55 55 55 55 55 55 55 55 55 55 55 55 55 66 56 69 56 4F 74 65 63 68 32 00 03 23 01 0C 00 00 01 E1 7D 4F 07 A0 00 00 00 03 10 10 9F 66 04 20 00 00 00 82 02 20 20 95 05 00 00 00 00 00 5F 2A 02 08 40 50 0C 56 49 53 41 20 54 45 53 54 20 30 31 9F 26 08 AA BB CC DD EE FF 11 22 9F 27 01 40 9F 02 06 00 00 00 00 00 01 9F 03 06 00 00 00 00 00 00 9F 10 07 06 01 11 03 90 00 00 9F 1A 02 08 40 9F 36 02 00 03 9F 37 04 69 D6 E1 A5 5A 08 47 61 73 90 01 01 00 10 84 07 A0 00 00 00 03 10 10 57 13 47 61 73 90 01 01 00 10 D3 01 21 20 00 12 33 99 00 03 1F 5F 24 03 30 12 31 5F 34 01 01 9A 03 14 08 10 9B 02 00 00 9C 01 00 9F 06 07 A0 00 00 00 03 10 10 9F 09 02 00 02 9F 1E 08 39 54 30 32 35 37 39 33 9F 21 03 13 26 20 9F 33 03 00 08 E8 9F 41 04 00 00 00 36 9F 5D 06 00 00 00 01 00 00 9F 39 01 07  9F39 9F 6C 02 20 00 5F 2D 04 65 73 65 6E 9F 35 01 22 FF EE 01 0C DF 52 01 00 DF 30 01 00  DF30 DF 5B 01 08 DF EE 26 01 01  DFEE26 0B F1 
2022/1/12 09:32:15.597 [TX] - 56 69 56 4F 74 65 63 68 32 00 04 09 00 00 87 30  

 ---------- END OF TEST ----------

 Result = PASSED


Docklight Log File (HEX) - Stopped 2022/1/12 09:32:17.707 

