Docklight Log File (HEX) - Started 2015/6/9 16:37:36.851 
 TEST CASE: SAT100

 --- Set POS COM PORT Settings
 Set POS COM PORT...
 POS operating on COM1 @ 9600 baud...
 Set POS COM PORT - COMPLETE

 

 --- Poll on Demand

2015/6/9 16:37:38.343 [TX] - 56 69 56 4F 74 65 63 68 32 00 01 01 00 01 01 D7 34 
2015/6/9 16:37:38.383 [RX] - 56 69 56 4F 74 65 63 68 32 00 01 02 00 00 7C 33  

 --- 02-01

2015/6/9 16:37:38.916 [TX] - 56 69 56 4F 74 65 63 68 32 00 02 01 00 15 02 9F 02 06 00 00 00 00 10 00 9A 03 07 11 21 9F 21 03 10 15 20 46 DD 
2015/6/9 16:37:40.389 [RX] - 56 69 56 4F 74 65 63 68 32 00 02 08 00 00 20 2E  

 --- 02-05

2015/6/9 16:37:40.418 [TX] - 56 69 56 4F 74 65 63 68 32 00 02 05 00 7B 02 00 08 00 00 00 00 00 41 30 30 38 38 44 30 54 45 30 30 4E 30 30 30 30 33 31 31 32 43 46 38 45 39 45 44 45 45 32 41 38 32 34 38 32 34 34 38 38 38 30 37 34 41 39 46 39 35 34 33 36 39 45 46 34 44 33 45 37 33 46 37 37 36 34 41 35 32 30 33 30 45 45 44 44 41 37 31 31 35 41 41 46 46 42 46 34 9F 02 06 00 00 00 00 00 01 5F 2A 02 08 40 9A 03 12 01 02 9F 1A 02 08 40 9C 01 00 71 5E 
2015/6/9 16:37:42.405 [RX] - 56 69 56 4F 74 65 63 68 32 00 02 08 00 00 20 2E  

 --- 02-11

2015/6/9 16:37:42.438 [TX] - 56 69 56 4F 74 65 63 68 32 00 02 11 00 21 00 02 00 00 00 00 9F 02 06 00 00 00 00 00 01 5F 2A 02 08 40 9A 03 12 01 02 9F 1A 02 08 40 9C 01 00 8F 6D 
2015/6/9 16:37:42.528 [RX] - 56 69 56 4F 74 65 63 68 32 00 02 00 00 00 89 8F  

 --- 02-15

2015/6/9 16:37:45.563 [TX] - 56 69 56 4F 74 65 63 68 32 00 02 15 00 80 00 02 00 00 00 00 0A 08 00 00 00 00 00 41 30 30 38 38 44 30 54 45 30 30 4E 30 30 30 30 33 31 31 32 43 46 38 45 39 45 44 45 45 32 41 38 32 34 38 32 34 34 38 38 38 30 37 34 41 39 46 39 35 34 33 36 39 45 46 34 44 33 45 37 33 46 37 37 36 34 41 35 32 30 33 30 45 45 44 44 41 37 31 31 35 41 41 46 46 42 46 34 9F 02 06 00 00 00 00 00 01 5F 2A 02 08 40 9A 03 12 01 02 9F 1A 02 08 40 9C 01 00 75 21 
2015/6/9 16:37:45.747 [RX] - 56 69 56 4F 74 65 63 68 32 00 02 00 00 00 89 8F  

 --- 02-20

2015/6/9 16:37:48.786 [TX] - 56 69 56 4F 74 65 63 68 32 00 02 20 00 1A 00 02 07 00 00 00 9F 02 06 00 00 00 00 10 00 9A 03 07 11 21 9F 21 03 10 15 20 13 FD 
2015/6/9 16:37:50.390 [RX] - 56 69 56 4F 74 65 63 68 32 00 02 08 00 00 20 2E  

 Result = PASSED
 ---------- END OF TEST ----------

 Result = PASSED
 

 MASTER RESULT = PASSED


Docklight Log File (HEX) - Stopped 2015/6/9 16:37:51.548 

