Docklight Log File (HEX) - Started 2015/8/25 15:05:05.765 
 TEST CASE: SAT003-6

 --- Set POS COM PORT Settings
 Set POS COM PORT...
 POS operating on COM1 @ 9600 baud...
 Set POS COM PORT - COMPLETE

 Loading DUKPT key...

2015/8/25 15:05:07.169 [TX] - 56 69 56 4F 74 65 63 68 32 00 83 00 00 00 03 22 
2015/8/25 15:05:07.216 [RX] - 56 69 56 4F 74 65 63 68 32 00 83 00 00 00 22 03 
2015/8/25 15:05:07.745 [TX] - 56 69 56 4F 74 65 63 68 32 00 80 00 00 65 30 43 46 35 35 34 43 32 46 30 45 45 41 41 30 30 38 38 4B 30 54 44 30 30 4E 30 30 30 30 30 30 38 30 32 41 38 34 46 44 44 36 33 39 31 35 44 43 41 45 42 46 38 37 37 35 34 33 32 32 44 32 36 37 42 41 33 34 34 31 38 33 41 42 39 41 32 35 36 37 39 30 32 33 34 39 38 37 31 32 30 32 33 34 30 30 30 30 30 30 30 30 C2 98 
2015/8/25 15:05:07.897 [RX] - 56 69 56 4F 74 65 63 68 32 00 80 00 00 00 B9 DF 
2015/8/25 15:05:08.425 [TX] - 56 69 56 4F 74 65 63 68 32 00 80 00 00 65 31 35 43 44 42 38 31 32 46 30 45 45 41 41 30 30 38 38 4B 30 54 44 30 30 4E 30 30 30 30 30 30 38 30 39 32 36 39 41 34 33 36 39 42 36 43 37 45 33 42 35 36 37 32 39 38 33 41 36 36 32 46 36 31 30 33 32 35 37 32 39 32 33 36 33 37 38 33 30 33 33 36 32 33 41 39 39 37 31 32 36 32 33 34 30 30 30 30 30 30 30 30 AA E9 
2015/8/25 15:05:08.576 [RX] - 56 69 56 4F 74 65 63 68 32 00 80 00 00 00 B9 DF 
2015/8/25 15:05:09.110 [TX] - 56 69 56 4F 74 65 63 68 32 00 80 01 00 58 41 30 30 38 38 4B 30 54 44 30 30 4E 30 30 30 30 42 39 34 38 46 37 42 33 34 43 41 44 37 32 36 42 41 37 37 43 39 43 34 41 38 30 37 37 39 42 42 38 36 42 42 43 33 37 34 30 31 31 42 42 45 33 39 45 30 36 46 34 46 36 41 37 44 44 36 46 37 32 30 45 37 31 33 44 45 39 34 41 A0 6B 
2015/8/25 15:05:09.236 [RX] - 56 69 56 4F 74 65 63 68 32 00 80 00 00 00 B9 DF 
2015/8/25 15:05:09.766 [TX] - 56 69 56 4F 74 65 63 68 32 00 81 00 00 71 05 41 30 31 31 32 44 30 54 45 30 30 4E 30 31 30 30 4B 53 31 38 46 46 46 46 39 38 37 36 35 34 33 32 31 30 45 30 30 30 30 30 37 43 45 37 34 45 39 30 30 35 33 43 41 38 45 45 42 43 33 37 42 35 37 30 36 38 31 45 35 42 32 37 36 31 34 38 43 33 45 37 34 34 41 42 43 44 36 44 34 43 35 33 36 43 37 46 34 46 36 37 44 37 46 32 32 44 33 39 34 45 44 42 A8 31 
2015/8/25 15:05:09.947 [RX] - 56 69 56 4F 74 65 63 68 32 00 81 00 00 00 CF 6B 
2015/8/25 15:05:10.476 [TX] - 56 69 56 4F 74 65 63 68 32 00 81 09 00 01 05 40 D3 
2015/8/25 15:05:10.514 [RX] - 56 69 56 4F 74 65 63 68 32 00 81 00 00 00 CF 6B  
OK!
 

 Loading Master key...

2015/8/25 15:05:11.066 [TX] - 56 69 56 4F 74 65 63 68 32 00 80 03 00 59 05 41 30 30 38 38 4B 30 54 44 30 30 4E 30 30 30 30 38 45 33 43 43 38 36 45 38 39 33 35 37 34 43 30 44 31 38 36 30 44 34 36 43 39 39 35 35 45 43 33 31 37 43 30 33 32 30 46 35 32 42 38 30 46 37 35 38 35 46 32 37 45 37 31 46 36 41 36 33 44 42 39 43 45 44 46 31 37 30 32 A3 22 
2015/8/25 15:05:11.207 [RX] - 56 69 56 4F 74 65 63 68 32 00 80 00 00 00 B9 DF 
2015/8/25 15:05:11.736 [TX] - 56 69 56 4F 74 65 63 68 32 00 80 09 00 01 05 11 79 
2015/8/25 15:05:11.774 [RX] - 56 69 56 4F 74 65 63 68 32 00 80 00 00 00 B9 DF  
OK!
 

 --- Set AID to G0: Discover 1

2015/8/25 15:05:12.328 [TX] - 56 69 56 4F 74 65 63 68 32 00 04 02 00 16 FF E4 01 00 9F 06 07 A0 00 00 03 24 10 10 FF E1 01 01 FF E5 01 10 48 C4 
2015/8/25 15:05:15.872 [RX] - 56 69 56 4F 74 65 63 68 32 00 04 00 00 00 AE 16  

 --- Set AID to G0: Discover 2

2015/8/25 15:05:16.445 [TX] - 56 69 56 4F 74 65 63 68 32 00 04 02 00 16 FF E4 01 00 9F 06 07 A0 00 00 01 52 30 10 FF E1 01 01 FF E5 01 10 C9 B1 
2015/8/25 15:05:20.168 [RX] - 56 69 56 4F 74 65 63 68 32 00 04 00 00 00 AE 16  

 --- Clear Event Queue

2015/8/25 15:05:25.551 [TX] - 56 69 56 4F 74 65 63 68 32 00 83 0C 00 00 62 57 
2015/8/25 15:05:25.587 [RX] - 56 69 56 4F 74 65 63 68 32 00 83 00 00 00 22 03  

 --- 02-0A DUKPT/ contactless/ Non-Event

2015/8/25 15:05:25.622 [TX] - 56 69 56 4F 74 65 63 68 32 00 02 0A 00 27 00 0A 41 00 00 00 9F 02 06 00 00 00 00 00 01 5F 2A 02 08 40 9A 03 12 01 02 9F 1A 02 08 40 9C 01 00 9F 21 03 11 22 33 6D C5 
2015/8/25 15:05:29.944 [RX] - 56 69 56 4F 74 65 63 68 32 00 02 23 00 C2 00 FF EE 13 C1 48 29 2C 8F E1 A2 36 98 EB 8F 6E 7E E0 8F 6B 20 B5 71 1A A8 39 23 BE FE EC 72 A7 CC B7 A7 17 89 D0 8F 9B 9C 5D 31 A4 31 37 32 4D BA 5E 26 D2 83 F6 61 7A 28 BB 0C 39 49 53 E7 C6 57 88 70 DE 7E C1 B8 CA 6B 2E 3F 9E 5C 2C FF EE 14 C1 30 89 B7 8D 29 41 77 0C 20 E6 AA B0 5A 9B 3B 1D 42 D3 EB 9F F3 B2 0A 69 38 A6 6D E0 08 BE B6 6E 70 51 57 3B 07 EE 50 34 38 93 C2 9C 89 82 92 AE CF 50 08 44 69 73 63 6F 76 65 72 9F 12 08 5A 49 50 20 4D 6F 64 65 84 08 A0 00 00 03 24 10 10 01 9F 06 07 A0 00 00 03 24 10 10 FF EE 01 04 DF 30 01 00 DF EE 12 0A FF FF 98 76 54 32 10 E0 00 02 7D A6  

 Loading Session key...

2015/8/25 15:05:41.040 [TX] - 56 69 56 4F 74 65 63 68 32 00 80 0C 00 58 41 30 30 38 38 44 30 54 45 30 30 4E 30 30 30 30 33 31 31 32 43 46 38 45 39 45 44 45 45 32 41 38 32 34 38 32 34 34 38 38 38 30 37 34 41 39 46 39 35 34 33 36 39 45 46 34 44 33 45 37 33 46 37 37 36 34 41 35 32 30 33 30 45 45 44 44 41 37 31 31 35 41 41 46 46 42 46 34 56 91 
2015/8/25 15:05:41.166 [RX] - 56 69 56 4F 74 65 63 68 32 00 80 00 00 00 B9 DF  
OK!
 

 --- Clear Event Queue

2015/8/25 15:05:44.073 [TX] - 56 69 56 4F 74 65 63 68 32 00 83 0C 00 00 62 57 
2015/8/25 15:05:44.106 [RX] - 56 69 56 4F 74 65 63 68 32 00 83 00 00 00 22 03  

 --- 02-0A MS key/ contactless/ Non-Event

2015/8/25 15:05:44.163 [TX] - 56 69 56 4F 74 65 63 68 32 00 02 0A 00 27 00 0A 01 00 00 00 9F 02 06 00 00 00 00 00 01 5F 2A 02 08 40 9A 03 12 01 02 9F 1A 02 08 40 9C 01 00 9F 21 03 11 22 33 53 30 
2015/8/25 15:05:47.443 [RX] - 56 69 56 4F 74 65 63 68 32 00 02 23 00 B4 00 FF EE 13 C1 48 A2 79 FD 99 C5 9E CB C2 C6 8D AF C1 DD 03 77 AE 52 ED F9 3D E6 20 D7 EA EA 7D 72 E8 8B EE 1C BA 49 EA E4 A7 83 FF DF 02 55 00 07 8C 7A D6 DC 96 E6 48 A9 DD 78 2E AD 0E CA 6A 42 51 C4 85 78 3E 39 E3 57 C7 54 70 5E E4 FF EE 14 C1 30 C7 AF F7 88 78 D4 5C 15 5E 5F 61 DB 86 13 59 04 F1 A1 91 52 C5 9A 19 ED F6 82 4A B1 AB A2 B2 C6 12 1D 9B AF DA 7F AF D9 CE DE 12 93 B1 EE AE 94 50 08 44 69 73 63 6F 76 65 72 9F 12 08 5A 49 50 20 4D 6F 64 65 84 08 A0 00 00 03 24 10 10 01 9F 06 07 A0 00 00 03 24 10 10 FF EE 01 04 DF 30 01 00 07 AC  
---------- END OF TEST ----------

 Result = PASSED
 

 MASTER RESULT = PASSED


Docklight Log File (HEX) - Stopped 2015/8/25 15:05:59.649 

