Docklight Log File (HEX) - Started 2020/5/5 11:27:28.311 
 TEST CASE: EDTT04-1

 --- Set POS COM PORT Settings
 Set POS COM PORT...
 POS operating on COM90 @ 115200 baud...
 Set POS COM PORT - COMPLETE

 

 --- Data Encryption: Enable

2020/5/5 11:27:29.558 [TX] - 56 69 56 4F 74 65 63 68 32 00 C7 36 00 01 03 6C 97 
2020/5/5 11:27:29.566 [RX] - 56 69 56 4F 74 65 63 68 32 00 C7 00 00 00 86 6E 00 00 00 00 00 00 00 00 00 00 00 00 00 00 00 00 00 00 00 00 00 00 00 00 00 00 00 00 00 00 00 00 00 00 00 00 00 00 00 00 00 00 00 00 00 00 00  

 --- Poll on Demand

2020/5/5 11:27:29.572 [TX] - 56 69 56 4F 74 65 63 68 32 00 01 01 00 01 01 D7 34 
2020/5/5 11:27:29.581 [RX] - 56 69 56 4F 74 65 63 68 32 00 01 00 00 00 12 53 00 00 00 00 00 00 00 00 00 00 00 00 00 00 00 00 00 00 00 00 00 00 00 00 00 00 00 00 00 00 00 00 00 00 00 00 00 00 00 00 00 00 00 00 00 00 00  

 --- Burst mode Off

2020/5/5 11:27:30.088 [TX] - 56 69 56 4F 74 65 63 68 32 00 04 00 00 04 FF F7 01 00 B9 2E 
2020/5/5 11:27:30.093 [RX] - 56 69 56 4F 74 65 63 68 32 00 04 00 00 00 AE 16 00 00 00 00 00 00 00 00 00 00 00 00 00 00 00 00 00 00 00 00 00 00 00 00 00 00 00 00 00 00 00 00 00 00 00 00 00 00 00 00 00 00 00 00 00 00 00  

 Erase All Keys...

2020/5/5 11:27:30.600 [TX] - 56 69 56 4F 74 65 63 68 32 00 83 00 00 00 03 22 
2020/5/5 11:27:30.605 [RX] - 56 69 56 4F 74 65 63 68 32 00 83 00 00 00 22 03 00 00 00 00 00 00 00 00 00 00 00 00 00 00 00 00 00 00 00 00 00 00 00 00 00 00 00 00 00 00 00 00 00 00 00 00 00 00 00 00 00 00 00 00 00 00 00  

 Set DUKPT Key Encryption Type...

2020/5/5 11:27:31.111 [TX] - 56 69 56 4F 74 65 63 68 32 00 C7 32 00 01 00 FE 6D 
2020/5/5 11:27:31.117 [RX] - 56 69 56 4F 74 65 63 68 32 00 C7 00 00 00 86 6E 00 00 00 00 00 00 00 00 00 00 00 00 00 00 00 00 00 00 00 00 00 00 00 00 00 00 00 00 00 00 00 00 00 00 00 00 00 00 00 00 00 00 00 00 00 00 00  

 Get DUKPT Key Encryption Type...

2020/5/5 11:27:31.624 [TX] - 56 69 56 4F 74 65 63 68 32 00 C7 33 00 00 9B 1A 
2020/5/5 11:27:31.629 [RX] - 56 69 56 4F 74 65 63 68 32 00 C7 00 00 01 00 AC 7F 00 00 00 00 00 00 00 00 00 00 00 00 00 00 00 00 00 00 00 00 00 00 00 00 00 00 00 00 00 00 00 00 00 00 00 00 00 00 00 00 00 00 00 00 00 00  
OK!
 

 Loading DUKPT key...

2020/5/5 11:27:32.139 [TX] - 56 69 56 4F 74 65 63 68 32 00 80 00 00 65 30 39 36 46 31 35 35 37 37 45 39 41 44 41 30 30 38 38 4B 30 54 44 30 30 4E 30 30 30 30 30 30 38 30 45 30 39 46 43 39 35 35 45 36 33 43 32 45 43 43 30 42 34 39 44 42 46 35 31 37 36 36 42 32 41 39 34 34 33 37 32 37 35 39 30 32 33 30 32 32 30 32 32 33 34 39 38 37 31 32 30 32 33 34 30 30 30 30 30 30 30 30 9C 1B 
2020/5/5 11:27:32.149 [RX] - 56 69 56 4F 74 65 63 68 32 00 80 00 00 00 B9 DF 00 00 00 00 00 00 00 00 00 00 00 00 00 00 00 00 00 00 00 00 00 00 00 00 00 00 00 00 00 00 00 00 00 00 00 00 00 00 00 00 00 00 00 00 00 00 00 
2020/5/5 11:27:32.653 [TX] - 56 69 56 4F 74 65 63 68 32 00 80 00 00 65 31 32 45 43 36 30 30 37 37 45 39 41 44 41 30 30 38 38 4B 30 54 44 30 30 4E 30 30 30 30 30 30 38 30 31 44 31 45 36 30 44 36 45 32 46 38 44 31 44 36 32 34 42 44 34 34 36 42 43 39 33 31 34 33 33 41 30 33 33 36 33 31 30 34 35 36 37 38 32 37 37 30 32 33 41 39 39 37 31 32 36 32 33 34 30 30 30 30 30 30 30 30 30 E6 
2020/5/5 11:27:32.665 [RX] - 56 69 56 4F 74 65 63 68 32 00 80 00 00 00 B9 DF 00 00 00 00 00 00 00 00 00 00 00 00 00 00 00 00 00 00 00 00 00 00 00 00 00 00 00 00 00 00 00 00 00 00 00 00 00 00 00 00 00 00 00 00 00 00 00 
2020/5/5 11:27:33.170 [TX] - 56 69 56 4F 74 65 63 68 32 00 80 01 00 58 41 30 30 38 38 4B 30 54 44 30 30 4E 30 30 30 30 46 41 42 44 39 44 34 32 37 34 31 30 42 36 46 41 35 45 44 33 42 37 36 41 44 37 46 41 45 38 45 33 31 36 30 32 31 33 42 46 44 38 31 31 38 32 32 33 38 31 38 41 45 43 46 30 43 44 41 44 42 31 39 41 42 45 39 37 41 41 32 43 B8 FE 
2020/5/5 11:27:33.181 [RX] - 56 69 56 4F 74 65 63 68 32 00 80 00 00 00 B9 DF 00 00 00 00 00 00 00 00 00 00 00 00 00 00 00 00 00 00 00 00 00 00 00 00 00 00 00 00 00 00 00 00 00 00 00 00 00 00 00 00 00 00 00 00 00 00 00 
2020/5/5 11:27:33.686 [TX] - 56 69 56 4F 74 65 63 68 32 00 81 00 00 71 05 41 30 31 31 32 44 30 54 45 30 30 4E 30 31 30 30 4B 53 31 38 36 32 39 39 34 39 30 31 32 43 30 30 30 34 36 30 30 30 30 31 37 39 46 43 30 31 36 44 31 34 46 34 35 42 39 41 33 37 46 37 32 42 44 35 41 35 37 37 41 43 35 33 34 37 36 42 31 35 35 34 32 45 39 42 39 30 46 35 36 32 46 36 37 36 35 30 45 46 35 33 43 34 44 39 45 42 41 36 39 35 39 46 76 88 
2020/5/5 11:27:33.713 [RX] - 56 69 56 4F 74 65 63 68 32 00 81 00 00 00 CF 6B 00 00 00 00 00 00 00 00 00 00 00 00 00 00 00 00 00 00 00 00 00 00 00 00 00 00 00 00 00 00 00 00 00 00 00 00 00 00 00 00 00 00 00 00 00 00 00  
OK!
 

 --- 04-00-----DFEF4B = 64 T1+T1 Sentinel+PAN

2020/5/5 11:27:34.226 [TX] - 56 69 56 4F 74 65 63 68 32 00 04 00 00 07 DF EF 4B 03 64 00 00 A6 03 
2020/5/5 11:27:34.233 [RX] - 56 69 56 4F 74 65 63 68 32 00 04 00 00 00 AE 16 00 00 00 00 00 00 00 00 00 00 00 00 00 00 00 00 00 00 00 00 00 00 00 00 00 00 00 00 00 00 00 00 00 00 00 00 00 00 00 00 00 00 00 00 00 00 00  

 --- 60-10 Contact Start Transaction

2020/5/5 11:27:34.238 [TX] - 56 69 56 4F 74 65 63 68 32 00 60 10 00 23 01 00 78 00 78 9C 01 00 5F 57 01 00 9F 02 06 00 00 00 00 02 00 9F 03 06 00 00 00 00 00 00 5F 2A 02 08 40 F0 8F 
2020/5/5 11:27:34.245 [RX] - 56 69 56 4F 74 65 63 68 32 00 60 63 00 00 FF 0E 00 00 00 00 00 00 00 00 00 00 00 00 00 00 00 00 00 00 00 00 00 00 00 00 00 00 00 00 00 00 00 00 00 00 00 00 00 00 00 00 00 00 00 00 00 00 00 56 69 56 4F 74 65 63 68 32 00 61 01 00 10 03 00 00 02 00 45 4E 03 00 81 11 1C 02 00 00 00 A8 4F 00 00 00 00 00 00 00 00 00 00 00 00 00 00 00 00 00 00 00 00 00 00 00 00 00 00 00 00 00 00 00 56 69 56 4F 74 65 63 68 32 00 61 01 00 10 03 00 00 02 00 45 4E 03 00 81 1A 1C 02 00 00 00 6B ED 00 00 00 00 00 00 00 00 00 00 00 00 00 00 00 00 00 00 00 00 00 00 00 00 00 00 00 00 00 00 00 56 69 56 4F 74 65 63 68 32 00 61 01 00 10 03 00 00 02 00 45 53 03 00 81 1A 1C 02 00 00 00 77 40 00 00 00 00 00 00 00 00 00 00 00 00 00 00 00 00 00 00 00 00 00 00 00 00 00 00 00 00 00 00 00 56 69 56 4F 74 65 63 68 32 00 60 00 00 EE C0 FF EE 12 0A 62 99 49 01 2C 00 04 60 00 01 DF EE 25 02 00 10 57 A1 11 47 61 CC CC CC CC 00 10 D2 01 22 01 CC CC CC CC CC 57 C1 18 1B AC BF 35 0F 89 EF 6A EF 51 5D 5E 28 62 BE 0B 3A 5A 56 58 F4 85 F8 1B 5A A1 08 47 61 CC CC CC CC 00 10 5A C1 10 5B A9 77 CF C1 F2 BC F0 9F CE 73 54 E5 AB F8 72 5F 34 01 01 5F 20 0F 46 55 4C 4C 20 46 55 4E 43 54 49 4F 4E 41 4C 5F 24 03 20 12 31 9F 20 00 5F 25 03 95 07 01 5F 2D 08 65 73 65 6E 66 72 64 65 50 0A 56 49 53 41 43 52 45 44 49 54 4F 07 A0 00 00 00 03 10 10 84 07 A0 00 00 00 03 10 10 DF EE 23 00 9F 39 01 07 9F 1E 08 00 00 00 00 00 00 00 00 FF EE 01 04 DF 30 01 01 DF EF 4C 06 00 00 00 10 00 00 DF EF 4D 10 1F 9E 6D 3E E4 B1 B2 CC B9 99 A5 C4 5E D7 7A 3A DF EE 26 01 C0  

 --- 60-11 Contact Authenticate Transaction
A5 08 00 00 00 00 00 00 00 00 00 00 00 00 00 00 00 00 00 00 00 00 00 00 00 00 00 00 00 00 00 00 00 00 00 00 00 00 00 00 00 00 00 00 00 00 00 00 00 00 00 00 00 00 00 00 00 00 00 00 00 00 00 
2020/5/5 11:27:35.618 [TX] - 56 69 56 4F 74 65 63 68 32 00 60 11 00 03 00 00 78 F3 46 
2020/5/5 11:27:35.625 [RX] - 56 69 56 4F 74 65 63 68 32 00 60 63 00 00 FF 0E 00 00 00 00 00 00 00 00 00 00 00 00 00 00 00 00 00 00 00 00 00 00 00 00 00 00 00 00 00 00 00 00 00 00 00 00 00 00 00 00 00 00 00 00 00 00 00 56 69 56 4F 74 65 63 68 32 00 61 01 00 10 03 00 00 02 00 45 53 03 00 81 15 1C 02 00 00 00 B2 43 00 00 00 00 00 00 00 00 00 00 00 00 00 00 00 00 00 00 00 00 00 00 00 00 00 00 00 00 00 00 00 56 69 56 4F 74 65 63 68 32 00 60 00 00 82 C0 FF EE 12 0A 62 99 49 01 2C 00 04 60 00 01 DF EE 25 02 00 04 9F 10 07 06 01 1A 03 90 00 00 9F 26 08 66 18 5A 57 47 A0 07 66 9F 27 01 80 9F 36 02 00 01 9F 37 04 66 EE 12 08 9F 02 06 00 00 00 00 02 00 9F 4D 00 9F 4F 00 9F 13 00 95 05 42 80 00 00 00 9B 02 C8 00 9F 03 06 00 00 00 00 00 00 9F 34 03 5F 03 02 9F 39 01 07 9F 1E 08 00 00 00 00 00 00 00 00 FF EE 01 04 DF 30 01 01 DF EE 26 01 C0 B6 BB 00 00 00 00 00 00 00 00 00 00 00 00 00 00 00 00 00 00 00 00 00 00 00 00 00 00 00 00 00 00 00 00 00 00 00 00 00 00 00 00 00 00 00  

 --- 60-12 Contact Apply Host Response

2020/5/5 11:27:35.792 [TX] - 56 69 56 4F 74 65 63 68 32 00 60 12 00 11 01 8A 02 30 30 91 0A 11 22 33 44 55 66 77 88 30 30 F3 1C 
2020/5/5 11:27:35.801 [RX] - 56 69 56 4F 74 65 63 68 32 00 60 63 00 00 FF 0E 00 00 00 00 00 00 00 00 00 00 00 00 00 00 00 00 00 00 00 00 00 00 00 00 00 00 00 00 00 00 00 00 00 00 00 00 00 00 00 00 00 00 00 00 00 00 00 56 69 56 4F 74 65 63 68 32 00 61 01 00 10 03 00 00 02 00 45 53 03 00 81 03 1C 02 00 00 00 25 26 00 00 00 00 00 00 00 00 00 00 00 00 00 00 00 00 00 00 00 00 00 00 00 00 00 00 00 00 00 00 00 56 69 56 4F 74 65 63 68 32 00 60 00 00 87 C0 FF EE 12 0A 62 99 49 01 2C 00 04 60 00 01 DF EE 25 02 00 02 9F 10 07 06 01 1A 03 60 00 00 9F 26 08 88 2D 84 27 A2 68 E2 14 9F 27 01 40 9F 36 02 00 01 9F 37 04 66 EE 12 08 9F 02 06 00 00 00 00 02 00 9F 4D 00 9F 4F 00 9F 13 00 95 05 42 80 00 00 00 9B 02 F8 00 9F 03 06 00 00 00 00 00 00 9F 34 03 5F 03 02 99 00 9F 39 01 07 9F 1E 08 00 00 00 00 00 00 00 00 9F 5B 00 FF EE 01 04 DF 30 01 01 DF EE 26 01 C0 42 06 00 00 00 00 00 00 00 00 00 00 00 00 00 00 00 00 00 00 00 00 00 00 00 00 00 00 00 00 00 00 00 00 00 00 00 00 00 00  

 Erase All Keys...

2020/5/5 11:27:37.581 [TX] - 56 69 56 4F 74 65 63 68 32 00 83 00 00 00 03 22 
2020/5/5 11:27:37.589 [RX] - 56 69 56 4F 74 65 63 68 32 00 83 00 00 00 22 03 00 00 00 00 00 00 00 00 00 00 00 00 00 00 00 00 00 00 00 00 00 00 00 00 00 00 00 00 00 00 00 00 00 00 00 00 00 00 00 00 00 00 00 00 00 00 00  

 Set DUKPT Key Encryption Type...

2020/5/5 11:27:38.095 [TX] - 56 69 56 4F 74 65 63 68 32 00 C7 32 00 01 00 FE 6D 
2020/5/5 11:27:38.101 [RX] - 56 69 56 4F 74 65 63 68 32 00 C7 00 00 00 86 6E 00 00 00 00 00 00 00 00 00 00 00 00 00 00 00 00 00 00 00 00 00 00 00 00 00 00 00 00 00 00 00 00 00 00 00 00 00 00 00 00 00 00 00 00 00 00 00  

 Get DUKPT Key Encryption Type...

2020/5/5 11:27:38.607 [TX] - 56 69 56 4F 74 65 63 68 32 00 C7 33 00 00 9B 1A 
2020/5/5 11:27:38.613 [RX] - 56 69 56 4F 74 65 63 68 32 00 C7 00 00 01 00 AC 7F 00 00 00 00 00 00 00 00 00 00 00 00 00 00 00 00 00 00 00 00 00 00 00 00 00 00 00 00 00 00 00 00 00 00 00 00 00 00 00 00 00 00 00 00 00 00  
OK!
 

 Loading DUKPT key...

2020/5/5 11:27:39.123 [TX] - 56 69 56 4F 74 65 63 68 32 00 80 00 00 65 30 39 36 46 31 35 35 37 37 45 39 41 44 41 30 30 38 38 4B 30 54 44 30 30 4E 30 30 30 30 30 30 38 30 45 30 39 46 43 39 35 35 45 36 33 43 32 45 43 43 30 42 34 39 44 42 46 35 31 37 36 36 42 32 41 39 34 34 33 37 32 37 35 39 30 32 33 30 32 32 30 32 32 33 34 39 38 37 31 32 30 32 33 34 30 30 30 30 30 30 30 30 9C 1B 
2020/5/5 11:27:39.133 [RX] - 56 69 56 4F 74 65 63 68 32 00 80 00 00 00 B9 DF 00 00 00 00 00 00 00 00 00 00 00 00 00 00 00 00 00 00 00 00 00 00 00 00 00 00 00 00 00 00 00 00 00 00 00 00 00 00 00 00 00 00 00 00 00 00 00 
2020/5/5 11:27:39.638 [TX] - 56 69 56 4F 74 65 63 68 32 00 80 00 00 65 31 32 45 43 36 30 30 37 37 45 39 41 44 41 30 30 38 38 4B 30 54 44 30 30 4E 30 30 30 30 30 30 38 30 31 44 31 45 36 30 44 36 45 32 46 38 44 31 44 36 32 34 42 44 34 34 36 42 43 39 33 31 34 33 33 41 30 33 33 36 33 31 30 34 35 36 37 38 32 37 37 30 32 33 41 39 39 37 31 32 36 32 33 34 30 30 30 30 30 30 30 30 30 E6 
2020/5/5 11:27:39.649 [RX] - 56 69 56 4F 74 65 63 68 32 00 80 00 00 00 B9 DF 00 00 00 00 00 00 00 00 00 00 00 00 00 00 00 00 00 00 00 00 00 00 00 00 00 00 00 00 00 00 00 00 00 00 00 00 00 00 00 00 00 00 00 00 00 00 00 
2020/5/5 11:27:40.154 [TX] - 56 69 56 4F 74 65 63 68 32 00 80 01 00 58 41 30 30 38 38 4B 30 54 44 30 30 4E 30 30 30 30 46 41 42 44 39 44 34 32 37 34 31 30 42 36 46 41 35 45 44 33 42 37 36 41 44 37 46 41 45 38 45 33 31 36 30 32 31 33 42 46 44 38 31 31 38 32 32 33 38 31 38 41 45 43 46 30 43 44 41 44 42 31 39 41 42 45 39 37 41 41 32 43 B8 FE 
2020/5/5 11:27:40.165 [RX] - 56 69 56 4F 74 65 63 68 32 00 80 00 00 00 B9 DF 00 00 00 00 00 00 00 00 00 00 00 00 00 00 00 00 00 00 00 00 00 00 00 00 00 00 00 00 00 00 00 00 00 00 00 00 00 00 00 00 00 00 00 00 00 00 00 
2020/5/5 11:27:40.671 [TX] - 56 69 56 4F 74 65 63 68 32 00 81 00 00 71 05 41 30 31 31 32 44 30 54 45 30 30 4E 30 31 30 30 4B 53 31 38 36 32 39 39 34 39 30 31 32 43 30 30 30 34 36 30 30 30 30 31 37 39 46 43 30 31 36 44 31 34 46 34 35 42 39 41 33 37 46 37 32 42 44 35 41 35 37 37 41 43 35 33 34 37 36 42 31 35 35 34 32 45 39 42 39 30 46 35 36 32 46 36 37 36 35 30 45 46 35 33 43 34 44 39 45 42 41 36 39 35 39 46 76 88 
2020/5/5 11:27:40.697 [RX] - 56 69 56 4F 74 65 63 68 32 00 81 00 00 00 CF 6B 00 00 00 00 00 00 00 00 00 00 00 00 00 00 00 00 00 00 00 00 00 00 00 00 00 00 00 00 00 00 00 00 00 00 00 00 00 00 00 00 00 00 00 00 00 00 00  
OK!
 

 --- 04-00-----DFEF4B = 52 T2+T2 Sentinel+PAN

2020/5/5 11:27:41.210 [TX] - 56 69 56 4F 74 65 63 68 32 00 04 00 00 07 DF EF 4B 03 52 00 00 A3 74 
2020/5/5 11:27:41.217 [RX] - 56 69 56 4F 74 65 63 68 32 00 04 00 00 00 AE 16 00 00 00 00 00 00 00 00 00 00 00 00 00 00 00 00 00 00 00 00 00 00 00 00 00 00 00 00 00 00 00 00 00 00 00 00 00 00 00 00 00 00 00 00 00 00 00  

 --- 60-10 Contact Start Transaction

2020/5/5 11:27:41.222 [TX] - 56 69 56 4F 74 65 63 68 32 00 60 10 00 23 01 00 78 00 78 9C 01 00 5F 57 01 00 9F 02 06 00 00 00 00 02 00 9F 03 06 00 00 00 00 00 00 5F 2A 02 08 40 F0 8F 
2020/5/5 11:27:41.229 [RX] - 56 69 56 4F 74 65 63 68 32 00 60 63 00 00 FF 0E 00 00 00 00 00 00 00 00 00 00 00 00 00 00 00 00 00 00 00 00 00 00 00 00 00 00 00 00 00 00 00 00 00 00 00 00 00 00 00 00 00 00 00 00 00 00 00 56 69 56 4F 74 65 63 68 32 00 61 01 00 10 03 00 00 02 00 45 4E 03 00 81 11 1C 02 00 00 00 A8 4F 00 00 00 00 00 00 00 00 00 00 00 00 00 00 00 00 00 00 00 00 00 00 00 00 00 00 00 00 00 00 00 56 69 56 4F 74 65 63 68 32 00 61 01 00 10 03 00 00 02 00 45 4E 03 00 81 1A 1C 02 00 00 00 6B ED 00 00 00 00 00 00 00 00 00 00 00 00 00 00 00 00 00 00 00 00 00 00 00 00 00 00 00 00 00 00 00 56 69 56 4F 74 65 63 68 32 00 61 01 00 10 03 00 00 02 00 45 53 03 00 81 1A 1C 02 00 00 00 77 40 00 00 00 00 00 00 00 00 00 00 00 00 00 00 00 00 00 00 00 00 00 00 00 00 00 00 00 00 00 00 00 56 69 56 4F 74 65 63 68 32 00 60 00 01 16 C0 FF EE 12 0A 62 99 49 01 2C 00 04 60 00 01 DF EE 25 02 00 10 57 A1 11 47 61 CC CC CC CC 00 10 D2 01 22 01 CC CC CC CC CC 57 C1 18 1B AC BF 35 0F 89 EF 6A EF 51 5D 5E 28 62 BE 0B 3A 5A 56 58 F4 85 F8 1B 5A A1 08 47 61 CC CC CC CC 00 10 5A C1 10 5B A9 77 CF C1 F2 BC F0 9F CE 73 54 E5 AB F8 72 5F 34 01 01 5F 20 0F 46 55 4C 4C 20 46 55 4E 43 54 49 4F 4E 41 4C 5F 24 03 20 12 31 9F 20 00 5F 25 03 95 07 01 5F 2D 08 65 73 65 6E 66 72 64 65 50 0A 56 49 53 41 43 52 45 44 49 54 4F 07 A0 00 00 00 03 10 10 84 07 A0 00 00 00 03 10 10 DF EE 23 00 9F 39 01 07 9F 1E 08 00 00 00 00 00 00 00 00 FF EE 01 04 DF 30 01 01 DF EF 4C 06 00 24 00 10 00 00 DF EF 4D 38 A6 4F AA A0 D9 03 E9 8B 2C A5 91 05 56 48 CD 45 77 7B 46 BA 23 EE 49 D6 40 F3 22 9E C0 9C 33 0A B8 7D EC CD F5 68 54 CB CC 2E E3 5B 3D DE 27 A2 7F 8E FD 38 04 4D EC 70 DF EE 26 01 C0 95 FA 00 00 00 00 00 00 00 00 00 00 00 00 00 00 00 00 00 00 00 00 00  

 --- 60-11 Contact Authenticate Transaction

2020/5/5 11:27:42.542 [TX] - 56 69 56 4F 74 65 63 68 32 00 60 11 00 03 00 00 78 F3 46 
2020/5/5 11:27:42.549 [RX] - 56 69 56 4F 74 65 63 68 32 00 60 63 00 00 FF 0E 00 00 00 00 00 00 00 00 00 00 00 00 00 00 00 00 00 00 00 00 00 00 00 00 00 00 00 00 00 00 00 00 00 00 00 00 00 00 00 00 00 00 00 00 00 00 00 56 69 56 4F 74 65 63 68 32 00 61 01 00 10 03 00 00 02 00 45 53 03 00 81 15 1C 02 00 00 00 B2 43 00 00 00 00 00 00 00 00 00 00 00 00 00 00 00 00 00 00 00 00 00 00 00 00 00 00 00 00 00 00 00 56 69 56 4F 74 65 63 68 32 00 60 00 00 82 C0 FF EE 12 0A 62 99 49 01 2C 00 04 60 00 01 DF EE 25 02 00 04 9F 10 07 06 01 1A 03 90 00 00 9F 26 08 EB 97 10 D5 09 22 0B E0 9F 27 01 80 9F 36 02 00 01 9F 37 04 48 6E AF 9A 9F 02 06 00 00 00 00 02 00 9F 4D 00 9F 4F 00 9F 13 00 95 05 42 80 00 00 00 9B 02 C8 00 9F 03 06 00 00 00 00 00 00 9F 34 03 5F 03 02 9F 39 01 07 9F 1E 08 00 00 00 00 00 00 00 00 FF EE 01 04 DF 30 01 01 DF EE 26 01 C0 BF D5 00 00 00 00 00 00 00 00 00 00 00 00 00 00 00 00 00 00 00 00 00 00 00 00 00 00 00 00 00 00 00 00 00 00 00 00 00 00 00 00 00 00 00  

 --- 60-12 Contact Apply Host Response

2020/5/5 11:27:42.717 [TX] - 56 69 56 4F 74 65 63 68 32 00 60 12 00 11 01 8A 02 30 30 91 0A 11 22 33 44 55 66 77 88 30 30 F3 1C 
2020/5/5 11:27:42.725 [RX] - 56 69 56 4F 74 65 63 68 32 00 60 63 00 00 FF 0E 00 00 00 00 00 00 00 00 00 00 00 00 00 00 00 00 00 00 00 00 00 00 00 00 00 00 00 00 00 00 00 00 00 00 00 00 00 00 00 00 00 00 00 00 00 00 00 56 69 56 4F 74 65 63 68 32 00 61 01 00 10 03 00 00 02 00 45 53 03 00 81 03 1C 02 00 00 00 25 26 00 00 00 00 00 00 00 00 00 00 00 00 00 00 00 00 00 00 00 00 00 00 00 00 00 00 00 00 00 00 00 56 69 56 4F 74 65 63 68 32 00 60 00 00 87 C0 FF EE 12 0A 62 99 49 01 2C 00 04 60 00 01 DF EE 25 02 00 02 9F 10 07 06 01 1A 03 60 00 00 9F 26 08 88 2D 84 27 A2 68 E2 14 9F 27 01 40 9F 36 02 00 01 9F 37 04 48 6E AF 9A 9F 02 06 00 00 00 00 02 00 9F 4D 00 9F 4F 00 9F 13 00 95 05 42 80 00 00 00 9B 02 F8 00 9F 03 06 00 00 00 00 00 00 9F 34 03 5F 03 02 99 00 9F 39 01 07 9F 1E 08 00 00 00 00 00 00 00 00 9F 5B 00 FF EE 01 04 DF 30 01 01 DF EE 26 01 C0 E2 A0 00 00 00 00 00 00 00 00 00 00 00 00 00 00 00 00 00 00 00 00 00 00 00 00 00 00 00 00 00 00 00 00 00 00 00 00 00 00  

 Erase All Keys...

2020/5/5 11:27:44.363 [TX] - 56 69 56 4F 74 65 63 68 32 00 83 00 00 00 03 22 
2020/5/5 11:27:44.369 [RX] - 56 69 56 4F 74 65 63 68 32 00 83 00 00 00 22 03 00 00 00 00 00 00 00 00 00 00 00 00 00 00 00 00 00 00 00 00 00 00 00 00 00 00 00 00 00 00 00 00 00 00 00 00 00 00 00 00 00 00 00 00 00 00 00  

 Set DUKPT Key Encryption Type...

2020/5/5 11:27:44.874 [TX] - 56 69 56 4F 74 65 63 68 32 00 C7 32 00 01 00 FE 6D 
2020/5/5 11:27:44.881 [RX] - 56 69 56 4F 74 65 63 68 32 00 C7 00 00 00 86 6E 00 00 00 00 00 00 00 00 00 00 00 00 00 00 00 00 00 00 00 00 00 00 00 00 00 00 00 00 00 00 00 00 00 00 00 00 00 00 00 00 00 00 00 00 00 00 00  

 Get DUKPT Key Encryption Type...

2020/5/5 11:27:45.390 [TX] - 56 69 56 4F 74 65 63 68 32 00 C7 33 00 00 9B 1A 
2020/5/5 11:27:45.397 [RX] - 56 69 56 4F 74 65 63 68 32 00 C7 00 00 01 00 AC 7F 00 00 00 00 00 00 00 00 00 00 00 00 00 00 00 00 00 00 00 00 00 00 00 00 00 00 00 00 00 00 00 00 00 00 00 00 00 00 00 00 00 00 00 00 00 00  
OK!
 

 Loading DUKPT key...

2020/5/5 11:27:45.906 [TX] - 56 69 56 4F 74 65 63 68 32 00 80 00 00 65 30 39 36 46 31 35 35 37 37 45 39 41 44 41 30 30 38 38 4B 30 54 44 30 30 4E 30 30 30 30 30 30 38 30 45 30 39 46 43 39 35 35 45 36 33 43 32 45 43 43 30 42 34 39 44 42 46 35 31 37 36 36 42 32 41 39 34 34 33 37 32 37 35 39 30 32 33 30 32 32 30 32 32 33 34 39 38 37 31 32 30 32 33 34 30 30 30 30 30 30 30 30 9C 1B 
2020/5/5 11:27:45.917 [RX] - 56 69 56 4F 74 65 63 68 32 00 80 00 00 00 B9 DF 00 00 00 00 00 00 00 00 00 00 00 00 00 00 00 00 00 00 00 00 00 00 00 00 00 00 00 00 00 00 00 00 00 00 00 00 00 00 00 00 00 00 00 00 00 00 00 
2020/5/5 11:27:46.422 [TX] - 56 69 56 4F 74 65 63 68 32 00 80 00 00 65 31 32 45 43 36 30 30 37 37 45 39 41 44 41 30 30 38 38 4B 30 54 44 30 30 4E 30 30 30 30 30 30 38 30 31 44 31 45 36 30 44 36 45 32 46 38 44 31 44 36 32 34 42 44 34 34 36 42 43 39 33 31 34 33 33 41 30 33 33 36 33 31 30 34 35 36 37 38 32 37 37 30 32 33 41 39 39 37 31 32 36 32 33 34 30 30 30 30 30 30 30 30 30 E6 
2020/5/5 11:27:46.433 [RX] - 56 69 56 4F 74 65 63 68 32 00 80 00 00 00 B9 DF 00 00 00 00 00 00 00 00 00 00 00 00 00 00 00 00 00 00 00 00 00 00 00 00 00 00 00 00 00 00 00 00 00 00 00 00 00 00 00 00 00 00 00 00 00 00 00 
2020/5/5 11:27:46.938 [TX] - 56 69 56 4F 74 65 63 68 32 00 80 01 00 58 41 30 30 38 38 4B 30 54 44 30 30 4E 30 30 30 30 46 41 42 44 39 44 34 32 37 34 31 30 42 36 46 41 35 45 44 33 42 37 36 41 44 37 46 41 45 38 45 33 31 36 30 32 31 33 42 46 44 38 31 31 38 32 32 33 38 31 38 41 45 43 46 30 43 44 41 44 42 31 39 41 42 45 39 37 41 41 32 43 B8 FE 
2020/5/5 11:27:46.949 [RX] - 56 69 56 4F 74 65 63 68 32 00 80 00 00 00 B9 DF 00 00 00 00 00 00 00 00 00 00 00 00 00 00 00 00 00 00 00 00 00 00 00 00 00 00 00 00 00 00 00 00 00 00 00 00 00 00 00 00 00 00 00 00 00 00 00 
2020/5/5 11:27:47.454 [TX] - 56 69 56 4F 74 65 63 68 32 00 81 00 00 71 05 41 30 31 31 32 44 30 54 45 30 30 4E 30 31 30 30 4B 53 31 38 36 32 39 39 34 39 30 31 32 43 30 30 30 34 36 30 30 30 30 31 37 39 46 43 30 31 36 44 31 34 46 34 35 42 39 41 33 37 46 37 32 42 44 35 41 35 37 37 41 43 35 33 34 37 36 42 31 35 35 34 32 45 39 42 39 30 46 35 36 32 46 36 37 36 35 30 45 46 35 33 43 34 44 39 45 42 41 36 39 35 39 46 76 88 
2020/5/5 11:27:47.477 [RX] - 56 69 56 4F 74 65 63 68 32 00 81 00 00 00 CF 6B 00 00 00 00 00 00 00 00 00 00 00 00 00 00 00 00 00 00 00 00 00 00 00 00 00 00 00 00 00 00 00 00 00 00 00 00 00 00 00 00 00 00 00 00 00 00 00  
OK!
 

 --- 04-00-----DFEF4B = 49 T3+T3 Sentinel+PAN

2020/5/5 11:27:47.989 [TX] - 56 69 56 4F 74 65 63 68 32 00 04 00 00 07 DF EF 4B 03 49 00 00 31 C7 
2020/5/5 11:27:47.997 [RX] - 56 69 56 4F 74 65 63 68 32 00 04 00 00 00 AE 16 00 00 00 00 00 00 00 00 00 00 00 00 00 00 00 00 00 00 00 00 00 00 00 00 00 00 00 00 00 00 00 00 00 00 00 00 00 00 00 00 00 00 00 00 00 00 00  

 --- 60-10 Contact Start Transaction

2020/5/5 11:27:48.002 [TX] - 56 69 56 4F 74 65 63 68 32 00 60 10 00 23 01 00 78 00 78 9C 01 00 5F 57 01 00 9F 02 06 00 00 00 00 02 00 9F 03 06 00 00 00 00 00 00 5F 2A 02 08 40 F0 8F 
2020/5/5 11:27:48.008 [RX] - 56 69 56 4F 74 65 63 68 32 00 60 63 00 00 FF 0E 00 00 00 00 00 00 00 00 00 00 00 00 00 00 00 00 00 00 00 00 00 00 00 00 00 00 00 00 00 00 00 00 00 00 00 00 00 00 00 00 00 00 00 00 00 00 00 56 69 56 4F 74 65 63 68 32 00 61 01 00 10 03 00 00 02 00 45 4E 03 00 81 11 1C 02 00 00 00 A8 4F 00 00 00 00 00 00 00 00 00 00 00 00 00 00 00 00 00 00 00 00 00 00 00 00 00 00 00 00 00 00 00 56 69 56 4F 74 65 63 68 32 00 61 01 00 10 03 00 00 02 00 45 4E 03 00 81 1A 1C 02 00 00 00 6B ED 00 00 00 00 00 00 00 00 00 00 00 00 00 00 00 00 00 00 00 00 00 00 00 00 00 00 00 00 00 00 00 56 69 56 4F 74 65 63 68 32 00 61 01 00 10 03 00 00 02 00 45 53 03 00 81 1A 1C 02 00 00 00 77 40 00 00 00 00 00 00 00 00 00 00 00 00 00 00 00 00 00 00 00 00 00 00 00 00 00 00 00 00 00 00 00 56 69 56 4F 74 65 63 68 32 00 60 00 00 EE C0 FF EE 12 0A 62 99 49 01 2C 00 04 60 00 01 DF EE 25 02 00 10 57 A1 11 47 61 CC CC CC CC 00 10 D2 01 22 01 CC CC CC CC CC 57 C1 18 1B AC BF 35 0F 89 EF 6A EF 51 5D 5E 28 62 BE 0B 3A 5A 56 58 F4 85 F8 1B 5A A1 08 47 61 CC CC CC CC 00 10 5A C1 10 5B A9 77 CF C1 F2 BC F0 9F CE 73 54 E5 AB F8 72 5F 34 01 01 5F 20 0F 46 55 4C 4C 20 46 55 4E 43 54 49 4F 4E 41 4C 5F 24 03 20 12 31 9F 20 00 5F 25 03 95 07 01 5F 2D 08 65 73 65 6E 66 72 64 65 50 0A 56 49 53 41 43 52 45 44 49 54 4F 07 A0 00 00 00 03 10 10 84 07 A0 00 00 00 03 10 10 DF EE 23 00 9F 39 01 07 9F 1E 08 00 00 00 00 00 00 00 00 FF EE 01 04 DF 30 01 01 DF EF 4C 06 00 00 00 10 00 00 DF EF 4D 10 1F 9E 6D 3E E4 B1 B2 CC B9 99 A5 C4 5E D7 7A 3A DF EE 26 01 C0  

A5 08 00 00 00 00 00 00 00 00 00 00 00 00 00 00 00 00 00 00 00 00 00 00 00 00 00 00 00 00 00 00 00 00 00 00 00 00 00 00 00 00 00 00 00 00 00 00 00 00 00 00 00 00 00 00 00 00 00 00 00 00 00  --- 60-11 Contact Authenticate Transaction

2020/5/5 11:27:49.350 [TX] - 56 69 56 4F 74 65 63 68 32 00 60 11 00 03 00 00 78 F3 46 
2020/5/5 11:27:49.356 [RX] - 56 69 56 4F 74 65 63 68 32 00 60 63 00 00 FF 0E 00 00 00 00 00 00 00 00 00 00 00 00 00 00 00 00 00 00 00 00 00 00 00 00 00 00 00 00 00 00 00 00 00 00 00 00 00 00 00 00 00 00 00 00 00 00 00 56 69 56 4F 74 65 63 68 32 00 61 01 00 10 03 00 00 02 00 45 53 03 00 81 15 1C 02 00 00 00 B2 43 00 00 00 00 00 00 00 00 00 00 00 00 00 00 00 00 00 00 00 00 00 00 00 00 00 00 00 00 00 00 00 56 69 56 4F 74 65 63 68 32 00 60 00 00 82 C0 FF EE 12 0A 62 99 49 01 2C 00 04 60 00 01 DF EE 25 02 00 04 9F 10 07 06 01 1A 03 90 00 00 9F 26 08 70 6D A6 58 99 C4 01 45 9F 27 01 80 9F 36 02 00 01 9F 37 04 4E 23 F5 B1 9F 02 06 00 00 00 00 02 00 9F 4D 00 9F 4F 00 9F 13 00 95 05 42 80 00 00 00 9B 02 C8 00 9F 03 06 00 00 00 00 00 00 9F 34 03 5F 03 02 9F 39 01 07 9F 1E 08 00 00 00 00 00 00 00 00 FF EE 01 04 DF 30 01 01 DF EE 26 01 C0 26 9A 00 00 00 00 00 00 00 00 00 00 00 00 00 00 00 00 00 00 00 00 00 00 00 00 00 00 00 00 00 00 00 00 00 00 00 00 00 00 00 00 00 00 00  

 --- 60-12 Contact Apply Host Response

2020/5/5 11:27:49.528 [TX] - 56 69 56 4F 74 65 63 68 32 00 60 12 00 11 01 8A 02 30 30 91 0A 11 22 33 44 55 66 77 88 30 30 F3 1C 
2020/5/5 11:27:49.536 [RX] - 56 69 56 4F 74 65 63 68 32 00 60 63 00 00 FF 0E 00 00 00 00 00 00 00 00 00 00 00 00 00 00 00 00 00 00 00 00 00 00 00 00 00 00 00 00 00 00 00 00 00 00 00 00 00 00 00 00 00 00 00 00 00 00 00 56 69 56 4F 74 65 63 68 32 00 61 01 00 10 03 00 00 02 00 45 53 03 00 81 03 1C 02 00 00 00 25 26 00 00 00 00 00 00 00 00 00 00 00 00 00 00 00 00 00 00 00 00 00 00 00 00 00 00 00 00 00 00 00 56 69 56 4F 74 65 63 68 32 00 60 00 00 87 C0 FF EE 12 0A 62 99 49 01 2C 00 04 60 00 01 DF EE 25 02 00 02 9F 10 07 06 01 1A 03 60 00 00 9F 26 08 88 2D 84 27 A2 68 E2 14 9F 27 01 40 9F 36 02 00 01 9F 37 04 4E 23 F5 B1 9F 02 06 00 00 00 00 02 00 9F 4D 00 9F 4F 00 9F 13 00 95 05 42 80 00 00 00 9B 02 F8 00 9F 03 06 00 00 00 00 00 00 9F 34 03 5F 03 02 99 00 9F 39 01 07 9F 1E 08 00 00 00 00 00 00 00 00 9F 5B 00 FF EE 01 04 DF 30 01 01 DF EE 26 01 C0 C3 2B 00 00 00 00 00 00 00 00 00 00 00 00 00 00 00 00 00 00 00 00 00 00 00 00 00 00 00 00 00 00 00 00 00 00 00 00 00 00  

 Erase All Keys...

2020/5/5 11:27:51.242 [TX] - 56 69 56 4F 74 65 63 68 32 00 83 00 00 00 03 22 
2020/5/5 11:27:51.248 [RX] - 56 69 56 4F 74 65 63 68 32 00 83 00 00 00 22 03 00 00 00 00 00 00 00 00 00 00 00 00 00 00 00 00 00 00 00 00 00 00 00 00 00 00 00 00 00 00 00 00 00 00 00 00 00 00 00 00 00 00 00 00 00 00 00  

 Set DUKPT Key Encryption Type...

2020/5/5 11:27:51.754 [TX] - 56 69 56 4F 74 65 63 68 32 00 C7 32 00 01 00 FE 6D 
2020/5/5 11:27:51.760 [RX] - 56 69 56 4F 74 65 63 68 32 00 C7 00 00 00 86 6E 00 00 00 00 00 00 00 00 00 00 00 00 00 00 00 00 00 00 00 00 00 00 00 00 00 00 00 00 00 00 00 00 00 00 00 00 00 00 00 00 00 00 00 00 00 00 00  

 Get DUKPT Key Encryption Type...

2020/5/5 11:27:52.267 [TX] - 56 69 56 4F 74 65 63 68 32 00 C7 33 00 00 9B 1A 
2020/5/5 11:27:52.272 [RX] - 56 69 56 4F 74 65 63 68 32 00 C7 00 00 01 00 AC 7F 00 00 00 00 00 00 00 00 00 00 00 00 00 00 00 00 00 00 00 00 00 00 00 00 00 00 00 00 00 00 00 00 00 00 00 00 00 00 00 00 00 00 00 00 00 00  
OK!
 

 Loading DUKPT key...

2020/5/5 11:27:52.781 [TX] - 56 69 56 4F 74 65 63 68 32 00 80 00 00 65 30 39 36 46 31 35 35 37 37 45 39 41 44 41 30 30 38 38 4B 30 54 44 30 30 4E 30 30 30 30 30 30 38 30 45 30 39 46 43 39 35 35 45 36 33 43 32 45 43 43 30 42 34 39 44 42 46 35 31 37 36 36 42 32 41 39 34 34 33 37 32 37 35 39 30 32 33 30 32 32 30 32 32 33 34 39 38 37 31 32 30 32 33 34 30 30 30 30 30 30 30 30 9C 1B 
2020/5/5 11:27:52.792 [RX] - 56 69 56 4F 74 65 63 68 32 00 80 00 00 00 B9 DF 00 00 00 00 00 00 00 00 00 00 00 00 00 00 00 00 00 00 00 00 00 00 00 00 00 00 00 00 00 00 00 00 00 00 00 00 00 00 00 00 00 00 00 00 00 00 00 
2020/5/5 11:27:53.304 [TX] - 56 69 56 4F 74 65 63 68 32 00 80 00 00 65 31 32 45 43 36 30 30 37 37 45 39 41 44 41 30 30 38 38 4B 30 54 44 30 30 4E 30 30 30 30 30 30 38 30 31 44 31 45 36 30 44 36 45 32 46 38 44 31 44 36 32 34 42 44 34 34 36 42 43 39 33 31 34 33 33 41 30 33 33 36 33 31 30 34 35 36 37 38 32 37 37 30 32 33 41 39 39 37 31 32 36 32 33 34 30 30 30 30 30 30 30 30 30 E6 
2020/5/5 11:27:53.316 [RX] - 56 69 56 4F 74 65 63 68 32 00 80 00 00 00 B9 DF 00 00 00 00 00 00 00 00 00 00 00 00 00 00 00 00 00 00 00 00 00 00 00 00 00 00 00 00 00 00 00 00 00 00 00 00 00 00 00 00 00 00 00 00 00 00 00 
2020/5/5 11:27:53.821 [TX] - 56 69 56 4F 74 65 63 68 32 00 80 01 00 58 41 30 30 38 38 4B 30 54 44 30 30 4E 30 30 30 30 46 41 42 44 39 44 34 32 37 34 31 30 42 36 46 41 35 45 44 33 42 37 36 41 44 37 46 41 45 38 45 33 31 36 30 32 31 33 42 46 44 38 31 31 38 32 32 33 38 31 38 41 45 43 46 30 43 44 41 44 42 31 39 41 42 45 39 37 41 41 32 43 B8 FE 
2020/5/5 11:27:53.832 [RX] - 56 69 56 4F 74 65 63 68 32 00 80 00 00 00 B9 DF 00 00 00 00 00 00 00 00 00 00 00 00 00 00 00 00 00 00 00 00 00 00 00 00 00 00 00 00 00 00 00 00 00 00 00 00 00 00 00 00 00 00 00 00 00 00 00 
2020/5/5 11:27:54.338 [TX] - 56 69 56 4F 74 65 63 68 32 00 81 00 00 71 05 41 30 31 31 32 44 30 54 45 30 30 4E 30 31 30 30 4B 53 31 38 36 32 39 39 34 39 30 31 32 43 30 30 30 34 36 30 30 30 30 31 37 39 46 43 30 31 36 44 31 34 46 34 35 42 39 41 33 37 46 37 32 42 44 35 41 35 37 37 41 43 35 33 34 37 36 42 31 35 35 34 32 45 39 42 39 30 46 35 36 32 46 36 37 36 35 30 45 46 35 33 43 34 44 39 45 42 41 36 39 35 39 46 76 88 
2020/5/5 11:27:54.360 [RX] - 56 69 56 4F 74 65 63 68 32 00 81 00 00 00 CF 6B 00 00 00 00 00 00 00 00 00 00 00 00 00 00 00 00 00 00 00 00 00 00 00 00 00 00 00 00 00 00 00 00 00 00 00 00 00 00 00 00 00 00 00 00 00 00 00  
OK!
 

 --- 04-00-----DFEF4B = 76 T1+T2+T1 Sentinel+T2 Sentinel+PAN

2020/5/5 11:27:54.873 [TX] - 56 69 56 4F 74 65 63 68 32 00 04 00 00 07 DF EF 4B 03 76 00 00 A5 2E 
2020/5/5 11:27:54.880 [RX] - 56 69 56 4F 74 65 63 68 32 00 04 00 00 00 AE 16 00 00 00 00 00 00 00 00 00 00 00 00 00 00 00 00 00 00 00 00 00 00 00 00 00 00 00 00 00 00 00 00 00 00 00 00 00 00 00 00 00 00 00 00 00 00 00  

 --- 60-10 Contact Start Transaction

2020/5/5 11:27:54.886 [TX] - 56 69 56 4F 74 65 63 68 32 00 60 10 00 23 01 00 78 00 78 9C 01 00 5F 57 01 00 9F 02 06 00 00 00 00 02 00 9F 03 06 00 00 00 00 00 00 5F 2A 02 08 40 F0 8F 
2020/5/5 11:27:54.892 [RX] - 56 69 56 4F 74 65 63 68 32 00 60 63 00 00 FF 0E 00 00 00 00 00 00 00 00 00 00 00 00 00 00 00 00 00 00 00 00 00 00 00 00 00 00 00 00 00 00 00 00 00 00 00 00 00 00 00 00 00 00 00 00 00 00 00 56 69 56 4F 74 65 63 68 32 00 61 01 00 10 03 00 00 02 00 45 4E 03 00 81 11 1C 02 00 00 00 A8 4F 00 00 00 00 00 00 00 00 00 00 00 00 00 00 00 00 00 00 00 00 00 00 00 00 00 00 00 00 00 00 00 56 69 56 4F 74 65 63 68 32 00 61 01 00 10 03 00 00 02 00 45 4E 03 00 81 1A 1C 02 00 00 00 6B ED 00 00 00 00 00 00 00 00 00 00 00 00 00 00 00 00 00 00 00 00 00 00 00 00 00 00 00 00 00 00 00 56 69 56 4F 74 65 63 68 32 00 61 01 00 10 03 00 00 02 00 45 53 03 00 81 1A 1C 02 00 00 00 77 40 00 00 00 00 00 00 00 00 00 00 00 00 00 00 00 00 00 00 00 00 00 00 00 00 00 00 00 00 00 00 00 56 69 56 4F 74 65 63 68 32 00 60 00 01 16 C0 FF EE 12 0A 62 99 49 01 2C 00 04 60 00 01 DF EE 25 02 00 10 57 A1 11 47 61 CC CC CC CC 00 10 D2 01 22 01 CC CC CC CC CC 57 C1 18 1B AC BF 35 0F 89 EF 6A EF 51 5D 5E 28 62 BE 0B 3A 5A 56 58 F4 85 F8 1B 5A A1 08 47 61 CC CC CC CC 00 10 5A C1 10 5B A9 77 CF C1 F2 BC F0 9F CE 73 54 E5 AB F8 72 5F 34 01 01 5F 20 0F 46 55 4C 4C 20 46 55 4E 43 54 49 4F 4E 41 4C 5F 24 03 20 12 31 9F 20 00 5F 25 03 95 07 01 5F 2D 08 65 73 65 6E 66 72 64 65 50 0A 56 49 53 41 43 52 45 44 49 54 4F 07 A0 00 00 00 03 10 10 84 07 A0 00 00 00 03 10 10 DF EE 23 00 9F 39 01 07 9F 1E 08 00 00 00 00 00 00 00 00 FF EE 01 04 DF 30 01 01 DF EF 4C 06 00 24 00 10 00 00 DF EF 4D 38 A6 4F AA A0 D9 03 E9 8B 2C A5 91 05 56 48 CD 45 77 7B 46 BA 23 EE 49 D6 40 F3 22 9E C0 9C 33 0A B8 7D EC CD F5 68 54 CB CC 2E E3 5B 3D DE 27 A2 7F 8E FD 38 04 4D EC 70 DF EE 26 01 C0 95 FA 00 00 00 00 00 00 00 00 00 00 00 00 00 00 00 00 00 00 00 00 00  

 --- 60-11 Contact Authenticate Transaction

2020/5/5 11:27:56.273 [TX] - 56 69 56 4F 74 65 63 68 32 00 60 11 00 03 00 00 78 F3 46 
2020/5/5 11:27:56.280 [RX] - 56 69 56 4F 74 65 63 68 32 00 60 63 00 00 FF 0E 00 00 00 00 00 00 00 00 00 00 00 00 00 00 00 00 00 00 00 00 00 00 00 00 00 00 00 00 00 00 00 00 00 00 00 00 00 00 00 00 00 00 00 00 00 00 00 56 69 56 4F 74 65 63 68 32 00 61 01 00 10 03 00 00 02 00 45 53 03 00 81 15 1C 02 00 00 00 B2 43 00 00 00 00 00 00 00 00 00 00 00 00 00 00 00 00 00 00 00 00 00 00 00 00 00 00 00 00 00 00 00 56 69 56 4F 74 65 63 68 32 00 60 00 00 82 C0 FF EE 12 0A 62 99 49 01 2C 00 04 60 00 01 DF EE 25 02 00 04 9F 10 07 06 01 1A 03 90 00 00 9F 26 08 D0 40 0F 2F A0 40 F1 23 9F 27 01 80 9F 36 02 00 01 9F 37 04 EF 38 34 D2 9F 02 06 00 00 00 00 02 00 9F 4D 00 9F 4F 00 9F 13 00 95 05 42 80 00 00 00 9B 02 C8 00 9F 03 06 00 00 00 00 00 00 9F 34 03 5F 03 02 9F 39 01 07 9F 1E 08 00 00 00 00 00 00 00 00 FF EE 01 04 DF 30 01 01 DF EE 26 01 C0 6A 07 00 00 00 00 00 00 00 00 00 00 00 00 00 00 00 00 00 00 00 00 00 00 00 00 00 00 00 00 00 00 00 00 00 00 00 00 00 00 00 00 00 00 00  

 --- 60-12 Contact Apply Host Response

2020/5/5 11:27:56.460 [TX] - 56 69 56 4F 74 65 63 68 32 00 60 12 00 11 01 8A 02 30 30 91 0A 11 22 33 44 55 66 77 88 30 30 F3 1C 
2020/5/5 11:27:56.468 [RX] - 56 69 56 4F 74 65 63 68 32 00 60 63 00 00 FF 0E 00 00 00 00 00 00 00 00 00 00 00 00 00 00 00 00 00 00 00 00 00 00 00 00 00 00 00 00 00 00 00 00 00 00 00 00 00 00 00 00 00 00 00 00 00 00 00 56 69 56 4F 74 65 63 68 32 00 61 01 00 10 03 00 00 02 00 45 53 03 00 81 03 1C 02 00 00 00 25 26 00 00 00 00 00 00 00 00 00 00 00 00 00 00 00 00 00 00 00 00 00 00 00 00 00 00 00 00 00 00 00 56 69 56 4F 74 65 63 68 32 00 60 00 00 87 C0 FF EE 12 0A 62 99 49 01 2C 00 04 60 00 01 DF EE 25 02 00 02 9F 10 07 06 01 1A 03 60 00 00 9F 26 08 88 2D 84 27 A2 68 E2 14 9F 27 01 40 9F 36 02 00 01 9F 37 04 EF 38 34 D2 9F 02 06 00 00 00 00 02 00 9F 4D 00 9F 4F 00 9F 13 00 95 05 42 80 00 00 00 9B 02 F8 00 9F 03 06 00 00 00 00 00 00 9F 34 03 5F 03 02 99 00 9F 39 01 07 9F 1E 08 00 00 00 00 00 00 00 00 9F 5B 00 FF EE 01 04 DF 30 01 01 DF EE 26 01 C0 11 6A 00 00 00 00 00 00 00 00 00 00 00 00 00 00 00 00 00 00 00 00 00 00 00 00 00 00 00 00 00 00 00 00 00 00 00 00 00 00  

 Erase All Keys...

2020/5/5 11:27:58.154 [TX] - 56 69 56 4F 74 65 63 68 32 00 83 00 00 00 03 22 
2020/5/5 11:27:58.160 [RX] - 56 69 56 4F 74 65 63 68 32 00 83 00 00 00 22 03 00 00 00 00 00 00 00 00 00 00 00 00 00 00 00 00 00 00 00 00 00 00 00 00 00 00 00 00 00 00 00 00 00 00 00 00 00 00 00 00 00 00 00 00 00 00 00  

 Set DUKPT Key Encryption Type...

2020/5/5 11:27:58.669 [TX] - 56 69 56 4F 74 65 63 68 32 00 C7 32 00 01 00 FE 6D 
2020/5/5 11:27:58.676 [RX] - 56 69 56 4F 74 65 63 68 32 00 C7 00 00 00 86 6E 00 00 00 00 00 00 00 00 00 00 00 00 00 00 00 00 00 00 00 00 00 00 00 00 00 00 00 00 00 00 00 00 00 00 00 00 00 00 00 00 00 00 00 00 00 00 00  

 Get DUKPT Key Encryption Type...

2020/5/5 11:27:59.183 [TX] - 56 69 56 4F 74 65 63 68 32 00 C7 33 00 00 9B 1A 
2020/5/5 11:27:59.188 [RX] - 56 69 56 4F 74 65 63 68 32 00 C7 00 00 01 00 AC 7F 00 00 00 00 00 00 00 00 00 00 00 00 00 00 00 00 00 00 00 00 00 00 00 00 00 00 00 00 00 00 00 00 00 00 00 00 00 00 00 00 00 00 00 00 00 00  
OK!
 

 Loading DUKPT key...

2020/5/5 11:27:59.699 [TX] - 56 69 56 4F 74 65 63 68 32 00 80 00 00 65 30 39 36 46 31 35 35 37 37 45 39 41 44 41 30 30 38 38 4B 30 54 44 30 30 4E 30 30 30 30 30 30 38 30 45 30 39 46 43 39 35 35 45 36 33 43 32 45 43 43 30 42 34 39 44 42 46 35 31 37 36 36 42 32 41 39 34 34 33 37 32 37 35 39 30 32 33 30 32 32 30 32 32 33 34 39 38 37 31 32 30 32 33 34 30 30 30 30 30 30 30 30 9C 1B 
2020/5/5 11:27:59.708 [RX] - 56 69 56 4F 74 65 63 68 32 00 80 00 00 00 B9 DF 00 00 00 00 00 00 00 00 00 00 00 00 00 00 00 00 00 00 00 00 00 00 00 00 00 00 00 00 00 00 00 00 00 00 00 00 00 00 00 00 00 00 00 00 00 00 00 
2020/5/5 11:28:00.213 [TX] - 56 69 56 4F 74 65 63 68 32 00 80 00 00 65 31 32 45 43 36 30 30 37 37 45 39 41 44 41 30 30 38 38 4B 30 54 44 30 30 4E 30 30 30 30 30 30 38 30 31 44 31 45 36 30 44 36 45 32 46 38 44 31 44 36 32 34 42 44 34 34 36 42 43 39 33 31 34 33 33 41 30 33 33 36 33 31 30 34 35 36 37 38 32 37 37 30 32 33 41 39 39 37 31 32 36 32 33 34 30 30 30 30 30 30 30 30 30 E6 
2020/5/5 11:28:00.224 [RX] - 56 69 56 4F 74 65 63 68 32 00 80 00 00 00 B9 DF 00 00 00 00 00 00 00 00 00 00 00 00 00 00 00 00 00 00 00 00 00 00 00 00 00 00 00 00 00 00 00 00 00 00 00 00 00 00 00 00 00 00 00 00 00 00 00 
2020/5/5 11:28:00.730 [TX] - 56 69 56 4F 74 65 63 68 32 00 80 01 00 58 41 30 30 38 38 4B 30 54 44 30 30 4E 30 30 30 30 46 41 42 44 39 44 34 32 37 34 31 30 42 36 46 41 35 45 44 33 42 37 36 41 44 37 46 41 45 38 45 33 31 36 30 32 31 33 42 46 44 38 31 31 38 32 32 33 38 31 38 41 45 43 46 30 43 44 41 44 42 31 39 41 42 45 39 37 41 41 32 43 B8 FE 
2020/5/5 11:28:00.740 [RX] - 56 69 56 4F 74 65 63 68 32 00 80 00 00 00 B9 DF 00 00 00 00 00 00 00 00 00 00 00 00 00 00 00 00 00 00 00 00 00 00 00 00 00 00 00 00 00 00 00 00 00 00 00 00 00 00 00 00 00 00 00 00 00 00 00 
2020/5/5 11:28:01.245 [TX] - 56 69 56 4F 74 65 63 68 32 00 81 00 00 71 05 41 30 31 31 32 44 30 54 45 30 30 4E 30 31 30 30 4B 53 31 38 36 32 39 39 34 39 30 31 32 43 30 30 30 34 36 30 30 30 30 31 37 39 46 43 30 31 36 44 31 34 46 34 35 42 39 41 33 37 46 37 32 42 44 35 41 35 37 37 41 43 35 33 34 37 36 42 31 35 35 34 32 45 39 42 39 30 46 35 36 32 46 36 37 36 35 30 45 46 35 33 43 34 44 39 45 42 41 36 39 35 39 46 76 88 
2020/5/5 11:28:01.272 [RX] - 56 69 56 4F 74 65 63 68 32 00 81 00 00 00 CF 6B 00 00 00 00 00 00 00 00 00 00 00 00 00 00 00 00 00 00 00 00 00 00 00 00 00 00 00 00 00 00 00 00 00 00 00 00 00 00 00 00 00 00 00 00 00 00 00  
OK!
 

 --- 04-00-----DFEF4B = 6D T1+T3+T1 Sentinel+T3 Sentinel+PAN

2020/5/5 11:28:01.786 [TX] - 56 69 56 4F 74 65 63 68 32 00 04 00 00 07 DF EF 4B 03 6D 00 00 37 9D 
2020/5/5 11:28:01.792 [RX] - 56 69 56 4F 74 65 63 68 32 00 04 00 00 00 AE 16 00 00 00 00 00 00 00 00 00 00 00 00 00 00 00 00 00 00 00 00 00 00 00 00 00 00 00 00 00 00 00 00 00 00 00 00 00 00 00 00 00 00 00 00 00 00 00  

 --- 60-10 Contact Start Transaction

2020/5/5 11:28:01.797 [TX] - 56 69 56 4F 74 65 63 68 32 00 60 10 00 23 01 00 78 00 78 9C 01 00 5F 57 01 00 9F 02 06 00 00 00 00 02 00 9F 03 06 00 00 00 00 00 00 5F 2A 02 08 40 F0 8F 
2020/5/5 11:28:01.804 [RX] - 56 69 56 4F 74 65 63 68 32 00 60 63 00 00 FF 0E 00 00 00 00 00 00 00 00 00 00 00 00 00 00 00 00 00 00 00 00 00 00 00 00 00 00 00 00 00 00 00 00 00 00 00 00 00 00 00 00 00 00 00 00 00 00 00 56 69 56 4F 74 65 63 68 32 00 61 01 00 10 03 00 00 02 00 45 4E 03 00 81 11 1C 02 00 00 00 A8 4F 00 00 00 00 00 00 00 00 00 00 00 00 00 00 00 00 00 00 00 00 00 00 00 00 00 00 00 00 00 00 00 56 69 56 4F 74 65 63 68 32 00 61 01 00 10 03 00 00 02 00 45 4E 03 00 81 1A 1C 02 00 00 00 6B ED 00 00 00 00 00 00 00 00 00 00 00 00 00 00 00 00 00 00 00 00 00 00 00 00 00 00 00 00 00 00 00 56 69 56 4F 74 65 63 68 32 00 61 01 00 10 03 00 00 02 00 45 53 03 00 81 1A 1C 02 00 00 00 77 40 00 00 00 00 00 00 00 00 00 00 00 00 00 00 00 00 00 00 00 00 00 00 00 00 00 00 00 00 00 00 00 56 69 56 4F 74 65 63 68 32 00 60 00 00 EE C0 FF EE 12 0A 62 99 49 01 2C 00 04 60 00 01 DF EE 25 02 00 10 57 A1 11 47 61 CC CC CC CC 00 10 D2 01 22 01 CC CC CC CC CC 57 C1 18 1B AC BF 35 0F 89 EF 6A EF 51 5D 5E 28 62 BE 0B 3A 5A 56 58 F4 85 F8 1B 5A A1 08 47 61 CC CC CC CC 00 10 5A C1 10 5B A9 77 CF C1 F2 BC F0 9F CE 73 54 E5 AB F8 72 5F 34 01 01 5F 20 0F 46 55 4C 4C 20 46 55 4E 43 54 49 4F 4E 41 4C 5F 24 03 20 12 31 9F 20 00 5F 25 03 95 07 01 5F 2D 08 65 73 65 6E 66 72 64 65 50 0A 56 49 53 41 43 52 45 44 49 54 4F 07 A0 00 00 00 03 10 10 84 07 A0 00 00 00 03 10 10 DF EE 23 00 9F 39 01 07 9F 1E 08 00 00 00 00 00 00 00 00 FF EE 01 04 DF 30 01 01 DF EF 4C 06 00 00 00 10 00 00 DF EF 4D 10 1F 9E 6D 3E E4 B1 B2 CC B9 99 A5 C4 5E D7 7A 3A DF EE 26 01 C0  

A5 08 00 00 00 00 00 00 00 00 00 00 00 00 00 00 00 00 00 00 00 00 00 00 00 00 00 00 00 00 00 00 00 00 00 00 00 00 00 00 00 00 00 00 00 00 00 00 00 00 00 00 00 00 00 00 00 00 00 00 00 00 00  --- 60-11 Contact Authenticate Transaction

2020/5/5 11:28:03.117 [TX] - 56 69 56 4F 74 65 63 68 32 00 60 11 00 03 00 00 78 F3 46 
2020/5/5 11:28:03.124 [RX] - 56 69 56 4F 74 65 63 68 32 00 60 63 00 00 FF 0E 00 00 00 00 00 00 00 00 00 00 00 00 00 00 00 00 00 00 00 00 00 00 00 00 00 00 00 00 00 00 00 00 00 00 00 00 00 00 00 00 00 00 00 00 00 00 00 56 69 56 4F 74 65 63 68 32 00 61 01 00 10 03 00 00 02 00 45 53 03 00 81 15 1C 02 00 00 00 B2 43 00 00 00 00 00 00 00 00 00 00 00 00 00 00 00 00 00 00 00 00 00 00 00 00 00 00 00 00 00 00 00 56 69 56 4F 74 65 63 68 32 00 60 00 00 82 C0 FF EE 12 0A 62 99 49 01 2C 00 04 60 00 01 DF EE 25 02 00 04 9F 10 07 06 01 1A 03 90 00 00 9F 26 08 52 1C 76 9D CE 7F 1F 7D 9F 27 01 80 9F 36 02 00 01 9F 37 04 74 17 25 6C 9F 02 06 00 00 00 00 02 00 9F 4D 00 9F 4F 00 9F 13 00 95 05 42 80 00 00 00 9B 02 C8 00 9F 03 06 00 00 00 00 00 00 9F 34 03 5F 03 02 9F 39 01 07 9F 1E 08 00 00 00 00 00 00 00 00 FF EE 01 04 DF 30 01 01 DF EE 26 01 C0 6F E4 00 00 00 00 00 00 00 00 00 00 00 00 00 00 00 00 00 00 00 00 00 00 00 00 00 00 00 00 00 00 00 00 00 00 00 00 00 00 00 00 00 00 00  

 --- 60-12 Contact Apply Host Response

2020/5/5 11:28:03.292 [TX] - 56 69 56 4F 74 65 63 68 32 00 60 12 00 11 01 8A 02 30 30 91 0A 11 22 33 44 55 66 77 88 30 30 F3 1C 
2020/5/5 11:28:03.300 [RX] - 56 69 56 4F 74 65 63 68 32 00 60 63 00 00 FF 0E 00 00 00 00 00 00 00 00 00 00 00 00 00 00 00 00 00 00 00 00 00 00 00 00 00 00 00 00 00 00 00 00 00 00 00 00 00 00 00 00 00 00 00 00 00 00 00 56 69 56 4F 74 65 63 68 32 00 61 01 00 10 03 00 00 02 00 45 53 03 00 81 03 1C 02 00 00 00 25 26 00 00 00 00 00 00 00 00 00 00 00 00 00 00 00 00 00 00 00 00 00 00 00 00 00 00 00 00 00 00 00 56 69 56 4F 74 65 63 68 32 00 60 00 00 87 C0 FF EE 12 0A 62 99 49 01 2C 00 04 60 00 01 DF EE 25 02 00 02 9F 10 07 06 01 1A 03 60 00 00 9F 26 08 88 2D 84 27 A2 68 E2 14 9F 27 01 40 9F 36 02 00 01 9F 37 04 74 17 25 6C 9F 02 06 00 00 00 00 02 00 9F 4D 00 9F 4F 00 9F 13 00 95 05 42 80 00 00 00 9B 02 F8 00 9F 03 06 00 00 00 00 00 00 9F 34 03 5F 03 02 99 00 9F 39 01 07 9F 1E 08 00 00 00 00 00 00 00 00 9F 5B 00 FF EE 01 04 DF 30 01 01 DF EE 26 01 C0 89 29 00 00 00 00 00 00 00 00 00 00 00 00 00 00 00 00 00 00 00 00 00 00 00 00 00 00 00 00 00 00 00 00 00 00 00 00 00 00  

 Erase All Keys...

2020/5/5 11:28:05.898 [TX] - 56 69 56 4F 74 65 63 68 32 00 83 00 00 00 03 22 
2020/5/5 11:28:05.904 [RX] - 56 69 56 4F 74 65 63 68 32 00 83 00 00 00 22 03 00 00 00 00 00 00 00 00 00 00 00 00 00 00 00 00 00 00 00 00 00 00 00 00 00 00 00 00 00 00 00 00 00 00 00 00 00 00 00 00 00 00 00 00 00 00 00  

 Set DUKPT Key Encryption Type...

2020/5/5 11:28:06.409 [TX] - 56 69 56 4F 74 65 63 68 32 00 C7 32 00 01 00 FE 6D 
2020/5/5 11:28:06.416 [RX] - 56 69 56 4F 74 65 63 68 32 00 C7 00 00 00 86 6E 00 00 00 00 00 00 00 00 00 00 00 00 00 00 00 00 00 00 00 00 00 00 00 00 00 00 00 00 00 00 00 00 00 00 00 00 00 00 00 00 00 00 00 00 00 00 00  

 Get DUKPT Key Encryption Type...

2020/5/5 11:28:06.922 [TX] - 56 69 56 4F 74 65 63 68 32 00 C7 33 00 00 9B 1A 
2020/5/5 11:28:06.928 [RX] - 56 69 56 4F 74 65 63 68 32 00 C7 00 00 01 00 AC 7F 00 00 00 00 00 00 00 00 00 00 00 00 00 00 00 00 00 00 00 00 00 00 00 00 00 00 00 00 00 00 00 00 00 00 00 00 00 00 00 00 00 00 00 00 00 00  
OK!
 

 Loading DUKPT key...

2020/5/5 11:28:07.437 [TX] - 56 69 56 4F 74 65 63 68 32 00 80 00 00 65 30 39 36 46 31 35 35 37 37 45 39 41 44 41 30 30 38 38 4B 30 54 44 30 30 4E 30 30 30 30 30 30 38 30 45 30 39 46 43 39 35 35 45 36 33 43 32 45 43 43 30 42 34 39 44 42 46 35 31 37 36 36 42 32 41 39 34 34 33 37 32 37 35 39 30 32 33 30 32 32 30 32 32 33 34 39 38 37 31 32 30 32 33 34 30 30 30 30 30 30 30 30 9C 1B 
2020/5/5 11:28:07.448 [RX] - 56 69 56 4F 74 65 63 68 32 00 80 00 00 00 B9 DF 00 00 00 00 00 00 00 00 00 00 00 00 00 00 00 00 00 00 00 00 00 00 00 00 00 00 00 00 00 00 00 00 00 00 00 00 00 00 00 00 00 00 00 00 00 00 00 
2020/5/5 11:28:07.953 [TX] - 56 69 56 4F 74 65 63 68 32 00 80 00 00 65 31 32 45 43 36 30 30 37 37 45 39 41 44 41 30 30 38 38 4B 30 54 44 30 30 4E 30 30 30 30 30 30 38 30 31 44 31 45 36 30 44 36 45 32 46 38 44 31 44 36 32 34 42 44 34 34 36 42 43 39 33 31 34 33 33 41 30 33 33 36 33 31 30 34 35 36 37 38 32 37 37 30 32 33 41 39 39 37 31 32 36 32 33 34 30 30 30 30 30 30 30 30 30 E6 
2020/5/5 11:28:07.965 [RX] - 56 69 56 4F 74 65 63 68 32 00 80 00 00 00 B9 DF 00 00 00 00 00 00 00 00 00 00 00 00 00 00 00 00 00 00 00 00 00 00 00 00 00 00 00 00 00 00 00 00 00 00 00 00 00 00 00 00 00 00 00 00 00 00 00 
2020/5/5 11:28:08.470 [TX] - 56 69 56 4F 74 65 63 68 32 00 80 01 00 58 41 30 30 38 38 4B 30 54 44 30 30 4E 30 30 30 30 46 41 42 44 39 44 34 32 37 34 31 30 42 36 46 41 35 45 44 33 42 37 36 41 44 37 46 41 45 38 45 33 31 36 30 32 31 33 42 46 44 38 31 31 38 32 32 33 38 31 38 41 45 43 46 30 43 44 41 44 42 31 39 41 42 45 39 37 41 41 32 43 B8 FE 
2020/5/5 11:28:08.480 [RX] - 56 69 56 4F 74 65 63 68 32 00 80 00 00 00 B9 DF 00 00 00 00 00 00 00 00 00 00 00 00 00 00 00 00 00 00 00 00 00 00 00 00 00 00 00 00 00 00 00 00 00 00 00 00 00 00 00 00 00 00 00 00 00 00 00 
2020/5/5 11:28:08.985 [TX] - 56 69 56 4F 74 65 63 68 32 00 81 00 00 71 05 41 30 31 31 32 44 30 54 45 30 30 4E 30 31 30 30 4B 53 31 38 36 32 39 39 34 39 30 31 32 43 30 30 30 34 36 30 30 30 30 31 37 39 46 43 30 31 36 44 31 34 46 34 35 42 39 41 33 37 46 37 32 42 44 35 41 35 37 37 41 43 35 33 34 37 36 42 31 35 35 34 32 45 39 42 39 30 46 35 36 32 46 36 37 36 35 30 45 46 35 33 43 34 44 39 45 42 41 36 39 35 39 46 76 88 
2020/5/5 11:28:09.012 [RX] - 56 69 56 4F 74 65 63 68 32 00 81 00 00 00 CF 6B 00 00 00 00 00 00 00 00 00 00 00 00 00 00 00 00 00 00 00 00 00 00 00 00 00 00 00 00 00 00 00 00 00 00 00 00 00 00 00 00 00 00 00 00 00 00 00  
OK!
 

 --- 04-00-----DFEF4B = 5B T2+T3+T2 Sentinel+T3 Sentinel+PAN

2020/5/5 11:28:09.525 [TX] - 56 69 56 4F 74 65 63 68 32 00 04 00 00 07 DF EF 4B 03 5B 00 00 32 EA 
2020/5/5 11:28:09.532 [RX] - 56 69 56 4F 74 65 63 68 32 00 04 00 00 00 AE 16 00 00 00 00 00 00 00 00 00 00 00 00 00 00 00 00 00 00 00 00 00 00 00 00 00 00 00 00 00 00 00 00 00 00 00 00 00 00 00 00 00 00 00 00 00 00 00  

 --- 60-10 Contact Start Transaction

2020/5/5 11:28:09.537 [TX] - 56 69 56 4F 74 65 63 68 32 00 60 10 00 23 01 00 78 00 78 9C 01 00 5F 57 01 00 9F 02 06 00 00 00 00 02 00 9F 03 06 00 00 00 00 00 00 5F 2A 02 08 40 F0 8F 
2020/5/5 11:28:09.544 [RX] - 56 69 56 4F 74 65 63 68 32 00 60 63 00 00 FF 0E 00 00 00 00 00 00 00 00 00 00 00 00 00 00 00 00 00 00 00 00 00 00 00 00 00 00 00 00 00 00 00 00 00 00 00 00 00 00 00 00 00 00 00 00 00 00 00 56 69 56 4F 74 65 63 68 32 00 61 01 00 10 03 00 00 02 00 45 4E 03 00 81 11 1C 02 00 00 00 A8 4F 00 00 00 00 00 00 00 00 00 00 00 00 00 00 00 00 00 00 00 00 00 00 00 00 00 00 00 00 00 00 00 56 69 56 4F 74 65 63 68 32 00 61 01 00 10 03 00 00 02 00 45 4E 03 00 81 1A 1C 02 00 00 00 6B ED 00 00 00 00 00 00 00 00 00 00 00 00 00 00 00 00 00 00 00 00 00 00 00 00 00 00 00 00 00 00 00 56 69 56 4F 74 65 63 68 32 00 61 01 00 10 03 00 00 02 00 45 53 03 00 81 1A 1C 02 00 00 00 77 40 00 00 00 00 00 00 00 00 00 00 00 00 00 00 00 00 00 00 00 00 00 00 00 00 00 00 00 00 00 00 00 56 69 56 4F 74 65 63 68 32 00 60 00 01 16 C0 FF EE 12 0A 62 99 49 01 2C 00 04 60 00 01 DF EE 25 02 00 10 57 A1 11 47 61 CC CC CC CC 00 10 D2 01 22 01 CC CC CC CC CC 57 C1 18 1B AC BF 35 0F 89 EF 6A EF 51 5D 5E 28 62 BE 0B 3A 5A 56 58 F4 85 F8 1B 5A A1 08 47 61 CC CC CC CC 00 10 5A C1 10 5B A9 77 CF C1 F2 BC F0 9F CE 73 54 E5 AB F8 72 5F 34 01 01 5F 20 0F 46 55 4C 4C 20 46 55 4E 43 54 49 4F 4E 41 4C 5F 24 03 20 12 31 9F 20 00 5F 25 03 95 07 01 5F 2D 08 65 73 65 6E 66 72 64 65 50 0A 56 49 53 41 43 52 45 44 49 54 4F 07 A0 00 00 00 03 10 10 84 07 A0 00 00 00 03 10 10 DF EE 23 00 9F 39 01 07 9F 1E 08 00 00 00 00 00 00 00 00 FF EE 01 04 DF 30 01 01 DF EF 4C 06 00 24 00 10 00 00 DF EF 4D 38 A6 4F AA A0 D9 03 E9 8B 2C A5 91 05 56 48 CD 45 77 7B 46 BA 23 EE 49 D6 40 F3 22 9E C0 9C 33 0A B8 7D EC CD F5 68 54 CB CC 2E E3 5B 3D DE 27 A2 7F 8E FD 38 04 4D EC 70 DF EE 26 01 C0 95 FA 00 00 00 00 00 00 00 00 00 00 00 00 00 00 00 00 00 00 00 00 00  

 --- 60-11 Contact Authenticate Transaction

2020/5/5 11:28:10.926 [TX] - 56 69 56 4F 74 65 63 68 32 00 60 11 00 03 00 00 78 F3 46 
2020/5/5 11:28:10.932 [RX] - 56 69 56 4F 74 65 63 68 32 00 60 63 00 00 FF 0E 00 00 00 00 00 00 00 00 00 00 00 00 00 00 00 00 00 00 00 00 00 00 00 00 00 00 00 00 00 00 00 00 00 00 00 00 00 00 00 00 00 00 00 00 00 00 00 56 69 56 4F 74 65 63 68 32 00 61 01 00 10 03 00 00 02 00 45 53 03 00 81 15 1C 02 00 00 00 B2 43 00 00 00 00 00 00 00 00 00 00 00 00 00 00 00 00 00 00 00 00 00 00 00 00 00 00 00 00 00 00 00 56 69 56 4F 74 65 63 68 32 00 60 00 00 82 C0 FF EE 12 0A 62 99 49 01 2C 00 04 60 00 01 DF EE 25 02 00 04 9F 10 07 06 01 1A 03 90 00 00 9F 26 08 95 12 09 EB 79 C8 EA F1 9F 27 01 80 9F 36 02 00 01 9F 37 04 82 C8 79 1A 9F 02 06 00 00 00 00 02 00 9F 4D 00 9F 4F 00 9F 13 00 95 05 42 80 00 00 00 9B 02 C8 00 9F 03 06 00 00 00 00 00 00 9F 34 03 5F 03 02 9F 39 01 07 9F 1E 08 00 00 00 00 00 00 00 00 FF EE 01 04 DF 30 01 01 DF EE 26 01 C0 39 5E 00 00 00 00 00 00 00 00 00 00 00 00 00 00 00 00 00 00 00 00 00 00 00 00 00 00 00 00 00 00 00 00 00 00 00 00 00 00 00 00 00 00 00  

 --- 60-12 Contact Apply Host Response

2020/5/5 11:28:11.096 [TX] - 56 69 56 4F 74 65 63 68 32 00 60 12 00 11 01 8A 02 30 30 91 0A 11 22 33 44 55 66 77 88 30 30 F3 1C 
2020/5/5 11:28:11.104 [RX] - 56 69 56 4F 74 65 63 68 32 00 60 63 00 00 FF 0E 00 00 00 00 00 00 00 00 00 00 00 00 00 00 00 00 00 00 00 00 00 00 00 00 00 00 00 00 00 00 00 00 00 00 00 00 00 00 00 00 00 00 00 00 00 00 00 56 69 56 4F 74 65 63 68 32 00 61 01 00 10 03 00 00 02 00 45 53 03 00 81 03 1C 02 00 00 00 25 26 00 00 00 00 00 00 00 00 00 00 00 00 00 00 00 00 00 00 00 00 00 00 00 00 00 00 00 00 00 00 00 56 69 56 4F 74 65 63 68 32 00 60 00 00 87 C0 FF EE 12 0A 62 99 49 01 2C 00 04 60 00 01 DF EE 25 02 00 02 9F 10 07 06 01 1A 03 60 00 00 9F 26 08 88 2D 84 27 A2 68 E2 14 9F 27 01 40 9F 36 02 00 01 9F 37 04 82 C8 79 1A 9F 02 06 00 00 00 00 02 00 9F 4D 00 9F 4F 00 9F 13 00 95 05 42 80 00 00 00 9B 02 F8 00 9F 03 06 00 00 00 00 00 00 9F 34 03 5F 03 02 99 00 9F 39 01 07 9F 1E 08 00 00 00 00 00 00 00 00 9F 5B 00 FF EE 01 04 DF 30 01 01 DF EE 26 01 C0 40 AE 00 00 00 00 00 00 00 00 00 00 00 00 00 00 00 00 00 00 00 00 00 00 00 00 00 00 00 00 00 00 00 00 00 00 00 00 00 00  

 Erase All Keys...

2020/5/5 11:28:13.018 [TX] - 56 69 56 4F 74 65 63 68 32 00 83 00 00 00 03 22 
2020/5/5 11:28:13.024 [RX] - 56 69 56 4F 74 65 63 68 32 00 83 00 00 00 22 03 00 00 00 00 00 00 00 00 00 00 00 00 00 00 00 00 00 00 00 00 00 00 00 00 00 00 00 00 00 00 00 00 00 00 00 00 00 00 00 00 00 00 00 00 00 00 00  

 Set DUKPT Key Encryption Type...

2020/5/5 11:28:13.530 [TX] - 56 69 56 4F 74 65 63 68 32 00 C7 32 00 01 00 FE 6D 
2020/5/5 11:28:13.536 [RX] - 56 69 56 4F 74 65 63 68 32 00 C7 00 00 00 86 6E 00 00 00 00 00 00 00 00 00 00 00 00 00 00 00 00 00 00 00 00 00 00 00 00 00 00 00 00 00 00 00 00 00 00 00 00 00 00 00 00 00 00 00 00 00 00 00  

 Get DUKPT Key Encryption Type...

2020/5/5 11:28:14.043 [TX] - 56 69 56 4F 74 65 63 68 32 00 C7 33 00 00 9B 1A 
2020/5/5 11:28:14.048 [RX] - 56 69 56 4F 74 65 63 68 32 00 C7 00 00 01 00 AC 7F 00 00 00 00 00 00 00 00 00 00 00 00 00 00 00 00 00 00 00 00 00 00 00 00 00 00 00 00 00 00 00 00 00 00 00 00 00 00 00 00 00 00 00 00 00 00  
OK!
 

 Loading DUKPT key...

2020/5/5 11:28:14.558 [TX] - 56 69 56 4F 74 65 63 68 32 00 80 00 00 65 30 39 36 46 31 35 35 37 37 45 39 41 44 41 30 30 38 38 4B 30 54 44 30 30 4E 30 30 30 30 30 30 38 30 45 30 39 46 43 39 35 35 45 36 33 43 32 45 43 43 30 42 34 39 44 42 46 35 31 37 36 36 42 32 41 39 34 34 33 37 32 37 35 39 30 32 33 30 32 32 30 32 32 33 34 39 38 37 31 32 30 32 33 34 30 30 30 30 30 30 30 30 9C 1B 
2020/5/5 11:28:14.568 [RX] - 56 69 56 4F 74 65 63 68 32 00 80 00 00 00 B9 DF 00 00 00 00 00 00 00 00 00 00 00 00 00 00 00 00 00 00 00 00 00 00 00 00 00 00 00 00 00 00 00 00 00 00 00 00 00 00 00 00 00 00 00 00 00 00 00 
2020/5/5 11:28:15.073 [TX] - 56 69 56 4F 74 65 63 68 32 00 80 00 00 65 31 32 45 43 36 30 30 37 37 45 39 41 44 41 30 30 38 38 4B 30 54 44 30 30 4E 30 30 30 30 30 30 38 30 31 44 31 45 36 30 44 36 45 32 46 38 44 31 44 36 32 34 42 44 34 34 36 42 43 39 33 31 34 33 33 41 30 33 33 36 33 31 30 34 35 36 37 38 32 37 37 30 32 33 41 39 39 37 31 32 36 32 33 34 30 30 30 30 30 30 30 30 30 E6 
2020/5/5 11:28:15.084 [RX] - 56 69 56 4F 74 65 63 68 32 00 80 00 00 00 B9 DF 00 00 00 00 00 00 00 00 00 00 00 00 00 00 00 00 00 00 00 00 00 00 00 00 00 00 00 00 00 00 00 00 00 00 00 00 00 00 00 00 00 00 00 00 00 00 00 
2020/5/5 11:28:15.590 [TX] - 56 69 56 4F 74 65 63 68 32 00 80 01 00 58 41 30 30 38 38 4B 30 54 44 30 30 4E 30 30 30 30 46 41 42 44 39 44 34 32 37 34 31 30 42 36 46 41 35 45 44 33 42 37 36 41 44 37 46 41 45 38 45 33 31 36 30 32 31 33 42 46 44 38 31 31 38 32 32 33 38 31 38 41 45 43 46 30 43 44 41 44 42 31 39 41 42 45 39 37 41 41 32 43 B8 FE 
2020/5/5 11:28:15.600 [RX] - 56 69 56 4F 74 65 63 68 32 00 80 00 00 00 B9 DF 00 00 00 00 00 00 00 00 00 00 00 00 00 00 00 00 00 00 00 00 00 00 00 00 00 00 00 00 00 00 00 00 00 00 00 00 00 00 00 00 00 00 00 00 00 00 00 
2020/5/5 11:28:16.106 [TX] - 56 69 56 4F 74 65 63 68 32 00 81 00 00 71 05 41 30 31 31 32 44 30 54 45 30 30 4E 30 31 30 30 4B 53 31 38 36 32 39 39 34 39 30 31 32 43 30 30 30 34 36 30 30 30 30 31 37 39 46 43 30 31 36 44 31 34 46 34 35 42 39 41 33 37 46 37 32 42 44 35 41 35 37 37 41 43 35 33 34 37 36 42 31 35 35 34 32 45 39 42 39 30 46 35 36 32 46 36 37 36 35 30 45 46 35 33 43 34 44 39 45 42 41 36 39 35 39 46 76 88 
2020/5/5 11:28:16.128 [RX] - 56 69 56 4F 74 65 63 68 32 00 81 00 00 00 CF 6B 00 00 00 00 00 00 00 00 00 00 00 00 00 00 00 00 00 00 00 00 00 00 00 00 00 00 00 00 00 00 00 00 00 00 00 00 00 00 00 00 00 00 00 00 00 00 00  
OK!
 

 --- 04-00-----DFEF4B = 7F T1+T2+T3+T1 Sentinel+T2 Sentinel+T3 Sentinel+PAN

2020/5/5 11:28:16.641 [TX] - 56 69 56 4F 74 65 63 68 32 00 04 00 00 07 DF EF 4B 03 7F 00 00 34 B0 
2020/5/5 11:28:16.648 [RX] - 56 69 56 4F 74 65 63 68 32 00 04 00 00 00 AE 16 00 00 00 00 00 00 00 00 00 00 00 00 00 00 00 00 00 00 00 00 00 00 00 00 00 00 00 00 00 00 00 00 00 00 00 00 00 00 00 00 00 00 00 00 00 00 00  

 --- 60-10 Contact Start Transaction

2020/5/5 11:28:16.654 [TX] - 56 69 56 4F 74 65 63 68 32 00 60 10 00 23 01 00 78 00 78 9C 01 00 5F 57 01 00 9F 02 06 00 00 00 00 02 00 9F 03 06 00 00 00 00 00 00 5F 2A 02 08 40 F0 8F 
2020/5/5 11:28:16.660 [RX] - 56 69 56 4F 74 65 63 68 32 00 60 63 00 00 FF 0E 00 00 00 00 00 00 00 00 00 00 00 00 00 00 00 00 00 00 00 00 00 00 00 00 00 00 00 00 00 00 00 00 00 00 00 00 00 00 00 00 00 00 00 00 00 00 00 56 69 56 4F 74 65 63 68 32 00 61 01 00 10 03 00 00 02 00 45 4E 03 00 81 11 1C 02 00 00 00 A8 4F 00 00 00 00 00 00 00 00 00 00 00 00 00 00 00 00 00 00 00 00 00 00 00 00 00 00 00 00 00 00 00 56 69 56 4F 74 65 63 68 32 00 61 01 00 10 03 00 00 02 00 45 4E 03 00 81 1A 1C 02 00 00 00 6B ED 00 00 00 00 00 00 00 00 00 00 00 00 00 00 00 00 00 00 00 00 00 00 00 00 00 00 00 00 00 00 00 56 69 56 4F 74 65 63 68 32 00 61 01 00 10 03 00 00 02 00 45 53 03 00 81 1A 1C 02 00 00 00 77 40 00 00 00 00 00 00 00 00 00 00 00 00 00 00 00 00 00 00 00 00 00 00 00 00 00 00 00 00 00 00 00 56 69 56 4F 74 65 63 68 32 00 60 00 01 16 C0 FF EE 12 0A 62 99 49 01 2C 00 04 60 00 01 DF EE 25 02 00 10 57 A1 11 47 61 CC CC CC CC 00 10 D2 01 22 01 CC CC CC CC CC 57 C1 18 1B AC BF 35 0F 89 EF 6A EF 51 5D 5E 28 62 BE 0B 3A 5A 56 58 F4 85 F8 1B 5A A1 08 47 61 CC CC CC CC 00 10 5A C1 10 5B A9 77 CF C1 F2 BC F0 9F CE 73 54 E5 AB F8 72 5F 34 01 01 5F 20 0F 46 55 4C 4C 20 46 55 4E 43 54 49 4F 4E 41 4C 5F 24 03 20 12 31 9F 20 00 5F 25 03 95 07 01 5F 2D 08 65 73 65 6E 66 72 64 65 50 0A 56 49 53 41 43 52 45 44 49 54 4F 07 A0 00 00 00 03 10 10 84 07 A0 00 00 00 03 10 10 DF EE 23 00 9F 39 01 07 9F 1E 08 00 00 00 00 00 00 00 00 FF EE 01 04 DF 30 01 01 DF EF 4C 06 00 24 00 10 00 00 DF EF 4D 38 A6 4F AA A0 D9 03 E9 8B 2C A5 91 05 56 48 CD 45 77 7B 46 BA 23 EE 49 D6 40 F3 22 9E C0 9C 33 0A B8 7D EC CD F5 68 54 CB CC 2E E3 5B 3D DE 27 A2 7F 8E FD 38 04 4D EC 70 DF EE 26 01 C0 95 FA 00 00 00 00 00 00 00 00 00 00 00 00 00 00 00 00 00 00 00 00 00  

 --- 60-11 Contact Authenticate Transaction

2020/5/5 11:28:17.957 [TX] - 56 69 56 4F 74 65 63 68 32 00 60 11 00 03 00 00 78 F3 46 
2020/5/5 11:28:17.964 [RX] - 56 69 56 4F 74 65 63 68 32 00 60 63 00 00 FF 0E 00 00 00 00 00 00 00 00 00 00 00 00 00 00 00 00 00 00 00 00 00 00 00 00 00 00 00 00 00 00 00 00 00 00 00 00 00 00 00 00 00 00 00 00 00 00 00 56 69 56 4F 74 65 63 68 32 00 61 01 00 10 03 00 00 02 00 45 53 03 00 81 15 1C 02 00 00 00 B2 43 00 00 00 00 00 00 00 00 00 00 00 00 00 00 00 00 00 00 00 00 00 00 00 00 00 00 00 00 00 00 00 56 69 56 4F 74 65 63 68 32 00 60 00 00 82 C0 FF EE 12 0A 62 99 49 01 2C 00 04 60 00 01 DF EE 25 02 00 04 9F 10 07 06 01 1A 03 90 00 00 9F 26 08 D8 3E C4 CC D0 9A CD 89 9F 27 01 80 9F 36 02 00 01 9F 37 04 C3 13 92 A3 9F 02 06 00 00 00 00 02 00 9F 4D 00 9F 4F 00 9F 13 00 95 05 42 80 00 00 00 9B 02 C8 00 9F 03 06 00 00 00 00 00 00 9F 34 03 5F 03 02 9F 39 01 07 9F 1E 08 00 00 00 00 00 00 00 00 FF EE 01 04 DF 30 01 01 DF EE 26 01 C0 87 E6 00 00 00 00 00 00 00 00 00 00 00 00 00 00 00 00 00 00 00 00 00 00 00 00 00 00 00 00 00 00 00 00 00 00 00 00 00 00 00 00 00 00 00  

 --- 60-12 Contact Apply Host Response

2020/5/5 11:28:18.128 [TX] - 56 69 56 4F 74 65 63 68 32 00 60 12 00 11 01 8A 02 30 30 91 0A 11 22 33 44 55 66 77 88 30 30 F3 1C 
2020/5/5 11:28:18.136 [RX] - 56 69 56 4F 74 65 63 68 32 00 60 63 00 00 FF 0E 00 00 00 00 00 00 00 00 00 00 00 00 00 00 00 00 00 00 00 00 00 00 00 00 00 00 00 00 00 00 00 00 00 00 00 00 00 00 00 00 00 00 00 00 00 00 00 56 69 56 4F 74 65 63 68 32 00 61 01 00 10 03 00 00 02 00 45 53 03 00 81 03 1C 02 00 00 00 25 26 00 00 00 00 00 00 00 00 00 00 00 00 00 00 00 00 00 00 00 00 00 00 00 00 00 00 00 00 00 00 00 56 69 56 4F 74 65 63 68 32 00 60 00 00 87 C0 FF EE 12 0A 62 99 49 01 2C 00 04 60 00 01 DF EE 25 02 00 02 9F 10 07 06 01 1A 03 60 00 00 9F 26 08 88 2D 84 27 A2 68 E2 14 9F 27 01 40 9F 36 02 00 01 9F 37 04 C3 13 92 A3 9F 02 06 00 00 00 00 02 00 9F 4D 00 9F 4F 00 9F 13 00 95 05 42 80 00 00 00 9B 02 F8 00 9F 03 06 00 00 00 00 00 00 9F 34 03 5F 03 02 99 00 9F 39 01 07 9F 1E 08 00 00 00 00 00 00 00 00 9F 5B 00 FF EE 01 04 DF 30 01 01 DF EE 26 01 C0 96 45 00 00 00 00 00 00 00 00 00 00 00 00 00 00 00 00 00 00 00 00 00 00 00 00 00 00 00 00 00 00 00 00 00 00 00 00 00 00  
---------- END OF TEST ----------

 Result = PASSED
 

 MASTER RESULT = PASSED


Docklight Log File (HEX) - Stopped 2020/5/5 11:28:20.092 

