Docklight Log File (HEX) - Started 2024/5/13 15:54:39.094 
 TEST CASE: CR071

 --- Set POS COM PORT Settings
 Set POS COM PORT...
 POS operating on COM90 @ 115200 baud...
 Set POS COM PORT - COMPLETE

 --- 91-10 (JIRA#CS-3585) 4 BIN ranges

2024/5/13 15:54:41.542 [TX] - 56 69 56 4F 74 65 63 68 32 00 91 10 00 8D 89 00 30 81 86 02 01 01 31 81 80 30 1E 13 00 30 0C 02 04 03 58 BE 90 02 04 00 00 00 00 30 0C 02 04 03 58 BE 90 02 04 FF FF FF FF 30 1E 13 00 30 0C 02 04 03 98 F9 EC 02 04 00 00 00 00 30 0C 02 04 03 98 FA 4F 02 04 FF FF FF FF 30 1E 13 00 30 0C 02 04 03 83 B3 D4 02 04 00 00 00 00 30 0C 02 04 03 83 B4 37 02 04 FF FF FF FF 30 1E 13 00 30 0C 02 04 02 FE 5D 10 02 04 00 00 00 00 30 0C 02 04 02 FE 5D 73 02 04 FF FF FF FF 00 00 B9 25 
2024/5/13 15:54:41.556 [RX] - 56 69 56 4F 74 65 63 68 32 00 91 00 00 00 D4 CC 00 00 00 00 00 00 00 00 00 00 00 00 00 00 00 00 00 00 00 00 00 00 00 00 00 00 00 00 00 00 00 00 00 00 00 00 00 00 00 00 00 00 00 00 00 00 00  

 --- C7-A2 Retrieve Get MSR Whitelist

2024/5/13 15:54:42.085 [TX] - 56 69 56 4F 74 65 63 68 32 00 2C 51 00 00 65 75 
2024/5/13 15:54:42.094 [RX] - 56 69 56 4F 74 65 63 68 32 00 2C 00 00 89 30 81 86 02 01 01 31 81 80 30 1E 13 00 30 0C 02 04 03 58 BE 90 02 04 00 00 00 00 30 0C 02 04 03 58 BE 90 02 04 FF FF FF FF 30 1E 13 00 30 0C 02 04 03 98 F9 EC 02 04 00 00 00 00 30 0C 02 04 03 98 FA 4F 02 04 FF FF FF FF 30 1E 13 00 30 0C 02 04 03 83 B3 D4 02 04 00 00 00 00 30 0C 02 04 03 83 B4 37 02 04 FF FF FF FF 30 1E 13 00 30 0C 02 04 02 FE 5D 10 02 04 00 00 00 00 30 0C 02 04 02 FE 5D 73 02 04 FF FF FF FF EF E1 00 00 00 00 00 00 00 00 00 00 00 00 00 00 00 00 00 00 00 00 00 00 00 00 00 00 00 00 00 00 00 00 00 00 00 00  

 --- 91-10 5 BIN ranges

2024/5/13 15:54:42.638 [TX] - 56 69 56 4F 74 65 63 68 32 00 91 10 00 B8 B4 00 30 81 B1 02 01 01 31 81 AB 30 1E 13 00 30 0C 02 04 03 58 BE 90 02 04 00 00 00 00 30 0C 02 04 03 58 BE 90 02 04 FF FF FF FF 30 1E 13 00 30 0C 02 04 03 98 F9 EC 02 04 00 00 00 00 30 0C 02 04 03 98 FA 4F 02 04 FF FF FF FF 30 1E 13 00 30 0C 02 04 03 83 B3 D4 02 04 00 00 00 00 30 0C 02 04 03 83 B4 37 02 04 FF FF FF FF 30 1E 13 00 30 0C 02 04 02 FE 5D 10 02 04 00 00 00 00 30 0C 02 04 02 FE 5D 73 02 04 FF FF FF FF 30 29 13 0B 49 44 54 45 43 48 20 54 45 53 54 30 0C 02 04 03 E1 58 E0 02 04 00 00 00 00 30 0C 02 04 03 E1 58 E0 02 04 00 00 00 7D 00 00 A5 AE 
2024/5/13 15:54:42.656 [RX] - 56 69 56 4F 74 65 63 68 32 00 91 00 00 00 D4 CC 00 00 00 00 00 00 00 00 00 00 00 00 00 00 00 00 00 00 00 00 00 00 00 00 00 00 00 00 00 00 00 00 00 00 00 00 00 00 00 00 00 00 00 00 00 00 00  

 --- 91-10 (JIRA#CS-3890) cmd data 374 bytes

2024/5/13 15:54:43.174 [TX] - 56 69 56 4F 74 65 63 68 32 00 91 10 01 7A 76 01 30 82 01 72 02 01 01 31 82 01 6B 30 1F 13 01 41 30 0C 02 04 03 95 5B C0 02 04 00 00 00 00 30 0C 02 04 03 B5 49 F7 02 04 05 F5 E0 FF 30 1F 13 01 42 30 0C 02 04 03 B6 82 78 02 04 00 00 00 00 30 0C 02 04 03 B8 25 FF 02 04 05 F5 E0 FF 30 1F 13 01 43 30 0C 02 04 03 BC B9 E0 02 04 00 00 00 00 30 0C 02 04 03 BE 8E 9F 02 04 05 F5 E0 FF 30 1F 13 01 44 30 0C 02 04 03 BF A0 10 02 04 00 00 00 00 30 0C 02 04 03 D6 AA 7F 02 04 05 F5 E0 FF 30 1F 13 01 45 30 0C 02 04 03 EF 14 80 02 04 00 00 00 00 30 0C 02 04 04 2C 1D 80 02 04 00 00 00 00 30 1F 13 01 46 30 0C 02 04 03 93 87 00 02 04 00 00 00 00 30 0C 02 04 03 95 34 AF 02 04 05 F5 E0 FF 30 1F 13 01 47 30 0C 02 04 03 7D FC 8C 02 04 00 00 00 00 30 0C 02 04 03 7D FC EF 02 04 05 F5 E0 FF 30 1F 13 01 48 30 0C 02 04 04 CF 14 40 02 04 00 00 00 00 30 0C 02 04 04 CF 3B 4F 02 04 05 F5 E0 FF 30 1F 13 01 49 30 0C 02 04 04 2E E6 64 02 04 00 00 00 00 30 0C 02 04 04 2E E6 C7 02 04 05 F5 E0 FF 30 1F 13 01 4A 30 0C 02 04 05 5D 4A 80 02 04 00 00 00 00 30 0C 02 04 05 F5 E0 FF 02 04 05 F5 E0 FF 30 1F 13 01 4B 30 0C 02 04 00 00 00 00 02 04 00 00 00 00 30 0C 02 04 05 F5 E0 FF 02 04 00 01 86 9F 00 00 39 59 
2024/5/13 15:54:43.204 [RX] - 56 69 56 4F 74 65 63 68 32 00 91 00 00 00 D4 CC 00 00 00 00 00 00 00 00 00 00 00 00 00 00 00 00 00 00 00 00 00 00 00 00 00 00 00 00 00 00 00 00 00 00 00 00 00 00 00 00 00 00 00 00 00 00 00  

 --- 91-10 cmd data 502 bytes

2024/5/13 15:54:43.742 [TX] - 56 69 56 4F 74 65 63 68 32 00 91 10 01 FA F6 01 30 82 01 F2 02 01 01 31 82 01 EB 30 1E 13 00 30 0C 02 04 03 58 BE 90 02 04 00 00 00 00 30 0C 02 04 03 58 BE 90 02 04 FF FF FF FF 30 1E 13 00 30 0C 02 04 03 98 F9 EC 02 04 00 00 00 00 30 0C 02 04 03 98 FA 4F 02 04 FF FF FF FF 30 1E 13 00 30 0C 02 04 03 83 B3 D4 02 04 00 00 00 00 30 0C 02 04 03 83 B4 37 02 04 FF FF FF FF 30 1E 13 00 30 0C 02 04 02 FE 5D 10 02 04 00 00 00 00 30 0C 02 04 02 FE 5D 73 02 04 FF FF FF FF 30 29 13 0B 49 44 54 45 43 48 20 54 45 53 54 30 0C 02 04 03 E1 58 E0 02 04 00 00 00 00 30 0C 02 04 03 E1 58 E0 02 04 00 00 00 7D 30 1E 13 00 30 0C 02 04 03 95 5B C0 02 04 00 00 00 00 30 0C 02 04 03 B5 49 F7 02 04 FF FF FF FF 30 1E 13 00 30 0C 02 04 03 B6 82 78 02 04 00 00 00 00 30 0C 02 04 03 B8 25 FF 02 04 FF FF FF FF 30 1E 13 00 30 0C 02 04 03 BC B9 E0 02 04 00 00 00 00 30 0C 02 04 03 BE 8E 9F 02 04 FF FF FF FF 30 1E 13 00 30 0C 02 04 03 BF A0 10 02 04 00 00 00 00 30 0C 02 04 03 D6 AA 7F 02 04 FF FF FF FF 30 1E 13 00 30 0C 02 04 03 EF 14 80 02 04 00 00 00 00 30 0C 02 04 04 2C 1D 80 02 04 00 00 00 00 30 1E 13 00 30 0C 02 04 03 93 87 00 02 04 00 00 00 00 30 0C 02 04 03 95 34 AF 02 04 FF FF FF FF 30 1E 13 00 30 0C 02 04 03 7D FC 8C 02 04 00 00 00 00 30 0C 02 04 03 7D FC EF 02 04 FF FF FF FF 30 1E 13 00 30 0C 02 04 04 CF 14 40 02 04 00 00 00 00 30 0C 02 04 04 CF 3B 4F 02 04 FF FF FF FF 30 1E 13 00 30 0C 02 04 04 2E E6 64 02 04 00 00 00 00 30 0C 02 04 04 2E E6 C7 02 04 FF FF FF FF 30 1E 13 00 30 0C 02 04 05 5D 4A 80 02 04 00 00 00 00 30 0C 02 04 05 F5 E0 FF 02 04 FF FF FF FF 00 00 03 54 
2024/5/13 15:54:43.784 [RX] - 56 69 56 4F 74 65 63 68 32 00 91 00 00 00 D4 CC 00 00 00 00 00 00 00 00 00 00 00 00 00 00 00 00 00 00 00 00 00 00 00 00 00 00 00 00 00 00 00 00 00 00 00 00 00 00 00 00 00 00 00 00 00 00 00  

 --- 91-10 cmd data 534 data (out of scope)

2024/5/13 15:54:44.316 [TX] - 56 69 56 4F 74 65 63 68 32 00 91 10 02 1A 16 02 30 82 02 12 02 01 01 31 82 02 0B 30 1E 13 00 30 0C 02 04 03 58 BE 90 02 04 00 00 00 00 30 0C 02 04 03 58 BE 90 02 04 FF FF FF FF 30 1E 13 00 30 0C 02 04 03 98 F9 EC 02 04 00 00 00 00 30 0C 02 04 03 98 FA 4F 02 04 FF FF FF FF 30 1E 13 00 30 0C 02 04 03 83 B3 D4 02 04 00 00 00 00 30 0C 02 04 03 83 B4 37 02 04 FF FF FF FF 30 1E 13 00 30 0C 02 04 02 FE 5D 10 02 04 00 00 00 00 30 0C 02 04 02 FE 5D 73 02 04 FF FF FF FF 30 29 13 0B 49 44 54 45 43 48 20 54 45 53 54 30 0C 02 04 03 E1 58 E0 02 04 00 00 00 00 30 0C 02 04 03 E1 58 E0 02 04 00 00 00 7D 30 1E 13 00 30 0C 02 04 03 95 5B C0 02 04 00 00 00 00 30 0C 02 04 03 B5 49 F7 02 04 FF FF FF FF 30 1E 13 00 30 0C 02 04 03 B6 82 78 02 04 00 00 00 00 30 0C 02 04 03 B8 25 FF 02 04 FF FF FF FF 30 1E 13 00 30 0C 02 04 03 BC B9 E0 02 04 00 00 00 00 30 0C 02 04 03 BE 8E 9F 02 04 FF FF FF FF 30 1E 13 00 30 0C 02 04 03 BF A0 10 02 04 00 00 00 00 30 0C 02 04 03 D6 AA 7F 02 04 FF FF FF FF 30 1E 13 00 30 0C 02 04 03 EF 14 80 02 04 00 00 00 00 30 0C 02 04 04 2C 1D 80 02 04 00 00 00 00 30 1E 13 00 30 0C 02 04 03 93 87 00 02 04 00 00 00 00 30 0C 02 04 03 95 34 AF 02 04 FF FF FF FF 30 1E 13 00 30 0C 02 04 03 7D FC 8C 02 04 00 00 00 00 30 0C 02 04 03 7D FC EF 02 04 FF FF FF FF 30 1E 13 00 30 0C 02 04 04 CF 14 40 02 04 00 00 00 00 30 0C 02 04 04 CF 3B 4F 02 04 FF FF FF FF 30 1E 13 00 30 0C 02 04 04 2E E6 64 02 04 00 00 00 00 30 0C 02 04 04 2E E6 C7 02 04 FF FF FF FF 30 1E 13 00 30 0C 02 04 05 5D 4A 80 02 04 00 00 00 00 30 0C 02 04 05 F5 E0 FF 02 04 FF FF FF FF 30 1E 13 00 30 0C 02 04 03 0E 8E C5 02 04 00 00 00 00 30 0C 02 04 03 0E 8E C5 02 04 FF FF FF FF 00 00 F0 6C 
2024/5/13 15:54:44.356 [RX] - 56 69 56 4F 74 65 63 68 32 00 91 05 00 00 3F 3C 00 00 00 00 00 00 00 00 00 00 00 00 00 00 00 00 00 00 00 00 00 00 00 00 00 00 00 00 00 00 00 00 00 00 00 00 00 00 00 00 00 00 00 00 00 00 00  

 --- C7-A2 Retrieve Get MSR Whitelist

2024/5/13 15:54:44.887 [TX] - 56 69 56 4F 74 65 63 68 32 00 2C 51 00 00 65 75 
2024/5/13 15:54:44.892 [RX] - 56 69 56 4F 74 65 63 68 32 00 2C 00 01 F6 30 82 01 F2 02 01 01 31 82 01 EB 30 1E 13 00 30 0C 02 04 03 58 BE 90 02 04 00 00 00 00 30 0C 02 04 03 58 BE 90 02 04 FF FF FF FF 30 1E 13 00 30 0C 02 04 03 98 F9 EC 02 04 00 00 00 00 30 0C 02 04 03 98 FA 4F 02 04 FF FF FF FF 30 1E 13 00 30 0C 02 04 03 83 B3 D4 02 04 00 00 00 00 30 0C 02 04 03 83 B4 37 02 04 FF FF FF FF 30 1E 13 00 30 0C 02 04 02 FE 5D 10 02 04 00 00 00 00 30 0C 02 04 02 FE 5D 73 02 04 FF FF FF FF 30 29 13 0B 49 44 54 45 43 48 20 54 45 53 54 30 0C 02 04 03 E1 58 E0 02 04 00 00 00 00 30 0C 02 04 03 E1 58 E0 02 04 00 00 00 7D 30 1E 13 00 30 0C 02 04 03 95 5B C0 02 04 00 00 00 00 30 0C 02 04 03 B5 49 F7 02 04 FF FF FF FF 30 1E 13 00 30 0C 02 04 03 B6 82 78 02 04 00 00 00 00 30 0C 02 04 03 B8 25 FF 02 04 FF FF FF FF 30 1E 13 00 30 0C 02 04 03 BC B9 E0 02 04 00 00 00 00 30 0C 02 04 03 BE 8E 9F 02 04 FF FF FF FF 30 1E 13 00 30 0C 02 04 03 BF A0 10 02 04 00 00 00 00 30 0C 02 04 03 D6 AA 7F 02 04 FF FF FF FF 30 1E 13 00 30 0C 02 04 03 EF 14 80 02 04 00 00 00 00 30 0C 02 04 04 2C 1D 80 02 04 00 00 00 00 30 1E 13 00 30 0C 02 04 03 93 87 00 02 04 00 00 00 00 30 0C 02 04 03 95 34 AF 02 04 FF FF FF FF 30 1E 13 00 30 0C 02 04 03 7D FC 8C 02 04 00 00 00 00 30 0C 02 04 03 7D FC EF 02 04 FF FF FF FF 30 1E 13 00 30 0C 02 04 04 CF 14 40 02 04 00 00 00 00 30 0C 02 04 04 CF 3B 4F 02 04 FF FF FF FF 30 1E 13 00 30 0C 02 04 04 2E E6 64 02 04 00 00 00 00 30 0C 02 04 04 2E E6 C7 02 04 FF FF FF FF 30 1E 13 00 30 0C 02 04 05 5D 4A 80 02 04 00 00 00 00 30 0C 02 04 05 F5 E0 FF 02 04 FF FF FF FF C0 DF 00 00 00 00 00 00 00 00 00 00 00 00 00 00 00 00 00 00 00 00 00 00 00 00 00 00 00 00 00 00 00 00 00 00 00 00 00 00 00 00 00 00 00 00 00 00 00 00 00 
2024/5/13 15:54:45.441 [TX] - 56 69 56 4F 74 65 63 68 32 00 91 11 00 00 9F A0 
2024/5/13 15:54:45.456 [RX] - 56 69 56 4F 74 65 63 68 32 00 91 00 00 00 D4 CC 00 00 00 00 00 00 00 00 00 00 00 00 00 00 00 00 00 00 00 00 00 00 00 00 00 00 00 00 00 00 00 00 00 00 00 00 00 00 00 00 00 00 00 00 00 00 00  

 ---------- END OF TEST ----------

 Result = PASSED


Docklight Log File (HEX) - Stopped 2024/5/13 15:54:46.045 

