Docklight Log File (HEX) - Started 2023/6/12 11:07:07.400 
 TEST CASE: CR058

 --- Set POS COM PORT Settings
 Set POS COM PORT...
 POS operating on COM90 @ 9600 baud...
 Set POS COM PORT - COMPLETE

 --- 04-09

2023/6/12 11:07:08.559 [TX] - 56 69 56 4F 74 65 63 68 32 00 04 09 00 00 87 30 
2023/6/12 11:07:10.183 [RX] - 56 69 56 4F 74 65 63 68 32 00 04 00 00 00 AE 16 00 00 00 00 00 00 00 00 00 00 00 00 00 00 00 00 00 00 00 00 00 00 00 00 00 00 00 00 00 00 00 00 00 00 00 00 00 00 00 00 00 00 00 00 00 00 00  

 --- First response control = Send First Response 0x63

2023/6/12 11:07:10.202 [TX] - 56 69 56 4F 74 65 63 68 32 00 04 00 00 05 DF ED 59 01 00 EA 86 
2023/6/12 11:07:10.445 [RX] - 56 69 56 4F 74 65 63 68 32 00 04 00 00 00 AE 16 00 00 00 00 00 00 00 00 00 00 00 00 00 00 00 00 00 00 00 00 00 00 00 00 00 00 00 00 00 00 00 00 00 00 00 00 00 00 00 00 00 00 00 00 00 00 00  

 --- 60-03 Contact Set Application Data (VISA)

2023/6/12 11:07:10.468 [TX] - 56 69 56 4F 74 65 63 68 32 00 60 03 00 65 07 00 A0 00 00 00 03 10 10 0F 00 9F 01 06 56 49 53 41 30 30 5F 57 01 00 5F 2A 02 08 40 9F 09 02 00 96 5F 36 01 02 9F 1B 04 00 00 3A 98 DF 25 03 9F 37 04 DF 28 03 9F 08 02 DF EE 15 01 01 DF 13 05 00 00 00 00 00 DF 14 05 00 00 00 00 00 DF 15 05 00 00 00 00 00 DF 18 01 00 DF 17 04 00 00 27 10 DF 19 01 00 F3 97 
2023/6/12 11:07:10.535 [RX] - 56 69 56 4F 74 65 63 68 32 00 60 00 00 00 3D 35 00 00 00 00 00 00 00 00 00 00 00 00 00 00 00 00 00 00 00 00 00 00 00 00 00 00 00 00 00 00 00 00 00 00 00 00 00 00 00 00 00 00 00 00 00 00 00  

 --- 60-16 Contact Set ICS Identification (04)

2023/6/12 11:07:11.558 [TX] - 56 69 56 4F 74 65 63 68 32 00 60 16 00 01 04 75 9D 
2023/6/12 11:07:11.591 [RX] - 56 69 56 4F 74 65 63 68 32 00 60 00 00 00 3D 35 00 00 00 00 00 00 00 00 00 00 00 00 00 00 00 00 00 00 00 00 00 00 00 00 00 00 00 00 00 00 00 00 00 00 00 00 00 00 00 00 00 00 00 00 00 00 00  

 --- 60-06 4C config (NEO2)

2023/6/12 11:07:12.621 [TX] - 56 69 56 4F 74 65 63 68 32 00 60 06 00 C8 18 00 5F 36 01 02 9F 1A 02 08 40 9F 35 01 25 9F 33 03 60 08 C8 9F 40 05 60 00 F0 50 01 9F 1E 08 54 65 72 6D 69 6E 61 6C 9F 15 02 12 34 9F 16 0F 30 30 30 30 30 30 30 30 30 30 30 30 30 30 30 9F 1C 08 38 37 36 35 34 33 32 31 9F 4E 22 31 30 37 32 31 20 57 61 6C 6B 65 72 20 53 74 2E 20 43 79 70 72 65 73 73 2C 20 43 41 20 2C 55 53 41 2E DF 26 01 01 DF 10 08 65 6E 66 72 65 73 7A 68 DF 11 01 01 DF 27 01 00 DF EE 15 01 01 DF EE 16 01 00 DF EE 17 01 05 DF EE 18 01 80 DF EE 1E 08 D0 9C 20 F0 C2 0E 14 00 DF EE 1F 01 80 DF EE 1B 08 30 30 30 31 30 35 30 30 DF EE 20 01 3C DF EE 21 01 0A DF EE 22 03 32 3C 3C D4 28 
2023/6/12 11:07:12.652 [RX] - 56 69 56 4F 74 65 63 68 32 00 60 00 00 00 3D 35 00 00 00 00 00 00 00 00 00 00 00 00 00 00 00 00 00 00 00 00 00 00 00 00 00 00 00 00 00 00 00 00 00 00 00 00 00 00 00 00 00 00 00 00 00 00 00  

 --- 60-0A Contact Set CA Public Key

2023/6/12 11:07:13.683 [TX] - 56 69 56 4F 74 65 63 68 32 00 60 0A 00 92 A0 00 00 99 99 E1 01 01 F8 70 7B 9B ED F0 31 E5 8A 9F 84 36 31 B9 0C 90 D8 0E D6 95 00 00 00 03 70 00 99 C5 B7 0A A6 1B 4F 4C 51 B6 F9 0B 0E 3B FB 7A 3E E0 E7 DB 41 BC 46 68 88 B3 EC 8E 99 77 C7 62 40 7E F1 D7 9E 0A FB 28 23 10 0A 02 0C 3E 80 20 59 3D B5 0E 90 DB EA C1 8B 78 D1 3F 96 BB 2F 57 EE DD C3 0F 25 65 92 41 7C DF 73 9C A6 80 4A 10 A2 9D 28 06 E7 74 BF A7 51 F2 2C F3 B6 5B 38 F3 7F 91 B4 DA F8 AE C9 B8 03 F7 61 0E 06 AC 9E 6B 8C E0 
2023/6/12 11:07:13.710 [RX] - 56 69 56 4F 74 65 63 68 32 00 60 00 00 00 3D 35 00 00 00 00 00 00 00 00 00 00 00 00 00 00 00 00 00 00 00 00 00 00 00 00 00 00 00 00 00 00 00 00 00 00 00 00 00 00 00 00 00 00 00 00 00 00 00  

 --- 60-10 w/ DFEF1F: 02 02 (error)

2023/6/12 11:07:14.733 [TX] - 56 69 56 4F 74 65 63 68 32 00 60 10 00 29 01 00 78 00 78 9C 01 00 5F 57 01 00 9F 02 06 00 00 00 00 02 00 9F 03 06 00 00 00 00 00 00 5F 2A 02 08 40 DF EF 1F 02 02 02 E7 3D 
2023/6/12 11:07:14.777 [RX] - 56 69 56 4F 74 65 63 68 32 00 60 05 00 00 D6 C5 00 00 00 00 00 00 00 00 00 00 00 00 00 00 00 00 00 00 00 00 00 00 00 00 00 00 00 00 00 00 00 00 00 00 00 00 00 00 00 00 00 00 00 00 00 00 00  

 --- 60-10 w/ DFEF1F: 00 00

2023/6/12 11:07:15.811 [TX] - 56 69 56 4F 74 65 63 68 32 00 60 10 00 29 01 00 78 00 78 9C 01 00 5F 57 01 00 9F 02 06 00 00 00 00 02 00 9F 03 06 00 00 00 00 00 00 5F 2A 02 08 40 DF EF 1F 02 00 00 C7 7B 
2023/6/12 11:07:15.853 [RX] - 56 69 56 4F 74 65 63 68 32 00 60 63 00 00 FF 0E 00 00 00 00 00 00 00 00 00 00 00 00 00 00 00 00 00 00 00 00 00 00 00 00 00 00 00 00 00 00 00 00 00 00 00 00 00 00 00 00 00 00 00 00 00 00 00 56 69 56 4F 74 65 63 68 32 00 61 01 00 10 03 00 00 02 00 45 4E 03 00 82 0B 1C 02 00 FF FF F1 44 00 00 00 00 00 00 00 00 00 00 00 00 00 00 00 00 00 00 00 00 00 00 00 00 00 00 00 00 00 00 00 56 69 56 4F 74 65 63 68 32 00 61 01 00 19 04 00 00 02 00 45 4E 0C 00 84 01 1C 04 24 1C 04 32 2E 30 30 1C 02 00 FF FF 17 51 00 00 00 00 00 00 00 00 00 00 00 00 00 00 00 00 00 00 00 00 00 00 56 69 56 4F 74 65 63 68 32 00 61 01 00 10 03 00 00 02 00 45 4E 03 00 82 11 1C 02 00 FF FF 6D C2 00 00 00 00 00 00 00 00 00 00 00 00 00 00 00 00 00 00 00 00 00 00 00 00 00 00 00 00 00 00 00 56 69 56 4F 74 65 63 68 32 00 61 01 00 10 03 00 00 02 00 45 4E 03 00 82 1A 1C 02 00 FF FF AE 60 00 00 00 00 00 00 00 00 00 00 00 00 00 00 00 00 00 00 00 00 00 00 00 00 00 00 00 00 00 00 00 56 69 56 4F 74 65 63 68 32 00 60 00 00 97 20 DF EE 26 02 20 00 DF EE 25 02 00 10 57 11 47 61 73 90 01 01 00 10 D2 01 22 01 01 23 45 67 89 5A 08 47 61 73 90 01 01 00 10 5F 34 01 01 5F 20 0F 46 55 4C 4C 20 46 55 4E 43 54 49 4F 4E 41 4C 5F 24 03 20 12 31 9F 1E 08 30 54 38 35 38 38 32 39 9F 20 00 5F 25 03 95 07 01 5F 2D 08 65 73 65 6E 66 72 64 65 50 0A 56 49 53 41 43 52 45 44 49 54 4F 07 A0 00 00 00 03 10 10 84 07 A0 00 00 00 03 10 10 DF EE 23 00 9F 39 01 05 9F 53 00 FF EE 01 05 DF EE 30 01 01 E7 B2 00 00 00 00 00 00 00 00 00 00 00 00 00 00 00 00 00 00 00 00 00 00  

 --- 60-11 Contact Authenticate Transaction

2023/6/12 11:07:20.382 [TX] - 56 69 56 4F 74 65 63 68 32 00 60 11 00 03 00 00 78 F3 46 
2023/6/12 11:07:20.399 [RX] - 56 69 56 4F 74 65 63 68 32 00 60 63 00 00 FF 0E 00 00 00 00 00 00 00 00 00 00 00 00 00 00 00 00 00 00 00 00 00 00 00 00 00 00 00 00 00 00 00 00 00 00 00 00 00 00 00 00 00 00 00 00 00 00 00 56 69 56 4F 74 65 63 68 32 00 61 01 00 10 03 00 00 02 00 45 53 03 00 82 15 1C 02 00 FF FF 77 CE 00 00 00 00 00 00 00 00 00 00 00 00 00 00 00 00 00 00 00 00 00 00 00 00 00 00 00 00 00 00 00 56 69 56 4F 74 65 63 68 32 00 60 00 01 8C 20 DF EE 26 02 20 00 DF EE 25 02 00 04 4F 07 A0 00 00 00 03 10 10 5A 08 47 61 73 90 01 01 00 10 50 0A 56 49 53 41 43 52 45 44 49 54 57 11 47 61 73 90 01 01 00 10 D2 01 22 01 01 23 45 67 89 82 02 5C 00 84 07 A0 00 00 00 03 10 10 8A 00 8E 0C 00 00 00 00 00 00 00 00 5F 03 00 00 95 05 42 C0 00 00 00 9A 03 23 06 12 9B 02 C8 00 9C 01 00 99 00 5F 20 0F 46 55 4C 4C 20 46 55 4E 43 54 49 4F 4E 41 4C 5F 24 03 20 12 31 5F 25 03 95 07 01 5F 28 02 08 40 5F 2A 02 08 40 5F 2D 08 65 73 65 6E 66 72 64 65 5F 34 01 01 9F 02 06 00 00 00 00 02 00 9F 03 06 00 00 00 00 00 00 9F 07 02 FF C0 9F 08 02 00 8C 9F 09 02 00 96 9F 0B 00 9F 0D 05 00 00 00 00 00 9F 0E 05 00 00 00 00 00 9F 0F 05 00 00 00 00 00 9F 10 07 06 01 1A 03 90 00 00 9F 11 01 01 9F 12 0D 43 52 45 44 49 54 4F 44 45 56 49 53 41 9F 13 00 9F 15 02 12 34 9F 16 0F 30 30 30 30 30 30 30 30 30 30 30 30 30 30 30 9F 1A 02 08 40 9F 1C 08 38 37 36 35 34 33 32 31 9F 1E 08 30 54 38 35 38 38 32 39 9F 20 00 9F 21 03 03 06 38 9F 24 00 9F 26 08 D7 7E 93 DD 78 25 C5 72 9F 27 01 80 9F 33 03 60 08 C8 9F 34 03 5F 03 02 9F 35 01 25 9F 36 02 00 01 9F 37 04 B9 5A E6 9E 9F 53 00 9F 5B 00 DF 21 00 DF EE 23 00 9F 39 01 05 DF EE 51 00 FF EE 01 05 DF EE 30 01 01 EA 0D 00 00 00 00 00 00 00 00 00 00 00 00 00 00 00 00 00 00 00 00 00 00 00 00 00 00 00 00 00  

 --- 60-12 Contact Apply Host Response

2023/6/12 11:07:21.799 [TX] - 56 69 56 4F 74 65 63 68 32 00 60 12 00 11 01 8A 02 30 30 91 0A 11 22 33 44 55 66 77 88 30 30 F3 1C 
2023/6/12 11:07:21.816 [RX] - 56 69 56 4F 74 65 63 68 32 00 60 63 00 00 FF 0E 00 00 00 00 00 00 00 00 00 00 00 00 00 00 00 00 00 00 00 00 00 00 00 00 00 00 00 00 00 00 00 00 00 00 00 00 00 00 00 00 00 00 00 00 00 00 00 56 69 56 4F 74 65 63 68 32 00 61 01 00 10 03 00 00 02 00 45 53 03 00 82 03 1C 02 00 FF FF E0 AB 00 00 00 00 00 00 00 00 00 00 00 00 00 00 00 00 00 00 00 00 00 00 00 00 00 00 00 00 00 00 00 56 69 56 4F 74 65 63 68 32 00 60 00 00 75 20 DF EE 26 02 20 00 DF EE 25 02 00 02 8A 02 30 30 9F 10 07 06 01 1A 03 60 00 00 9F 26 08 88 2D 84 27 A2 68 E2 14 9F 27 01 40 9F 36 02 00 01 9F 37 04 B9 5A E6 9E 9F 02 06 00 00 00 00 02 00 9F 13 00 95 05 42 C0 00 00 00 9B 02 F8 00 9F 03 06 00 00 00 00 00 00 9F 34 03 5F 03 02 DF EE 51 00 99 00 DF 21 00 9F 39 01 05 9F 53 00 FF EE 01 05 DF EE 30 01 01 E3 E6 00 00 00 00 00 00 00 00 00 00 00 00 00 00 00 00 00 00 00 00 00 00 00 00 00 00 00 00 00 00 00 00 00 00 00 00 00 00 00 00 00 00 00 00 00 00 00 00 00 00 00 00 00 00 00 00 56 69 56 4F 74 65 63 68 32 00 61 01 00 10 03 00 00 02 00 45 4E 03 00 82 23 1C 02 00 FF FF C9 0E 00 00 00 00 00 00 00 00 00 00 00 00 00 00 00 00 00 00 00 00 00 00 00 00 00 00 00 00 00 00 00  

 --- 60-10 w/ DFEF1F: 01 01

2023/6/12 11:07:25.420 [TX] - 56 69 56 4F 74 65 63 68 32 00 60 10 00 29 01 00 78 00 78 9C 01 00 5F 57 01 00 9F 02 06 00 00 00 00 02 00 9F 03 06 00 00 00 00 00 00 5F 2A 02 08 40 DF EF 1F 02 01 01 D7 58 
2023/6/12 11:07:25.465 [RX] - 56 69 56 4F 74 65 63 68 32 00 60 63 00 00 FF 0E 00 00 00 00 00 00 00 00 00 00 00 00 00 00 00 00 00 00 00 00 00 00 00 00 00 00 00 00 00 00 00 00 00 00 00 00 00 00 00 00 00 00 00 00 00 00 00 56 69 56 4F 74 65 63 68 32 00 61 01 00 10 03 00 00 02 00 45 4E 03 00 82 0B 1C 02 00 FF FF F1 44 00 00 00 00 00 00 00 00 00 00 00 00 00 00 00 00 00 00 00 00 00 00 00 00 00 00 00 00 00 00 00 56 69 56 4F 74 65 63 68 32 00 61 01 00 19 04 00 00 02 00 45 4E 0C 00 84 01 1C 04 24 1C 04 32 2E 30 30 1C 02 00 FF FF 17 51 00 00 00 00 00 00 00 00 00 00 00 00 00 00 00 00 00 00 00 00 00 00 56 69 56 4F 74 65 63 68 32 00 61 01 00 10 03 00 00 02 00 45 4E 03 00 82 11 1C 02 00 FF FF 6D C2 00 00 00 00 00 00 00 00 00 00 00 00 00 00 00 00 00 00 00 00 00 00 00 00 00 00 00 00 00 00 00 56 69 56 4F 74 65 63 68 32 00 61 01 00 10 03 00 00 02 00 45 4E 03 00 82 1A 1C 02 00 FF FF AE 60 00 00 00 00 00 00 00 00 00 00 00 00 00 00 00 00 00 00 00 00 00 00 00 00 00 00 00 00 00 00 00 56 69 56 4F 74 65 63 68 32 00 61 01 00 10 03 00 00 02 00 45 53 03 00 82 15 1C 02 00 FF FF 77 CE 00 00 00 00 00 00 00 00 00 00 00 00 00 00 00 00 00 00 00 00 00 00 00 00 00 00 00 00 00 00 00 56 69 56 4F 74 65 63 68 32 00 60 00 01 8C 20 DF EE 26 02 20 00 DF EE 25 02 00 04 4F 07 A0 00 00 00 03 10 10 5A 08 47 61 73 90 01 01 00 10 50 0A 56 49 53 41 43 52 45 44 49 54 57 11 47 61 73 90 01 01 00 10 D2 01 22 01 01 23 45 67 89 82 02 5C 00 84 07 A0 00 00 00 03 10 10 8A 00 8E 0C 00 00 00 00 00 00 00 00 5F 03 00 00 95 05 42 C0 00 00 00 9A 03 23 06 12 9B 02 C8 00 9C 01 00 99 00 5F 20 0F 46 55 4C 4C 20 46 55 4E 43 54 49 4F 4E 41 4C 5F 24 03 20 12 31 5F 25 03 95 07 01 5F 28 02 08 40 5F 2A 02 08 40 5F 2D 08 65 73 65 6E 66 72 64 65 5F 34 01 01 9F 02 06 00 00 00 00 02 00 9F 03 06 00 00 00 00 00 00 9F 07 02 FF C0 9F 08 02 00 8C 9F 09 02 00 96 9F 0B 00 9F 0D 05 00 00 00 00 00 9F 0E 05 00 00 00 00 00 9F 0F 05 00 00 00 00 00 9F 10 07 06 01 1A 03 90 00 00 9F 11 01 01 9F 12 0D 43 52 45 44 49 54 4F 44 45 56 49 53 41 9F 13 00 9F 15 02 12 34 9F 16 0F 30 30 30 30 30 30 30 30 30 30 30 30 30 30 30 9F 1A 02 08 40 9F 1C 08 38 37 36 35 34 33 32 31 9F 1E 08 30 54 38 35 38 38 32 39 9F 20 00 9F 21 03 03 06 48 9F 24 00 9F 26 08 0F 7C CE 03 14 0C 0C 57 9F 27 01 80 9F 33 03 60 08 C8 9F 34 03 5F 03 02 9F 35 01 25 9F 36 02 00 01 9F 37 04 68 09 22 03 9F 53 00 9F 5B 00 DF 21 00 DF EE 23 00 9F 39 01 05 DF EE 51 00 FF EE 01 05 DF EE 30 01 01 BD 79 00 00 00 00 00 00 00 00 00 00 00 00 00 00 00 00 00 00 00 00 00 00 00 00 00 00 00 00 00  

 --- 60-11 Contact Authenticate Transaction

2023/6/12 11:07:30.498 [TX] - 56 69 56 4F 74 65 63 68 32 00 60 11 00 03 00 00 78 F3 46 
2023/6/12 11:07:30.505 [RX] - 56 69 56 4F 74 65 63 68 32 00 60 0C 00 00 48 54 00 00 00 00 00 00 00 00 00 00 00 00 00 00 00 00 00 00 00 00 00 00 00 00 00 00 00 00 00 00 00 00 00 00 00 00 00 00 00 00 00 00 00 00 00 00 00 
2023/6/12 11:07:31.848 [TX] - 56 69 56 4F 74 65 63 68 32 00 05 01 00 00 92 EF 
2023/6/12 11:07:31.860 [RX] - 56 69 56 4F 74 65 63 68 32 00 61 01 00 01 10 2F 1B 00 00 00 00 00 00 00 00 00 00 00 00 00 00 00 00 00 00 00 00 00 00 00 00 00 00 00 00 00 00 00 00 00 00 00 00 00 00 00 00 00 00 00 00 00 00 56 69 56 4F 74 65 63 68 32 00 61 01 00 10 03 00 00 02 00 45 4E 03 00 82 21 1C 02 00 FF FF 42 4E 00 00 00 00 00 00 00 00 00 00 00 00 00 00 00 00 00 00 00 00 00 00 00 00 00 00 00 00 00 00 00 56 69 56 4F 74 65 63 68 32 00 05 00 00 00 D8 A2 00 00 00 00 00 00 00 00 00 00 00 00 00 00 00 00 00 00 00 00 00 00 00 00 00 00 00 00 00 00 00 00 00 00 00 00 00 00 00 00 00 00 00 00 00 00 00 56 69 56 4F 74 65 63 68 32 00 61 01 00 10 03 00 00 02 00 45 4E 03 00 82 23 1C 02 00 FF FF C9 0E 00 00 00 00 00 00 00 00 00 00 00 00 00 00 00 00 00 00 00 00 00 00 00 00 00 00 00 00 00 00 00  

 --- 60-10 w/ DFEF1F: 01 01

2023/6/12 11:07:33.883 [TX] - 56 69 56 4F 74 65 63 68 32 00 60 10 00 29 01 00 78 00 78 9C 01 00 5F 57 01 00 9F 02 06 00 00 00 00 02 00 9F 03 06 00 00 00 00 00 00 5F 2A 02 08 40 DF EF 1F 02 01 01 D7 58 
2023/6/12 11:07:33.919 [RX] - 56 69 56 4F 74 65 63 68 32 00 60 63 00 00 FF 0E 00 00 00 00 00 00 00 00 00 00 00 00 00 00 00 00 00 00 00 00 00 00 00 00 00 00 00 00 00 00 00 00 00 00 00 00 00 00 00 00 00 00 00 00 00 00 00 56 69 56 4F 74 65 63 68 32 00 61 01 00 10 03 00 00 02 00 45 4E 03 00 82 0B 1C 02 00 FF FF F1 44 00 00 00 00 00 00 00 00 00 00 00 00 00 00 00 00 00 00 00 00 00 00 00 00 00 00 00 00 00 00 00 56 69 56 4F 74 65 63 68 32 00 61 01 00 19 04 00 00 02 00 45 4E 0C 00 84 01 1C 04 24 1C 04 32 2E 30 30 1C 02 00 FF FF 17 51 00 00 00 00 00 00 00 00 00 00 00 00 00 00 00 00 00 00 00 00 00 00 56 69 56 4F 74 65 63 68 32 00 61 01 00 10 03 00 00 02 00 45 4E 03 00 82 11 1C 02 00 FF FF 6D C2 00 00 00 00 00 00 00 00 00 00 00 00 00 00 00 00 00 00 00 00 00 00 00 00 00 00 00 00 00 00 00 56 69 56 4F 74 65 63 68 32 00 61 01 00 10 03 00 00 02 00 45 4E 03 00 82 1A 1C 02 00 FF FF AE 60 00 00 00 00 00 00 00 00 00 00 00 00 00 00 00 00 00 00 00 00 00 00 00 00 00 00 00 00 00 00 00 56 69 56 4F 74 65 63 68 32 00 61 01 00 10 03 00 00 02 00 45 53 03 00 82 15 1C 02 00 FF FF 77 CE 00 00 00 00 00 00 00 00 00 00 00 00 00 00 00 00 00 00 00 00 00 00 00 00 00 00 00 00 00 00 00 56 69 56 4F 74 65 63 68 32 00 60 00 01 8C 20 DF EE 26 02 20 00 DF EE 25 02 00 04 4F 07 A0 00 00 00 03 10 10 5A 08 47 61 73 90 01 01 00 10 50 0A 56 49 53 41 43 52 45 44 49 54 57 11 47 61 73 90 01 01 00 10 D2 01 22 01 01 23 45 67 89 82 02 5C 00 84 07 A0 00 00 00 03 10 10 8A 00 8E 0C 00 00 00 00 00 00 00 00 5F 03 00 00 95 05 42 C0 00 00 00 9A 03 23 06 12 9B 02 C8 00 9C 01 00 99 00 5F 20 0F 46 55 4C 4C 20 46 55 4E 43 54 49 4F 4E 41 4C 5F 24 03 20 12 31 5F 25 03 95 07 01 5F 28 02 08 40 5F 2A 02 08 40 5F 2D 08 65 73 65 6E 66 72 64 65 5F 34 01 01 9F 02 06 00 00 00 00 02 00 9F 03 06 00 00 00 00 00 00 9F 07 02 FF C0 9F 08 02 00 8C 9F 09 02 00 96 9F 0B 00 9F 0D 05 00 00 00 00 00 9F 0E 05 00 00 00 00 00 9F 0F 05 00 00 00 00 00 9F 10 07 06 01 1A 03 90 00 00 9F 11 01 01 9F 12 0D 43 52 45 44 49 54 4F 44 45 56 49 53 41 9F 13 00 9F 15 02 12 34 9F 16 0F 30 30 30 30 30 30 30 30 30 30 30 30 30 30 30 9F 1A 02 08 40 9F 1C 08 38 37 36 35 34 33 32 31 9F 1E 08 30 54 38 35 38 38 32 39 9F 20 00 9F 21 03 03 06 57 9F 24 00 9F 26 08 1A B1 01 1A 3C 32 A8 D0 9F 27 01 80 9F 33 03 60 08 C8 9F 34 03 5F 03 02 9F 35 01 25 9F 36 02 00 01 9F 37 04 F7 55 93 9E 9F 53 00 9F 5B 00 DF 21 00 DF EE 23 00 9F 39 01 05 DF EE 51 00 FF EE 01 05 DF EE 30 01 01 BF 68 00 00 00 00 00 00 00 00 00 00 00 00 00 00 00 00 00 00 00 00 00 00 00 00 00 00 00 00 00  

 --- 60-12 Contact Apply Host Response

2023/6/12 11:07:38.964 [TX] - 56 69 56 4F 74 65 63 68 32 00 60 12 00 11 01 8A 02 30 30 91 0A 11 22 33 44 55 66 77 88 30 30 F3 1C 
2023/6/12 11:07:38.981 [RX] - 56 69 56 4F 74 65 63 68 32 00 60 63 00 00 FF 0E 00 00 00 00 00 00 00 00 00 00 00 00 00 00 00 00 00 00 00 00 00 00 00 00 00 00 00 00 00 00 00 00 00 00 00 00 00 00 00 00 00 00 00 00 00 00 00 56 69 56 4F 74 65 63 68 32 00 61 01 00 10 03 00 00 02 00 45 53 03 00 82 03 1C 02 00 FF FF E0 AB 00 00 00 00 00 00 00 00 00 00 00 00 00 00 00 00 00 00 00 00 00 00 00 00 00 00 00 00 00 00 00 56 69 56 4F 74 65 63 68 32 00 60 00 00 75 20 DF EE 26 02 20 00 DF EE 25 02 00 02 8A 02 30 30 9F 10 07 06 01 1A 03 60 00 00 9F 26 08 88 2D 84 27 A2 68 E2 14 9F 27 01 40 9F 36 02 00 01 9F 37 04 F7 55 93 9E 9F 02 06 00 00 00 00 02 00 9F 13 00 95 05 42 C0 00 00 00 9B 02 F8 00 9F 03 06 00 00 00 00 00 00 9F 34 03 5F 03 02 DF EE 51 00 99 00 DF 21 00 9F 39 01 05 9F 53 00 FF EE 01 05 DF EE 30 01 01 1C CC 00 00 00 00 00 00 00 00 00 00 00 00 00 00 00 00 00 00 00 00 00 00 00 00 00 00 00 00 00 00 00 00 00 00 00 00 00 00 00 00 00 00 00 00 00 00 00 00 00 00 00 00 00 00 00 00 56 69 56 4F 74 65 63 68 32 00 61 01 00 10 03 00 00 02 00 45 4E 03 00 82 23 1C 02 00 FF FF C9 0E 00 00 00 00 00 00 00 00 00 00 00 00 00 00 00 00 00 00 00 00 00 00 00 00 00 00 00 00 00 00 00  

 --- 60-10 w/ DFEF1F: 01 00

2023/6/12 11:07:42.622 [TX] - 56 69 56 4F 74 65 63 68 32 00 60 10 00 29 01 00 78 00 78 9C 01 00 5F 57 01 00 9F 02 06 00 00 00 00 02 00 9F 03 06 00 00 00 00 00 00 5F 2A 02 08 40 DF EF 1F 02 01 00 F6 48 
2023/6/12 11:07:42.664 [RX] - 56 69 56 4F 74 65 63 68 32 00 60 63 00 00 FF 0E 00 00 00 00 00 00 00 00 00 00 00 00 00 00 00 00 00 00 00 00 00 00 00 00 00 00 00 00 00 00 00 00 00 00 00 00 00 00 00 00 00 00 00 00 00 00 00 56 69 56 4F 74 65 63 68 32 00 61 01 00 10 03 00 00 02 00 45 4E 03 00 82 0B 1C 02 00 FF FF F1 44 00 00 00 00 00 00 00 00 00 00 00 00 00 00 00 00 00 00 00 00 00 00 00 00 00 00 00 00 00 00 00 56 69 56 4F 74 65 63 68 32 00 61 01 00 19 04 00 00 02 00 45 4E 0C 00 84 01 1C 04 24 1C 04 32 2E 30 30 1C 02 00 FF FF 17 51 00 00 00 00 00 00 00 00 00 00 00 00 00 00 00 00 00 00 00 00 00 00 56 69 56 4F 74 65 63 68 32 00 61 01 00 10 03 00 00 02 00 45 4E 03 00 82 11 1C 02 00 FF FF 6D C2 00 00 00 00 00 00 00 00 00 00 00 00 00 00 00 00 00 00 00 00 00 00 00 00 00 00 00 00 00 00 00 56 69 56 4F 74 65 63 68 32 00 61 01 00 10 03 00 00 02 00 45 4E 03 00 82 1A 1C 02 00 FF FF AE 60 00 00 00 00 00 00 00 00 00 00 00 00 00 00 00 00 00 00 00 00 00 00 00 00 00 00 00 00 00 00 00 56 69 56 4F 74 65 63 68 32 00 61 01 00 10 03 00 00 02 00 45 53 03 00 82 15 1C 02 00 FF FF 77 CE 00 00 00 00 00 00 00 00 00 00 00 00 00 00 00 00 00 00 00 00 00 00 00 00 00 00 00 00 00 00 00 56 69 56 4F 74 65 63 68 32 00 60 00 01 8C 20 DF EE 26 02 20 00 DF EE 25 02 00 04 4F 07 A0 00 00 00 03 10 10 5A 08 47 61 73 90 01 01 00 10 50 0A 56 49 53 41 43 52 45 44 49 54 57 11 47 61 73 90 01 01 00 10 D2 01 22 01 01 23 45 67 89 82 02 5C 00 84 07 A0 00 00 00 03 10 10 8A 00 8E 0C 00 00 00 00 00 00 00 00 5F 03 00 00 95 05 42 C0 00 00 00 9A 03 23 06 12 9B 02 C8 00 9C 01 00 99 00 5F 20 0F 46 55 4C 4C 20 46 55 4E 43 54 49 4F 4E 41 4C 5F 24 03 20 12 31 5F 25 03 95 07 01 5F 28 02 08 40 5F 2A 02 08 40 5F 2D 08 65 73 65 6E 66 72 64 65 5F 34 01 01 9F 02 06 00 00 00 00 02 00 9F 03 06 00 00 00 00 00 00 9F 07 02 FF C0 9F 08 02 00 8C 9F 09 02 00 96 9F 0B 00 9F 0D 05 00 00 00 00 00 9F 0E 05 00 00 00 00 00 9F 0F 05 00 00 00 00 00 9F 10 07 06 01 1A 03 90 00 00 9F 11 01 01 9F 12 0D 43 52 45 44 49 54 4F 44 45 56 49 53 41 9F 13 00 9F 15 02 12 34 9F 16 0F 30 30 30 30 30 30 30 30 30 30 30 30 30 30 30 9F 1A 02 08 40 9F 1C 08 38 37 36 35 34 33 32 31 9F 1E 08 30 54 38 35 38 38 32 39 9F 20 00 9F 21 03 03 07 05 9F 24 00 9F 26 08 E9 68 C4 4B FC AD C9 38 9F 27 01 80 9F 33 03 60 08 C8 9F 34 03 5F 03 02 9F 35 01 25 9F 36 02 00 01 9F 37 04 B8 89 21 2C 9F 53 00 9F 5B 00 DF 21 00 DF EE 23 00 9F 39 01 05 DF EE 51 00 FF EE 01 05 DF EE 30 01 01 E6 7B 00 00 00 00 00 00 00 00 00 00 00 00 00 00 00 00 00 00 00 00 00 00 00 00 00 00 00 00 00  

 --- 60-12 Contact Apply Host Response

2023/6/12 11:07:47.821 [TX] - 56 69 56 4F 74 65 63 68 32 00 60 12 00 11 01 8A 02 30 30 91 0A 11 22 33 44 55 66 77 88 30 30 F3 1C 
2023/6/12 11:07:47.839 [RX] - 56 69 56 4F 74 65 63 68 32 00 60 63 00 00 FF 0E 00 00 00 00 00 00 00 00 00 00 00 00 00 00 00 00 00 00 00 00 00 00 00 00 00 00 00 00 00 00 00 00 00 00 00 00 00 00 00 00 00 00 00 00 00 00 00 56 69 56 4F 74 65 63 68 32 00 61 01 00 10 03 00 00 02 00 45 53 03 00 82 03 1C 02 00 FF FF E0 AB 00 00 00 00 00 00 00 00 00 00 00 00 00 00 00 00 00 00 00 00 00 00 00 00 00 00 00 00 00 00 00 56 69 56 4F 74 65 63 68 32 00 60 00 00 75 20 DF EE 26 02 20 00 DF EE 25 02 00 02 8A 02 30 30 9F 10 07 06 01 1A 03 60 00 00 9F 26 08 88 2D 84 27 A2 68 E2 14 9F 27 01 40 9F 36 02 00 01 9F 37 04 B8 89 21 2C 9F 02 06 00 00 00 00 02 00 9F 13 00 95 05 42 C0 00 00 00 9B 02 F8 00 9F 03 06 00 00 00 00 00 00 9F 34 03 5F 03 02 DF EE 51 00 99 00 DF 21 00 9F 39 01 05 9F 53 00 FF EE 01 05 DF EE 30 01 01 E8 CE 00 00 00 00 00 00 00 00 00 00 00 00 00 00 00 00 00 00 00 00 00 00 00 00 00 00 00 00 00 00 00 00 00 00 00 00 00 00 00 00 00 00 00 00 00 00 00 00 00 00 00 00 00 00 00 00 56 69 56 4F 74 65 63 68 32 00 61 01 00 10 03 00 00 02 00 45 4E 03 00 82 23 1C 02 00 FF FF C9 0E 00 00 00 00 00 00 00 00 00 00 00 00 00 00 00 00 00 00 00 00 00 00 00 00 00 00 00 00 00 00 00  

 Result = PASSED
 ---------- END OF TEST ----------

 Result = PASSED
 

 MASTER RESULT = PASSED


Docklight Log File (HEX) - Stopped 2023/6/12 11:07:51.447 

