Docklight Log File (HEX) - Started 2026/3/19 08:53:33.042 
 TEST CASE: VAS602

 --- Set POS COM PORT Settings
 Set POS COM PORT...
 POS operating on COM90 @ 9600 baud...
 Set POS COM PORT - COMPLETE

 --- 04-09 reset to default

2026/3/19 08:53:34.228 [TX] - 56 69 56 4F 74 65 63 68 32 00 04 09 00 00 87 30 
2026/3/19 08:53:36.518 [RX] - 56 69 56 4F 74 65 63 68 32 00 04 00 00 00 AE 16 00 00 00 00 00 00 00 00 00 00 00 00 00 00 00 00 00 00 00 00 00 00 00 00 00 00 00 00 00 00 00 00 00 00 00 00 00 00 00 00 00 00 00 00 00 00 00  

 --- 01-01 - Auto Poll

2026/3/19 08:53:37.032 [TX] - 56 69 56 4F 74 65 63 68 32 00 01 01 00 01 00 F6 24 
2026/3/19 08:53:37.041 [RX] - 56 69 56 4F 74 65 63 68 32 00 01 00 00 00  OK 12 53 00 00 00 00 00 00 00 00 00 00 00 00 00 00 00 00 00 00 00 00 00 00 00 00 00 00 00 00 00 00 00 00 00 00 00 00 00 00 00 00 00 00 00 00 00 00 00  

 --- Burst mode OFF

2026/3/19 08:53:37.564 [TX] - 56 69 56 4F 74 65 63 68 32 00 04 00 00 04 FF F7 01 00 B9 2E 
2026/3/19 08:53:37.572 [RX] - 56 69 56 4F 74 65 63 68 32 00 04 00 00 00 AE 16 00 00 00 00 00 00 00 00 00 00 00 00 00 00 00 00 00 00 00 00 00 00 00 00 00 00 00 00 00 00 00 00 00 00 00 00 00 00 00 00 00 00 00 00 00 00 00  

 --- Set Merchant 4 - Panera

2026/3/19 08:53:38.111 [TX] - 56 69 56 4F 74 65 63 68 32 00 04 11 00 63 04 01 06 41 3B 95 7A 52 59 98 3B 60 8C FC 89 CF B1 DA B9 0C E7 05 AD 8E FF 78 E9 DE 12 2C CF 8D 2C BF 00 00 00 00 00 00 00 00 00 00 00 00 00 00 00 00 00 00 00 00 00 00 00 00 00 00 00 00 00 00 00 00 00 00 00 00 00 00 00 00 00 00 00 00 00 00 00 00 00 00 00 00 00 00 00 00 00 00 00 00 00 00 00 00 00 E7 6F 
2026/3/19 08:53:38.122 [RX] - 56 69 56 4F 74 65 63 68 32 00 04 00 00 00 AE 16 00 00 00 00 00 00 00 00 00 00 00 00 00 00 00 00 00 00 00 00 00 00 00 00 00 00 00 00 00 00 00 00 00 00 00 00 00 00 00 00 00 00 00 00 00 00 00  

 --- 01-0D - Auto output = for good & bad reads

2026/3/19 08:53:38.664 [TX] - 56 69 56 4F 74 65 63 68 32 00 01 0D 00 01 02 86 4B 
2026/3/19 08:53:38.670 [RX] - 56 69 56 4F 74 65 63 68 32 00 01 00 00 00  OK 12 53 00 00 00 00 00 00 00 00 00 00 00 00 00 00 00 00 00 00 00 00 00 00 00 00 00 00 00 00 00 00 00 00 00 00 00 00 00 00 00 00 00 00 00 00 00 00 00  

 --- 04-00 w/ tag FFEE06 (VAS only)

2026/3/19 08:53:39.200 [TX] - 56 69 56 4F 74 65 63 68 32 00 04 00 00 1C FF EE 06 18 9F 22 02 01 00 9F 26 04 00 00 00 02 9F 2B 05 01 00 00 00 00 DF 01 01 01 C4 D7 
2026/3/19 08:53:39.214 [RX] - 56 69 56 4F 74 65 63 68 32 00 04 00 00 00 AE 16 00 00 00 00 00 00 00 00 00 00 00 00 00 00 00 00 00 00 00 00 00 00 00 00 00 00 00 00 00 00 00 00 00 00 00 00 00 00 00 00 00 00 00 00 00 00 00  

 --- PAY data auto output
56 69 56 4F 74 65 63 68 32 00 02 57 00 28 01 FF EE 06 12 9A 03 14 08 10 9F 21 03 12 01 08 DF 02 04 82 6A 83 04 9F 39 01 07 FF EE 01 04 DF 30 01 00 DF EE 26 01 01 F7 41 00 00 00 00 00 00 00  

 --- 04-00 w/ tag FFEE06 (VAS OR Pay)

2026/3/19 08:53:47.343 [TX] - 56 69 56 4F 74 65 63 68 32 00 04 00 00 1C FF EE 06 18 9F 22 02 01 00 9F 26 04 00 00 00 00 9F 2B 05 01 00 00 00 00 DF 01 01 01 02 5D 
2026/3/19 08:53:47.350 [RX] - 56 69 56 4F 74 65 63 68 32 00 04 00 00 00 AE 16 00 00 00 00 00 00 00 00 00 00 00 00 00 00 00 00 00 00 00 00 00 00 00 00 00 00 00 00 00 00 00 00 00 00 00 00 00 00 00 00 00 00 00 00 00 00 00  

 --- PAY data auto output
56 69 56 4F 74 65 63 68 32 00 02 23 01 51 11 9A 03 14 08 10 9F 21 03 12 01 19 9F 37 04 64 85 32 83 9F 6A 04 00 00 31 36 9C 01 00 9F 39 01 91 FF EE 01 04 DF 30 01 00 9F 1E 08 32 33 34 35 36 37 38 39 DF 81 16 16 1E 04 00 00 00 65 6E 00 00 00 00 00 00 00 00 00 00 00 00 00 00 00 DF 81 29 08 30 F0 F0 00 30 F0 FF 00 FF 81 06 3B DF 81 15 06 00 00 00 00 00 FF 9F 6E 07 08 40 00 00 32 31 00 DF 81 2A 18 30 30 30 30 30 30 30 30 30 30 30 30 30 30 30 30 30 30 30 30 30 30 30 30 DF 81 2B 07 00 00 00 00 00 00 0F FF 81 05 6F 9F 02 06 00 00 00 00 00 01 9F 6D 02 00 01 50 0A 4D 41 53 54 45 52 43 41 52 44 84 07 A0 00 00 00 04 10 10 56 34 42 35 32 30 34 32 34 30 34 39 37 38 35 31 32 36 36 5E 20 2F 5E 32 36 31 30 32 30 31 30 30 31 39 31 36 37 32 33 31 33 36 30 30 30 30 30 30 30 30 30 30 30 39 9F 6B 13 52 04 24 04 97 85 12 66 D2 61 02 01 00 19 10 88 31 36 9F FF EE 06 07 DF 02 04 82 6A 83 04 DF EF 4C 06 00 27 00 00 00 00 DF EF 4D 27 3B 35 32 30 34 32 34 30 34 39 37 38 35 31 32 36 36 3D 32 36 31 30 32 30 31 30 30 31 39 31 30 38 38 33 31 33 36 39 3F DF EE 26 01 11 A8 B0 00 00 00 00 00 00 00 00 00 00 00 00 00 00 00 00 00 00 00 00 00 00 00 00 00  

 --- 04-00 w/ tag FFEE06 (VAS AND Pay)

2026/3/19 08:53:53.900 [TX] - 56 69 56 4F 74 65 63 68 32 00 04 00 00 1C FF EE 06 18 9F 22 02 01 00 9F 26 04 00 00 00 01 9F 2B 05 01 00 00 00 00 DF 01 01 01 61 18 
2026/3/19 08:53:53.906 [RX] - 56 69 56 4F 74 65 63 68 32 00 04 00 00 00 AE 16 00 00 00 00 00 00 00 00 00 00 00 00 00 00 00 00 00 00 00 00 00 00 00 00 00 00 00 00 00 00 00 00 00 00 00 00 00 00 00 00 00 00 00 00 00 00 00  

 --- PAY data auto output
56 69 56 4F 74 65 63 68 32 00 02 23 01 51 11 9A 03 14 08 10 9F 21 03 12 01 25 9F 37 04 DB B8 CA C0 9F 6A 04 00 00 13 56 9C 01 00 9F 39 01 91 FF EE 01 04 DF 30 01 00 9F 1E 08 32 33 34 35 36 37 38 39 DF 81 16 16 1E 04 00 00 00 65 6E 00 00 00 00 00 00 00 00 00 00 00 00 00 00 00 DF 81 29 08 30 F0 F0 00 30 F0 FF 00 FF 81 06 3B DF 81 15 06 00 00 00 00 00 FF 9F 6E 07 08 40 00 00 32 31 00 DF 81 2A 18 30 30 30 30 30 30 30 30 30 30 30 30 30 30 30 30 30 30 30 30 30 30 30 30 DF 81 2B 07 00 00 00 00 00 00 0F FF 81 05 6F 9F 02 06 00 00 00 00 00 01 9F 6D 02 00 01 50 0A 4D 41 53 54 45 52 43 41 52 44 84 07 A0 00 00 00 04 10 10 56 34 42 35 32 30 34 32 34 30 34 39 37 38 35 31 32 36 36 5E 20 2F 5E 32 36 31 30 32 30 31 30 30 31 39 32 35 37 35 31 33 35 36 30 30 30 30 30 30 30 30 30 30 30 39 9F 6B 13 52 04 24 04 97 85 12 66 D2 61 02 01 00 19 25 03 13 56 9F FF EE 06 07 DF 02 04 82 6A 83 04 DF EF 4C 06 00 27 00 00 00 00 DF EF 4D 27 3B 35 32 30 34 32 34 30 34 39 37 38 35 31 32 36 36 3D 32 36 31 30 32 30 31 30 30 31 39 32 35 30 33 31 33 35 36 39 3F DF EE 26 01 11 BF 5A 00 00 00 00 00 00 00 00 00 00 00 00 00 00 00 00 00 00 00 00 00 00 00 00 00  

 --- 04-00 w/ tag FFEE06 (PAY only)

2026/3/19 08:53:59.867 [TX] - 56 69 56 4F 74 65 63 68 32 00 04 00 00 1C FF EE 06 18 9F 22 02 01 00 9F 26 04 00 00 00 03 9F 2B 05 01 00 00 00 00 DF 01 01 01 A7 92 
2026/3/19 08:53:59.874 [RX] - 56 69 56 4F 74 65 63 68 32 00 04 00 00 00 AE 16 00 00 00 00 00 00 00 00 00 00 00 00 00 00 00 00 00 00 00 00 00 00 00 00 00 00 00 00 00 00 00 00 00 00 00 00 00 00 00 00 00 00 00 00 00 00 00  

 --- PAY data auto output
56 69 56 4F 74 65 63 68 32 00 02 23 01 51 11 9A 03 14 08 10 9F 21 03 12 01 30 9F 37 04 AA D7 2F 90 9F 6A 04 00 00 35 31 9C 01 00 9F 39 01 91 FF EE 01 04 DF 30 01 00 9F 1E 08 32 33 34 35 36 37 38 39 DF 81 16 16 1E 04 00 00 00 65 6E 00 00 00 00 00 00 00 00 00 00 00 00 00 00 00 DF 81 29 08 30 F0 F0 00 30 F0 FF 00 FF 81 06 3B DF 81 15 06 00 00 00 00 00 FF 9F 6E 07 08 40 00 00 32 31 00 DF 81 2A 18 30 30 30 30 30 30 30 30 30 30 30 30 30 30 30 30 30 30 30 30 30 30 30 30 DF 81 2B 07 00 00 00 00 00 00 0F FF 81 05 6F 9F 02 06 00 00 00 00 00 01 9F 6D 02 00 01 50 0A 4D 41 53 54 45 52 43 41 52 44 84 07 A0 00 00 00 04 10 10 56 34 42 35 32 30 34 32 34 30 34 39 37 38 35 31 32 36 36 5E 20 2F 5E 32 36 31 30 32 30 31 30 30 31 39 33 37 37 34 33 35 33 31 30 30 30 30 30 30 30 30 30 30 30 39 9F 6B 13 52 04 24 04 97 85 12 66 D2 61 02 01 00 19 36 76 35 31 9F FF EE 06 07 DF 02 04 82 90 00 02 DF EF 4C 06 00 27 00 00 00 00 DF EF 4D 27 3B 35 32 30 34 32 34 30 34 39 37 38 35 31 32 36 36 3D 32 36 31 30 32 30 31 30 30 31 39 33 36 37 36 33 35 33 31 39 3F DF EE 26 01 11 95 19 00 00 00 00 00 00 00 00 00 00 00 00 00 00 00 00 00 00 00 00 00 00 00 00 00  

 ---------- END OF TEST ----------

 Result = PASSED


Docklight Log File (HEX) - Stopped 2026/3/19 08:54:04.631 

