Docklight Log File (HEX) - Started 2021/11/1 16:58:09.712 
 TEST CASE: CR005

 --- Set POS COM PORT Settings
 Set POS COM PORT...
 POS operating on COM1 @ 9600 baud...
 Set POS COM PORT - COMPLETE

 

 --- DFED59 =  00 (Send First Response 0x63)

2021/11/1 16:58:10.838 [TX] - 56 69 56 4F 74 65 63 68 32 00 04 00 00 05 DF ED 59 01 00 EA 86 
2021/11/1 16:58:10.873 [RX] - 56 69 56 4F 74 65 63 68 32 00 04 00 00 00 AE 16  

 --- 60-10 Contact Start Transaction

2021/11/1 16:58:10.889 [TX] - 56 69 56 4F 74 65 63 68 32 00 60 10 00 23 01 00 78 00 78 9C 01 00 5F 57 01 00 9F 02 06 00 00 00 00 02 00 9F 03 06 00 00 00 00 00 00 5F 2A 02 08 40 8F F0 
2021/11/1 16:58:11.014 [RX] - 56 69 56 4F 74 65 63 68 32 00 60 63 00 00 FF 0E 56 69 56 4F 74 65 63 68 32 00 60 00 00 C9 20 DF EE 25 02 00 10 57 11 47 61 73 90 01 01 00 10 D2 01 22 01 01 23 45 67 89 5A 08 47 61 73 90 01 01 00 10 5F 34 01 01 5F 20 0F 46 55 4C 4C 20 46 55 4E 43 54 49 4F 4E 41 4C 5F 24 03 20 12 31 9F 1E 08 38 54 38 30 33 36 38 37 9F 20 00 5F 25 03 95 07 01 5F 2D 08 65 73 65 6E 66 72 64 65 50 0A 56 49 53 41 43 52 45 44 49 54 4F 07 A0 00 00 00 03 10 10 84 07 A0 00 00 00 03 10 10 DF EE 23 00 9F 39 01 07 9F 53 00 DF EF 4C 06 00 24 00 00 00 00 DF EF 4D 24 3B 34 37 36 31 37 33 39 30 30 31 30 31 30 30 31 30 3D 32 30 31 32 32 30 31 30 31 32 33 34 35 36 37 38 39 3F DF EE 26 02 20 00 FF EE 01 05 DF EE 30 01 01 20 52  

 --- 60-11 Contact Authenticate Transaction

2021/11/1 16:58:16.749 [TX] - 56 69 56 4F 74 65 63 68 32 00 60 11 00 03 00 00 78 46 F3 
2021/11/1 16:58:16.782 [RX] - 56 69 56 4F 74 65 63 68 32 00 60 63 00 00 FF 0E  

 --- 05-01 Cancel transaction

2021/11/1 16:58:16.810 [TX] - 56 69 56 4F 74 65 63 68 32 00 05 01 00 00 92 EF 
2021/11/1 16:58:17.357 [RX] - 56 69 56 4F 74 65 63 68 32 00 60 00 01 AA 20 DF EE 25 02 50 25 4F 07 A0 00 00 00 03 10 10 5A 08 47 61 73 90 01 01 00 10 50 0A 56 49 53 41 43 52 45 44 49 54 57 11 47 61 73 90 01 01 00 10 D2 01 22 01 01 23 45 67 89 82 02 5C 00 84 07 A0 00 00 00 03 10 10 8E 0C 00 00 00 00 00 00 00 00 5F 03 00 00 95 05 42 C0 00 00 00 9A 03 21 11 01 9B 02 C8 00 9C 01 00 99 00 5F 20 0F 46 55 4C 4C 20 46 55 4E 43 54 49 4F 4E 41 4C 5F 24 03 20 12 31 5F 25 03 95 07 01 5F 28 02 08 40 5F 2A 02 08 40 5F 2D 08 65 73 65 6E 66 72 64 65 5F 34 01 01 9F 02 06 00 00 00 00 02 00 9F 03 06 00 00 00 00 00 00 9F 07 02 FF C0 9F 08 02 00 8C 9F 09 02 00 96 9F 0B 00 9F 0D 05 00 00 00 00 00 9F 0E 05 00 00 00 00 00 9F 0F 05 00 00 00 00 00 9F 10 00 9F 11 01 01 9F 12 0D 43 52 45 44 49 54 4F 44 45 56 49 53 41 9F 13 00 9F 15 02 12 34 9F 16 0F 30 30 30 30 30 30 30 30 30 30 30 30 30 30 30 9F 1A 02 08 40 9F 1C 08 38 37 36 35 34 33 32 31 9F 1E 08 38 54 38 30 33 36 38 37 9F 20 00 9F 21 03 08 58 10 9F 24 00 9F 26 00 9F 27 00 9F 33 03 60 28 C8 9F 34 03 5F 03 02 9F 35 01 21 9F 36 00 9F 37 04 BD DC 83 A8 9F 53 00 9F 5B 00 DF 21 00 DF EE 23 00 9F 39 01 07 DF EE 51 00 DF EF 4C 06 00 24 00 00 00 00 DF EF 4D 24 3B 34 37 36 31 37 33 39 30 30 31 30 31 30 30 31 30 3D 32 30 31 32 32 30 31 30 31 32 33 34 35 36 37 38 39 3F DF EE 26 02 20 00 FF EE 01 05 DF EE 30 01 01 96 24 56 69 56 4F 74 65 63 68 32 00 05 00 00 00 D8 A2  

 --- 60-10 Contact Start Transaction

2021/11/1 16:58:29.170 [TX] - 56 69 56 4F 74 65 63 68 32 00 60 10 00 23 01 00 78 00 78 9C 01 00 5F 57 01 00 9F 02 06 00 00 00 00 02 00 9F 03 06 00 00 00 00 00 00 5F 2A 02 08 40 8F F0 
2021/11/1 16:58:29.294 [RX] - 56 69 56 4F 74 65 63 68 32 00 60 63 00 00 FF 0E 56 69 56 4F 74 65 63 68 32 00 60 00 00 C9 20 DF EE 25 02 00 10 57 11 47 61 73 90 01 01 00 10 D2 01 22 01 01 23 45 67 89 5A 08 47 61 73 90 01 01 00 10 5F 34 01 01 5F 20 0F 46 55 4C 4C 20 46 55 4E 43 54 49 4F 4E 41 4C 5F 24 03 20 12 31 9F 1E 08 38 54 38 30 33 36 38 37 9F 20 00 5F 25 03 95 07 01 5F 2D 08 65 73 65 6E 66 72 64 65 50 0A 56 49 53 41 43 52 45 44 49 54 4F 07 A0 00 00 00 03 10 10 84 07 A0 00 00 00 03 10 10 DF EE 23 00 9F 39 01 07 9F 53 00 DF EF 4C 06 00 24 00 00 00 00 DF EF 4D 24 3B 34 37 36 31 37 33 39 30 30 31 30 31 30 30 31 30 3D 32 30 31 32 32 30 31 30 31 32 33 34 35 36 37 38 39 3F DF EE 26 02 20 00 FF EE 01 05 DF EE 30 01 01 20 52  

 --- 60-11 Contact Authenticate Transaction

2021/11/1 16:58:34.798 [TX] - 56 69 56 4F 74 65 63 68 32 00 60 11 00 03 00 00 78 46 F3 
2021/11/1 16:58:34.830 [RX] - 56 69 56 4F 74 65 63 68 32 00 60 63 00 00 FF 0E 56 69 56 4F 74 65 63 68 32 00 60 00 01 BC 20 DF EE 25 02 00 04 4F 07 A0 00 00 00 03 10 10 5A 08 47 61 73 90 01 01 00 10 50 0A 56 49 53 41 43 52 45 44 49 54 57 11 47 61 73 90 01 01 00 10 D2 01 22 01 01 23 45 67 89 82 02 5C 00 84 07 A0 00 00 00 03 10 10 8E 0C 00 00 00 00 00 00 00 00 5F 03 00 00 95 05 42 C0 00 00 00 9A 03 21 11 01 9B 02 C8 00 9C 01 00 99 00 5F 20 0F 46 55 4C 4C 20 46 55 4E 43 54 49 4F 4E 41 4C 5F 24 03 20 12 31 5F 25 03 95 07 01 5F 28 02 08 40 5F 2A 02 08 40 5F 2D 08 65 73 65 6E 66 72 64 65 5F 34 01 01 9F 02 06 00 00 00 00 02 00 9F 03 06 00 00 00 00 00 00 9F 07 02 FF C0 9F 08 02 00 8C 9F 09 02 00 96 9F 0B 00 9F 0D 05 00 00 00 00 00 9F 0E 05 00 00 00 00 00 9F 0F 05 00 00 00 00 00 9F 10 07 06 01 1A 03 90 00 00 9F 11 01 01 9F 12 0D 43 52 45 44 49 54 4F 44 45 56 49 53 41 9F 13 00 9F 15 02 12 34 9F 16 0F 30 30 30 30 30 30 30 30 30 30 30 30 30 30 30 9F 1A 02 08 40 9F 1C 08 38 37 36 35 34 33 32 31 9F 1E 08 38 54 38 30 33 36 38 37 9F 20 00 9F 21 03 08 58 28 9F 24 00 9F 26 08 C5 36 FA FD DE DE 2D 47 9F 27 01 80 9F 33 03 60 28 C8 9F 34 03 5F 03 02 9F 35 01 21 9F 36 02 00 01 9F 37 04 1B 72 B2 47 9F 53 00 9F 5B 00 DF 21 00 DF EE 23 00 9F 39 01 07 DF EE 51 00 DF EF 4C 06 00 24 00 00 00 00 DF EF 4D 24 3B 34 37 36 31 37 33 39 30 30 31 30 31 30 30 31 30 3D 32 30 31 32 32 30 31 30 31 32 33 34 35 36 37 38 39 3F DF EE 26 02 20 00 FF EE 01 05 DF EE 30 01 01 8A 79  

 --- 05-01 Cancel transaction

2021/11/1 16:58:37.412 [TX] - 56 69 56 4F 74 65 63 68 32 00 05 01 00 00 92 EF 
2021/11/1 16:58:38.749 [RX] - 56 69 56 4F 74 65 63 68 32 00 05 00 00 00 D8 A2  

 Result = PASSED
 ---------- END OF TEST ----------

 Result = PASSED
 

 MASTER RESULT = PASSED


Docklight Log File (HEX) - Stopped 2021/11/1 16:58:45.953 

