Docklight Log File (HEX) - Started 2023/10/30 14:49:35.429 
 TEST CASE: ECT11-3

 --- Set POS COM PORT Settings
 Set POS COM PORT...
 POS operating on COM90 @ 9600 baud...
 Set POS COM PORT - COMPLETE

 Erase All Keys...

2023/10/30 14:49:36.749 [TX] - 56 69 56 4F 74 65 63 68 32 00 83 00 00 00 03 22 
2023/10/30 14:49:36.765 [RX] - 56 69 56 4F 74 65 63 68 32 00 83 00 00 00 22 03 00 00 00 00 00 00 00 00 00 00 00 00 00 00 00 00 00 00 00 00 00 00 00 00 00 00 00 00 00 00 00 00 00 00 00 00 00 00 00 00 00 00 00 00 00 00 00  

 Set DUKPT Key Encryption Type...

2023/10/30 14:49:37.290 [TX] - 56 69 56 4F 74 65 63 68 32 00 C7 32 00 01 00 6D FE 
2023/10/30 14:49:37.300 [RX] - 56 69 56 4F 74 65 63 68 32 00 C7 00 00 00 86 6E 00 00 00 00 00 00 00 00 00 00 00 00 00 00 00 00 00 00 00 00 00 00 00 00 00 00 00 00 00 00 00 00 00 00 00 00 00 00 00 00 00 00 00 00 00 00 00  

 Get DUKPT Key Encryption Type...

2023/10/30 14:49:37.828 [TX] - 56 69 56 4F 74 65 63 68 32 00 C7 33 00 00 1A 9B 
2023/10/30 14:49:37.837 [RX] - 56 69 56 4F 74 65 63 68 32 00 C7 00 00 01 00 AC 7F 00 00 00 00 00 00 00 00 00 00 00 00 00 00 00 00 00 00 00 00 00 00 00 00 00 00 00 00 00 00 00 00 00 00 00 00 00 00 00 00 00 00 00 00 00 00  
OK!
 

 Loading DUKPT key...

2023/10/30 14:49:38.363 [TX] - 56 69 56 4F 74 65 63 68 32 00 80 00 00 65 30 43 46 35 35 34 43 32 46 30 45 45 41 41 30 30 38 38 4B 30 54 44 30 30 4E 30 30 30 30 30 30 38 30 32 41 38 34 46 44 44 36 33 39 31 35 44 43 41 45 42 46 38 37 37 35 34 33 32 32 44 32 36 37 42 41 33 34 34 31 38 33 41 42 39 41 32 35 36 37 39 30 32 33 34 39 38 37 31 32 30 32 33 34 30 30 30 30 30 30 30 30 C2 98 
2023/10/30 14:49:38.375 [RX] - 56 69 56 4F 74 65 63 68 32 00 80 00 00 00 B9 DF 00 00 00 00 00 00 00 00 00 00 00 00 00 00 00 00 00 00 00 00 00 00 00 00 00 00 00 00 00 00 00 00 00 00 00 00 00 00 00 00 00 00 00 00 00 00 00 
2023/10/30 14:49:38.903 [TX] - 56 69 56 4F 74 65 63 68 32 00 80 00 00 65 31 35 43 44 42 38 31 32 46 30 45 45 41 41 30 30 38 38 4B 30 54 44 30 30 4E 30 30 30 30 30 30 38 30 39 32 36 39 41 34 33 36 39 42 36 43 37 45 33 42 35 36 37 32 39 38 33 41 36 36 32 46 36 31 30 33 32 35 37 32 39 32 33 36 33 37 38 33 30 33 33 36 32 33 41 39 39 37 31 32 36 32 33 34 30 30 30 30 30 30 30 30 AA E9 
2023/10/30 14:49:38.918 [RX] - 56 69 56 4F 74 65 63 68 32 00 80 00 00 00 B9 DF 00 00 00 00 00 00 00 00 00 00 00 00 00 00 00 00 00 00 00 00 00 00 00 00 00 00 00 00 00 00 00 00 00 00 00 00 00 00 00 00 00 00 00 00 00 00 00 
2023/10/30 14:49:39.432 [TX] - 56 69 56 4F 74 65 63 68 32 00 80 01 00 58 41 30 30 38 38 4B 30 54 44 30 30 4E 30 30 30 30 42 39 34 38 46 37 42 33 34 43 41 44 37 32 36 42 41 37 37 43 39 43 34 41 38 30 37 37 39 42 42 38 36 42 42 43 33 37 34 30 31 31 42 42 45 33 39 45 30 36 46 34 46 36 41 37 44 44 36 46 37 32 30 45 37 31 33 44 45 39 34 41 A0 6B 
2023/10/30 14:49:39.447 [RX] - 56 69 56 4F 74 65 63 68 32 00 80 00 00 00 B9 DF 00 00 00 00 00 00 00 00 00 00 00 00 00 00 00 00 00 00 00 00 00 00 00 00 00 00 00 00 00 00 00 00 00 00 00 00 00 00 00 00 00 00 00 00 00 00 00 
2023/10/30 14:49:39.966 [TX] - 56 69 56 4F 74 65 63 68 32 00 81 00 00 71 05 41 30 31 31 32 44 30 54 45 30 30 4E 30 31 30 30 4B 53 31 38 46 46 46 46 39 38 37 36 35 34 33 32 31 30 45 30 30 30 30 30 37 43 45 37 34 45 39 30 30 35 33 43 41 38 45 45 42 43 33 37 42 35 37 30 36 38 31 45 35 42 32 37 36 31 34 38 43 33 45 37 34 34 41 42 43 44 36 44 34 43 35 33 36 43 37 46 34 46 36 37 44 37 46 32 32 44 33 39 34 45 44 42 A8 31 
2023/10/30 14:49:39.987 [RX] - 56 69 56 4F 74 65 63 68 32 00 81 00 00 00 CF 6B 00 00 00 00 00 00 00 00 00 00 00 00 00 00 00 00 00 00 00 00 00 00 00 00 00 00 00 00 00 00 00 00 00 00 00 00 00 00 00 00 00 00 00 00 00 00 00  
OK!
 

 --- Data Encryption: Enable

2023/10/30 14:49:40.528 [TX] - 56 69 56 4F 74 65 63 68 32 00 C7 36 00 01 03 97 6C 
2023/10/30 14:49:40.542 [RX] - 56 69 56 4F 74 65 63 68 32 00 C7 00 00 00 86 6E 00 00 00 00 00 00 00 00 00 00 00 00 00 00 00 00 00 00 00 00 00 00 00 00 00 00 00 00 00 00 00 00 00 00 00 00 00 00 00 00 00 00 00 00 00 00 00  

 --- Auto Poll

2023/10/30 14:49:40.572 [TX] - 56 69 56 4F 74 65 63 68 32 00 01 01 00 01 00 F6 24 
2023/10/30 14:49:40.588 [RX] - 56 69 56 4F 74 65 63 68 32 00 01 00 00 00 12 53 00 00 00 00 00 00 00 00 00 00 00 00 00 00 00 00 00 00 00 00 00 00 00 00 00 00 00 00 00 00 00 00 00 00 00 00 00 00 00 00 00 00 00 00 00 00 00  

 --- Burst mode Off

2023/10/30 14:49:41.122 [TX] - 56 69 56 4F 74 65 63 68 32 00 04 00 00 04 FF F7 01 00 B9 2E 
2023/10/30 14:49:41.137 [RX] - 56 69 56 4F 74 65 63 68 32 00 04 00 00 00 AE 16 00 00 00 00 00 00 00 00 00 00 00 00 00 00 00 00 00 00 00 00 00 00 00 00 00 00 00 00 00 00 00 00 00 00 00 00 00 00 00 00 00 00 00 00 00 00 00  

 --- 03-00 Get Transaction Result

2023/10/30 14:49:50.414 [TX] - 56 69 56 4F 74 65 63 68 32 00 03 40 00 00 96 E2 
2023/10/30 14:49:50.419 [RX] - 56 69 56 4F 74 65 63 68 32 00 03 23 01 C4 D1 FF EE 12 0A FF FF 98 76 54 32 10 E0 00 01 9A 03 14 08 10 9F 21 03 12 13 55 9F 37 04 00 2A EB 67 9F 6A 04 00 00 00 17 9C 01 00 9F 39 01 91 FF EE 01 04 DF 30 01 00 9F 1E 08 32 33 34 35 36 37 38 39 DF 81 16 16 1E 04 00 00 00 65 6E 00 00 00 00 00 00 00 00 00 00 00 00 00 00 00 DF 81 29 08 30 F0 F0 00 30 F0 FF 00 FF 81 06 46 DF 81 15 06 00 00 00 00 00 FF 9F 6E 07 08 40 00 00 30 30 00 DF 81 2A C1 18 3A BC A5 2B 6E 38 83 B9 0D 1E 41 0E F3 7A B1 E4 A6 CF A9 AF B6 36 05 35 DF 81 2B C1 10 A4 70 56 06 61 E2 F1 AB 8E 9F 92 3B ED 26 A7 8B FF 81 05 81 D2 9F 02 06 00 00 00 00 00 01 9F 6D 02 00 01 50 10 44 65 62 69 74 20 4D 61 73 74 65 72 43 61 72 64 9F 12 10 44 65 62 69 74 20 4D 61 73 74 65 72 43 61 72 64 84 07 A0 00 00 00 04 10 10 9F 11 01 01 56 A1 29 2A 35 31 32 38 2A 2A 2A 2A 2A 2A 2A 2A 38 30 37 32 5E 20 2F 5E 31 38 30 33 36 32 32 2A 2A 2A 2A 2A 2A 2A 2A 2A 2A 2A 2A 2A 56 C1 30 99 4E 9E 71 26 1A A5 09 80 DC 10 49 ED A5 B5 8A 05 1E BA 61 68 9C C7 2C 35 1A A1 3C 5E 7B 82 73 5E 30 D7 B1 78 48 BA B0 23 E7 B2 EA AB 10 68 1F 9F 6B A1 13 51 28 CC CC CC CC 80 72 D1 80 36 22 CC CC CC CC CC CC CC 9F 6B C1 18 89 FF FD 59 86 D4 98 05 8A 36 36 3A 44 DA 5B FC 7B 57 0E 48 14 7F 0B 9B DF EF 4C 06 00 27 00 00 00 00 DF EF 4D 28 DF 88 85 DD 63 74 76 92 FB 74 D8 64 09 84 B3 E0 09 12 B7 14 AD B2 67 7C 1D D2 15 AB 4E 1B D4 72 1F 44 68 AF 74 B5 06 8E DF EE 26 01 D1 80 22 00 00 00 00 00 00 00 00 00 00 00 00 00 00 00 00 00 00 00 00 00 00 00 00 00 00 00 00 00 00 00 00 00 00 00 00  
Tag 56 - Enc dukpt...FAIL!
 
Tag 9F6B - Enc dukpt...FAIL!


Docklight Log File (HEX) - Stopped 2023/10/30 14:49:52.909 

