Docklight Log File (HEX) - Started 2020/5/5 11:36:30.330 
 TEST CASE: EDTT08-1

 --- Set POS COM PORT Settings
 Set POS COM PORT...
 POS operating on COM90 @ 115200 baud...
 Set POS COM PORT - COMPLETE

 

 --- Data Encryption: Enable

2020/5/5 11:36:31.572 [TX] - 56 69 56 4F 74 65 63 68 32 00 C7 36 00 01 03 6C 97 
2020/5/5 11:36:31.578 [RX] - 56 69 56 4F 74 65 63 68 32 00 C7 00 00 00 86 6E 00 00 00 00 00 00 00 00 00 00 00 00 00 00 00 00 00 00 00 00 00 00 00 00 00 00 00 00 00 00 00 00 00 00 00 00 00 00 00 00 00 00 00 00 00 00 00  

 --- Poll on Demand

2020/5/5 11:36:31.584 [TX] - 56 69 56 4F 74 65 63 68 32 00 01 01 00 01 01 D7 34 
2020/5/5 11:36:31.589 [RX] - 56 69 56 4F 74 65 63 68 32 00 01 00 00 00 12 53 00 00 00 00 00 00 00 00 00 00 00 00 00 00 00 00 00 00 00 00 00 00 00 00 00 00 00 00 00 00 00 00 00 00 00 00 00 00 00 00 00 00 00 00 00 00 00  

 --- Burst mode Off

2020/5/5 11:36:32.096 [TX] - 56 69 56 4F 74 65 63 68 32 00 04 00 00 04 FF F7 01 00 B9 2E 
2020/5/5 11:36:32.101 [RX] - 56 69 56 4F 74 65 63 68 32 00 04 00 00 00 AE 16 00 00 00 00 00 00 00 00 00 00 00 00 00 00 00 00 00 00 00 00 00 00 00 00 00 00 00 00 00 00 00 00 00 00 00 00 00 00 00 00 00 00 00 00 00 00 00  

 Erase All Keys...

2020/5/5 11:36:32.609 [TX] - 56 69 56 4F 74 65 63 68 32 00 83 00 00 00 03 22 
2020/5/5 11:36:32.617 [RX] - 56 69 56 4F 74 65 63 68 32 00 83 00 00 00 22 03 00 00 00 00 00 00 00 00 00 00 00 00 00 00 00 00 00 00 00 00 00 00 00 00 00 00 00 00 00 00 00 00 00 00 00 00 00 00 00 00 00 00 00 00 00 00 00  

 Set DUKPT Key Encryption Type...

2020/5/5 11:36:33.123 [TX] - 56 69 56 4F 74 65 63 68 32 00 C7 32 00 01 00 FE 6D 
2020/5/5 11:36:33.129 [RX] - 56 69 56 4F 74 65 63 68 32 00 C7 00 00 00 86 6E 00 00 00 00 00 00 00 00 00 00 00 00 00 00 00 00 00 00 00 00 00 00 00 00 00 00 00 00 00 00 00 00 00 00 00 00 00 00 00 00 00 00 00 00 00 00 00  

 Get DUKPT Key Encryption Type...

2020/5/5 11:36:33.636 [TX] - 56 69 56 4F 74 65 63 68 32 00 C7 33 00 00 9B 1A 
2020/5/5 11:36:33.641 [RX] - 56 69 56 4F 74 65 63 68 32 00 C7 00 00 01 00 AC 7F 00 00 00 00 00 00 00 00 00 00 00 00 00 00 00 00 00 00 00 00 00 00 00 00 00 00 00 00 00 00 00 00 00 00 00 00 00 00 00 00 00 00 00 00 00 00  
OK!
 

 Loading DUKPT key...

2020/5/5 11:36:34.152 [TX] - 56 69 56 4F 74 65 63 68 32 00 80 00 00 65 30 39 36 46 31 35 35 37 37 45 39 41 44 41 30 30 38 38 4B 30 54 44 30 30 4E 30 30 30 30 30 30 38 30 45 30 39 46 43 39 35 35 45 36 33 43 32 45 43 43 30 42 34 39 44 42 46 35 31 37 36 36 42 32 41 39 34 34 33 37 32 37 35 39 30 32 33 30 32 32 30 32 32 33 34 39 38 37 31 32 30 32 33 34 30 30 30 30 30 30 30 30 9C 1B 
2020/5/5 11:36:34.161 [RX] - 56 69 56 4F 74 65 63 68 32 00 80 00 00 00 B9 DF 00 00 00 00 00 00 00 00 00 00 00 00 00 00 00 00 00 00 00 00 00 00 00 00 00 00 00 00 00 00 00 00 00 00 00 00 00 00 00 00 00 00 00 00 00 00 00 
2020/5/5 11:36:34.666 [TX] - 56 69 56 4F 74 65 63 68 32 00 80 00 00 65 31 32 45 43 36 30 30 37 37 45 39 41 44 41 30 30 38 38 4B 30 54 44 30 30 4E 30 30 30 30 30 30 38 30 31 44 31 45 36 30 44 36 45 32 46 38 44 31 44 36 32 34 42 44 34 34 36 42 43 39 33 31 34 33 33 41 30 33 33 36 33 31 30 34 35 36 37 38 32 37 37 30 32 33 41 39 39 37 31 32 36 32 33 34 30 30 30 30 30 30 30 30 30 E6 
2020/5/5 11:36:34.677 [RX] - 56 69 56 4F 74 65 63 68 32 00 80 00 00 00 B9 DF 00 00 00 00 00 00 00 00 00 00 00 00 00 00 00 00 00 00 00 00 00 00 00 00 00 00 00 00 00 00 00 00 00 00 00 00 00 00 00 00 00 00 00 00 00 00 00 
2020/5/5 11:36:35.183 [TX] - 56 69 56 4F 74 65 63 68 32 00 80 01 00 58 41 30 30 38 38 4B 30 54 44 30 30 4E 30 30 30 30 46 41 42 44 39 44 34 32 37 34 31 30 42 36 46 41 35 45 44 33 42 37 36 41 44 37 46 41 45 38 45 33 31 36 30 32 31 33 42 46 44 38 31 31 38 32 32 33 38 31 38 41 45 43 46 30 43 44 41 44 42 31 39 41 42 45 39 37 41 41 32 43 B8 FE 
2020/5/5 11:36:35.193 [RX] - 56 69 56 4F 74 65 63 68 32 00 80 00 00 00 B9 DF 00 00 00 00 00 00 00 00 00 00 00 00 00 00 00 00 00 00 00 00 00 00 00 00 00 00 00 00 00 00 00 00 00 00 00 00 00 00 00 00 00 00 00 00 00 00 00 
2020/5/5 11:36:35.703 [TX] - 56 69 56 4F 74 65 63 68 32 00 81 00 00 71 05 41 30 31 31 32 44 30 54 45 30 30 4E 30 31 30 30 4B 53 31 38 36 32 39 39 34 39 30 31 32 43 30 30 30 34 36 30 30 30 30 31 37 39 46 43 30 31 36 44 31 34 46 34 35 42 39 41 33 37 46 37 32 42 44 35 41 35 37 37 41 43 35 33 34 37 36 42 31 35 35 34 32 45 39 42 39 30 46 35 36 32 46 36 37 36 35 30 45 46 35 33 43 34 44 39 45 42 41 36 39 35 39 46 76 88 
2020/5/5 11:36:35.725 [RX] - 56 69 56 4F 74 65 63 68 32 00 81 00 00 00 CF 6B 00 00 00 00 00 00 00 00 00 00 00 00 00 00 00 00 00 00 00 00 00 00 00 00 00 00 00 00 00 00 00 00 00 00 00 00 00 00 00 00 00 00 00 00 00 00 00  
OK!
 

 --- 04-00-----DFEF4B = E4 T1+T1 Sentinel+PAN+Only First Element Found

2020/5/5 11:36:36.238 [TX] - 56 69 56 4F 74 65 63 68 32 00 04 00 00 07 DF EF 4B 03 E4 00 00 FC 38 
2020/5/5 11:36:36.245 [RX] - 56 69 56 4F 74 65 63 68 32 00 04 00 00 00 AE 16 00 00 00 00 00 00 00 00 00 00 00 00 00 00 00 00 00 00 00 00 00 00 00 00 00 00 00 00 00 00 00 00 00 00 00 00 00 00 00 00 00 00 00 00 00 00 00  

 --- 60-10 Contact Start Transaction

2020/5/5 11:36:36.250 [TX] - 56 69 56 4F 74 65 63 68 32 00 60 10 00 23 01 00 78 00 78 9C 01 00 5F 57 01 00 9F 02 06 00 00 00 00 02 00 9F 03 06 00 00 00 00 00 00 5F 2A 02 08 40 F0 8F 
2020/5/5 11:36:36.257 [RX] - 56 69 56 4F 74 65 63 68 32 00 60 63 00 00 FF 0E 00 00 00 00 00 00 00 00 00 00 00 00 00 00 00 00 00 00 00 00 00 00 00 00 00 00 00 00 00 00 00 00 00 00 00 00 00 00 00 00 00 00 00 00 00 00 00 56 69 56 4F 74 65 63 68 32 00 61 01 00 10 03 00 00 02 00 45 4E 03 00 81 11 1C 02 00 00 00 A8 4F 00 00 00 00 00 00 00 00 00 00 00 00 00 00 00 00 00 00 00 00 00 00 00 00 00 00 00 00 00 00 00 56 69 56 4F 74 65 63 68 32 00 61 01 00 10 03 00 00 02 00 45 4E 03 00 81 1A 1C 02 00 00 00 6B ED 00 00 00 00 00 00 00 00 00 00 00 00 00 00 00 00 00 00 00 00 00 00 00 00 00 00 00 00 00 00 00 56 69 56 4F 74 65 63 68 32 00 61 01 00 10 03 00 00 02 00 45 53 03 00 81 1A 1C 02 00 00 00 77 40 00 00 00 00 00 00 00 00 00 00 00 00 00 00 00 00 00 00 00 00 00 00 00 00 00 00 00 00 00 00 00 56 69 56 4F 74 65 63 68 32 00 60 00 01 06 C0 FF EE 12 0A 62 99 49 01 2C 00 04 60 00 01 DF EE 25 02 00 10 57 A1 11 47 61 CC CC CC CC 00 10 D2 01 22 01 CC CC CC CC CC 57 C1 18 1B AC BF 35 0F 89 EF 6A EF 51 5D 5E 28 62 BE 0B 3A 5A 56 58 F4 85 F8 1B 5A A1 08 47 61 CC CC CC CC 00 10 5A C1 10 5B A9 77 CF C1 F2 BC F0 9F CE 73 54 E5 AB F8 72 5F 34 01 01 5F 20 0F 46 55 4C 4C 20 46 55 4E 43 54 49 4F 4E 41 4C 5F 24 03 20 12 31 9F 20 00 5F 25 03 95 07 01 5F 2D 08 65 73 65 6E 66 72 64 65 50 0A 56 49 53 41 43 52 45 44 49 54 4F 07 A0 00 00 00 03 10 10 84 07 A0 00 00 00 03 10 10 DF EE 23 00 9F 39 01 07 9F 1E 08 00 00 00 00 00 00 00 00 FF EE 01 04 DF 30 01 01 DF EF 4C 06 00 22 00 00 00 00 DF EF 4D 28 1F 9E 6D 3E E4 B1 B2 CC B9 99 A5 C4 5E D7 7A 3A CB 4A F1 49 62 01 10 A0 8A 50 3B 2A E4 8E 93 44 0E 48 82 52 8A 9C 5D 3A DF EE 26 01 C0 33 E1 00 00 00 00 00 00 00 00 00 00 00 00 00 00 00 00 00 00 00 00 00 00 00 00 00 00 00 00 00 00 00 00 00 00 00 00 00  

 --- 60-11 Contact Authenticate Transaction

2020/5/5 11:36:37.614 [TX] - 56 69 56 4F 74 65 63 68 32 00 60 11 00 03 00 00 78 F3 46 
2020/5/5 11:36:37.621 [RX] - 56 69 56 4F 74 65 63 68 32 00 60 63 00 00 FF 0E 00 00 00 00 00 00 00 00 00 00 00 00 00 00 00 00 00 00 00 00 00 00 00 00 00 00 00 00 00 00 00 00 00 00 00 00 00 00 00 00 00 00 00 00 00 00 00 56 69 56 4F 74 65 63 68 32 00 61 01 00 10 03 00 00 02 00 45 53 03 00 81 15 1C 02 00 00 00 B2 43 00 00 00 00 00 00 00 00 00 00 00 00 00 00 00 00 00 00 00 00 00 00 00 00 00 00 00 00 00 00 00 56 69 56 4F 74 65 63 68 32 00 60 00 00 82 C0 FF EE 12 0A 62 99 49 01 2C 00 04 60 00 01 DF EE 25 02 00 04 9F 10 07 06 01 1A 03 90 00 00 9F 26 08 3D 0A B9 2D 15 F4 B0 F8 9F 27 01 80 9F 36 02 00 01 9F 37 04 F8 E7 3C DB 9F 02 06 00 00 00 00 02 00 9F 4D 00 9F 4F 00 9F 13 00 95 05 42 80 00 00 00 9B 02 C8 00 9F 03 06 00 00 00 00 00 00 9F 34 03 5F 03 02 9F 39 01 07 9F 1E 08 00 00 00 00 00 00 00 00 FF EE 01 04 DF 30 01 01 DF EE 26 01 C0 F8 7E 00 00 00 00 00 00 00 00 00 00 00 00 00 00 00 00 00 00 00 00 00 00 00 00 00 00 00 00 00 00 00 00 00 00 00 00 00 00 00 00 00 00 00  

 --- 60-12 Contact Apply Host Response

2020/5/5 11:36:37.793 [TX] - 56 69 56 4F 74 65 63 68 32 00 60 12 00 11 01 8A 02 30 30 91 0A 11 22 33 44 55 66 77 88 30 30 F3 1C 
2020/5/5 11:36:37.801 [RX] - 56 69 56 4F 74 65 63 68 32 00 60 63 00 00 FF 0E 00 00 00 00 00 00 00 00 00 00 00 00 00 00 00 00 00 00 00 00 00 00 00 00 00 00 00 00 00 00 00 00 00 00 00 00 00 00 00 00 00 00 00 00 00 00 00 56 69 56 4F 74 65 63 68 32 00 61 01 00 10 03 00 00 02 00 45 53 03 00 81 03 1C 02 00 00 00 25 26 00 00 00 00 00 00 00 00 00 00 00 00 00 00 00 00 00 00 00 00 00 00 00 00 00 00 00 00 00 00 00 56 69 56 4F 74 65 63 68 32 00 60 00 00 87 C0 FF EE 12 0A 62 99 49 01 2C 00 04 60 00 01 DF EE 25 02 00 02 9F 10 07 06 01 1A 03 60 00 00 9F 26 08 88 2D 84 27 A2 68 E2 14 9F 27 01 40 9F 36 02 00 01 9F 37 04 F8 E7 3C DB 9F 02 06 00 00 00 00 02 00 9F 4D 00 9F 4F 00 9F 13 00 95 05 42 80 00 00 00 9B 02 F8 00 9F 03 06 00 00 00 00 00 00 9F 34 03 5F 03 02 99 00 9F 39 01 07 9F 1E 08 00 00 00 00 00 00 00 00 9F 5B 00 FF EE 01 04 DF 30 01 01 DF EE 26 01 C0 3A E4 00 00 00 00 00 00 00 00 00 00 00 00 00 00 00 00 00 00 00 00 00 00 00 00 00 00 00 00 00 00 00 00 00 00 00 00 00 00  

 Erase All Keys...

2020/5/5 11:36:40.760 [TX] - 56 69 56 4F 74 65 63 68 32 00 83 00 00 00 03 22 
2020/5/5 11:36:40.765 [RX] - 56 69 56 4F 74 65 63 68 32 00 83 00 00 00 22 03 00 00 00 00 00 00 00 00 00 00 00 00 00 00 00 00 00 00 00 00 00 00 00 00 00 00 00 00 00 00 00 00 00 00 00 00 00 00 00 00 00 00 00 00 00 00 00  

 Set DUKPT Key Encryption Type...

2020/5/5 11:36:41.271 [TX] - 56 69 56 4F 74 65 63 68 32 00 C7 32 00 01 00 FE 6D 
2020/5/5 11:36:41.277 [RX] - 56 69 56 4F 74 65 63 68 32 00 C7 00 00 00 86 6E 00 00 00 00 00 00 00 00 00 00 00 00 00 00 00 00 00 00 00 00 00 00 00 00 00 00 00 00 00 00 00 00 00 00 00 00 00 00 00 00 00 00 00 00 00 00 00  

 Get DUKPT Key Encryption Type...

2020/5/5 11:36:41.785 [TX] - 56 69 56 4F 74 65 63 68 32 00 C7 33 00 00 9B 1A 
2020/5/5 11:36:41.793 [RX] - 56 69 56 4F 74 65 63 68 32 00 C7 00 00 01 00 AC 7F 00 00 00 00 00 00 00 00 00 00 00 00 00 00 00 00 00 00 00 00 00 00 00 00 00 00 00 00 00 00 00 00 00 00 00 00 00 00 00 00 00 00 00 00 00 00  
OK!
 

 Loading DUKPT key...

2020/5/5 11:36:42.303 [TX] - 56 69 56 4F 74 65 63 68 32 00 80 00 00 65 30 39 36 46 31 35 35 37 37 45 39 41 44 41 30 30 38 38 4B 30 54 44 30 30 4E 30 30 30 30 30 30 38 30 45 30 39 46 43 39 35 35 45 36 33 43 32 45 43 43 30 42 34 39 44 42 46 35 31 37 36 36 42 32 41 39 34 34 33 37 32 37 35 39 30 32 33 30 32 32 30 32 32 33 34 39 38 37 31 32 30 32 33 34 30 30 30 30 30 30 30 30 9C 1B 
2020/5/5 11:36:42.313 [RX] - 56 69 56 4F 74 65 63 68 32 00 80 00 00 00 B9 DF 00 00 00 00 00 00 00 00 00 00 00 00 00 00 00 00 00 00 00 00 00 00 00 00 00 00 00 00 00 00 00 00 00 00 00 00 00 00 00 00 00 00 00 00 00 00 00 
2020/5/5 11:36:42.818 [TX] - 56 69 56 4F 74 65 63 68 32 00 80 00 00 65 31 32 45 43 36 30 30 37 37 45 39 41 44 41 30 30 38 38 4B 30 54 44 30 30 4E 30 30 30 30 30 30 38 30 31 44 31 45 36 30 44 36 45 32 46 38 44 31 44 36 32 34 42 44 34 34 36 42 43 39 33 31 34 33 33 41 30 33 33 36 33 31 30 34 35 36 37 38 32 37 37 30 32 33 41 39 39 37 31 32 36 32 33 34 30 30 30 30 30 30 30 30 30 E6 
2020/5/5 11:36:42.829 [RX] - 56 69 56 4F 74 65 63 68 32 00 80 00 00 00 B9 DF 00 00 00 00 00 00 00 00 00 00 00 00 00 00 00 00 00 00 00 00 00 00 00 00 00 00 00 00 00 00 00 00 00 00 00 00 00 00 00 00 00 00 00 00 00 00 00 
2020/5/5 11:36:43.335 [TX] - 56 69 56 4F 74 65 63 68 32 00 80 01 00 58 41 30 30 38 38 4B 30 54 44 30 30 4E 30 30 30 30 46 41 42 44 39 44 34 32 37 34 31 30 42 36 46 41 35 45 44 33 42 37 36 41 44 37 46 41 45 38 45 33 31 36 30 32 31 33 42 46 44 38 31 31 38 32 32 33 38 31 38 41 45 43 46 30 43 44 41 44 42 31 39 41 42 45 39 37 41 41 32 43 B8 FE 
2020/5/5 11:36:43.345 [RX] - 56 69 56 4F 74 65 63 68 32 00 80 00 00 00 B9 DF 00 00 00 00 00 00 00 00 00 00 00 00 00 00 00 00 00 00 00 00 00 00 00 00 00 00 00 00 00 00 00 00 00 00 00 00 00 00 00 00 00 00 00 00 00 00 00 
2020/5/5 11:36:43.857 [TX] - 56 69 56 4F 74 65 63 68 32 00 81 00 00 71 05 41 30 31 31 32 44 30 54 45 30 30 4E 30 31 30 30 4B 53 31 38 36 32 39 39 34 39 30 31 32 43 30 30 30 34 36 30 30 30 30 31 37 39 46 43 30 31 36 44 31 34 46 34 35 42 39 41 33 37 46 37 32 42 44 35 41 35 37 37 41 43 35 33 34 37 36 42 31 35 35 34 32 45 39 42 39 30 46 35 36 32 46 36 37 36 35 30 45 46 35 33 43 34 44 39 45 42 41 36 39 35 39 46 76 88 
2020/5/5 11:36:43.881 [RX] - 56 69 56 4F 74 65 63 68 32 00 81 00 00 00 CF 6B 00 00 00 00 00 00 00 00 00 00 00 00 00 00 00 00 00 00 00 00 00 00 00 00 00 00 00 00 00 00 00 00 00 00 00 00 00 00 00 00 00 00 00 00 00 00 00  
OK!
 

 --- 04-00-----DFEF4B = D2 T2+T2 Sentinel+PAN+Only First Element Found

2020/5/5 11:36:44.395 [TX] - 56 69 56 4F 74 65 63 68 32 00 04 00 00 07 DF EF 4B 03 D2 00 00 F9 4F 
2020/5/5 11:36:44.401 [RX] - 56 69 56 4F 74 65 63 68 32 00 04 00 00 00 AE 16 00 00 00 00 00 00 00 00 00 00 00 00 00 00 00 00 00 00 00 00 00 00 00 00 00 00 00 00 00 00 00 00 00 00 00 00 00 00 00 00 00 00 00 00 00 00 00  

 --- 60-10 Contact Start Transaction

2020/5/5 11:36:44.406 [TX] - 56 69 56 4F 74 65 63 68 32 00 60 10 00 23 01 00 78 00 78 9C 01 00 5F 57 01 00 9F 02 06 00 00 00 00 02 00 9F 03 06 00 00 00 00 00 00 5F 2A 02 08 40 F0 8F 
2020/5/5 11:36:44.413 [RX] - 56 69 56 4F 74 65 63 68 32 00 60 63 00 00 FF 0E 00 00 00 00 00 00 00 00 00 00 00 00 00 00 00 00 00 00 00 00 00 00 00 00 00 00 00 00 00 00 00 00 00 00 00 00 00 00 00 00 00 00 00 00 00 00 00 56 69 56 4F 74 65 63 68 32 00 61 01 00 10 03 00 00 02 00 45 4E 03 00 81 11 1C 02 00 00 00 A8 4F 00 00 00 00 00 00 00 00 00 00 00 00 00 00 00 00 00 00 00 00 00 00 00 00 00 00 00 00 00 00 00 56 69 56 4F 74 65 63 68 32 00 61 01 00 10 03 00 00 02 00 45 4E 03 00 81 1A 1C 02 00 00 00 6B ED 00 00 00 00 00 00 00 00 00 00 00 00 00 00 00 00 00 00 00 00 00 00 00 00 00 00 00 00 00 00 00 56 69 56 4F 74 65 63 68 32 00 61 01 00 10 03 00 00 02 00 45 53 03 00 81 1A 1C 02 00 00 00 77 40 00 00 00 00 00 00 00 00 00 00 00 00 00 00 00 00 00 00 00 00 00 00 00 00 00 00 00 00 00 00 00 56 69 56 4F 74 65 63 68 32 00 60 00 01 06 C0 FF EE 12 0A 62 99 49 01 2C 00 04 60 00 01 DF EE 25 02 00 10 57 A1 11 47 61 CC CC CC CC 00 10 D2 01 22 01 CC CC CC CC CC 57 C1 18 1B AC BF 35 0F 89 EF 6A EF 51 5D 5E 28 62 BE 0B 3A 5A 56 58 F4 85 F8 1B 5A A1 08 47 61 CC CC CC CC 00 10 5A C1 10 5B A9 77 CF C1 F2 BC F0 9F CE 73 54 E5 AB F8 72 5F 34 01 01 5F 20 0F 46 55 4C 4C 20 46 55 4E 43 54 49 4F 4E 41 4C 5F 24 03 20 12 31 9F 20 00 5F 25 03 95 07 01 5F 2D 08 65 73 65 6E 66 72 64 65 50 0A 56 49 53 41 43 52 45 44 49 54 4F 07 A0 00 00 00 03 10 10 84 07 A0 00 00 00 03 10 10 DF EE 23 00 9F 39 01 07 9F 1E 08 00 00 00 00 00 00 00 00 FF EE 01 04 DF 30 01 01 DF EF 4C 06 00 24 00 00 00 00 DF EF 4D 28 A6 4F AA A0 D9 03 E9 8B 2C A5 91 05 56 48 CD 45 77 7B 46 BA 23 EE 49 D6 40 F3 22 9E C0 9C 33 0A 00 0D 5D 86 88 1C DD E8 DF EE 26 01 C0 7F 20 00 00 00 00 00 00 00 00 00 00 00 00 00 00 00 00 00 00 00 00 00 00 00 00 00 00 00 00 00 00 00 00 00 00 00 00 00  

 --- 60-11 Contact Authenticate Transaction

2020/5/5 11:36:46.225 [TX] - 56 69 56 4F 74 65 63 68 32 00 60 11 00 03 00 00 78 F3 46 
2020/5/5 11:36:46.233 [RX] - 56 69 56 4F 74 65 63 68 32 00 60 63 00 00 FF 0E 00 00 00 00 00 00 00 00 00 00 00 00 00 00 00 00 00 00 00 00 00 00 00 00 00 00 00 00 00 00 00 00 00 00 00 00 00 00 00 00 00 00 00 00 00 00 00 56 69 56 4F 74 65 63 68 32 00 61 01 00 10 03 00 00 02 00 45 53 03 00 81 15 1C 02 00 00 00 B2 43 00 00 00 00 00 00 00 00 00 00 00 00 00 00 00 00 00 00 00 00 00 00 00 00 00 00 00 00 00 00 00 56 69 56 4F 74 65 63 68 32 00 60 00 00 82 C0 FF EE 12 0A 62 99 49 01 2C 00 04 60 00 01 DF EE 25 02 00 04 9F 10 07 06 01 1A 03 90 00 00 9F 26 08 5F 85 6E A3 A6 64 DD 88 9F 27 01 80 9F 36 02 00 01 9F 37 04 C6 83 97 42 9F 02 06 00 00 00 00 02 00 9F 4D 00 9F 4F 00 9F 13 00 95 05 42 80 00 00 00 9B 02 C8 00 9F 03 06 00 00 00 00 00 00 9F 34 03 5F 03 02 9F 39 01 07 9F 1E 08 00 00 00 00 00 00 00 00 FF EE 01 04 DF 30 01 01 DF EE 26 01 C0 5D 74 00 00 00 00 00 00 00 00 00 00 00 00 00 00 00 00 00 00 00 00 00 00 00 00 00 00 00 00 00 00 00 00 00 00 00 00 00 00 00 00 00 00 00  

 --- 60-12 Contact Apply Host Response

2020/5/5 11:36:46.404 [TX] - 56 69 56 4F 74 65 63 68 32 00 60 12 00 11 01 8A 02 30 30 91 0A 11 22 33 44 55 66 77 88 30 30 F3 1C 
2020/5/5 11:36:46.409 [RX] - 56 69 56 4F 74 65 63 68 32 00 60 63 00 00 FF 0E 00 00 00 00 00 00 00 00 00 00 00 00 00 00 00 00 00 00 00 00 00 00 00 00 00 00 00 00 00 00 00 00 00 00 00 00 00 00 00 00 00 00 00 00 00 00 00 56 69 56 4F 74 65 63 68 32 00 61 01 00 10 03 00 00 02 00 45 53 03 00 81 03 1C 02 00 00 00 25 26 00 00 00 00 00 00 00 00 00 00 00 00 00 00 00 00 00 00 00 00 00 00 00 00 00 00 00 00 00 00 00 56 69 56 4F 74 65 63 68 32 00 60 00 00 87 C0 FF EE 12 0A 62 99 49 01 2C 00 04 60 00 01 DF EE 25 02 00 02 9F 10 07 06 01 1A 03 60 00 00 9F 26 08 88 2D 84 27 A2 68 E2 14 9F 27 01 40 9F 36 02 00 01 9F 37 04 C6 83 97 42 9F 02 06 00 00 00 00 02 00 9F 4D 00 9F 4F 00 9F 13 00 95 05 42 80 00 00 00 9B 02 F8 00 9F 03 06 00 00 00 00 00 00 9F 34 03 5F 03 02 99 00 9F 39 01 07 9F 1E 08 00 00 00 00 00 00 00 00 9F 5B 00 FF EE 01 04 DF 30 01 01 DF EE 26 01 C0 8F 6A 00 00 00 00 00 00 00 00 00 00 00 00 00 00 00 00 00 00 00 00 00 00 00 00 00 00 00 00 00 00 00 00 00 00 00 00 00 00  

 Erase All Keys...

2020/5/5 11:36:50.423 [TX] - 56 69 56 4F 74 65 63 68 32 00 83 00 00 00 03 22 
2020/5/5 11:36:50.429 [RX] - 56 69 56 4F 74 65 63 68 32 00 83 00 00 00 22 03 00 00 00 00 00 00 00 00 00 00 00 00 00 00 00 00 00 00 00 00 00 00 00 00 00 00 00 00 00 00 00 00 00 00 00 00 00 00 00 00 00 00 00 00 00 00 00  

 Set DUKPT Key Encryption Type...

2020/5/5 11:36:50.944 [TX] - 56 69 56 4F 74 65 63 68 32 00 C7 32 00 01 00 FE 6D 
2020/5/5 11:36:50.949 [RX] - 56 69 56 4F 74 65 63 68 32 00 C7 00 00 00 86 6E 00 00 00 00 00 00 00 00 00 00 00 00 00 00 00 00 00 00 00 00 00 00 00 00 00 00 00 00 00 00 00 00 00 00 00 00 00 00 00 00 00 00 00 00 00 00 00  

 Get DUKPT Key Encryption Type...

2020/5/5 11:36:51.455 [TX] - 56 69 56 4F 74 65 63 68 32 00 C7 33 00 00 9B 1A 
2020/5/5 11:36:51.461 [RX] - 56 69 56 4F 74 65 63 68 32 00 C7 00 00 01 00 AC 7F 00 00 00 00 00 00 00 00 00 00 00 00 00 00 00 00 00 00 00 00 00 00 00 00 00 00 00 00 00 00 00 00 00 00 00 00 00 00 00 00 00 00 00 00 00 00  
OK!
 

 Loading DUKPT key...

2020/5/5 11:36:51.970 [TX] - 56 69 56 4F 74 65 63 68 32 00 80 00 00 65 30 39 36 46 31 35 35 37 37 45 39 41 44 41 30 30 38 38 4B 30 54 44 30 30 4E 30 30 30 30 30 30 38 30 45 30 39 46 43 39 35 35 45 36 33 43 32 45 43 43 30 42 34 39 44 42 46 35 31 37 36 36 42 32 41 39 34 34 33 37 32 37 35 39 30 32 33 30 32 32 30 32 32 33 34 39 38 37 31 32 30 32 33 34 30 30 30 30 30 30 30 30 9C 1B 
2020/5/5 11:36:51.981 [RX] - 56 69 56 4F 74 65 63 68 32 00 80 00 00 00 B9 DF 00 00 00 00 00 00 00 00 00 00 00 00 00 00 00 00 00 00 00 00 00 00 00 00 00 00 00 00 00 00 00 00 00 00 00 00 00 00 00 00 00 00 00 00 00 00 00 
2020/5/5 11:36:52.485 [TX] - 56 69 56 4F 74 65 63 68 32 00 80 00 00 65 31 32 45 43 36 30 30 37 37 45 39 41 44 41 30 30 38 38 4B 30 54 44 30 30 4E 30 30 30 30 30 30 38 30 31 44 31 45 36 30 44 36 45 32 46 38 44 31 44 36 32 34 42 44 34 34 36 42 43 39 33 31 34 33 33 41 30 33 33 36 33 31 30 34 35 36 37 38 32 37 37 30 32 33 41 39 39 37 31 32 36 32 33 34 30 30 30 30 30 30 30 30 30 E6 
2020/5/5 11:36:52.497 [RX] - 56 69 56 4F 74 65 63 68 32 00 80 00 00 00 B9 DF 00 00 00 00 00 00 00 00 00 00 00 00 00 00 00 00 00 00 00 00 00 00 00 00 00 00 00 00 00 00 00 00 00 00 00 00 00 00 00 00 00 00 00 00 00 00 00 
2020/5/5 11:36:53.002 [TX] - 56 69 56 4F 74 65 63 68 32 00 80 01 00 58 41 30 30 38 38 4B 30 54 44 30 30 4E 30 30 30 30 46 41 42 44 39 44 34 32 37 34 31 30 42 36 46 41 35 45 44 33 42 37 36 41 44 37 46 41 45 38 45 33 31 36 30 32 31 33 42 46 44 38 31 31 38 32 32 33 38 31 38 41 45 43 46 30 43 44 41 44 42 31 39 41 42 45 39 37 41 41 32 43 B8 FE 
2020/5/5 11:36:53.013 [RX] - 56 69 56 4F 74 65 63 68 32 00 80 00 00 00 B9 DF 00 00 00 00 00 00 00 00 00 00 00 00 00 00 00 00 00 00 00 00 00 00 00 00 00 00 00 00 00 00 00 00 00 00 00 00 00 00 00 00 00 00 00 00 00 00 00 
2020/5/5 11:36:53.524 [TX] - 56 69 56 4F 74 65 63 68 32 00 81 00 00 71 05 41 30 31 31 32 44 30 54 45 30 30 4E 30 31 30 30 4B 53 31 38 36 32 39 39 34 39 30 31 32 43 30 30 30 34 36 30 30 30 30 31 37 39 46 43 30 31 36 44 31 34 46 34 35 42 39 41 33 37 46 37 32 42 44 35 41 35 37 37 41 43 35 33 34 37 36 42 31 35 35 34 32 45 39 42 39 30 46 35 36 32 46 36 37 36 35 30 45 46 35 33 43 34 44 39 45 42 41 36 39 35 39 46 76 88 
2020/5/5 11:36:53.553 [RX] - 56 69 56 4F 74 65 63 68 32 00 81 00 00 00 CF 6B 00 00 00 00 00 00 00 00 00 00 00 00 00 00 00 00 00 00 00 00 00 00 00 00 00 00 00 00 00 00 00 00 00 00 00 00 00 00 00 00 00 00 00 00 00 00 00  
OK!
 

 --- 04-00-----DFEF4B = C9 T3+T3 Sentinel+PAN+Only First Element Found

2020/5/5 11:36:54.065 [TX] - 56 69 56 4F 74 65 63 68 32 00 04 00 00 07 DF EF 4B 03 C9 00 00 6B FC 
2020/5/5 11:36:54.073 [RX] - 56 69 56 4F 74 65 63 68 32 00 04 00 00 00 AE 16 00 00 00 00 00 00 00 00 00 00 00 00 00 00 00 00 00 00 00 00 00 00 00 00 00 00 00 00 00 00 00 00 00 00 00 00 00 00 00 00 00 00 00 00 00 00 00  

 --- 60-10 Contact Start Transaction

2020/5/5 11:36:54.078 [TX] - 56 69 56 4F 74 65 63 68 32 00 60 10 00 23 01 00 78 00 78 9C 01 00 5F 57 01 00 9F 02 06 00 00 00 00 02 00 9F 03 06 00 00 00 00 00 00 5F 2A 02 08 40 F0 8F 
2020/5/5 11:36:54.085 [RX] - 56 69 56 4F 74 65 63 68 32 00 60 63 00 00 FF 0E 00 00 00 00 00 00 00 00 00 00 00 00 00 00 00 00 00 00 00 00 00 00 00 00 00 00 00 00 00 00 00 00 00 00 00 00 00 00 00 00 00 00 00 00 00 00 00 56 69 56 4F 74 65 63 68 32 00 61 01 00 10 03 00 00 02 00 45 4E 03 00 81 11 1C 02 00 00 00 A8 4F 00 00 00 00 00 00 00 00 00 00 00 00 00 00 00 00 00 00 00 00 00 00 00 00 00 00 00 00 00 00 00 56 69 56 4F 74 65 63 68 32 00 61 01 00 10 03 00 00 02 00 45 4E 03 00 81 1A 1C 02 00 00 00 6B ED 00 00 00 00 00 00 00 00 00 00 00 00 00 00 00 00 00 00 00 00 00 00 00 00 00 00 00 00 00 00 00 56 69 56 4F 74 65 63 68 32 00 61 01 00 10 03 00 00 02 00 45 53 03 00 81 1A 1C 02 00 00 00 77 40 00 00 00 00 00 00 00 00 00 00 00 00 00 00 00 00 00 00 00 00 00 00 00 00 00 00 00 00 00 00 00 56 69 56 4F 74 65 63 68 32 00 60 00 01 06 C0 FF EE 12 0A 62 99 49 01 2C 00 04 60 00 01 DF EE 25 02 00 10 57 A1 11 47 61 CC CC CC CC 00 10 D2 01 22 01 CC CC CC CC CC 57 C1 18 1B AC BF 35 0F 89 EF 6A EF 51 5D 5E 28 62 BE 0B 3A 5A 56 58 F4 85 F8 1B 5A A1 08 47 61 CC CC CC CC 00 10 5A C1 10 5B A9 77 CF C1 F2 BC F0 9F CE 73 54 E5 AB F8 72 5F 34 01 01 5F 20 0F 46 55 4C 4C 20 46 55 4E 43 54 49 4F 4E 41 4C 5F 24 03 20 12 31 9F 20 00 5F 25 03 95 07 01 5F 2D 08 65 73 65 6E 66 72 64 65 50 0A 56 49 53 41 43 52 45 44 49 54 4F 07 A0 00 00 00 03 10 10 84 07 A0 00 00 00 03 10 10 DF EE 23 00 9F 39 01 07 9F 1E 08 00 00 00 00 00 00 00 00 FF EE 01 04 DF 30 01 01 DF EF 4C 06 00 22 00 00 00 00 DF EF 4D 28 1F 9E 6D 3E E4 B1 B2 CC B9 99 A5 C4 5E D7 7A 3A CB 4A F1 49 62 01 10 A0 8A 50 3B 2A E4 8E 93 44 0E 48 82 52 8A 9C 5D 3A DF EE 26 01 C0 33 E1 00 00 00 00 00 00 00 00 00 00 00 00 00 00 00 00 00 00 00 00 00 00 00 00 00 00 00 00 00 00 00 00 00 00 00 00 00  

 --- 60-11 Contact Authenticate Transaction

2020/5/5 11:36:55.491 [TX] - 56 69 56 4F 74 65 63 68 32 00 60 11 00 03 00 00 78 F3 46 
2020/5/5 11:36:55.497 [RX] - 56 69 56 4F 74 65 63 68 32 00 60 63 00 00 FF 0E 00 00 00 00 00 00 00 00 00 00 00 00 00 00 00 00 00 00 00 00 00 00 00 00 00 00 00 00 00 00 00 00 00 00 00 00 00 00 00 00 00 00 00 00 00 00 00 56 69 56 4F 74 65 63 68 32 00 61 01 00 10 03 00 00 02 00 45 53 03 00 81 15 1C 02 00 00 00 B2 43 00 00 00 00 00 00 00 00 00 00 00 00 00 00 00 00 00 00 00 00 00 00 00 00 00 00 00 00 00 00 00 56 69 56 4F 74 65 63 68 32 00 60 00 00 82 C0 FF EE 12 0A 62 99 49 01 2C 00 04 60 00 01 DF EE 25 02 00 04 9F 10 07 06 01 1A 03 90 00 00 9F 26 08 BC AD 53 A9 E6 A5 20 1E 9F 27 01 80 9F 36 02 00 01 9F 37 04 BE 25 BB FC 9F 02 06 00 00 00 00 02 00 9F 4D 00 9F 4F 00 9F 13 00 95 05 42 80 00 00 00 9B 02 C8 00 9F 03 06 00 00 00 00 00 00 9F 34 03 5F 03 02 9F 39 01 07 9F 1E 08 00 00 00 00 00 00 00 00 FF EE 01 04 DF 30 01 01 DF EE 26 01 C0 83 B8 00 00 00 00 00 00 00 00 00 00 00 00 00 00 00 00 00 00 00 00 00 00 00 00 00 00 00 00 00 00 00 00 00 00 00 00 00 00 00 00 00 00 00  

 --- 60-12 Contact Apply Host Response

2020/5/5 11:36:55.655 [TX] - 56 69 56 4F 74 65 63 68 32 00 60 12 00 11 01 8A 02 30 30 91 0A 11 22 33 44 55 66 77 88 30 30 F3 1C 
2020/5/5 11:36:55.661 [RX] - 56 69 56 4F 74 65 63 68 32 00 60 63 00 00 FF 0E 00 00 00 00 00 00 00 00 00 00 00 00 00 00 00 00 00 00 00 00 00 00 00 00 00 00 00 00 00 00 00 00 00 00 00 00 00 00 00 00 00 00 00 00 00 00 00 56 69 56 4F 74 65 63 68 32 00 61 01 00 10 03 00 00 02 00 45 53 03 00 81 03 1C 02 00 00 00 25 26 00 00 00 00 00 00 00 00 00 00 00 00 00 00 00 00 00 00 00 00 00 00 00 00 00 00 00 00 00 00 00 56 69 56 4F 74 65 63 68 32 00 60 00 00 87 C0 FF EE 12 0A 62 99 49 01 2C 00 04 60 00 01 DF EE 25 02 00 02 9F 10 07 06 01 1A 03 60 00 00 9F 26 08 88 2D 84 27 A2 68 E2 14 9F 27 01 40 9F 36 02 00 01 9F 37 04 BE 25 BB FC 9F 02 06 00 00 00 00 02 00 9F 4D 00 9F 4F 00 9F 13 00 95 05 42 80 00 00 00 9B 02 F8 00 9F 03 06 00 00 00 00 00 00 9F 34 03 5F 03 02 99 00 9F 39 01 07 9F 1E 08 00 00 00 00 00 00 00 00 9F 5B 00 FF EE 01 04 DF 30 01 01 DF EE 26 01 C0 98 10 00 00 00 00 00 00 00 00 00 00 00 00 00 00 00 00 00 00 00 00 00 00 00 00 00 00 00 00 00 00 00 00 00 00 00 00 00 00  

 Erase All Keys...

2020/5/5 11:36:58.632 [TX] - 56 69 56 4F 74 65 63 68 32 00 83 00 00 00 03 22 
2020/5/5 11:36:58.637 [RX] - 56 69 56 4F 74 65 63 68 32 00 83 00 00 00 22 03 00 00 00 00 00 00 00 00 00 00 00 00 00 00 00 00 00 00 00 00 00 00 00 00 00 00 00 00 00 00 00 00 00 00 00 00 00 00 00 00 00 00 00 00 00 00 00  

 Set DUKPT Key Encryption Type...

2020/5/5 11:36:59.145 [TX] - 56 69 56 4F 74 65 63 68 32 00 C7 32 00 01 00 FE 6D 
2020/5/5 11:36:59.153 [RX] - 56 69 56 4F 74 65 63 68 32 00 C7 00 00 00 86 6E 00 00 00 00 00 00 00 00 00 00 00 00 00 00 00 00 00 00 00 00 00 00 00 00 00 00 00 00 00 00 00 00 00 00 00 00 00 00 00 00 00 00 00 00 00 00 00  

 Get DUKPT Key Encryption Type...

2020/5/5 11:36:59.659 [TX] - 56 69 56 4F 74 65 63 68 32 00 C7 33 00 00 9B 1A 
2020/5/5 11:36:59.665 [RX] - 56 69 56 4F 74 65 63 68 32 00 C7 00 00 01 00 AC 7F 00 00 00 00 00 00 00 00 00 00 00 00 00 00 00 00 00 00 00 00 00 00 00 00 00 00 00 00 00 00 00 00 00 00 00 00 00 00 00 00 00 00 00 00 00 00  
OK!
 

 Loading DUKPT key...

2020/5/5 11:37:00.175 [TX] - 56 69 56 4F 74 65 63 68 32 00 80 00 00 65 30 39 36 46 31 35 35 37 37 45 39 41 44 41 30 30 38 38 4B 30 54 44 30 30 4E 30 30 30 30 30 30 38 30 45 30 39 46 43 39 35 35 45 36 33 43 32 45 43 43 30 42 34 39 44 42 46 35 31 37 36 36 42 32 41 39 34 34 33 37 32 37 35 39 30 32 33 30 32 32 30 32 32 33 34 39 38 37 31 32 30 32 33 34 30 30 30 30 30 30 30 30 9C 1B 
2020/5/5 11:37:00.185 [RX] - 56 69 56 4F 74 65 63 68 32 00 80 00 00 00 B9 DF 00 00 00 00 00 00 00 00 00 00 00 00 00 00 00 00 00 00 00 00 00 00 00 00 00 00 00 00 00 00 00 00 00 00 00 00 00 00 00 00 00 00 00 00 00 00 00 
2020/5/5 11:37:00.689 [TX] - 56 69 56 4F 74 65 63 68 32 00 80 00 00 65 31 32 45 43 36 30 30 37 37 45 39 41 44 41 30 30 38 38 4B 30 54 44 30 30 4E 30 30 30 30 30 30 38 30 31 44 31 45 36 30 44 36 45 32 46 38 44 31 44 36 32 34 42 44 34 34 36 42 43 39 33 31 34 33 33 41 30 33 33 36 33 31 30 34 35 36 37 38 32 37 37 30 32 33 41 39 39 37 31 32 36 32 33 34 30 30 30 30 30 30 30 30 30 E6 
2020/5/5 11:37:00.701 [RX] - 56 69 56 4F 74 65 63 68 32 00 80 00 00 00 B9 DF 00 00 00 00 00 00 00 00 00 00 00 00 00 00 00 00 00 00 00 00 00 00 00 00 00 00 00 00 00 00 00 00 00 00 00 00 00 00 00 00 00 00 00 00 00 00 00 
2020/5/5 11:37:01.206 [TX] - 56 69 56 4F 74 65 63 68 32 00 80 01 00 58 41 30 30 38 38 4B 30 54 44 30 30 4E 30 30 30 30 46 41 42 44 39 44 34 32 37 34 31 30 42 36 46 41 35 45 44 33 42 37 36 41 44 37 46 41 45 38 45 33 31 36 30 32 31 33 42 46 44 38 31 31 38 32 32 33 38 31 38 41 45 43 46 30 43 44 41 44 42 31 39 41 42 45 39 37 41 41 32 43 B8 FE 
2020/5/5 11:37:01.217 [RX] - 56 69 56 4F 74 65 63 68 32 00 80 00 00 00 B9 DF 00 00 00 00 00 00 00 00 00 00 00 00 00 00 00 00 00 00 00 00 00 00 00 00 00 00 00 00 00 00 00 00 00 00 00 00 00 00 00 00 00 00 00 00 00 00 00 
2020/5/5 11:37:01.724 [TX] - 56 69 56 4F 74 65 63 68 32 00 81 00 00 71 05 41 30 31 31 32 44 30 54 45 30 30 4E 30 31 30 30 4B 53 31 38 36 32 39 39 34 39 30 31 32 43 30 30 30 34 36 30 30 30 30 31 37 39 46 43 30 31 36 44 31 34 46 34 35 42 39 41 33 37 46 37 32 42 44 35 41 35 37 37 41 43 35 33 34 37 36 42 31 35 35 34 32 45 39 42 39 30 46 35 36 32 46 36 37 36 35 30 45 46 35 33 43 34 44 39 45 42 41 36 39 35 39 46 76 88 
2020/5/5 11:37:01.753 [RX] - 56 69 56 4F 74 65 63 68 32 00 81 00 00 00 CF 6B 00 00 00 00 00 00 00 00 00 00 00 00 00 00 00 00 00 00 00 00 00 00 00 00 00 00 00 00 00 00 00 00 00 00 00 00 00 00 00 00 00 00 00 00 00 00 00  
OK!
 

 --- 04-00-----DFEF4B = F6 T1+T2+T1 Sentinel+T2 Sentinel+PAN+Only First Element Found

2020/5/5 11:37:02.266 [TX] - 56 69 56 4F 74 65 63 68 32 00 04 00 00 07 DF EF 4B 03 F6 00 00 FF 15 
2020/5/5 11:37:02.273 [RX] - 56 69 56 4F 74 65 63 68 32 00 04 00 00 00 AE 16 00 00 00 00 00 00 00 00 00 00 00 00 00 00 00 00 00 00 00 00 00 00 00 00 00 00 00 00 00 00 00 00 00 00 00 00 00 00 00 00 00 00 00 00 00 00 00  

 --- 60-10 Contact Start Transaction

2020/5/5 11:37:02.278 [TX] - 56 69 56 4F 74 65 63 68 32 00 60 10 00 23 01 00 78 00 78 9C 01 00 5F 57 01 00 9F 02 06 00 00 00 00 02 00 9F 03 06 00 00 00 00 00 00 5F 2A 02 08 40 F0 8F 
2020/5/5 11:37:02.285 [RX] - 56 69 56 4F 74 65 63 68 32 00 60 63 00 00 FF 0E 00 00 00 00 00 00 00 00 00 00 00 00 00 00 00 00 00 00 00 00 00 00 00 00 00 00 00 00 00 00 00 00 00 00 00 00 00 00 00 00 00 00 00 00 00 00 00 56 69 56 4F 74 65 63 68 32 00 61 01 00 10 03 00 00 02 00 45 4E 03 00 81 11 1C 02 00 00 00 A8 4F 00 00 00 00 00 00 00 00 00 00 00 00 00 00 00 00 00 00 00 00 00 00 00 00 00 00 00 00 00 00 00 56 69 56 4F 74 65 63 68 32 00 61 01 00 10 03 00 00 02 00 45 4E 03 00 81 1A 1C 02 00 00 00 6B ED 00 00 00 00 00 00 00 00 00 00 00 00 00 00 00 00 00 00 00 00 00 00 00 00 00 00 00 00 00 00 00 56 69 56 4F 74 65 63 68 32 00 61 01 00 10 03 00 00 02 00 45 53 03 00 81 1A 1C 02 00 00 00 77 40 00 00 00 00 00 00 00 00 00 00 00 00 00 00 00 00 00 00 00 00 00 00 00 00 00 00 00 00 00 00 00 56 69 56 4F 74 65 63 68 32 00 60 00 01 06 C0 FF EE 12 0A 62 99 49 01 2C 00 04 60 00 01 DF EE 25 02 00 10 57 A1 11 47 61 CC CC CC CC 00 10 D2 01 22 01 CC CC CC CC CC 57 C1 18 1B AC BF 35 0F 89 EF 6A EF 51 5D 5E 28 62 BE 0B 3A 5A 56 58 F4 85 F8 1B 5A A1 08 47 61 CC CC CC CC 00 10 5A C1 10 5B A9 77 CF C1 F2 BC F0 9F CE 73 54 E5 AB F8 72 5F 34 01 01 5F 20 0F 46 55 4C 4C 20 46 55 4E 43 54 49 4F 4E 41 4C 5F 24 03 20 12 31 9F 20 00 5F 25 03 95 07 01 5F 2D 08 65 73 65 6E 66 72 64 65 50 0A 56 49 53 41 43 52 45 44 49 54 4F 07 A0 00 00 00 03 10 10 84 07 A0 00 00 00 03 10 10 DF EE 23 00 9F 39 01 07 9F 1E 08 00 00 00 00 00 00 00 00 FF EE 01 04 DF 30 01 01 DF EF 4C 06 00 24 00 00 00 00 DF EF 4D 28 A6 4F AA A0 D9 03 E9 8B 2C A5 91 05 56 48 CD 45 77 7B 46 BA 23 EE 49 D6 40 F3 22 9E C0 9C 33 0A 00 0D 5D 86 88 1C DD E8 DF EE 26 01 C0 7F 20 00 00 00 00 00 00 00 00 00 00 00 00 00 00 00 00 00 00 00 00 00 00 00 00 00 00 00 00 00 00 00 00 00 00 00 00 00  

 --- 60-11 Contact Authenticate Transaction

2020/5/5 11:37:04.496 [TX] - 56 69 56 4F 74 65 63 68 32 00 60 11 00 03 00 00 78 F3 46 
2020/5/5 11:37:04.505 [RX] - 56 69 56 4F 74 65 63 68 32 00 60 63 00 00 FF 0E 00 00 00 00 00 00 00 00 00 00 00 00 00 00 00 00 00 00 00 00 00 00 00 00 00 00 00 00 00 00 00 00 00 00 00 00 00 00 00 00 00 00 00 00 00 00 00 56 69 56 4F 74 65 63 68 32 00 61 01 00 10 03 00 00 02 00 45 53 03 00 81 15 1C 02 00 00 00 B2 43 00 00 00 00 00 00 00 00 00 00 00 00 00 00 00 00 00 00 00 00 00 00 00 00 00 00 00 00 00 00 00 56 69 56 4F 74 65 63 68 32 00 60 00 00 82 C0 FF EE 12 0A 62 99 49 01 2C 00 04 60 00 01 DF EE 25 02 00 04 9F 10 07 06 01 1A 03 90 00 00 9F 26 08 EA 41 7A 5F FC AA 83 8C 9F 27 01 80 9F 36 02 00 01 9F 37 04 FB C3 E0 80 9F 02 06 00 00 00 00 02 00 9F 4D 00 9F 4F 00 9F 13 00 95 05 42 80 00 00 00 9B 02 C8 00 9F 03 06 00 00 00 00 00 00 9F 34 03 5F 03 02 9F 39 01 07 9F 1E 08 00 00 00 00 00 00 00 00 FF EE 01 04 DF 30 01 01 DF EE 26 01 C0 2C 81 00 00 00 00 00 00 00 00 00 00 00 00 00 00 00 00 00 00 00 00 00 00 00 00 00 00 00 00 00 00 00 00 00 00 00 00 00 00 00 00 00 00 00  

 --- 60-12 Contact Apply Host Response

2020/5/5 11:37:04.666 [TX] - 56 69 56 4F 74 65 63 68 32 00 60 12 00 11 01 8A 02 30 30 91 0A 11 22 33 44 55 66 77 88 30 30 F3 1C 
2020/5/5 11:37:04.673 [RX] - 56 69 56 4F 74 65 63 68 32 00 60 63 00 00 FF 0E 00 00 00 00 00 00 00 00 00 00 00 00 00 00 00 00 00 00 00 00 00 00 00 00 00 00 00 00 00 00 00 00 00 00 00 00 00 00 00 00 00 00 00 00 00 00 00 56 69 56 4F 74 65 63 68 32 00 61 01 00 10 03 00 00 02 00 45 53 03 00 81 03 1C 02 00 00 00 25 26 00 00 00 00 00 00 00 00 00 00 00 00 00 00 00 00 00 00 00 00 00 00 00 00 00 00 00 00 00 00 00 56 69 56 4F 74 65 63 68 32 00 60 00 00 87 C0 FF EE 12 0A 62 99 49 01 2C 00 04 60 00 01 DF EE 25 02 00 02 9F 10 07 06 01 1A 03 60 00 00 9F 26 08 88 2D 84 27 A2 68 E2 14 9F 27 01 40 9F 36 02 00 01 9F 37 04 FB C3 E0 80 9F 02 06 00 00 00 00 02 00 9F 4D 00 9F 4F 00 9F 13 00 95 05 42 80 00 00 00 9B 02 F8 00 9F 03 06 00 00 00 00 00 00 9F 34 03 5F 03 02 99 00 9F 39 01 07 9F 1E 08 00 00 00 00 00 00 00 00 9F 5B 00 FF EE 01 04 DF 30 01 01 DF EE 26 01 C0 69 06 00 00 00 00 00 00 00 00 00 00 00 00 00 00 00 00 00 00 00 00 00 00 00 00 00 00 00 00 00 00 00 00 00 00 00 00 00 00  

 Erase All Keys...

2020/5/5 11:37:07.111 [TX] - 56 69 56 4F 74 65 63 68 32 00 83 00 00 00 03 22 
2020/5/5 11:37:07.117 [RX] - 56 69 56 4F 74 65 63 68 32 00 83 00 00 00 22 03 00 00 00 00 00 00 00 00 00 00 00 00 00 00 00 00 00 00 00 00 00 00 00 00 00 00 00 00 00 00 00 00 00 00 00 00 00 00 00 00 00 00 00 00 00 00 00  

 Set DUKPT Key Encryption Type...

2020/5/5 11:37:07.621 [TX] - 56 69 56 4F 74 65 63 68 32 00 C7 32 00 01 00 FE 6D 
2020/5/5 11:37:07.629 [RX] - 56 69 56 4F 74 65 63 68 32 00 C7 00 00 00 86 6E 00 00 00 00 00 00 00 00 00 00 00 00 00 00 00 00 00 00 00 00 00 00 00 00 00 00 00 00 00 00 00 00 00 00 00 00 00 00 00 00 00 00 00 00 00 00 00  

 Get DUKPT Key Encryption Type...

2020/5/5 11:37:08.135 [TX] - 56 69 56 4F 74 65 63 68 32 00 C7 33 00 00 9B 1A 
2020/5/5 11:37:08.140 [RX] - 56 69 56 4F 74 65 63 68 32 00 C7 00 00 01 00 AC 7F 00 00 00 00 00 00 00 00 00 00 00 00 00 00 00 00 00 00 00 00 00 00 00 00 00 00 00 00 00 00 00 00 00 00 00 00 00 00 00 00 00 00 00 00 00 00  
OK!
 

 Loading DUKPT key...

2020/5/5 11:37:08.650 [TX] - 56 69 56 4F 74 65 63 68 32 00 80 00 00 65 30 39 36 46 31 35 35 37 37 45 39 41 44 41 30 30 38 38 4B 30 54 44 30 30 4E 30 30 30 30 30 30 38 30 45 30 39 46 43 39 35 35 45 36 33 43 32 45 43 43 30 42 34 39 44 42 46 35 31 37 36 36 42 32 41 39 34 34 33 37 32 37 35 39 30 32 33 30 32 32 30 32 32 33 34 39 38 37 31 32 30 32 33 34 30 30 30 30 30 30 30 30 9C 1B 
2020/5/5 11:37:08.660 [RX] - 56 69 56 4F 74 65 63 68 32 00 80 00 00 00 B9 DF 00 00 00 00 00 00 00 00 00 00 00 00 00 00 00 00 00 00 00 00 00 00 00 00 00 00 00 00 00 00 00 00 00 00 00 00 00 00 00 00 00 00 00 00 00 00 00 
2020/5/5 11:37:09.165 [TX] - 56 69 56 4F 74 65 63 68 32 00 80 00 00 65 31 32 45 43 36 30 30 37 37 45 39 41 44 41 30 30 38 38 4B 30 54 44 30 30 4E 30 30 30 30 30 30 38 30 31 44 31 45 36 30 44 36 45 32 46 38 44 31 44 36 32 34 42 44 34 34 36 42 43 39 33 31 34 33 33 41 30 33 33 36 33 31 30 34 35 36 37 38 32 37 37 30 32 33 41 39 39 37 31 32 36 32 33 34 30 30 30 30 30 30 30 30 30 E6 
2020/5/5 11:37:09.176 [RX] - 56 69 56 4F 74 65 63 68 32 00 80 00 00 00 B9 DF 00 00 00 00 00 00 00 00 00 00 00 00 00 00 00 00 00 00 00 00 00 00 00 00 00 00 00 00 00 00 00 00 00 00 00 00 00 00 00 00 00 00 00 00 00 00 00 
2020/5/5 11:37:09.681 [TX] - 56 69 56 4F 74 65 63 68 32 00 80 01 00 58 41 30 30 38 38 4B 30 54 44 30 30 4E 30 30 30 30 46 41 42 44 39 44 34 32 37 34 31 30 42 36 46 41 35 45 44 33 42 37 36 41 44 37 46 41 45 38 45 33 31 36 30 32 31 33 42 46 44 38 31 31 38 32 32 33 38 31 38 41 45 43 46 30 43 44 41 44 42 31 39 41 42 45 39 37 41 41 32 43 B8 FE 
2020/5/5 11:37:09.692 [RX] - 56 69 56 4F 74 65 63 68 32 00 80 00 00 00 B9 DF 00 00 00 00 00 00 00 00 00 00 00 00 00 00 00 00 00 00 00 00 00 00 00 00 00 00 00 00 00 00 00 00 00 00 00 00 00 00 00 00 00 00 00 00 00 00 00 
2020/5/5 11:37:10.202 [TX] - 56 69 56 4F 74 65 63 68 32 00 81 00 00 71 05 41 30 31 31 32 44 30 54 45 30 30 4E 30 31 30 30 4B 53 31 38 36 32 39 39 34 39 30 31 32 43 30 30 30 34 36 30 30 30 30 31 37 39 46 43 30 31 36 44 31 34 46 34 35 42 39 41 33 37 46 37 32 42 44 35 41 35 37 37 41 43 35 33 34 37 36 42 31 35 35 34 32 45 39 42 39 30 46 35 36 32 46 36 37 36 35 30 45 46 35 33 43 34 44 39 45 42 41 36 39 35 39 46 76 88 
2020/5/5 11:37:10.224 [RX] - 56 69 56 4F 74 65 63 68 32 00 81 00 00 00 CF 6B 00 00 00 00 00 00 00 00 00 00 00 00 00 00 00 00 00 00 00 00 00 00 00 00 00 00 00 00 00 00 00 00 00 00 00 00 00 00 00 00 00 00 00 00 00 00 00  
OK!
 

 --- 04-00-----DFEF4B = ED T1+T3+T1 Sentinel+T3 Sentinel+PAN+Only First Element Found

2020/5/5 11:37:10.738 [TX] - 56 69 56 4F 74 65 63 68 32 00 04 00 00 07 DF EF 4B 03 ED 00 00 6D A6 
2020/5/5 11:37:10.744 [RX] - 56 69 56 4F 74 65 63 68 32 00 04 00 00 00 AE 16 00 00 00 00 00 00 00 00 00 00 00 00 00 00 00 00 00 00 00 00 00 00 00 00 00 00 00 00 00 00 00 00 00 00 00 00 00 00 00 00 00 00 00 00 00 00 00  

 --- 60-10 Contact Start Transaction

2020/5/5 11:37:10.750 [TX] - 56 69 56 4F 74 65 63 68 32 00 60 10 00 23 01 00 78 00 78 9C 01 00 5F 57 01 00 9F 02 06 00 00 00 00 02 00 9F 03 06 00 00 00 00 00 00 5F 2A 02 08 40 F0 8F 
2020/5/5 11:37:10.756 [RX] - 56 69 56 4F 74 65 63 68 32 00 60 63 00 00 FF 0E 00 00 00 00 00 00 00 00 00 00 00 00 00 00 00 00 00 00 00 00 00 00 00 00 00 00 00 00 00 00 00 00 00 00 00 00 00 00 00 00 00 00 00 00 00 00 00 56 69 56 4F 74 65 63 68 32 00 61 01 00 10 03 00 00 02 00 45 4E 03 00 81 11 1C 02 00 00 00 A8 4F 00 00 00 00 00 00 00 00 00 00 00 00 00 00 00 00 00 00 00 00 00 00 00 00 00 00 00 00 00 00 00 56 69 56 4F 74 65 63 68 32 00 61 01 00 10 03 00 00 02 00 45 4E 03 00 81 1A 1C 02 00 00 00 6B ED 00 00 00 00 00 00 00 00 00 00 00 00 00 00 00 00 00 00 00 00 00 00 00 00 00 00 00 00 00 00 00 56 69 56 4F 74 65 63 68 32 00 61 01 00 10 03 00 00 02 00 45 53 03 00 81 1A 1C 02 00 00 00 77 40 00 00 00 00 00 00 00 00 00 00 00 00 00 00 00 00 00 00 00 00 00 00 00 00 00 00 00 00 00 00 00 56 69 56 4F 74 65 63 68 32 00 60 00 01 06 C0 FF EE 12 0A 62 99 49 01 2C 00 04 60 00 01 DF EE 25 02 00 10 57 A1 11 47 61 CC CC CC CC 00 10 D2 01 22 01 CC CC CC CC CC 57 C1 18 1B AC BF 35 0F 89 EF 6A EF 51 5D 5E 28 62 BE 0B 3A 5A 56 58 F4 85 F8 1B 5A A1 08 47 61 CC CC CC CC 00 10 5A C1 10 5B A9 77 CF C1 F2 BC F0 9F CE 73 54 E5 AB F8 72 5F 34 01 01 5F 20 0F 46 55 4C 4C 20 46 55 4E 43 54 49 4F 4E 41 4C 5F 24 03 20 12 31 9F 20 00 5F 25 03 95 07 01 5F 2D 08 65 73 65 6E 66 72 64 65 50 0A 56 49 53 41 43 52 45 44 49 54 4F 07 A0 00 00 00 03 10 10 84 07 A0 00 00 00 03 10 10 DF EE 23 00 9F 39 01 07 9F 1E 08 00 00 00 00 00 00 00 00 FF EE 01 04 DF 30 01 01 DF EF 4C 06 00 22 00 00 00 00 DF EF 4D 28 1F 9E 6D 3E E4 B1 B2 CC B9 99 A5 C4 5E D7 7A 3A CB 4A F1 49 62 01 10 A0 8A 50 3B 2A E4 8E 93 44 0E 48 82 52 8A 9C 5D 3A DF EE 26 01 C0 33 E1 00 00 00 00 00 00 00 00 00 00 00 00 00 00 00 00 00 00 00 00 00 00 00 00 00 00 00 00 00 00 00 00 00 00 00 00 00  

 --- 60-11 Contact Authenticate Transaction

2020/5/5 11:37:14.672 [TX] - 56 69 56 4F 74 65 63 68 32 00 60 11 00 03 00 00 78 F3 46 
2020/5/5 11:37:14.680 [RX] - 56 69 56 4F 74 65 63 68 32 00 60 63 00 00 FF 0E 00 00 00 00 00 00 00 00 00 00 00 00 00 00 00 00 00 00 00 00 00 00 00 00 00 00 00 00 00 00 00 00 00 00 00 00 00 00 00 00 00 00 00 00 00 00 00 56 69 56 4F 74 65 63 68 32 00 61 01 00 10 03 00 00 02 00 45 53 03 00 81 15 1C 02 00 00 00 B2 43 00 00 00 00 00 00 00 00 00 00 00 00 00 00 00 00 00 00 00 00 00 00 00 00 00 00 00 00 00 00 00 56 69 56 4F 74 65 63 68 32 00 60 00 00 82 C0 FF EE 12 0A 62 99 49 01 2C 00 04 60 00 01 DF EE 25 02 00 04 9F 10 07 06 01 1A 03 90 00 00 9F 26 08 5C 32 6C 5A 41 49 A8 93 9F 27 01 80 9F 36 02 00 01 9F 37 04 7F 7D CA 4C 9F 02 06 00 00 00 00 02 00 9F 4D 00 9F 4F 00 9F 13 00 95 05 42 80 00 00 00 9B 02 C8 00 9F 03 06 00 00 00 00 00 00 9F 34 03 5F 03 02 9F 39 01 07 9F 1E 08 00 00 00 00 00 00 00 00 FF EE 01 04 DF 30 01 01 DF EE 26 01 C0 0E 42 00 00 00 00 00 00 00 00 00 00 00 00 00 00 00 00 00 00 00 00 00 00 00 00 00 00 00 00 00 00 00 00 00 00 00 00 00 00 00 00 00 00 00  

 --- 60-12 Contact Apply Host Response

2020/5/5 11:37:14.856 [TX] - 56 69 56 4F 74 65 63 68 32 00 60 12 00 11 01 8A 02 30 30 91 0A 11 22 33 44 55 66 77 88 30 30 F3 1C 
2020/5/5 11:37:14.864 [RX] - 56 69 56 4F 74 65 63 68 32 00 60 63 00 00 FF 0E 00 00 00 00 00 00 00 00 00 00 00 00 00 00 00 00 00 00 00 00 00 00 00 00 00 00 00 00 00 00 00 00 00 00 00 00 00 00 00 00 00 00 00 00 00 00 00 56 69 56 4F 74 65 63 68 32 00 61 01 00 10 03 00 00 02 00 45 53 03 00 81 03 1C 02 00 00 00 25 26 00 00 00 00 00 00 00 00 00 00 00 00 00 00 00 00 00 00 00 00 00 00 00 00 00 00 00 00 00 00 00 56 69 56 4F 74 65 63 68 32 00 60 00 00 87 C0 FF EE 12 0A 62 99 49 01 2C 00 04 60 00 01 DF EE 25 02 00 02 9F 10 07 06 01 1A 03 60 00 00 9F 26 08 88 2D 84 27 A2 68 E2 14 9F 27 01 40 9F 36 02 00 01 9F 37 04 7F 7D CA 4C 9F 02 06 00 00 00 00 02 00 9F 4D 00 9F 4F 00 9F 13 00 95 05 42 80 00 00 00 9B 02 F8 00 9F 03 06 00 00 00 00 00 00 9F 34 03 5F 03 02 99 00 9F 39 01 07 9F 1E 08 00 00 00 00 00 00 00 00 9F 5B 00 FF EE 01 04 DF 30 01 01 DF EE 26 01 C0 BD 2A 00 00 00 00 00 00 00 00 00 00 00 00 00 00 00 00 00 00 00 00 00 00 00 00 00 00 00 00 00 00 00 00 00 00 00 00 00 00  

 Erase All Keys...

2020/5/5 11:37:19.127 [TX] - 56 69 56 4F 74 65 63 68 32 00 83 00 00 00 03 22 
2020/5/5 11:37:19.132 [RX] - 56 69 56 4F 74 65 63 68 32 00 83 00 00 00 22 03 00 00 00 00 00 00 00 00 00 00 00 00 00 00 00 00 00 00 00 00 00 00 00 00 00 00 00 00 00 00 00 00 00 00 00 00 00 00 00 00 00 00 00 00 00 00 00  

 Set DUKPT Key Encryption Type...

2020/5/5 11:37:19.639 [TX] - 56 69 56 4F 74 65 63 68 32 00 C7 32 00 01 00 FE 6D 
2020/5/5 11:37:19.644 [RX] - 56 69 56 4F 74 65 63 68 32 00 C7 00 00 00 86 6E 00 00 00 00 00 00 00 00 00 00 00 00 00 00 00 00 00 00 00 00 00 00 00 00 00 00 00 00 00 00 00 00 00 00 00 00 00 00 00 00 00 00 00 00 00 00 00  

 Get DUKPT Key Encryption Type...

2020/5/5 11:37:20.151 [TX] - 56 69 56 4F 74 65 63 68 32 00 C7 33 00 00 9B 1A 
2020/5/5 11:37:20.156 [RX] - 56 69 56 4F 74 65 63 68 32 00 C7 00 00 01 00 AC 7F 00 00 00 00 00 00 00 00 00 00 00 00 00 00 00 00 00 00 00 00 00 00 00 00 00 00 00 00 00 00 00 00 00 00 00 00 00 00 00 00 00 00 00 00 00 00  
OK!
 

 Loading DUKPT key...

2020/5/5 11:37:20.667 [TX] - 56 69 56 4F 74 65 63 68 32 00 80 00 00 65 30 39 36 46 31 35 35 37 37 45 39 41 44 41 30 30 38 38 4B 30 54 44 30 30 4E 30 30 30 30 30 30 38 30 45 30 39 46 43 39 35 35 45 36 33 43 32 45 43 43 30 42 34 39 44 42 46 35 31 37 36 36 42 32 41 39 34 34 33 37 32 37 35 39 30 32 33 30 32 32 30 32 32 33 34 39 38 37 31 32 30 32 33 34 30 30 30 30 30 30 30 30 9C 1B 
2020/5/5 11:37:20.676 [RX] - 56 69 56 4F 74 65 63 68 32 00 80 00 00 00 B9 DF 00 00 00 00 00 00 00 00 00 00 00 00 00 00 00 00 00 00 00 00 00 00 00 00 00 00 00 00 00 00 00 00 00 00 00 00 00 00 00 00 00 00 00 00 00 00 00 
2020/5/5 11:37:21.181 [TX] - 56 69 56 4F 74 65 63 68 32 00 80 00 00 65 31 32 45 43 36 30 30 37 37 45 39 41 44 41 30 30 38 38 4B 30 54 44 30 30 4E 30 30 30 30 30 30 38 30 31 44 31 45 36 30 44 36 45 32 46 38 44 31 44 36 32 34 42 44 34 34 36 42 43 39 33 31 34 33 33 41 30 33 33 36 33 31 30 34 35 36 37 38 32 37 37 30 32 33 41 39 39 37 31 32 36 32 33 34 30 30 30 30 30 30 30 30 30 E6 
2020/5/5 11:37:21.192 [RX] - 56 69 56 4F 74 65 63 68 32 00 80 00 00 00 B9 DF 00 00 00 00 00 00 00 00 00 00 00 00 00 00 00 00 00 00 00 00 00 00 00 00 00 00 00 00 00 00 00 00 00 00 00 00 00 00 00 00 00 00 00 00 00 00 00 
2020/5/5 11:37:21.698 [TX] - 56 69 56 4F 74 65 63 68 32 00 80 01 00 58 41 30 30 38 38 4B 30 54 44 30 30 4E 30 30 30 30 46 41 42 44 39 44 34 32 37 34 31 30 42 36 46 41 35 45 44 33 42 37 36 41 44 37 46 41 45 38 45 33 31 36 30 32 31 33 42 46 44 38 31 31 38 32 32 33 38 31 38 41 45 43 46 30 43 44 41 44 42 31 39 41 42 45 39 37 41 41 32 43 B8 FE 
2020/5/5 11:37:21.708 [RX] - 56 69 56 4F 74 65 63 68 32 00 80 00 00 00 B9 DF 00 00 00 00 00 00 00 00 00 00 00 00 00 00 00 00 00 00 00 00 00 00 00 00 00 00 00 00 00 00 00 00 00 00 00 00 00 00 00 00 00 00 00 00 00 00 00 
2020/5/5 11:37:22.215 [TX] - 56 69 56 4F 74 65 63 68 32 00 81 00 00 71 05 41 30 31 31 32 44 30 54 45 30 30 4E 30 31 30 30 4B 53 31 38 36 32 39 39 34 39 30 31 32 43 30 30 30 34 36 30 30 30 30 31 37 39 46 43 30 31 36 44 31 34 46 34 35 42 39 41 33 37 46 37 32 42 44 35 41 35 37 37 41 43 35 33 34 37 36 42 31 35 35 34 32 45 39 42 39 30 46 35 36 32 46 36 37 36 35 30 45 46 35 33 43 34 44 39 45 42 41 36 39 35 39 46 76 88 
2020/5/5 11:37:22.236 [RX] - 56 69 56 4F 74 65 63 68 32 00 81 00 00 00 CF 6B 00 00 00 00 00 00 00 00 00 00 00 00 00 00 00 00 00 00 00 00 00 00 00 00 00 00 00 00 00 00 00 00 00 00 00 00 00 00 00 00 00 00 00 00 00 00 00  
OK!
 

 --- 04-00-----DFEF4B = DB T2+T3+T2 Sentinel+T3 Sentinel+PAN+Only First Element Found

2020/5/5 11:37:22.749 [TX] - 56 69 56 4F 74 65 63 68 32 00 04 00 00 07 DF EF 4B 03 DB 00 00 68 D1 
2020/5/5 11:37:22.756 [RX] - 56 69 56 4F 74 65 63 68 32 00 04 00 00 00 AE 16 00 00 00 00 00 00 00 00 00 00 00 00 00 00 00 00 00 00 00 00 00 00 00 00 00 00 00 00 00 00 00 00 00 00 00 00 00 00 00 00 00 00 00 00 00 00 00  

 --- 60-10 Contact Start Transaction

2020/5/5 11:37:22.761 [TX] - 56 69 56 4F 74 65 63 68 32 00 60 10 00 23 01 00 78 00 78 9C 01 00 5F 57 01 00 9F 02 06 00 00 00 00 02 00 9F 03 06 00 00 00 00 00 00 5F 2A 02 08 40 F0 8F 
2020/5/5 11:37:22.768 [RX] - 56 69 56 4F 74 65 63 68 32 00 60 63 00 00 FF 0E 00 00 00 00 00 00 00 00 00 00 00 00 00 00 00 00 00 00 00 00 00 00 00 00 00 00 00 00 00 00 00 00 00 00 00 00 00 00 00 00 00 00 00 00 00 00 00 56 69 56 4F 74 65 63 68 32 00 61 01 00 10 03 00 00 02 00 45 4E 03 00 81 11 1C 02 00 00 00 A8 4F 00 00 00 00 00 00 00 00 00 00 00 00 00 00 00 00 00 00 00 00 00 00 00 00 00 00 00 00 00 00 00 56 69 56 4F 74 65 63 68 32 00 61 01 00 10 03 00 00 02 00 45 4E 03 00 81 1A 1C 02 00 00 00 6B ED 00 00 00 00 00 00 00 00 00 00 00 00 00 00 00 00 00 00 00 00 00 00 00 00 00 00 00 00 00 00 00 56 69 56 4F 74 65 63 68 32 00 61 01 00 10 03 00 00 02 00 45 53 03 00 81 1A 1C 02 00 00 00 77 40 00 00 00 00 00 00 00 00 00 00 00 00 00 00 00 00 00 00 00 00 00 00 00 00 00 00 00 00 00 00 00 56 69 56 4F 74 65 63 68 32 00 60 00 01 06 C0 FF EE 12 0A 62 99 49 01 2C 00 04 60 00 01 DF EE 25 02 00 10 57 A1 11 47 61 CC CC CC CC 00 10 D2 01 22 01 CC CC CC CC CC 57 C1 18 1B AC BF 35 0F 89 EF 6A EF 51 5D 5E 28 62 BE 0B 3A 5A 56 58 F4 85 F8 1B 5A A1 08 47 61 CC CC CC CC 00 10 5A C1 10 5B A9 77 CF C1 F2 BC F0 9F CE 73 54 E5 AB F8 72 5F 34 01 01 5F 20 0F 46 55 4C 4C 20 46 55 4E 43 54 49 4F 4E 41 4C 5F 24 03 20 12 31 9F 20 00 5F 25 03 95 07 01 5F 2D 08 65 73 65 6E 66 72 64 65 50 0A 56 49 53 41 43 52 45 44 49 54 4F 07 A0 00 00 00 03 10 10 84 07 A0 00 00 00 03 10 10 DF EE 23 00 9F 39 01 07 9F 1E 08 00 00 00 00 00 00 00 00 FF EE 01 04 DF 30 01 01 DF EF 4C 06 00 24 00 00 00 00 DF EF 4D 28 A6 4F AA A0 D9 03 E9 8B 2C A5 91 05 56 48 CD 45 77 7B 46 BA 23 EE 49 D6 40 F3 22 9E C0 9C 33 0A 00 0D 5D 86 88 1C DD E8 DF EE 26 01 C0 7F 20 00 00 00 00 00 00 00 00 00 00 00 00 00 00 00 00 00 00 00 00 00 00 00 00 00 00 00 00 00 00 00 00 00 00 00 00 00  

 --- 60-11 Contact Authenticate Transaction

2020/5/5 11:37:24.544 [TX] - 56 69 56 4F 74 65 63 68 32 00 60 11 00 03 00 00 78 F3 46 
2020/5/5 11:37:24.552 [RX] - 56 69 56 4F 74 65 63 68 32 00 60 63 00 00 FF 0E 00 00 00 00 00 00 00 00 00 00 00 00 00 00 00 00 00 00 00 00 00 00 00 00 00 00 00 00 00 00 00 00 00 00 00 00 00 00 00 00 00 00 00 00 00 00 00 56 69 56 4F 74 65 63 68 32 00 61 01 00 10 03 00 00 02 00 45 53 03 00 81 15 1C 02 00 00 00 B2 43 00 00 00 00 00 00 00 00 00 00 00 00 00 00 00 00 00 00 00 00 00 00 00 00 00 00 00 00 00 00 00 56 69 56 4F 74 65 63 68 32 00 60 00 00 82 C0 FF EE 12 0A 62 99 49 01 2C 00 04 60 00 01 DF EE 25 02 00 04 9F 10 07 06 01 1A 03 90 00 00 9F 26 08 C8 39 17 23 ED 7B 62 4F 9F 27 01 80 9F 36 02 00 01 9F 37 04 56 3B F2 E9 9F 02 06 00 00 00 00 02 00 9F 4D 00 9F 4F 00 9F 13 00 95 05 42 80 00 00 00 9B 02 C8 00 9F 03 06 00 00 00 00 00 00 9F 34 03 5F 03 02 9F 39 01 07 9F 1E 08 00 00 00 00 00 00 00 00 FF EE 01 04 DF 30 01 01 DF EE 26 01 C0 74 A7 00 00 00 00 00 00 00 00 00 00 00 00 00 00 00 00 00 00 00 00 00 00 00 00 00 00 00 00 00 00 00 00 00 00 00 00 00 00 00 00 00 00 00  

 --- 60-12 Contact Apply Host Response

2020/5/5 11:37:24.723 [TX] - 56 69 56 4F 74 65 63 68 32 00 60 12 00 11 01 8A 02 30 30 91 0A 11 22 33 44 55 66 77 88 30 30 F3 1C 
2020/5/5 11:37:24.728 [RX] - 56 69 56 4F 74 65 63 68 32 00 60 63 00 00 FF 0E 00 00 00 00 00 00 00 00 00 00 00 00 00 00 00 00 00 00 00 00 00 00 00 00 00 00 00 00 00 00 00 00 00 00 00 00 00 00 00 00 00 00 00 00 00 00 00 56 69 56 4F 74 65 63 68 32 00 61 01 00 10 03 00 00 02 00 45 53 03 00 81 03 1C 02 00 00 00 25 26 00 00 00 00 00 00 00 00 00 00 00 00 00 00 00 00 00 00 00 00 00 00 00 00 00 00 00 00 00 00 00 56 69 56 4F 74 65 63 68 32 00 60 00 00 87 C0 FF EE 12 0A 62 99 49 01 2C 00 04 60 00 01 DF EE 25 02 00 02 9F 10 07 06 01 1A 03 60 00 00 9F 26 08 88 2D 84 27 A2 68 E2 14 9F 27 01 40 9F 36 02 00 01 9F 37 04 56 3B F2 E9 9F 02 06 00 00 00 00 02 00 9F 4D 00 9F 4F 00 9F 13 00 95 05 42 80 00 00 00 9B 02 F8 00 9F 03 06 00 00 00 00 00 00 9F 34 03 5F 03 02 99 00 9F 39 01 07 9F 1E 08 00 00 00 00 00 00 00 00 9F 5B 00 FF EE 01 04 DF 30 01 01 DF EE 26 01 C0 E1 78 00 00 00 00 00 00 00 00 00 00 00 00 00 00 00 00 00 00 00 00 00 00 00 00 00 00 00 00 00 00 00 00 00 00 00 00 00 00  

 Erase All Keys...

2020/5/5 11:37:28.582 [TX] - 56 69 56 4F 74 65 63 68 32 00 83 00 00 00 03 22 
2020/5/5 11:37:28.588 [RX] - 56 69 56 4F 74 65 63 68 32 00 83 00 00 00 22 03 00 00 00 00 00 00 00 00 00 00 00 00 00 00 00 00 00 00 00 00 00 00 00 00 00 00 00 00 00 00 00 00 00 00 00 00 00 00 00 00 00 00 00 00 00 00 00  

 Set DUKPT Key Encryption Type...

2020/5/5 11:37:29.094 [TX] - 56 69 56 4F 74 65 63 68 32 00 C7 32 00 01 00 FE 6D 
2020/5/5 11:37:29.100 [RX] - 56 69 56 4F 74 65 63 68 32 00 C7 00 00 00 86 6E 00 00 00 00 00 00 00 00 00 00 00 00 00 00 00 00 00 00 00 00 00 00 00 00 00 00 00 00 00 00 00 00 00 00 00 00 00 00 00 00 00 00 00 00 00 00 00  

 Get DUKPT Key Encryption Type...

2020/5/5 11:37:29.607 [TX] - 56 69 56 4F 74 65 63 68 32 00 C7 33 00 00 9B 1A 
2020/5/5 11:37:29.612 [RX] - 56 69 56 4F 74 65 63 68 32 00 C7 00 00 01 00 AC 7F 00 00 00 00 00 00 00 00 00 00 00 00 00 00 00 00 00 00 00 00 00 00 00 00 00 00 00 00 00 00 00 00 00 00 00 00 00 00 00 00 00 00 00 00 00 00  
OK!
 

 Loading DUKPT key...

2020/5/5 11:37:30.121 [TX] - 56 69 56 4F 74 65 63 68 32 00 80 00 00 65 30 39 36 46 31 35 35 37 37 45 39 41 44 41 30 30 38 38 4B 30 54 44 30 30 4E 30 30 30 30 30 30 38 30 45 30 39 46 43 39 35 35 45 36 33 43 32 45 43 43 30 42 34 39 44 42 46 35 31 37 36 36 42 32 41 39 34 34 33 37 32 37 35 39 30 32 33 30 32 32 30 32 32 33 34 39 38 37 31 32 30 32 33 34 30 30 30 30 30 30 30 30 9C 1B 
2020/5/5 11:37:30.132 [RX] - 56 69 56 4F 74 65 63 68 32 00 80 00 00 00 B9 DF 00 00 00 00 00 00 00 00 00 00 00 00 00 00 00 00 00 00 00 00 00 00 00 00 00 00 00 00 00 00 00 00 00 00 00 00 00 00 00 00 00 00 00 00 00 00 00 
2020/5/5 11:37:30.637 [TX] - 56 69 56 4F 74 65 63 68 32 00 80 00 00 65 31 32 45 43 36 30 30 37 37 45 39 41 44 41 30 30 38 38 4B 30 54 44 30 30 4E 30 30 30 30 30 30 38 30 31 44 31 45 36 30 44 36 45 32 46 38 44 31 44 36 32 34 42 44 34 34 36 42 43 39 33 31 34 33 33 41 30 33 33 36 33 31 30 34 35 36 37 38 32 37 37 30 32 33 41 39 39 37 31 32 36 32 33 34 30 30 30 30 30 30 30 30 30 E6 
2020/5/5 11:37:30.648 [RX] - 56 69 56 4F 74 65 63 68 32 00 80 00 00 00 B9 DF 00 00 00 00 00 00 00 00 00 00 00 00 00 00 00 00 00 00 00 00 00 00 00 00 00 00 00 00 00 00 00 00 00 00 00 00 00 00 00 00 00 00 00 00 00 00 00 
2020/5/5 11:37:31.153 [TX] - 56 69 56 4F 74 65 63 68 32 00 80 01 00 58 41 30 30 38 38 4B 30 54 44 30 30 4E 30 30 30 30 46 41 42 44 39 44 34 32 37 34 31 30 42 36 46 41 35 45 44 33 42 37 36 41 44 37 46 41 45 38 45 33 31 36 30 32 31 33 42 46 44 38 31 31 38 32 32 33 38 31 38 41 45 43 46 30 43 44 41 44 42 31 39 41 42 45 39 37 41 41 32 43 B8 FE 
2020/5/5 11:37:31.164 [RX] - 56 69 56 4F 74 65 63 68 32 00 80 00 00 00 B9 DF 00 00 00 00 00 00 00 00 00 00 00 00 00 00 00 00 00 00 00 00 00 00 00 00 00 00 00 00 00 00 00 00 00 00 00 00 00 00 00 00 00 00 00 00 00 00 00 
2020/5/5 11:37:31.676 [TX] - 56 69 56 4F 74 65 63 68 32 00 81 00 00 71 05 41 30 31 31 32 44 30 54 45 30 30 4E 30 31 30 30 4B 53 31 38 36 32 39 39 34 39 30 31 32 43 30 30 30 34 36 30 30 30 30 31 37 39 46 43 30 31 36 44 31 34 46 34 35 42 39 41 33 37 46 37 32 42 44 35 41 35 37 37 41 43 35 33 34 37 36 42 31 35 35 34 32 45 39 42 39 30 46 35 36 32 46 36 37 36 35 30 45 46 35 33 43 34 44 39 45 42 41 36 39 35 39 46 76 88 
2020/5/5 11:37:31.704 [RX] - 56 69 56 4F 74 65 63 68 32 00 81 00 00 00 CF 6B 00 00 00 00 00 00 00 00 00 00 00 00 00 00 00 00 00 00 00 00 00 00 00 00 00 00 00 00 00 00 00 00 00 00 00 00 00 00 00 00 00 00 00 00 00 00 00  
OK!
 

 --- 04-00-----DFEF4B = FF T1+T2+T3+T1 Sentinel+T2 Sentinel+T3 Sentinel+PAN+Only First Element Found

2020/5/5 11:37:32.217 [TX] - 56 69 56 4F 74 65 63 68 32 00 04 00 00 07 DF EF 4B 03 FF 00 00 6E 8B 
2020/5/5 11:37:32.224 [RX] - 56 69 56 4F 74 65 63 68 32 00 04 00 00 00 AE 16 00 00 00 00 00 00 00 00 00 00 00 00 00 00 00 00 00 00 00 00 00 00 00 00 00 00 00 00 00 00 00 00 00 00 00 00 00 00 00 00 00 00 00 00 00 00 00  

 --- 60-10 Contact Start Transaction

2020/5/5 11:37:32.230 [TX] - 56 69 56 4F 74 65 63 68 32 00 60 10 00 23 01 00 78 00 78 9C 01 00 5F 57 01 00 9F 02 06 00 00 00 00 02 00 9F 03 06 00 00 00 00 00 00 5F 2A 02 08 40 F0 8F 
2020/5/5 11:37:32.236 [RX] - 56 69 56 4F 74 65 63 68 32 00 60 63 00 00 FF 0E 00 00 00 00 00 00 00 00 00 00 00 00 00 00 00 00 00 00 00 00 00 00 00 00 00 00 00 00 00 00 00 00 00 00 00 00 00 00 00 00 00 00 00 00 00 00 00 56 69 56 4F 74 65 63 68 32 00 61 01 00 10 03 00 00 02 00 45 4E 03 00 81 11 1C 02 00 00 00 A8 4F 00 00 00 00 00 00 00 00 00 00 00 00 00 00 00 00 00 00 00 00 00 00 00 00 00 00 00 00 00 00 00 56 69 56 4F 74 65 63 68 32 00 61 01 00 10 03 00 00 02 00 45 4E 03 00 81 1A 1C 02 00 00 00 6B ED 00 00 00 00 00 00 00 00 00 00 00 00 00 00 00 00 00 00 00 00 00 00 00 00 00 00 00 00 00 00 00 56 69 56 4F 74 65 63 68 32 00 61 01 00 10 03 00 00 02 00 45 53 03 00 81 1A 1C 02 00 00 00 77 40 00 00 00 00 00 00 00 00 00 00 00 00 00 00 00 00 00 00 00 00 00 00 00 00 00 00 00 00 00 00 00 56 69 56 4F 74 65 63 68 32 00 60 00 01 06 C0 FF EE 12 0A 62 99 49 01 2C 00 04 60 00 01 DF EE 25 02 00 10 57 A1 11 47 61 CC CC CC CC 00 10 D2 01 22 01 CC CC CC CC CC 57 C1 18 1B AC BF 35 0F 89 EF 6A EF 51 5D 5E 28 62 BE 0B 3A 5A 56 58 F4 85 F8 1B 5A A1 08 47 61 CC CC CC CC 00 10 5A C1 10 5B A9 77 CF C1 F2 BC F0 9F CE 73 54 E5 AB F8 72 5F 34 01 01 5F 20 0F 46 55 4C 4C 20 46 55 4E 43 54 49 4F 4E 41 4C 5F 24 03 20 12 31 9F 20 00 5F 25 03 95 07 01 5F 2D 08 65 73 65 6E 66 72 64 65 50 0A 56 49 53 41 43 52 45 44 49 54 4F 07 A0 00 00 00 03 10 10 84 07 A0 00 00 00 03 10 10 DF EE 23 00 9F 39 01 07 9F 1E 08 00 00 00 00 00 00 00 00 FF EE 01 04 DF 30 01 01 DF EF 4C 06 00 24 00 00 00 00 DF EF 4D 28 A6 4F AA A0 D9 03 E9 8B 2C A5 91 05 56 48 CD 45 77 7B 46 BA 23 EE 49 D6 40 F3 22 9E C0 9C 33 0A 00 0D 5D 86 88 1C DD E8 DF EE 26 01 C0 7F 20 00 00 00 00 00 00 00 00 00 00 00 00 00 00 00 00 00 00 00 00 00 00 00 00 00 00 00 00 00 00 00 00 00 00 00 00 00  

 --- 60-11 Contact Authenticate Transaction

2020/5/5 11:37:34.768 [TX] - 56 69 56 4F 74 65 63 68 32 00 60 11 00 03 00 00 78 F3 46 
2020/5/5 11:37:34.776 [RX] - 56 69 56 4F 74 65 63 68 32 00 60 63 00 00 FF 0E 00 00 00 00 00 00 00 00 00 00 00 00 00 00 00 00 00 00 00 00 00 00 00 00 00 00 00 00 00 00 00 00 00 00 00 00 00 00 00 00 00 00 00 00 00 00 00 56 69 56 4F 74 65 63 68 32 00 61 01 00 10 03 00 00 02 00 45 53 03 00 81 15 1C 02 00 00 00 B2 43 00 00 00 00 00 00 00 00 00 00 00 00 00 00 00 00 00 00 00 00 00 00 00 00 00 00 00 00 00 00 00 56 69 56 4F 74 65 63 68 32 00 60 00 00 82 C0 FF EE 12 0A 62 99 49 01 2C 00 04 60 00 01 DF EE 25 02 00 04 9F 10 07 06 01 1A 03 90 00 00 9F 26 08 A3 F7 2D FD EE 8C 37 4C 9F 27 01 80 9F 36 02 00 01 9F 37 04 2D D3 8D 71 9F 02 06 00 00 00 00 02 00 9F 4D 00 9F 4F 00 9F 13 00 95 05 42 80 00 00 00 9B 02 C8 00 9F 03 06 00 00 00 00 00 00 9F 34 03 5F 03 02 9F 39 01 07 9F 1E 08 00 00 00 00 00 00 00 00 FF EE 01 04 DF 30 01 01 DF EE 26 01 C0 72 D1 00 00 00 00 00 00 00 00 00 00 00 00 00 00 00 00 00 00 00 00 00 00 00 00 00 00 00 00 00 00 00 00 00 00 00 00 00 00 00 00 00 00 00  

 --- 60-12 Contact Apply Host Response

2020/5/5 11:37:34.943 [TX] - 56 69 56 4F 74 65 63 68 32 00 60 12 00 11 01 8A 02 30 30 91 0A 11 22 33 44 55 66 77 88 30 30 F3 1C 
2020/5/5 11:37:34.948 [RX] - 56 69 56 4F 74 65 63 68 32 00 60 63 00 00 FF 0E 00 00 00 00 00 00 00 00 00 00 00 00 00 00 00 00 00 00 00 00 00 00 00 00 00 00 00 00 00 00 00 00 00 00 00 00 00 00 00 00 00 00 00 00 00 00 00 56 69 56 4F 74 65 63 68 32 00 61 01 00 10 03 00 00 02 00 45 53 03 00 81 03 1C 02 00 00 00 25 26 00 00 00 00 00 00 00 00 00 00 00 00 00 00 00 00 00 00 00 00 00 00 00 00 00 00 00 00 00 00 00 56 69 56 4F 74 65 63 68 32 00 60 00 00 87 C0 FF EE 12 0A 62 99 49 01 2C 00 04 60 00 01 DF EE 25 02 00 02 9F 10 07 06 01 1A 03 60 00 00 9F 26 08 88 2D 84 27 A2 68 E2 14 9F 27 01 40 9F 36 02 00 01 9F 37 04 2D D3 8D 71 9F 02 06 00 00 00 00 02 00 9F 4D 00 9F 4F 00 9F 13 00 95 05 42 80 00 00 00 9B 02 F8 00 9F 03 06 00 00 00 00 00 00 9F 34 03 5F 03 02 99 00 9F 39 01 07 9F 1E 08 00 00 00 00 00 00 00 00 9F 5B 00 FF EE 01 04 DF 30 01 01 DF EE 26 01 C0 FB 45 00 00 00 00 00 00 00 00 00 00 00 00 00 00 00 00 00 00 00 00 00 00 00 00 00 00 00 00 00 00 00 00 00 00 00 00 00 00  
---------- END OF TEST ----------

 Result = PASSED
 

 MASTER RESULT = PASSED


Docklight Log File (HEX) - Stopped 2020/5/5 11:37:38.661 

