Docklight Log File (HEX) - Started 2017/1/17 13:57:33.441 
 TEST CASE: EGN24

 --- Set POS COM PORT Settings
 Set POS COM PORT...
 POS operating on COM90 @ 9600 baud...
 Set POS COM PORT - COMPLETE

 

 --- Erase All Key (83-00)

2017/1/17 13:57:34.692 [TX] - 56 69 56 4F 74 65 63 68 32 00 83 00 00 00 03 22 
2017/1/17 13:57:34.696 [RX] - 56 69 56 4F 74 65 63 68 32 00 83 00 00 00 22 03 00 00 00 00 00 00 00 00 00 00 00 00 00 00 00 00 00 00 00 00 00 00 00 00 00 00 00 00 00 00 00 00 00 00 00 00 00 00 00 00 00 00 00 00 00 00 00  

 --- Load KPK

2017/1/17 13:57:35.016 [TX] - 56 69 56 4F 74 65 63 68 32 00 80 00 00 65 30 45 43 36 30 46 33 35 31 34 37 45 43 41 30 30 38 38 4B 30 54 44 30 30 4E 30 30 30 30 30 30 38 30 39 43 30 37 41 39 39 31 44 43 38 30 33 34 45 43 31 32 45 31 36 39 43 30 44 35 34 35 35 44 45 41 32 39 34 35 31 34 32 34 37 38 30 38 30 35 36 38 32 33 34 39 38 37 31 32 30 32 33 34 30 30 30 30 30 30 30 30 12 43 
2017/1/17 13:57:35.024 [RX] - 56 69 56 4F 74 65 63 68 32 00 80 00 00 00 B9 DF 00 00 00 00 00 00 00 00 00 00 00 00 00 00 00 00 00 00 00 00 00 00 00 00 00 00 00 00 00 00 00 00 00 00 00 00 00 00 00 00 00 00 00 00 00 00 00 
2017/1/17 13:57:35.333 [TX] - 56 69 56 4F 74 65 63 68 32 00 80 00 00 65 31 34 43 45 32 35 35 35 31 34 37 45 43 41 30 30 38 38 4B 30 54 44 30 30 4E 30 30 30 30 30 30 38 30 46 35 30 36 46 36 41 33 44 34 30 38 39 39 45 30 35 35 42 42 35 42 39 45 33 41 44 44 36 30 30 42 38 38 35 33 32 37 37 39 32 32 34 36 30 39 32 36 32 33 41 39 39 37 31 32 36 32 33 34 30 30 30 30 30 30 30 30 35 7F 
2017/1/17 13:57:35.344 [RX] - 56 69 56 4F 74 65 63 68 32 00 80 00 00 00 B9 DF 00 00 00 00 00 00 00 00 00 00 00 00 00 00 00 00 00 00 00 00 00 00 00 00 00 00 00 00 00 00 00 00 00 00 00 00 00 00 00 00 00 00 00 00 00 00 00 
2017/1/17 13:57:35.653 [TX] - 56 69 56 4F 74 65 63 68 32 00 80 01 00 58 41 30 30 38 38 4B 30 54 44 30 30 4E 30 30 30 30 43 44 32 46 43 43 36 44 37 39 32 44 33 42 32 34 46 30 38 33 37 42 30 33 32 44 30 38 36 38 46 45 43 39 46 44 44 43 39 43 32 36 33 31 31 35 46 30 44 43 43 34 42 44 42 35 37 43 36 30 33 43 34 32 46 34 41 35 30 34 34 39 97 D5 
2017/1/17 13:57:35.667 [RX] - 56 69 56 4F 74 65 63 68 32 00 80 00 00 00 B9 DF 00 00 00 00 00 00 00 00 00 00 00 00 00 00 00 00 00 00 00 00 00 00 00 00 00 00 00 00 00 00 00 00 00 00 00 00 00 00 00 00 00 00 00 00 00 00 00  

 --- Load DUKPT key

2017/1/17 13:57:35.988 [TX] - 56 69 56 4F 74 65 63 68 32 00 81 00 00 71 05 41 30 31 31 32 44 30 54 45 30 30 4E 30 31 30 30 4B 53 31 38 36 32 39 39 34 39 30 31 32 43 30 30 30 34 36 30 30 30 30 31 39 34 34 38 36 43 33 31 36 38 43 41 31 46 42 34 41 38 30 39 45 36 33 39 46 46 39 43 33 42 37 32 36 45 32 34 37 43 35 39 30 42 32 32 38 43 35 44 32 32 36 35 30 46 36 36 39 37 45 38 34 37 41 32 46 38 41 32 37 33 39 33 47 AE 
2017/1/17 13:57:36.011 [RX] - 56 69 56 4F 74 65 63 68 32 00 81 00 00 00 CF 6B 00 00 00 00 00 00 00 00 00 00 00 00 00 00 00 00 00 00 00 00 00 00 00 00 00 00 00 00 00 00 00 00 00 00 00 00 00 00 00 00 00 00 00 00 00 00 00  

 --- Get DUKPT KSN: slot 02

2017/1/17 13:57:36.330 [TX] - 56 69 56 4F 74 65 63 68 32 00 81 0A 00 01 02 7B 38 
2017/1/17 13:57:36.335 [RX] - 56 69 56 4F 74 65 63 68 32 00 81 90 00 00 B7 52 00 00 00 00 00 00 00 00 00 00 00 00 00 00 00 00 00 00 00 00 00 00 00 00 00 00 00 00 00 00 00 00 00 00 00 00 00 00 00 00 00 00 00 00 00 00 00  

 --- Get DUKPT KSN: slot 05

2017/1/17 13:57:36.348 [TX] - 56 69 56 4F 74 65 63 68 32 00 81 0A 00 01 05 9C 48 
2017/1/17 13:57:36.355 [RX] - 56 69 56 4F 74 65 63 68 32 00 81 00 00 14 36 32 39 39 34 39 30 31 32 43 30 30 30 34 36 30 30 30 30 31 1D E7 00 00 00 00 00 00 00 00 00 00 00 00 00 00 00 00 00 00 00 00 00 00 00 00 00 00 00  

 --- Get DUKPT KSN: slot 06

2017/1/17 13:57:36.368 [TX] - 56 69 56 4F 74 65 63 68 32 00 81 0A 00 01 06 FF 78 
2017/1/17 13:57:36.373 [RX] - 56 69 56 4F 74 65 63 68 32 00 81 06 00 00 7D CB 00 00 00 00 00 00 00 00 00 00 00 00 00 00 00 00 00 00 00 00 00 00 00 00 00 00 00 00 00 00 00 00 00 00 00 00 00 00 00 00 00 00 00 00 00 00 00  

 --- Enable Data Encryption  (C7-36)

2017/1/17 13:57:36.388 [TX] - 56 69 56 4F 74 65 63 68 32 00 C7 36 00 01 03 97 6C 
2017/1/17 13:57:36.393 [RX] - 56 69 56 4F 74 65 63 68 32 00 C7 00 00 00 86 6E 00 00 00 00 00 00 00 00 00 00 00 00 00 00 00 00 00 00 00 00 00 00 00 00 00 00 00 00 00 00 00 00 00 00 00 00 00 00 00 00 00 00 00 00 00 00 00  

 --- Get DUKPT KSN: slot 02

2017/1/17 13:57:36.407 [TX] - 56 69 56 4F 74 65 63 68 32 00 81 0A 00 01 02 7B 38 
2017/1/17 13:57:36.413 [RX] - 56 69 56 4F 74 65 63 68 32 00 81 90 00 00 B7 52 00 00 00 00 00 00 00 00 00 00 00 00 00 00 00 00 00 00 00 00 00 00 00 00 00 00 00 00 00 00 00 00 00 00 00 00 00 00 00 00 00 00 00 00 00 00 00  

 --- Get DUKPT KSN: slot 05

2017/1/17 13:57:36.427 [TX] - 56 69 56 4F 74 65 63 68 32 00 81 0A 00 01 05 9C 48 
2017/1/17 13:57:36.435 [RX] - 56 69 56 4F 74 65 63 68 32 00 81 00 00 14 36 32 39 39 34 39 30 31 32 43 30 30 30 34 36 30 30 30 30 31 1D E7 00 00 00 00 00 00 00 00 00 00 00 00 00 00 00 00 00 00 00 00 00 00 00 00 00 00 00  

 --- Get DUKPT KSN: slot 06

2017/1/17 13:57:36.446 [TX] - 56 69 56 4F 74 65 63 68 32 00 81 0A 00 01 06 FF 78 
2017/1/17 13:57:36.453 [RX] - 56 69 56 4F 74 65 63 68 32 00 81 06 00 00 7D CB 00 00 00 00 00 00 00 00 00 00 00 00 00 00 00 00 00 00 00 00 00 00 00 00 00 00 00 00 00 00 00 00 00 00 00 00 00 00 00 00 00 00 00 00 00 00 00  

 --- (04-F0)

2017/1/17 13:57:36.466 [TX] - 56 69 56 4F 74 65 63 68 32 00 04 F0 00 00 44 4D 
2017/1/17 13:57:37.575 [RX] - 56 69 56 4F 74 65 63 68 32 00 04 00 00 00 AE 16 00 00 00 00 00 00 00 00 00 00 00 00 00 00 00 00 00 00 00 00 00 00 00 00 00 00 00 00 00 00 00 00 00 00 00 00 00 00 00 00 00 00 00 00 00 00 00  

 --- Get DUKPT KSN: slot 02

2017/1/17 13:57:52.594 [TX] - 56 69 56 4F 74 65 63 68 32 00 81 0A 00 01 02 7B 38 
2017/1/17 13:57:52.731 [RX] - 56 69 56 4F 74 65 63 68 32 00 81 90 00 00 B7 52 00 00 00 00 00 00 00 00 00 00 00 00 00 00 00 00 00 00 00 00 00 00 00 00 00 00 00 00 00 00 00 00 00 00 00 00 00 00 00 00 00 00 00 00 00 00 00  

 --- Get DUKPT KSN: slot 05

2017/1/17 13:57:52.747 [TX] - 56 69 56 4F 74 65 63 68 32 00 81 0A 00 01 05 9C 48 
2017/1/17 13:57:52.751 [RX] - 56 69 56 4F 74 65 63 68 32 00 81 90 00 00 B7 52 00 00 00 00 00 00 00 00 00 00 00 00 00 00 00 00 00 00 00 00 00 00 00 00 00 00 00 00 00 00 00 00 00 00 00 00 00 00 00 00 00 00 00 00 00 00 00  

 --- Get DUKPT KSN: slot 06

2017/1/17 13:57:52.772 [TX] - 56 69 56 4F 74 65 63 68 32 00 81 0A 00 01 06 FF 78 
2017/1/17 13:57:52.778 [RX] - 56 69 56 4F 74 65 63 68 32 00 81 06 00 00 7D CB 00 00 00 00 00 00 00 00 00 00 00 00 00 00 00 00 00 00 00 00 00 00 00 00 00 00 00 00 00 00 00 00 00 00 00 00 00 00 00 00 00 00 00 00 00 00 00  
---------- END OF TEST ----------

 Result = PASSED
 

 MASTER RESULT = PASSED


Docklight Log File (HEX) - Stopped 2017/1/17 13:57:52.860 

