TID:Get Data Encryption (C7-37)
CMD:C7 37
EXR:C7 00 00 00

TID:Encryption Type -- AES
CMD:C7 33
EXR:C7 00 00 01 01

TID:Set MSR Secure Parameters (C7-38)
CMD:C7 38 DFEF04 01 10
EXR:C7 00 00 00

TID:First Response Control (0x63) = enable
CMD:04 00 DFED59 01 00
EXR:04 00 00 00

TID:Burst mode Off
CMD:04 00 DF EE 7E 01 00
EXR:04 00 00 00

TID:Poll on Demand
CMD:01 01 01
EXR:01 00 00 00

TID:Activate Transaction
CMD:60 10 01 00 78 00 78 9C 01 00 5F 57 01 00 9F 02 06 00 00 00 00 02 00 9F 03 06 00 00 00 00 00 00 5F 2A 02 08 40
EXR: 60 63 00 00
MSG: Swipe IDT test card...
EXR:56 69 56 4F 74 65 63 68 32 00 60 00 01 32 CA DF EE 25 02 00 11 57 00 5A 00 5F 34 00 5F 20 00 5F 24 00 9F 20 00 5F 25 00 5F 2D 00 50 00 4F 00 84 00 DF EE 23 81 F9 02 F3 00 83 3F 4F 28 6B 97 00 25 54 52 41 43 4B 31 37 36 37 36 37 36 30 37 30 37 30 37 37 36 37 36 37 36 30 37 30 37 30 37 37 36 37 36 37 36 30 37 30 37 30 37 37 36 37 36 37 36 30 37 30 37 30 37 37 36 37 36 37 36 30 37 30 37 30 37 37 36 37 36 37 36 30 37 30 37 3F 43 3B 32 31 32 31 32 31 32 31 32 31 37 36 37 36 37 36 30 37 30 37 30 37 37 36 37 36 37 36 37 36 32 31 32 31 32 31 32 3F 30 3B 33 33 33 33 33 33 33 33 33 33 37 36 37 36 37 36 30 37 30 37 30 37 37 36 37 36 37 36 33 33 33 33 33 33 33 33 33 33 37 36 37 36 37 36 30 37 30 37 30 37 37 36 37 36 37 36 33 33 33 33 33 33 33 33 33 33 37 36 37 36 37 36 30 37 30 37 30 37 37 36 37 36 37 36 33 33 33 33 33 33 33 33 33 33 37 36 37 36 37 36 30 37 30 37 3F 32 ?? ?? ?? ?? ?? ?? ?? ?? ?? ?? ?? ?? 03 9F 39 01 90 FF EE 01 04 DF 30 01 0C DF EE 26 01 CA ?? ??
TIMEOUT:120000

TID:60-13 Contact Retrieve Transaction Result
CMD:60 13 57 5A 5F 34 5F 20 5F 24 9F 20 5F 25 5F 2D 50 4F 84 DF EE 23 9F 39
EXR:56 69 56 4F 74 65 63 68 32 00 60 00 ?? ?? CA 57 00 5A 00 5F 34 00 5F 20 00 5F 24 00 9F 20 00 5F 25 00 5F 2D 00 50 00 4F 00 84 00 DF EE 23 81 F9 02 F3 00 83 3F 4F 28 6B 97 00 25 54 52 41 43 4B 31 37 36 37 36 37 36 30 37 30 37 30 37 37 36 37 36 37 36 30 37 30 37 30 37 37 36 37 36 37 36 30 37 30 37 30 37 37 36 37 36 37 36 30 37 30 37 30 37 37 36 37 36 37 36 30 37 30 37 30 37 37 36 37 36 37 36 30 37 30 37 3F 43 3B 32 31 32 31 32 31 32 31 32 31 37 36 37 36 37 36 30 37 30 37 30 37 37 36 37 36 37 36 37 36 32 31 32 31 32 31 32 3F 30 3B 33 33 33 33 33 33 33 33 33 33 37 36 37 36 37 36 30 37 30 37 30 37 37 36 37 36 37 36 33 33 33 33 33 33 33 33 33 33 37 36 37 36 37 36 30 37 30 37 30 37 37 36 37 36 37 36 33 33 33 33 33 33 33 33 33 33 37 36 37 36 37 36 30 37 30 37 30 37 37 36 37 36 37 36 33 33 33 33 33 33 33 33 33 33 37 36 37 36 37 36 30 37 30 37 3F 32 ?? ?? ?? ?? ?? ?? ?? ?? ?? ?? ?? ?? 03 9F 39 01 90 ?? ??