Docklight Log File (HEX) - Started 2026/3/19 16:49:49.305 
 TEST CASE: ECA09-3

 --- Set POS COM PORT Settings
 Set POS COM PORT...
 POS operating on com90 @ 115200 baud...
 Set POS COM PORT - COMPLETE

 Erase All Keys...

2026/3/19 16:49:50.649 [TX] - 56 69 56 4F 74 65 63 68 32 00 83 00 00 00 03 22 
2026/3/19 16:49:50.661 [RX] - 56 69 56 4F 74 65 63 68 32 00 83 00 00 00 22 03 00 00 00 00 00 00 00 00 00 00 00 00 00 00 00 00 00 00 00 00 00 00 00 00 00 00 00 00 00 00 00 00 00 00 00 00 00 00 00 00 00 00 00 00 00 00 00  

 Set DUKPT Key Encryption Type...

2026/3/19 16:49:51.187 [TX] - 56 69 56 4F 74 65 63 68 32 00 C7 32 00 01 01 7D DF 
2026/3/19 16:49:51.195 [RX] - 56 69 56 4F 74 65 63 68 32 00 C7 00 00 00 86 6E 00 00 00 00 00 00 00 00 00 00 00 00 00 00 00 00 00 00 00 00 00 00 00 00 00 00 00 00 00 00 00 00 00 00 00 00 00 00 00 00 00 00 00 00 00 00 00  

 Get DUKPT Key Encryption Type...

2026/3/19 16:49:51.717 [TX] - 56 69 56 4F 74 65 63 68 32 00 C7 33 00 00 1A 9B 
2026/3/19 16:49:51.727 [RX] - 56 69 56 4F 74 65 63 68 32 00 C7 00 00 01 01 BC 5E 00 00 00 00 00 00 00 00 00 00 00 00 00 00 00 00 00 00 00 00 00 00 00 00 00 00 00 00 00 00 00 00 00 00 00 00 00 00 00 00 00 00 00 00 00 00  
OK!
 

 Loading DUKPT key...

2026/3/19 16:49:52.255 [TX] - 56 69 56 4F 74 65 63 68 32 00 80 00 00 65 30 39 36 46 31 35 35 37 37 45 39 41 44 41 30 30 38 38 4B 30 54 44 30 30 4E 30 30 30 30 30 30 38 30 45 30 39 46 43 39 35 35 45 36 33 43 32 45 43 43 30 42 34 39 44 42 46 35 31 37 36 36 42 32 41 39 34 34 33 37 32 37 35 39 30 32 33 30 32 32 30 32 32 33 34 39 38 37 31 32 30 32 33 34 30 30 30 30 30 30 30 30 9C 1B 
2026/3/19 16:49:52.266 [RX] - 56 69 56 4F 74 65 63 68 32 00 80 00 00 00 B9 DF 00 00 00 00 00 00 00 00 00 00 00 00 00 00 00 00 00 00 00 00 00 00 00 00 00 00 00 00 00 00 00 00 00 00 00 00 00 00 00 00 00 00 00 00 00 00 00 
2026/3/19 16:49:52.775 [TX] - 56 69 56 4F 74 65 63 68 32 00 80 00 00 65 31 32 45 43 36 30 30 37 37 45 39 41 44 41 30 30 38 38 4B 30 54 44 30 30 4E 30 30 30 30 30 30 38 30 31 44 31 45 36 30 44 36 45 32 46 38 44 31 44 36 32 34 42 44 34 34 36 42 43 39 33 31 34 33 33 41 30 33 33 36 33 31 30 34 35 36 37 38 32 37 37 30 32 33 41 39 39 37 31 32 36 32 33 34 30 30 30 30 30 30 30 30 30 E6 
2026/3/19 16:49:52.789 [RX] - 56 69 56 4F 74 65 63 68 32 00 80 00 00 00 B9 DF 00 00 00 00 00 00 00 00 00 00 00 00 00 00 00 00 00 00 00 00 00 00 00 00 00 00 00 00 00 00 00 00 00 00 00 00 00 00 00 00 00 00 00 00 00 00 00 
2026/3/19 16:49:53.308 [TX] - 56 69 56 4F 74 65 63 68 32 00 80 01 00 58 41 30 30 38 38 4B 30 54 44 30 30 4E 30 30 30 30 46 41 42 44 39 44 34 32 37 34 31 30 42 36 46 41 35 45 44 33 42 37 36 41 44 37 46 41 45 38 45 33 31 36 30 32 31 33 42 46 44 38 31 31 38 32 32 33 38 31 38 41 45 43 46 30 43 44 41 44 42 31 39 41 42 45 39 37 41 41 32 43 B8 FE 
2026/3/19 16:49:53.324 [RX] - 56 69 56 4F 74 65 63 68 32 00 80 00 00 00 B9 DF 00 00 00 00 00 00 00 00 00 00 00 00 00 00 00 00 00 00 00 00 00 00 00 00 00 00 00 00 00 00 00 00 00 00 00 00 00 00 00 00 00 00 00 00 00 00 00 
2026/3/19 16:49:53.843 [TX] - 56 69 56 4F 74 65 63 68 32 00 81 00 00 71 05 41 30 31 31 32 44 30 54 45 30 30 4E 30 31 30 30 4B 53 31 38 36 32 39 39 34 39 30 31 32 43 30 30 30 34 36 30 30 30 30 31 37 39 46 43 30 31 36 44 31 34 46 34 35 42 39 41 33 37 46 37 32 42 44 35 41 35 37 37 41 43 35 33 34 37 36 42 31 35 35 34 32 45 39 42 39 30 46 35 36 32 46 36 37 36 35 30 45 46 35 33 43 34 44 39 45 42 41 36 39 35 39 46 76 88 
2026/3/19 16:49:53.866 [RX] - 56 69 56 4F 74 65 63 68 32 00 81 00 00 00 CF 6B 00 00 00 00 00 00 00 00 00 00 00 00 00 00 00 00 00 00 00 00 00 00 00 00 00 00 00 00 00 00 00 00 00 00 00 00 00 00 00 00 00 00 00 00 00 00 00  
OK!
 

 --- Data Encryption: Enable

2026/3/19 16:49:54.407 [TX] - 56 69 56 4F 74 65 63 68 32 00 C7 36 00 01 03 97 6C 
2026/3/19 16:49:54.420 [RX] - 56 69 56 4F 74 65 63 68 32 00 C7 00 00 00 86 6E 00 00 00 00 00 00 00 00 00 00 00 00 00 00 00 00 00 00 00 00 00 00 00 00 00 00 00 00 00 00 00 00 00 00 00 00 00 00 00 00 00 00 00 00 00 00 00  

 --- Auto Poll

2026/3/19 16:49:54.450 [TX] - 56 69 56 4F 74 65 63 68 32 00 01 01 00 01 00 F6 24 
2026/3/19 16:49:54.458 [RX] - 56 69 56 4F 74 65 63 68 32 00 01 00 00 00 12 53 00 00 00 00 00 00 00 00 00 00 00 00 00 00 00 00 00 00 00 00 00 00 00 00 00 00 00 00 00 00 00 00 00 00 00 00 00 00 00 00 00 00 00 00 00 00 00  

 --- Burst mode Off

2026/3/19 16:49:54.994 [TX] - 56 69 56 4F 74 65 63 68 32 00 04 00 00 04 FF F7 01 00 B9 2E 
2026/3/19 16:49:55.002 [RX] - 56 69 56 4F 74 65 63 68 32 00 04 00 00 00 AE 16 00 00 00 00 00 00 00 00 00 00 00 00 00 00 00 00 00 00 00 00 00 00 00 00 00 00 00 00 00 00 00 00 00 00 00 00 00 00 00 00 00 00 00 00 00 00 00  

 --- 03-00 Get Transaction Result

2026/3/19 16:50:01.183 [TX] - 56 69 56 4F 74 65 63 68 32 00 03 40 00 00 96 E2 
2026/3/19 16:50:01.193 [RX] - 56 69 56 4F 74 65 63 68 32 00 03 23 01 DA D3 FF EE 12 0A 62 99 49 01 2C 00 04 60 00 01 9A 03 14 08 10 9F 21 03 12 04 17 9F 37 04 BD EB 45 2C 9F 6A 04 00 00 00 70 9C 01 00 9F 39 01 91 FF EE 01 04 DF 30 01 00 9F 1E 08 32 33 34 35 36 37 38 39 DF 81 16 16 1E 04 00 00 00 00 00 00 00 00 00 00 00 00 00 00 00 00 00 00 00 00 DF 81 29 08 30 F0 F0 00 30 F0 FF 00 FF 81 06 44 DF 81 15 06 00 00 00 00 00 FF DF 81 2A C1 20 28 EF C5 20 7C F6 96 E5 11 C4 3D 53 E6 64 01 36 0B 57 23 95 33 C0 3C 81 8E 97 5F 31 13 48 43 DC DF 81 2B C1 10 9C 54 25 26 98 3D CA 03 09 D9 8A 7B F5 C8 6C F0 FF 81 05 81 E2 9F 02 06 00 00 00 00 00 01 9F 6D 02 00 01 50 0A 4D 61 73 74 65 72 43 61 72 64 84 07 A0 00 00 00 04 10 10 56 A1 3E 2A 35 32 35 36 2A 2A 2A 2A 2A 2A 2A 2A 30 30 30 30 5E 53 75 70 70 6C 69 65 64 2F 4E 6F 74 5E 31 32 31 32 35 30 32 2A 2A 2A 2A 2A 2A 2A 2A 2A 2A 2A 2A 2A 2A 2A 2A 2A 2A 2A 2A 2A 2A 2A 2A 56 C1 40 DE 54 B1 AB 04 10 E8 30 C3 8C 32 FC D7 14 D1 1E 25 24 12 DD CB 3D 15 1E 22 6C 10 FD 61 86 F6 25 EB A4 E3 2A E6 8A E7 DC 58 2D B3 A2 6D 53 1D B7 58 65 78 C2 5D 0C 2A 9B 7E 50 CE FF 3D 93 31 37  Tag 56 9F 6B A1 13 52 56 CC CC CC CC 00 00 D1 21 25 02 CC CC CC CC CC CC CC 9F 6B C1 20 E2 8B F3 28 65 E4 26 68 69 E5 C5 69 73 8A 91 41 9E 4E 02 AA 5A D5 7A 5E E0 2B 87 7C C1 0B FC 54  Tag 9F6B DF EF 4C 06 00 27 00 00 00 00 DF EF 4D 30 2C 05 FA E6 FF BE A5 E8 17 E0 47 34 D3 F4 5A 1B F3 54 E6 D1 DE AD 83 B1 0E 49 07 C5 6A 65 C1 C8 97 99 8B 50 92 BE 4F 49 38 B0 39 31 E9 85 19 E1 DF EE 26 01 D3 A6 CC 00 00 00 00 00 00 00 00 00 00 00 00 00 00  
---------- END OF TEST ----------

 Please decryption Tag 9F6B by manually; if no fail item and 9F6B data is correct, then result is Passed.


Docklight Log File (HEX) - Stopped 2026/3/19 16:50:05.857 

