Docklight Log File (HEX) - Started 2018/1/8 16:26:29.859 
 TEST CASE: EDC06-2

 --- Set POS COM PORT Settings
 Set POS COM PORT...
 POS operating on COM1 @ 9600 baud...
 Set POS COM PORT - COMPLETE

 

 --- Poll on Demand

2018/1/8 16:26:31.009 [TX] - 56 69 56 4F 74 65 63 68 32 00 01 01 00 01 01 D7 34 
2018/1/8 16:26:31.036 [RX] - 56 69 56 4F 74 65 63 68 32 00 01 00 00 00 12 53  

 --- Burst mode Off

2018/1/8 16:26:31.553 [TX] - 56 69 56 4F 74 65 63 68 32 00 04 00 00 04 FF F7 01 00 B9 2E 
2018/1/8 16:26:31.583 [RX] - 56 69 56 4F 74 65 63 68 32 00 04 00 00 00 AE 16  

 --- 04-00-----DFEF4B = A4 T1+T1 Sentinel+Only First Element Found

2018/1/8 16:26:32.106 [TX] - 56 69 56 4F 74 65 63 68 32 00 04 00 00 07 DF EF 4B 03 A4 00 00 51 25 
2018/1/8 16:26:32.139 [RX] - 56 69 56 4F 74 65 63 68 32 00 04 00 00 00 AE 16  

 --- 02-40 Activate Transaction

2018/1/8 16:26:32.782 [TX] - 56 69 56 4F 74 65 63 68 32 00 02 40 00 15 0A 9F 02 06 00 00 00 00 10 00 9A 03 07 11 21 9F 21 03 10 15 20 5E 34 
2018/1/8 16:26:34.155 [RX] - 56 69 56 4F 74 65 63 68 32 00 02 23 01 38 11 FF EE 13 41 42 36 35 31 30 30 30 30 30 30 30 30 30 30 31 32 35 5E 43 41 52 44 2F 49 4D 41 47 45 20 30 38 20 20 20 20 20 20 20 20 20 20 20 20 20 5E 31 37 31 32 32 30 31 31 30 30 30 30 39 35 30 30 30 30 30 30 FF EE 14 25 36 35 31 30 30 30 30 30 30 30 30 30 30 31 32 35 3D 31 37 31 32 32 30 31 31 30 30 30 30 39 35 30 30 30 30 30 30 84 08 A0 00 00 03 24 10 10 01 9F 06 07 A0 00 00 03 24 10 10 9F 35 01 25 9F 37 04 77 43 45 34 9F 39 01 91 9A 03 07 11 21 9F 21 03 10 15 20 56 41 42 36 35 31 30 30 30 30 30 30 30 30 30 30 31 32 35 5E 43 41 52 44 2F 49 4D 41 47 45 20 30 38 20 20 20 20 20 20 20 20 20 20 20 20 20 5E 31 37 31 32 32 30 31 31 30 30 30 30 39 35 30 30 30 30 30 30 57 13 65 10 00 00 00 00 01 25 D1 71 22 01 10 00 09 50 00 00 0F 9C 01 00 FF EE 01 04 DF 30 01 00 DF EF 4C 06 00 25 00 00 00 00 DF EF 4D 25 36 35 31 30 30 30 30 30 30 30 30 30 30 31 32 35 3D 31 37 31 32 32 30 31 31 30 30 30 30 39 35 30 30 30 30 30 30 DF EE 26 01 11 97 82  

 --- 04-00-----DFEF4B = 92 T2+T2 Sentinel+Only First Element Found

2018/1/8 16:26:35.000 [TX] - 56 69 56 4F 74 65 63 68 32 00 04 00 00 07 DF EF 4B 03 92 00 00 54 52 
2018/1/8 16:26:35.033 [RX] - 56 69 56 4F 74 65 63 68 32 00 04 00 00 00 AE 16  

 --- 02-40 Activate Transaction

2018/1/8 16:26:36.186 [TX] - 56 69 56 4F 74 65 63 68 32 00 02 40 00 15 0A 9F 02 06 00 00 00 00 10 00 9A 03 07 11 21 9F 21 03 10 15 20 5E 34 
2018/1/8 16:26:37.635 [RX] - 56 69 56 4F 74 65 63 68 32 00 02 23 01 3A 11 FF EE 13 41 42 36 35 31 30 30 30 30 30 30 30 30 30 30 31 32 35 5E 43 41 52 44 2F 49 4D 41 47 45 20 30 38 20 20 20 20 20 20 20 20 20 20 20 20 20 5E 31 37 31 32 32 30 31 31 30 30 30 30 39 35 30 30 30 30 30 30 FF EE 14 25 36 35 31 30 30 30 30 30 30 30 30 30 30 31 32 35 3D 31 37 31 32 32 30 31 31 30 30 30 30 39 35 30 30 30 30 30 30 84 08 A0 00 00 03 24 10 10 01 9F 06 07 A0 00 00 03 24 10 10 9F 35 01 25 9F 37 04 81 37 78 70 9F 39 01 91 9A 03 07 11 21 9F 21 03 10 15 20 56 41 42 36 35 31 30 30 30 30 30 30 30 30 30 30 31 32 35 5E 43 41 52 44 2F 49 4D 41 47 45 20 30 38 20 20 20 20 20 20 20 20 20 20 20 20 20 5E 31 37 31 32 32 30 31 31 30 30 30 30 39 35 30 30 30 30 30 30 57 13 65 10 00 00 00 00 01 25 D1 71 22 01 10 00 09 50 00 00 0F 9C 01 00 FF EE 01 04 DF 30 01 00 DF EF 4C 06 00 27 00 00 00 00 DF EF 4D 27 3B 36 35 31 30 30 30 30 30 30 30 30 30 30 31 32 35 3D 31 37 31 32 32 30 31 31 30 30 30 30 39 35 30 30 30 30 30 30 3F DF EE 26 01 11 3D 73  

 --- 04-00-----DFEF4B = 89 T3+T3 Sentinel+Only First Element Found

2018/1/8 16:26:38.486 [TX] - 56 69 56 4F 74 65 63 68 32 00 04 00 00 07 DF EF 4B 03 89 00 00 C6 E1 
2018/1/8 16:26:38.519 [RX] - 56 69 56 4F 74 65 63 68 32 00 04 00 00 00 AE 16  

 --- 02-40 Activate Transaction

2018/1/8 16:26:39.611 [TX] - 56 69 56 4F 74 65 63 68 32 00 02 40 00 15 0A 9F 02 06 00 00 00 00 10 00 9A 03 07 11 21 9F 21 03 10 15 20 5E 34 
2018/1/8 16:26:40.945 [RX] - 56 69 56 4F 74 65 63 68 32 00 02 23 01 38 11 FF EE 13 41 42 36 35 31 30 30 30 30 30 30 30 30 30 30 31 32 35 5E 43 41 52 44 2F 49 4D 41 47 45 20 30 38 20 20 20 20 20 20 20 20 20 20 20 20 20 5E 31 37 31 32 32 30 31 31 30 30 30 30 39 35 30 30 30 30 30 30 FF EE 14 25 36 35 31 30 30 30 30 30 30 30 30 30 30 31 32 35 3D 31 37 31 32 32 30 31 31 30 30 30 30 39 35 30 30 30 30 30 30 84 08 A0 00 00 03 24 10 10 01 9F 06 07 A0 00 00 03 24 10 10 9F 35 01 25 9F 37 04 61 77 50 64 9F 39 01 91 9A 03 07 11 21 9F 21 03 10 15 20 56 41 42 36 35 31 30 30 30 30 30 30 30 30 30 30 31 32 35 5E 43 41 52 44 2F 49 4D 41 47 45 20 30 38 20 20 20 20 20 20 20 20 20 20 20 20 20 5E 31 37 31 32 32 30 31 31 30 30 30 30 39 35 30 30 30 30 30 30 57 13 65 10 00 00 00 00 01 25 D1 71 22 01 10 00 09 50 00 00 0F 9C 01 00 FF EE 01 04 DF 30 01 00 DF EF 4C 06 00 25 00 00 00 00 DF EF 4D 25 36 35 31 30 30 30 30 30 30 30 30 30 30 31 32 35 3D 31 37 31 32 32 30 31 31 30 30 30 30 39 35 30 30 30 30 30 30 DF EE 26 01 11 7C 04  

 --- 04-00-----DFEF4B = B6 T1+T2+T1 Sentinel+T2 Sentinel+Only First Element Found

2018/1/8 16:26:41.790 [TX] - 56 69 56 4F 74 65 63 68 32 00 04 00 00 07 DF EF 4B 03 B6 00 00 52 08 
2018/1/8 16:26:41.824 [RX] - 56 69 56 4F 74 65 63 68 32 00 04 00 00 00 AE 16  

 --- 02-40 Activate Transaction

2018/1/8 16:26:42.923 [TX] - 56 69 56 4F 74 65 63 68 32 00 02 40 00 15 0A 9F 02 06 00 00 00 00 10 00 9A 03 07 11 21 9F 21 03 10 15 20 5E 34 
2018/1/8 16:26:44.225 [RX] - 56 69 56 4F 74 65 63 68 32 00 02 23 01 3A 11 FF EE 13 41 42 36 35 31 30 30 30 30 30 30 30 30 30 30 31 32 35 5E 43 41 52 44 2F 49 4D 41 47 45 20 30 38 20 20 20 20 20 20 20 20 20 20 20 20 20 5E 31 37 31 32 32 30 31 31 30 30 30 30 39 35 30 30 30 30 30 30 FF EE 14 25 36 35 31 30 30 30 30 30 30 30 30 30 30 31 32 35 3D 31 37 31 32 32 30 31 31 30 30 30 30 39 35 30 30 30 30 30 30 84 08 A0 00 00 03 24 10 10 01 9F 06 07 A0 00 00 03 24 10 10 9F 35 01 25 9F 37 04 58 58 08 83 9F 39 01 91 9A 03 07 11 21 9F 21 03 10 15 20 56 41 42 36 35 31 30 30 30 30 30 30 30 30 30 30 31 32 35 5E 43 41 52 44 2F 49 4D 41 47 45 20 30 38 20 20 20 20 20 20 20 20 20 20 20 20 20 5E 31 37 31 32 32 30 31 31 30 30 30 30 39 35 30 30 30 30 30 30 57 13 65 10 00 00 00 00 01 25 D1 71 22 01 10 00 09 50 00 00 0F 9C 01 00 FF EE 01 04 DF 30 01 00 DF EF 4C 06 00 27 00 00 00 00 DF EF 4D 27 3B 36 35 31 30 30 30 30 30 30 30 30 30 30 31 32 35 3D 31 37 31 32 32 30 31 31 30 30 30 30 39 35 30 30 30 30 30 30 3F DF EE 26 01 11 73 70  

 --- 04-00-----DFEF4B = AD T1+T3+T1 Sentinel+T3 Sentinel+Only First Element Found

2018/1/8 16:26:45.078 [TX] - 56 69 56 4F 74 65 63 68 32 00 04 00 00 07 DF EF 4B 03 AD 00 00 C0 BB 
2018/1/8 16:26:45.111 [RX] - 56 69 56 4F 74 65 63 68 32 00 04 00 00 00 AE 16  

 --- 02-40 Activate Transaction

2018/1/8 16:26:46.219 [TX] - 56 69 56 4F 74 65 63 68 32 00 02 40 00 15 0A 9F 02 06 00 00 00 00 10 00 9A 03 07 11 21 9F 21 03 10 15 20 5E 34 
2018/1/8 16:26:47.446 [RX] - 56 69 56 4F 74 65 63 68 32 00 02 23 01 38 11 FF EE 13 41 42 36 35 31 30 30 30 30 30 30 30 30 30 30 31 32 35 5E 43 41 52 44 2F 49 4D 41 47 45 20 30 38 20 20 20 20 20 20 20 20 20 20 20 20 20 5E 31 37 31 32 32 30 31 31 30 30 30 30 39 35 30 30 30 30 30 30 FF EE 14 25 36 35 31 30 30 30 30 30 30 30 30 30 30 31 32 35 3D 31 37 31 32 32 30 31 31 30 30 30 30 39 35 30 30 30 30 30 30 84 08 A0 00 00 03 24 10 10 01 9F 06 07 A0 00 00 03 24 10 10 9F 35 01 25 9F 37 04 55 59 27 89 9F 39 01 91 9A 03 07 11 21 9F 21 03 10 15 20 56 41 42 36 35 31 30 30 30 30 30 30 30 30 30 30 31 32 35 5E 43 41 52 44 2F 49 4D 41 47 45 20 30 38 20 20 20 20 20 20 20 20 20 20 20 20 20 5E 31 37 31 32 32 30 31 31 30 30 30 30 39 35 30 30 30 30 30 30 57 13 65 10 00 00 00 00 01 25 D1 71 22 01 10 00 09 50 00 00 0F 9C 01 00 FF EE 01 04 DF 30 01 00 DF EF 4C 06 00 25 00 00 00 00 DF EF 4D 25 36 35 31 30 30 30 30 30 30 30 30 30 30 31 32 35 3D 31 37 31 32 32 30 31 31 30 30 30 30 39 35 30 30 30 30 30 30 DF EE 26 01 11 E1 A1  

 --- 04-00-----DFEF4B = 9B T2+T3+T2 Sentinel+T3 Sentinel+Only First Element Found

2018/1/8 16:26:48.294 [TX] - 56 69 56 4F 74 65 63 68 32 00 04 00 00 07 DF EF 4B 03 9B 00 00 C5 CC 
2018/1/8 16:26:48.327 [RX] - 56 69 56 4F 74 65 63 68 32 00 04 00 00 00 AE 16  

 --- 02-40 Activate Transaction

2018/1/8 16:26:51.579 [TX] - 56 69 56 4F 74 65 63 68 32 00 02 40 00 15 0A 9F 02 06 00 00 00 00 10 00 9A 03 07 11 21 9F 21 03 10 15 20 5E 34 
2018/1/8 16:26:53.046 [RX] - 56 69 56 4F 74 65 63 68 32 00 02 23 01 3A 11 FF EE 13 41 42 36 35 31 30 30 30 30 30 30 30 30 30 30 31 32 35 5E 43 41 52 44 2F 49 4D 41 47 45 20 30 38 20 20 20 20 20 20 20 20 20 20 20 20 20 5E 31 37 31 32 32 30 31 31 30 30 30 30 39 35 30 30 30 30 30 30 FF EE 14 25 36 35 31 30 30 30 30 30 30 30 30 30 30 31 32 35 3D 31 37 31 32 32 30 31 31 30 30 30 30 39 35 30 30 30 30 30 30 84 08 A0 00 00 03 24 10 10 01 9F 06 07 A0 00 00 03 24 10 10 9F 35 01 25 9F 37 04 80 32 13 67 9F 39 01 91 9A 03 07 11 21 9F 21 03 10 15 20 56 41 42 36 35 31 30 30 30 30 30 30 30 30 30 30 31 32 35 5E 43 41 52 44 2F 49 4D 41 47 45 20 30 38 20 20 20 20 20 20 20 20 20 20 20 20 20 5E 31 37 31 32 32 30 31 31 30 30 30 30 39 35 30 30 30 30 30 30 57 13 65 10 00 00 00 00 01 25 D1 71 22 01 10 00 09 50 00 00 0F 9C 01 00 FF EE 01 04 DF 30 01 00 DF EF 4C 06 00 27 00 00 00 00 DF EF 4D 27 3B 36 35 31 30 30 30 30 30 30 30 30 30 30 31 32 35 3D 31 37 31 32 32 30 31 31 30 30 30 30 39 35 30 30 30 30 30 30 3F DF EE 26 01 11 8E 3C  

 --- 04-00-----DFEF4B = BF T1+T2+T3+T1 Sentinel+T2 Sentinel+T3 Sentinel+Only First Element Found

2018/1/8 16:26:53.897 [TX] - 56 69 56 4F 74 65 63 68 32 00 04 00 00 07 DF EF 4B 03 BF 00 00 C3 96 
2018/1/8 16:26:53.930 [RX] - 56 69 56 4F 74 65 63 68 32 00 04 00 00 00 AE 16  

 --- 02-40 Activate Transaction

2018/1/8 16:26:55.066 [TX] - 56 69 56 4F 74 65 63 68 32 00 02 40 00 15 0A 9F 02 06 00 00 00 00 10 00 9A 03 07 11 21 9F 21 03 10 15 20 5E 34 
2018/1/8 16:26:56.376 [RX] - 56 69 56 4F 74 65 63 68 32 00 02 23 01 3A 11 FF EE 13 41 42 36 35 31 30 30 30 30 30 30 30 30 30 30 31 32 35 5E 43 41 52 44 2F 49 4D 41 47 45 20 30 38 20 20 20 20 20 20 20 20 20 20 20 20 20 5E 31 37 31 32 32 30 31 31 30 30 30 30 39 35 30 30 30 30 30 30 FF EE 14 25 36 35 31 30 30 30 30 30 30 30 30 30 30 31 32 35 3D 31 37 31 32 32 30 31 31 30 30 30 30 39 35 30 30 30 30 30 30 84 08 A0 00 00 03 24 10 10 01 9F 06 07 A0 00 00 03 24 10 10 9F 35 01 25 9F 37 04 16 87 37 43 9F 39 01 91 9A 03 07 11 21 9F 21 03 10 15 20 56 41 42 36 35 31 30 30 30 30 30 30 30 30 30 30 31 32 35 5E 43 41 52 44 2F 49 4D 41 47 45 20 30 38 20 20 20 20 20 20 20 20 20 20 20 20 20 5E 31 37 31 32 32 30 31 31 30 30 30 30 39 35 30 30 30 30 30 30 57 13 65 10 00 00 00 00 01 25 D1 71 22 01 10 00 09 50 00 00 0F 9C 01 00 FF EE 01 04 DF 30 01 00 DF EF 4C 06 00 27 00 00 00 00 DF EF 4D 27 3B 36 35 31 30 30 30 30 30 30 30 30 30 30 31 32 35 3D 31 37 31 32 32 30 31 31 30 30 30 30 39 35 30 30 30 30 30 30 3F DF EE 26 01 11 F1 74  
---------- END OF TEST ----------

 Result = PASSED
 

 MASTER RESULT = PASSED


Docklight Log File (HEX) - Stopped 2018/1/8 16:26:57.327 

