Docklight Log File (HEX) - Started 2021/12/29 15:19:26.403 
 TEST CASE: ECA06-2

 --- Set POS COM PORT Settings
 Set POS COM PORT...
 POS operating on COM1 @ 9600 baud...
 Set POS COM PORT - COMPLETE

 --- 04-F0

2021/12/29 15:19:27.543 [TX] - 56 69 56 4F 74 65 63 68 32 00 04 F0 00 00 44 4D 
2021/12/29 15:19:27.804 [RX] - 55 55 55 55 55 55 55 55 55 55 55 55 55 55 55 55 55 55 55 55 55 55 55 55 55 55 55 55 55 55 66 56 69 56 4F 74 65 63 68 32 00 04 00 00 00 AE 16  

 Erase All Keys...

2021/12/29 15:19:34.899 [TX] - 56 69 56 4F 74 65 63 68 32 00 83 00 00 00 03 22 
2021/12/29 15:19:34.954 [RX] - 55 55 55 55 55 55 55 55 55 55 55 55 55 55 55 55 55 55 55 55 55 55 55 55 55 55 55 55 55 55 66 56 69 56 4F 74 65 63 68 32 00 83 00 00 00 22 03  

 Set DUKPT Key Encryption Type...

2021/12/29 15:19:35.552 [TX] - 56 69 56 4F 74 65 63 68 32 00 C7 32 00 01 01 7D DF 
2021/12/29 15:19:35.610 [RX] - 55 55 55 55 55 55 55 55 55 55 55 55 55 55 55 55 55 55 55 55 55 55 55 55 55 55 55 55 55 55 66 56 69 56 4F 74 65 63 68 32 00 C7 00 00 00 86 6E  

 Get DUKPT Key Encryption Type...

2021/12/29 15:19:36.208 [TX] - 56 69 56 4F 74 65 63 68 32 00 C7 33 00 00 1A 9B 
2021/12/29 15:19:36.263 [RX] - 55 55 55 55 55 55 55 55 55 55 55 55 55 55 55 55 55 55 55 55 55 55 55 55 55 55 55 55 55 55 66 56 69 56 4F 74 65 63 68 32 00 C7 00 00 01 01 BC 5E  
OK!
 

 Loading DUKPT key...

2021/12/29 15:19:36.867 [TX] - 56 69 56 4F 74 65 63 68 32 00 80 00 00 65 30 39 36 46 31 35 35 37 37 45 39 41 44 41 30 30 38 38 4B 30 54 44 30 30 4E 30 30 30 30 30 30 38 30 45 30 39 46 43 39 35 35 45 36 33 43 32 45 43 43 30 42 34 39 44 42 46 35 31 37 36 36 42 32 41 39 34 34 33 37 32 37 35 39 30 32 33 30 32 32 30 32 32 33 34 39 38 37 31 32 30 32 33 34 30 30 30 30 30 30 30 30 9C 1B 
2021/12/29 15:19:37.154 [RX] - 55 55 55 55 55 55 55 55 55 55 55 55 55 55 55 55 55 55 55 55 55 55 55 55 55 55 55 55 55 55 66 56 69 56 4F 74 65 63 68 32 00 80 00 00 00 B9 DF 
2021/12/29 15:19:37.745 [TX] - 56 69 56 4F 74 65 63 68 32 00 80 00 00 65 31 32 45 43 36 30 30 37 37 45 39 41 44 41 30 30 38 38 4B 30 54 44 30 30 4E 30 30 30 30 30 30 38 30 31 44 31 45 36 30 44 36 45 32 46 38 44 31 44 36 32 34 42 44 34 34 36 42 43 39 33 31 34 33 33 41 30 33 33 36 33 31 30 34 35 36 37 38 32 37 37 30 32 33 41 39 39 37 31 32 36 32 33 34 30 30 30 30 30 30 30 30 30 E6 
2021/12/29 15:19:38.034 [RX] - 55 55 55 55 55 55 55 55 55 55 55 55 55 55 55 55 55 55 55 55 55 55 55 55 55 55 55 55 55 55 66 56 69 56 4F 74 65 63 68 32 00 80 00 00 00 B9 DF 
2021/12/29 15:19:38.626 [TX] - 56 69 56 4F 74 65 63 68 32 00 80 01 00 58 41 30 30 38 38 4B 30 54 44 30 30 4E 30 30 30 30 46 41 42 44 39 44 34 32 37 34 31 30 42 36 46 41 35 45 44 33 42 37 36 41 44 37 46 41 45 38 45 33 31 36 30 32 31 33 42 46 44 38 31 31 38 32 32 33 38 31 38 41 45 43 46 30 43 44 41 44 42 31 39 41 42 45 39 37 41 41 32 43 B8 FE 
2021/12/29 15:19:38.886 [RX] - 55 55 55 55 55 55 55 55 55 55 55 55 55 55 55 55 55 55 55 55 55 55 55 55 55 55 55 55 55 55 66 56 69 56 4F 74 65 63 68 32 00 80 00 00 00 B9 DF 
2021/12/29 15:19:39.479 [TX] - 56 69 56 4F 74 65 63 68 32 00 81 00 00 71 05 41 30 31 31 32 44 30 54 45 30 30 4E 30 31 30 30 4B 53 31 38 36 32 39 39 34 39 30 31 32 43 30 30 30 34 36 30 30 30 30 31 37 39 46 43 30 31 36 44 31 34 46 34 35 42 39 41 33 37 46 37 32 42 44 35 41 35 37 37 41 43 35 33 34 37 36 42 31 35 35 34 32 45 39 42 39 30 46 35 36 32 46 36 37 36 35 30 45 46 35 33 43 34 44 39 45 42 41 36 39 35 39 46 76 88 
2021/12/29 15:19:39.805 [RX] - 55 55 55 55 55 55 55 55 55 55 55 55 55 55 55 55 55 55 55 55 55 55 55 55 55 55 55 55 55 55 66 56 69 56 4F 74 65 63 68 32 00 81 00 00 00 CF 6B  
OK!
 

 --- Data Encryption: Enable

2021/12/29 15:19:40.416 [TX] - 56 69 56 4F 74 65 63 68 32 00 C7 36 00 01 02 87 4D 
2021/12/29 15:19:40.475 [RX] - 55 55 55 55 55 55 55 55 55 55 55 55 55 55 55 55 55 55 55 55 55 55 55 55 55 55 55 55 55 55 66 56 69 56 4F 74 65 63 68 32 00 C7 00 00 00 86 6E  

 --- Poll on Demand

2021/12/29 15:19:40.578 [TX] - 56 69 56 4F 74 65 63 68 32 00 01 01 00 01 01 D7 34 
2021/12/29 15:19:40.637 [RX] - 55 55 55 55 55 55 55 55 55 55 55 55 55 55 55 55 55 55 55 55 55 55 55 55 55 55 55 55 55 55 66 56 69 56 4F 74 65 63 68 32 00 01 00 00 00 12 53  

 --- Burst mode Off

2021/12/29 15:19:41.241 [TX] - 56 69 56 4F 74 65 63 68 32 00 04 00 00 04 FF F7 01 00 B9 2E 
2021/12/29 15:19:41.306 [RX] - 55 55 55 55 55 55 55 55 55 55 55 55 55 55 55 55 55 55 55 55 55 55 55 55 55 55 55 55 55 55 66 56 69 56 4F 74 65 63 68 32 00 04 00 00 00 AE 16  

 --- 02-40 Activate Transaction

2021/12/29 15:19:49.809 [TX] - 56 69 56 4F 74 65 63 68 32 00 02 40 00 15 0A 9F 02 06 00 00 00 00 10 00 9A 03 07 11 21 9F 21 03 10 15 20 5E 34 
2021/12/29 15:19:50.962 [RX] - 55 55 55 55 55 55 55 55 55 55 55 55 55 55 55 55 55 55 55 55 55 55 55 55 55 55 55 55 55 55 66 56 69 56 4F 74 65 63 68 32 00 02 23 02 74 53 FF EE 12 0A 62 99 49 01 2C 00 04 60 00 01 FF EE 13 A1 41 2A 36 35 31 30 2A 2A 2A 2A 2A 2A 2A 2A 30 31 32 35 5E 43 41 52 44 2F 49 4D 41 47 45 20 30 38 20 20 20 20 20 20 20 20 20 20 20 20 20 5E 31 37 31 32 32 30 31 2A 2A 2A 2A 2A 2A 2A 2A 2A 2A 2A 2A 2A FF EE 13 C1 50 38 47 27 CD 29 D3 49 93 90 E0 67 EE 85 5A BC C7 1E B2 85 5E AB E6 C8 D6 7F 63 3D 3E F9 EF 58 AB 85 98 2A BC 06 92 59 93 7E B8 33 7E C2 B6 3F E5 22 14 2F B5 3B 74 3D 51 10 E7 59 34 16 0B 31 6C C8 FF C0 06 CB 0C 8F AD 5A 4E C3 70 5F 96 4A BE FF EE 14 A1 25 36 35 31 30 2A 2A 2A 2A 2A 2A 2A 2A 30 31 32 35 3D 31 37 31 32 32 30 31 2A 2A 2A 2A 2A 2A 2A 2A 2A 2A 2A 2A 2A FF EE 14 C1 30 43 54 6C 85 3E 87 EC AF 45 78 93 54 BD 92 C1 87 C5 46 8F 2C BE 32 50 48 BB FC 94 85 F3 22 FF 79 FF B8 A2 2D C4 E8 D1 9F 4D 39 22 84 7E C2 21 AF 84 08 A0 00 00 03 24 10 10 01 9F 02 06 00 00 00 00 10 00 9F 06 07 A0 00 00 03 24 10 10 9F 35 01 22 9F 37 04 36 87 37 81 9F 39 01 91 9A 03 07 11 21 9F 21 03 10 15 20 56 A1 41 2A 36 35 31 30 2A 2A 2A 2A 2A 2A 2A 2A 30 31 32 35 5E 43 41 52 44 2F 49 4D 41 47 45 20 30 38 20 20 20 20 20 20 20 20 20 20 20 20 20 5E 31 37 31 32 32 30 31 2A 2A 2A 2A 2A 2A 2A 2A 2A 2A 2A 2A 2A 56 C1 50 ED 95 71 EA D2 C6 82 45 30 91 E0 75 58 48 84 7A 8B 8A 61 9F FA 76 CC 15 DA FE 93 E8 54 4E 5C 52 40 72 8B EA 50 BC 34 80 E9 F7 CB 30 CE 55 B1 B2 80 8F 9B 8A F5 AF EA 05 86 C0 E0 A2 35 7F 25 3B AB 96 0D B5 89 2B C7 F7 8F 92 F4 54 D4 C8 C6 78 57 A1 13 65 10 CC CC CC CC 01 25 D1 71 22 01 CC CC CC CC CC CC CC 57 C1 20 14 5B 9F C0 1B 33 93 73 AC 5D E9 B5 C6 C6 8C AE 8A BE 64 78 0C 0A A4 A8 9C 32 9C 42 A5 55 B4 14 9C 01 00 FF F2 08 33 54 31 32 33 34 35 36 9F 41 04 00 00 00 02 FF EE 01 08 DF 30 01 00 DF 52 01 00 DF EF 4C 06 00 27 00 00 00 00 DF EF 4D 30 CB 3F 04 BD 2E BB 21 96 AB DA D6 B0 6D 77 09 8D E2 3A 3E 89 89 F4 4F 0D 5E 2F 63 92 E2 29 EE A9 A3 DD 3C 65 49 8B FD 4F 56 7A 04 83 90 BF 29 34 DF EE 26 01 53 3E F8  
---------- END OF TEST ----------

 Result = PASSED
 

 MASTER RESULT = PASSED


Docklight Log File (HEX) - Stopped 2021/12/29 15:19:52.977 

