Docklight Log File (HEX) - Started 2024/4/24 15:11:24.468 
 TEST CASE: Type7_CEPAS4

 --- Set POS COM PORT Settings
 Set POS COM PORT...
 POS operating on com90 @ 115200 baud...
 Set POS COM PORT - COMPLETE


2024/4/24 15:11:25.754 [TX] - 56 69 56 4F 74 65 63 68 32 00 2C 01 00 01 00 0D 38 
2024/4/24 15:11:25.762 [RX] - 56 69 56 4F 74 65 63 68 32 00 2C 0C 00 00 69 FA 00 00 00 00 00 00 00 00 00 00 00 00 00 00 00 00 00 00 00 00 00 00 00 00 00 00 00 00 00 00 00 00 00 00 00 00 00 00 00 00 00 00 00 00 00 00 00  --- PT START

2024/4/24 15:11:33.112 [TX] - 56 69 56 4F 74 65 63 68 32 00 2C 01 00 01 01 1D 19 
2024/4/24 15:11:33.118 [RX] - 56 69 56 4F 74 65 63 68 32 00 2C 00 00 00 1C 9B  PT Command (OK)

2024/4/24 15:11:33.118 [RX] - 00 00 00 00 00 00 00 00 00 00 00 00 00 00 00 00 00 00 00 00 00 00 00 00 00 00 00 00 00 00 00 00 00 00 00 00 00 00 00 00 00 00 00 00 00 00 00  ---E P4T 00

2024/4/24 15:11:33.140 [TX] - 56 69 56 4F 74 65 63 68 32 00 2C 0C 00 04 0F 00 00 00 D3 DE 
2024/4/24 15:11:33.230 [RX] - 56 69 56 4F 74 65 63 68 32 00 2C 00 00 05 07  Type 7 Card Read (OK)

2024/4/24 15:11:33.230 [RX] - EF 15 A8 62 53 80 00 00 00 00 00 00 00 00 00 00 00 00 00 00 00 00 00 00 00 00 00 00 00 00 00 00 00 00 00 00 00 00 00 00 00 00 00 00 00 00 00 00  --- PPSE 

2024/4/24 15:11:34.249 [TX] - 56 69 56 4F 74 65 63 68 32 00 2C 03 00 14 00 A4 04 00 0E 32 50 41 59 2E 53 59 53 2E 44 44 46 30 31 00 72 6F 
2024/4/24 15:11:34.262 [RX] - 56 69 56 4F 74 65 63 68 32 00 2C 0A 00 00 DB 5A 00 00 00 00 00 00 00 00 00 00 00 00 00 00 00 00 00 00 00 00 00 00 00 00 00 00 00 00 00 00 00 00 00 00 00 00 00 00 00 00 00 00 00 00 00 00 00  --- Select 

2024/4/24 15:11:37.254 [TX] - 56 69 56 4F 74 65 63 68 32 00 2C 03 00 0D 00 A4 04 00 07 A0 00 00 00 04 10 10 00 3B 56 
2024/4/24 15:11:37.266 [RX] - 56 69 56 4F 74 65 63 68 32 00 2C 0A 00 00 DB 5A 00 00 00 00 00 00 00 00 00 00 00 00 00 00 00 00 00 00 00 00 00 00 00 00 00 00 00 00 00 00 00 00 00 00 00 00 00 00 00 00 00 00 00 00 00 00 00  --- GPO 

2024/4/24 15:11:40.269 [TX] - 56 69 56 4F 74 65 63 68 32 00 2C 03 00 08 80 A8 00 00 02 83 00 00 8E EA 
2024/4/24 15:11:40.281 [RX] - 56 69 56 4F 74 65 63 68 32 00 2C 0A 00 00 DB 5A 00 00 00 00 00 00 00 00 00 00 00 00 00 00 00 00 00 00 00 00 00 00 00 00 00 00 00 00 00 00 00 00 00 00 00 00 00 00 00 00 00 00 00 00 00 00 00  --- Read Record 

2024/4/24 15:11:43.283 [TX] - 56 69 56 4F 74 65 63 68 32 00 2C 03 00 05 00 B2 01 0C 00 B2 61 
2024/4/24 15:11:43.294 [RX] - 56 69 56 4F 74 65 63 68 32 00 2C 0A 00 00 DB 5A 00 00 00 00 00 00 00 00 00 00 00 00 00 00 00 00 00 00 00 00 00 00 00 00 00 00 00 00 00 00 00 00 00 00 00 00 00 00 00 00 00 00 00 00 00 00 00  --- ccc

2024/4/24 15:11:46.295 [TX] - 56 69 56 4F 74 65 63 68 32 00 2C 03 00 0A 80 2A 8E 80 04 00 00 00 00 00 34 1F 
2024/4/24 15:11:46.304 [RX] - 56 69 56 4F 74 65 63 68 32 00 2C 0A 00 00 DB 5A 00 00 00 00 00 00 00 00 00 00 00 00 00 00 00 00 00 00 00 00 00 00 00 00 00 00 00 00 00 00 00 00 00 00 00 00 00 00 00 00 00 00 00 00 00 00 00  --- PT STOP

2024/4/24 15:11:49.303 [TX] - 56 69 56 4F 74 65 63 68 32 00 2C 01 00 01 00 0D 38 
2024/4/24 15:11:49.313 [RX] - 56 69 56 4F 74 65 63 68 32 00 2C 00 00 00 1C 9B  PT Command (OK)

2024/4/24 15:11:49.313 [RX] - 00 00 00 00 00 00 00 00 00 00 00 00 00 00 00 00 00 00 00 00 00 00 00 00 00 00 00 00 00 00 00 00 00 00 00 00 00 00 00 00 00 00 00 00 00 00 00 
2024/4/24 15:11:49.328 [TX] - 56 69 56 4F 74 65 63 68 32 00 2C 01 00 01 00 0D 38 
2024/4/24 15:11:49.333 [RX] - 56 69 56 4F 74 65 63 68 32 00 2C 0C 00 00 69 FA 00 00 00 00 00 00 00 00 00 00 00 00 00 00 00 00 00 00 00 00 00 00 00 00 00 00 00 00 00 00 00 00 00 00 00 00 00 00 00 00 00 00 00 00 00 00 00  Result = PASSED
 

 ---------- END OF TEST ----------

 

 MASTER RESULT = PASSED


Docklight Log File (HEX) - Stopped 2024/4/24 15:11:54.468 

