Docklight Log File (HEX) - Started 2015/8/25 15:41:01.799 
 TEST CASE: AC016

 --- Set POS COM PORT Settings
 Set POS COM PORT...
 POS operating on COM1 @ 9600 baud...
 Set POS COM PORT - COMPLETE

 Loading DUKPT key...

2015/8/25 15:41:03.203 [TX] - 56 69 56 4F 74 65 63 68 32 00 83 00 00 00 03 22 
2015/8/25 15:41:03.252 [RX] - 56 69 56 4F 74 65 63 68 32 00 83 00 00 00 22 03 
2015/8/25 15:41:03.781 [TX] - 56 69 56 4F 74 65 63 68 32 00 80 00 00 65 30 43 46 35 35 34 43 32 46 30 45 45 41 41 30 30 38 38 4B 30 54 44 30 30 4E 30 30 30 30 30 30 38 30 32 41 38 34 46 44 44 36 33 39 31 35 44 43 41 45 42 46 38 37 37 35 34 33 32 32 44 32 36 37 42 41 33 34 34 31 38 33 41 42 39 41 32 35 36 37 39 30 32 33 34 39 38 37 31 32 30 32 33 34 30 30 30 30 30 30 30 30 C2 98 
2015/8/25 15:41:03.932 [RX] - 56 69 56 4F 74 65 63 68 32 00 80 00 00 00 B9 DF 
2015/8/25 15:41:04.460 [TX] - 56 69 56 4F 74 65 63 68 32 00 80 00 00 65 31 35 43 44 42 38 31 32 46 30 45 45 41 41 30 30 38 38 4B 30 54 44 30 30 4E 30 30 30 30 30 30 38 30 39 32 36 39 41 34 33 36 39 42 36 43 37 45 33 42 35 36 37 32 39 38 33 41 36 36 32 46 36 31 30 33 32 35 37 32 39 32 33 36 33 37 38 33 30 33 33 36 32 33 41 39 39 37 31 32 36 32 33 34 30 30 30 30 30 30 30 30 AA E9 
2015/8/25 15:41:04.612 [RX] - 56 69 56 4F 74 65 63 68 32 00 80 00 00 00 B9 DF 
2015/8/25 15:41:05.140 [TX] - 56 69 56 4F 74 65 63 68 32 00 80 01 00 58 41 30 30 38 38 4B 30 54 44 30 30 4E 30 30 30 30 42 39 34 38 46 37 42 33 34 43 41 44 37 32 36 42 41 37 37 43 39 43 34 41 38 30 37 37 39 42 42 38 36 42 42 43 33 37 34 30 31 31 42 42 45 33 39 45 30 36 46 34 46 36 41 37 44 44 36 46 37 32 30 45 37 31 33 44 45 39 34 41 A0 6B 
2015/8/25 15:41:05.271 [RX] - 56 69 56 4F 74 65 63 68 32 00 80 00 00 00 B9 DF 
2015/8/25 15:41:05.801 [TX] - 56 69 56 4F 74 65 63 68 32 00 81 00 00 71 05 41 30 31 31 32 44 30 54 45 30 30 4E 30 31 30 30 4B 53 31 38 46 46 46 46 39 38 37 36 35 34 33 32 31 30 45 30 30 30 30 30 37 43 45 37 34 45 39 30 30 35 33 43 41 38 45 45 42 43 33 37 42 35 37 30 36 38 31 45 35 42 32 37 36 31 34 38 43 33 45 37 34 34 41 42 43 44 36 44 34 43 35 33 36 43 37 46 34 46 36 37 44 37 46 32 32 44 33 39 34 45 44 42 A8 31 
2015/8/25 15:41:05.983 [RX] - 56 69 56 4F 74 65 63 68 32 00 81 00 00 00 CF 6B 
2015/8/25 15:41:06.511 [TX] - 56 69 56 4F 74 65 63 68 32 00 81 09 00 01 05 40 D3 
2015/8/25 15:41:06.549 [RX] - 56 69 56 4F 74 65 63 68 32 00 81 00 00 00 CF 6B  
OK!
 

 --- TTQ 20 00 00 00

2015/8/25 15:41:07.102 [TX] - 56 69 56 4F 74 65 63 68 32 00 04 00 00 07 9F 66 04 20 00 00 00 20 DD 
2015/8/25 15:41:07.588 [RX] - 56 69 56 4F 74 65 63 68 32 00 04 00 00 00 AE 16  

 --- Clear Event Queue

2015/8/25 15:41:07.630 [TX] - 56 69 56 4F 74 65 63 68 32 00 83 0C 00 00 62 57 
2015/8/25 15:41:07.662 [RX] - 56 69 56 4F 74 65 63 68 32 00 83 00 00 00 22 03  

 --- 02-0a dukpt/ any card/ event off

2015/8/25 15:41:08.866 [TX] - 56 69 56 4F 74 65 63 68 32 00 02 0A 00 1A 00 0A 47 00 00 00 9F 02 06 00 00 00 00 10 00 9A 03 07 11 21 9F 21 03 10 15 20 99 08 
2015/8/25 15:41:11.619 [RX] - 56 69 56 4F 74 65 63 68 32 00 02 23 01 2A 00 5A A1 08 47 61 CC CC CC CC 00 10 5A C1 10 78 6B 95 AD 92 98 78 89 66 AE 83 18 18 44 FF 41 57 C1 18 AD AD 82 E7 11 D2 C0 42 34 1E E0 2B 2F 4C 1A FC B0 00 EF F3 E9 64 C6 DA 50 0C 56 49 53 41 20 54 45 53 54 20 30 31 82 02 20 00 84 07 A0 00 00 00 03 10 10 95 05 00 00 00 00 00 9A 03 07 11 21 9B 02 00 00 9C 01 00 5F 24 03 20 12 31 5F 2A 02 08 40 5F 2D 04 65 73 65 6E 5F 34 01 01 9F 02 06 00 00 00 00 10 00 9F 03 06 00 00 00 00 00 00 9F 06 07 A0 00 00 00 03 10 10 9F 10 07 06 01 11 03 90 00 00 9F 11 01 01 9F 12 0C 50 72 65 66 20 4E 61 6D 65 20 30 31 9F 1A 02 08 40 9F 21 03 10 15 21 9F 26 08 AA BB CC DD EE FF 11 22 9F 27 01 40 9F 33 03 00 08 E8 9F 36 02 00 03 9F 37 04 86 5A 98 12 9F 39 01 07 9F 45 02 00 00 9F 4C 08 00 00 00 00 00 00 00 00 9F 53 01 00 9F 5D 06 00 00 00 01 00 00 9F 66 04 20 00 00 00 9F 6C 02 30 00 FF EE 01 08 DF 52 01 00 DF 5B 01 08 DF EE 12 0A FF FF 98 76 54 32 10 E0 00 02 32 A8  
---------- END OF TEST ----------

 Result = PASSED
 

 MASTER RESULT = PASSED


Docklight Log File (HEX) - Stopped 2015/8/25 15:41:15.674 

