Docklight Log File (HEX) - Started 2024/3/19 11:45:25.879 
 TEST CASE: ADPT007

 --- Set POS COM PORT Settings
 Set POS COM PORT...
 POS operating on com90 @ 115200 baud...
 Set POS COM PORT - COMPLETE

 

 --- Auto poll

2024/3/19 11:45:27.176 [TX] - 56 69 56 4F 74 65 63 68 32 00 01 01 00 01 00 F6 24 
2024/3/19 11:45:27.192 [RX] - 56 69 56 4F 74 65 63 68 32 00 01 00 00 00 12 53 00 00 00 00 00 00 00 00 00 00 00 00 00 00 00 00 00 00 00 00 00 00 00 00 00 00 00 00 00 00 00 00 00 00 00 00 00 00 00 00 00 00 00 00 00 00 00  

 --- PassThrough Start

2024/3/19 11:45:28.207 [TX] - 56 69 56 4F 74 65 63 68 32 00 2C 01 00 01 01 1D 19 
2024/3/19 11:45:28.217 [RX] - 56 69 56 4F 74 65 63 68 32 00 2C 00 00 00 1C 9B 00 00 00 00 00 00 00 00 00 00 00 00 00 00 00 00 00 00 00 00 00 00 00 00 00 00 00 00 00 00 00 00 00 00 00 00 00 00 00 00 00 00 00 00 00 00 00  

 --- Poll for Token with ATS_ Mifare Classic

2024/3/19 11:45:42.704 [TX] - 56 69 56 4F 74 65 63 68 32 00 2C 0E 00 02 0A 00 CF 3A 
2024/3/19 11:45:43.511 [RX] - 56 69 56 4F 74 65 63 68 32 00 2C 00 00 07 03 04 7E BD BA E5 00 BD 2D 00 00 00 00 00 00 00 00 00 00 00 00 00 00 00 00 00 00 00 00 00 00 00 00 00 00 00 00 00 00 00 00 00 00 00 00 00 00 00 00  

 --- Poll for Token with ATS_ Mifare Ultralight

2024/3/19 11:45:46.998 [TX] - 56 69 56 4F 74 65 63 68 32 00 2C 0E 00 02 0A 00 CF 3A 
2024/3/19 11:45:47.971 [RX] - 56 69 56 4F 74 65 63 68 32 00 2C 00 00 0A 04 07 04 C2 78 9A 63 1E 80 00 35 29 00 00 00 00 00 00 00 00 00 00 00 00 00 00 00 00 00 00 00 00 00 00 00 00 00 00 00 00 00 00 00 00 00 00 00 00 00  

 --- Poll for Token with ATS_ Mifare DesFire

2024/3/19 11:45:52.999 [TX] - 56 69 56 4F 74 65 63 68 32 00 2C 0E 00 02 0A 00 CF 3A 
2024/3/19 11:45:53.587 [RX] - 56 69 56 4F 74 65 63 68 32 00 2C 00 00 10 0E 07 04 8B 60 32 1C 4D 80 06 75 77 81 02 80 02 17 BC 00 00 00 00 00 00 00 00 00 00 00 00 00 00 00 00 00 00 00 00 00 00 00 00 00 00 00 00 00 00 00  

 --- Poll for Token with ATS_ Mifare Plus

2024/3/19 11:45:59.096 [TX] - 56 69 56 4F 74 65 63 68 32 00 2C 0E 00 02 0A 00 CF 3A 
2024/3/19 11:45:59.631 [RX] - 56 69 56 4F 74 65 63 68 32 00 2C 00 00 16 01 07 04 33 3F E2 08 5D 80 0C 75 77 80 02 C1 05 2F 2F 01 BC D6 60 A2 01 00 00 00 00 00 00 00 00 00 00 00 00 00 00 00 00 00 00 00 00 00 00 00 00 00  

 --- Poll for Token with ATS_ Broadcom

2024/3/19 11:46:07.104 [TX] - 56 69 56 4F 74 65 63 68 32 00 2C 0E 00 02 0A 00 CF 3A 
2024/3/19 11:46:07.991 [RX] - 56 69 56 4F 74 65 63 68 32 00 2C 00 00 09 07 06 12 4C 76 D3 D3 00 00 0D 69 00 00 00 00 00 00 00 00 00 00 00 00 00 00 00 00 00 00 00 00 00 00 00 00 00 00 00 00 00 00 00 00 00 00 00 00 00 00  

 --- Poll for Token with ATS_ Felia

2024/3/19 11:46:14.578 [TX] - 56 69 56 4F 74 65 63 68 32 00 2C 0E 00 02 0A 00 CF 3A 
2024/3/19 11:46:15.215 [RX] - 56 69 56 4F 74 65 63 68 32 00 2C 00 00 0B 08 08 01 2E 30 D3 47 18 85 7B 00 0A 72 00 00 00 00 00 00 00 00 00 00 00 00 00 00 00 00 00 00 00 00 00 00 00 00 00 00 00 00 00 00 00 00 00 00 00 00  

 --- Poll for Token with ATS_ VISA qVSDC

2024/3/19 11:46:20.543 [TX] - 56 69 56 4F 74 65 63 68 32 00 2C 0E 00 02 0A 00 CF 3A 
2024/3/19 11:46:21.191 [RX] - 56 69 56 4F 74 65 63 68 32 00 2C 00 00 14 07 04 2F 71 36 52 0D 78 80 84 02 00 73 C8 40 13 00 90 00 3C 62 03 00 00 00 00 00 00 00 00 00 00 00 00 00 00 00 00 00 00 00 00 00 00 00 00 00 00 00  

 --- Poll for Token with ATS_ MC Mchip

2024/3/19 11:46:24.911 [TX] - 56 69 56 4F 74 65 63 68 32 00 2C 0E 00 02 0A 00 CF 3A 
2024/3/19 11:46:25.419 [RX] - 56 69 56 4F 74 65 63 68 32 00 2C 00 00 14 07 04 DF D9 F7 6C 0D 78 80 74 02 00 73 C8 40 13 00 90 00 56 C3 A0 00 00 00 00 00 00 00 00 00 00 00 00 00 00 00 00 00 00 00 00 00 00 00 00 00 00 00  

 --- Poll for Token with ATS_ MC PayPass

2024/3/19 11:46:27.136 [TX] - 56 69 56 4F 74 65 63 68 32 00 2C 0E 00 02 0A 00 CF 3A 
2024/3/19 11:46:27.655 [RX] - 56 69 56 4F 74 65 63 68 32 00 2C 00 00 0F 02 04 BF 10 34 1B 08 00 00 00 00 00 71 81 00 9B 58 00 00 00 00 00 00 00 00 00 00 00 00 00 00 00 00 00 00 00 00 00 00 00 00 00 00 00 00 00 00 00 00  

 --- PassThrough Stop

2024/3/19 11:46:27.685 [TX] - 56 69 56 4F 74 65 63 68 32 00 2C 01 00 01 00 0D 38 
2024/3/19 11:46:27.700 [RX] - 56 69 56 4F 74 65 63 68 32 00 2C 00 00 00 1C 9B 00 00 00 00 00 00 00 00 00 00 00 00 00 00 00 00 00 00 00 00 00 00 00 00 00 00 00 00 00 00 00 00 00 00 00 00 00 00 00 00 00 00 00 00 00 00 00  

 --- PassThrough Stop

2024/3/19 11:46:27.721 [TX] - 56 69 56 4F 74 65 63 68 32 00 2C 01 00 01 00 0D 38 
2024/3/19 11:46:27.732 [RX] - 56 69 56 4F 74 65 63 68 32 00 2C 0C 00 00 69 FA 00 00 00 00 00 00 00 00 00 00 00 00 00 00 00 00 00 00 00 00 00 00 00 00 00 00 00 00 00 00 00 00 00 00 00 00 00 00 00 00 00 00 00 00 00 00 00  

 ---------- END OF TEST ----------

 Result = PASSED


Docklight Log File (HEX) - Stopped 2024/3/19 11:46:32.343 

