Docklight Log File (HEX) - Started 2017/1/20 11:23:06.950 
 TEST CASE: TTK008

 --- Set POS COM PORT Settings
 Set POS COM PORT...
 POS operating on COM90 @ 9600 baud...
 Set POS COM PORT - COMPLETE

 

 --- 04-09

2017/1/20 11:23:08.203 [TX] - 56 69 56 4F 74 65 63 68 32 00 04 09 00 00 87 30 
2017/1/20 11:23:11.002 [RX] - 56 69 56 4F 74 65 63 68 32 00 04 00 00 00 AE 16 00 00 00 00 00 00 00 00 00 00 00 00 00 00 00 00 00 00 00 00 00 00 00 00 00 00 00 00 00 00 00 00 00 00 00 00 00 00 00 00 00 00 00 00 00 00 00  

 --- Get DRS (C7-3A)

2017/1/20 11:23:11.014 [TX] - 56 69 56 4F 74 65 63 68 32 00 C7 3A 00 00 0A 84 
2017/1/20 11:23:11.606 [RX] - 56 69 56 4F 74 65 63 68 32 00 C7 00 00 06 00 01 00 02 01 00 D9 90 00 00 00 00 00 00 00 00 00 00 00 00 00 00 00 00 00 00 00 00 00 00 00 00 00 00 00 00 00 00 00 00 00 00 00 00 00 00 00 00 00  

 --- Implement TTK's Self-Test function (C7-3B)

2017/1/20 11:23:11.611 [TX] - 56 69 56 4F 74 65 63 68 32 00 C7 3B 00 00 3A B3 
2017/1/20 11:23:12.202 [RX] - 56 69 56 4F 74 65 63 68 32 00 C7 00 00 00 86 6E 00 00 00 00 00 00 00 00 00 00 00 00 00 00 00 00 00 00 00 00 00 00 00 00 00 00 00 00 00 00 00 00 00 00 00 00 00 00 00 00 00 00 00 00 00 00 00  

 --- Ping

2017/1/20 11:23:31.391 [TX] - 56 69 56 4F 74 65 63 68 32 00 18 01 00 00 B3 CD 
2017/1/20 11:23:31.414 [RX] - 56 69 56 4F 74 65 63 68 32 00 18 00 00 00 FA 83 00 00 00 00 00 00 00 00 00 00 00 00 00 00 00 00 00 00 00 00 00 00 00 00 00 00 00 00 00 00 00 00 00 00 00 00 00 00 00 00 00 00 00 00 00 00 00  

 ---------- END OF TEST ----------

 Result = PASSED


Docklight Log File (HEX) - Stopped 2017/1/20 11:23:31.479 

