Docklight Log File (HEX) - Started 2023/11/21 16:43:46.254 
 TEST CASE: ST107-A

 --- Set POS COM PORT Settings
 Set POS COM PORT...
 POS operating on COM90 @ 115200 baud...
 Set POS COM PORT - COMPLETE

 --- 04-0A *** NEO2

2023/11/21 16:43:50.013 [TX] - 56 69 56 4F 74 65 63 68 32 00 04 0A 00 00 D7 69 
2023/11/21 16:43:52.376 [RX] - 56 69 56 4F 74 65 63 68 32 00 01 00 00 00 56 69 56 4F 74 65 63 68 32 00 04 00 00 00 AE 16 00 00 00 00 00 00 00 00 00 00 00 00 00 00 00 00 00 00 00 00 00 00 00 00 00 00 00 00 00 00 00 00 00 00 00 00 00 00 00 00 00 00 00 00 00 00 00 56 69 56 4F 74 65 63 68 32 00 29 00 00 1A 56 50 33 33 35 30 20 46 57 20 76 31 2E 30 30 2E 34 38 30 2E 32 33 34 35 2E 54 64 15 00 00 00 00 00 00 00 00 00 00 00 00 00 00 00 00 00 00 00 00 00 56 69 56 4F 74 65 63 68 32 00 61 01 00 10 03 00 00 02 00 45 4E 03 00 82 23 1C 02 00 FF FF C9 0E 00 00 00 00 00 00 00 00 00 00 00 00 00 00 00 00 00 00 00 00 00 00 00 00 00 00 00 00 00 00 00 56 69 56 4F 74 65 63 68 32 00 29 00 00 1A 56 50 33 33 35 30 20 46 57 20 76 31 2E 30 30 2E 34 38 30 2E 32 33 34 35 2E 54 64 15 00 00 00 00 00 00 00 00 00 00 00 00 00 00 00 00 00 00 00 00 00 56 69 56 4F 74 65 63 68 32 00 29 00 00 1A 56 50 33 33 35 30 20 46 57 20 76 31 2E 30 30 2E 34 38 30 2E 32 33 34 35 2E 54 64 15 00 00 00 00 00 00 00 00 00 00 00 00 00 00 00 00 00 00 00 00 00  

 --- Get config

2023/11/21 16:44:04.386 [TX] - 56 69 56 4F 74 65 63 68 32 00 03 06 00 05 DF EE 2D 01 8E D8 58 
2023/11/21 16:44:04.426 [RX] - 56 69 56 4F 74 65 63 68 32 00 03 00 00 4A DF EE 2D 01 8E DF EE 3B 00 DF EE 3C 00 DF EE 3D 00 DF EF 25 00 DF ED 01 00 DF ED 02 05 00 00 00 00 01 DF ED 03 01 01 DF ED 04 01 01 DF ED 05 01 01 DF ED 06 01 00 DF ED 07 01 00 DF ED 27 01 0D DF ED 3F 01 00 DF EF 77 01 00 6E 57 00 00 00 00 00 00 00 00 00 00 00 00 00 00 00 00 00 00 00 00 00 00 00 00 00 00 00 00 00 00 00 00 00 00 00 00  

 ---------- END OF TEST ----------

 Result = PASSED


Docklight Log File (HEX) - Stopped 2023/11/21 16:44:05.018 

