Docklight Log File (HEX) - Started 10/15/2008 14:24:00.67 
 --- Row 1 Button1

10/15/2008 14:24:00.68 [TX] - 56 69 56 4F 74 65 63 68 32 00 83 05 00 14 31 37 34 00 39 00 35 38 00 33 38 00 31 00 31 00 33 00 31 00 93 69 
10/15/2008 14:24:00.98 [RX] - 56 69 56 4F 74 65 63 68 32 00 83 00 00 00 22 03  --- Row 2 Button2

10/15/2008 14:24:01.73 [TX] - 56 69 56 4F 74 65 63 68 32 00 83 05 00 15 31 37 34 00 35 36 00 35 38 00 33 38 00 31 00 31 00 32 00 36 00 AD 53 
10/15/2008 14:24:02.00 [RX] - 56 69 56 4F 74 65 63 68 32 00 83 00 00 00 22 03  --- Row 3 Button3

10/15/2008 14:24:02.75 [TX] - 56 69 56 4F 74 65 63 68 32 00 83 05 00 16 31 37 30 00 31 30 33 00 35 38 00 33 38 00 31 00 31 00 32 00 35 00 AA EA 
10/15/2008 14:24:03.03 [RX] - 56 69 56 4F 74 65 63 68 32 00 83 00 00 00 22 03 
10/15/2008 14:24:03.76 [TX] - 56 69 56 4F 74 65 63 68 32 00 83 06 00 0B 14 63 61 6E 63 65 6C 4B 65 79 00 F4 07    ----- Expecting DONE Button

10/15/2008 14:24:08.33 [RX] - 56 69 56 4F 74 65 63 68 32 00 83 00 00 0B 64 6F 6E 65 42 75 74 74 6F 6E 00 71 C2  DONE Button Pressed
 --- Row 1 Button1

10/15/2008 14:24:09.25 [TX] - 56 69 56 4F 74 65 63 68 32 00 83 05 00 14 31 37 34 00 39 00 35 38 00 33 38 00 31 00 31 00 33 00 31 00 93 69 
10/15/2008 14:24:09.55 [RX] - 56 69 56 4F 74 65 63 68 32 00 83 00 00 00 22 03  --- Row 2 Button2

10/15/2008 14:24:10.27 [TX] - 56 69 56 4F 74 65 63 68 32 00 83 05 00 15 31 37 34 00 35 36 00 35 38 00 33 38 00 31 00 31 00 32 00 36 00 AD 53 
10/15/2008 14:24:10.53 [RX] - 56 69 56 4F 74 65 63 68 32 00 83 00 00 00 22 03  --- Row 3 Button3

10/15/2008 14:24:11.28 [TX] - 56 69 56 4F 74 65 63 68 32 00 83 05 00 16 31 37 30 00 31 30 33 00 35 38 00 33 38 00 31 00 31 00 32 00 35 00 AA EA 
10/15/2008 14:24:11.56 [RX] - 56 69 56 4F 74 65 63 68 32 00 83 00 00 00 22 03 
10/15/2008 14:24:12.30 [TX] - 56 69 56 4F 74 65 63 68 32 00 83 06 00 0B 14 63 61 6E 63 65 6C 4B 65 79 00 F4 07    ----- Expecting OK Button

10/15/2008 14:24:14.60 [RX] - 56 69 56 4F 74 65 63 68 32 00 83 00 00 0C 63 6C 65 61 72 42 75 74 74 6F 6E 00 28 7C  CLEAR Button Pressed
 Result = FAILED


Docklight Log File (HEX) - Stopped 10/15/2008 14:24:22.98 

