Docklight Log File (HEX) - Started 2026/3/24 11:56:32.979 
 TEST CASE: ADPT018

 --- Set POS COM PORT Settings
 Set POS COM PORT...
 POS operating on com90 @ 115200 baud...
 Set POS COM PORT - COMPLETE


2026/3/24 11:56:34.298 [TX] - 56 69 56 4F 74 65 63 68 32 00 2C 01 00 01 00 0D 38 
2026/3/24 11:56:34.306 [RX] - 56 69 56 4F 74 65 63 68 32 00 2C 0C 00 00 69 FA 00 00 00 00 00 00 00 00 00 00 00 00 00 00 00 00 00 00 00 00 00 00 00 00 00 00 00 00 00 00 00 00 00 00 00 00 00 00 00 00 00 00 00 00 00 00 00  --- PassThrough Start

2026/3/24 11:56:37.312 [TX] - 56 69 56 4F 74 65 63 68 32 00 2C 01 00 01 01 1D 19 
2026/3/24 11:56:37.325 [RX] - 56 69 56 4F 74 65 63 68 32 00 2C 00 00 00 1C 9B 00 00 00 00 00 00 00 00 00 00 00 00 00 00 00 00 00 00 00 00 00 00 00 00 00 00 00 00 00 00 00 00 00 00 00 00 00 00 00 00 00 00 00 00 00 00 00  --- NCR Pass Through - Antenna On, Poll Token Off, 1 Beep, LED 0 On

2026/3/24 11:56:37.334 [TX] - 56 69 56 4F 74 65 63 68 32 00 2C 0B 00 07 19 00 01 00 01 00 00 D5 5C 
2026/3/24 11:56:37.343 [RX] - 56 69 56 4F 74 65 63 68 32 00 2C 00 00 00 1C 9B 00 00 00 00 00 00 00 00 00 00 00 00 00 00 00 00 00 00 00 00 00 00 00 00 00 00 00 00 00 00 00 00 00 00 00 00 00 00 00 00 00 00 00 00 00 00 00  --- NCR Pass Through - Antenna On, Poll Token Off, 1 Beep, LED 0 Off

2026/3/24 11:56:38.860 [TX] - 56 69 56 4F 74 65 63 68 32 00 2C 0B 00 07 19 00 01 00 00 00 00 E2 6C 
2026/3/24 11:56:38.872 [RX] - 56 69 56 4F 74 65 63 68 32 00 2C 00 00 00 1C 9B 00 00 00 00 00 00 00 00 00 00 00 00 00 00 00 00 00 00 00 00 00 00 00 00 00 00 00 00 00 00 00 00 00 00 00 00 00 00 00 00 00 00 00 00 00 00 00  


2026/3/24 11:56:43.282 [TX] - 56 69 56 4F 74 65 63 68 32 00 2C 01 00 01 00 0D 38 
2026/3/24 11:56:43.297 [RX] - 56 69 56 4F 74 65 63 68 32 00 2C 00 00 00 1C 9B 00 00 00 00 00 00 00 00 00 00 00 00 00 00 00 00 00 00 00 00 00 00 00 00 00 00 00 00 00 00 00 00 00 00 00 00 00 00 00 00 00 00 00 00 00 00 00 

Docklight Log File (HEX) - Stopped 2026/3/24 11:56:44.878 

