Docklight Log File (HEX) - Started 2022/1/13 11:37:45.988 
 TEST CASE: RD02008

 --- Set POS COM PORT Settings
 Set POS COM PORT...
 POS operating on COM1 @ 9600 baud...
 Set POS COM PORT - COMPLETE

 
User selected 'No'

 
Set Params (04-00) on FFF8 to 00 (UI: VivoTech)


2022/1/13 11:37:49.131 [TX] - 56 69 56 4F 74 65 63 68 32 00 04 00 00 04 FF F8 01 00 88 02 
2022/1/13 11:37:49.196 [RX] - 55 55 55 55 55 55 55 55 55 55 55 55 55 55 55 55 55 55 55 55 55 55 55 55 55 55 55 55 55 55 66 56 69 56 4F 74 65 63 68 32 00 04 00 00 00 AE 16  
Set Source - RTC Internal and All external


2022/1/13 11:37:49.291 [TX] - 56 69 56 4F 74 65 63 68 32 00 01 05 00 02 1A 0A 42 0F 
2022/1/13 11:37:49.551 [RX] - 55 55 55 55 55 55 55 55 55 55 55 55 55 55 55 55 55 55 55 55 55 55 55 55 55 55 55 55 55 55 66 56 69 56 4F 74 65 63 68 32 00 01 00 00 00 12 53  
One 800ms beep with LED 0 Off (01-02)


2022/1/13 11:37:49.647 [TX] - 56 69 56 4F 74 65 63 68 32 00 01 02 00 04 FF 08 00 00 B6 FA 
2022/1/13 11:37:49.712 [RX] - 55 55 55 55 55 55 55 55 55 55 55 55 55 55 55 55 55 55 55 55 55 55 55 55 55 55 55 55 55 55 66 45 00 55 00 04 02 23 00 00 18 AF 55 55 55 55 55 55 55 55 55 55 55 55 55 55 55 55 55 55 55 55 55 55 55 55 55 55 55 55 55 55 66 56 69 56 4F 74 65 63 68 32 00 01 00 00 00 12 53  
One 600ms beep with LED 0 On (01-02)


2022/1/13 11:37:52.659 [TX] - 56 69 56 4F 74 65 63 68 32 00 01 02 00 04 FF 07 00 01 A6 C6 
2022/1/13 11:37:52.724 [RX] - 55 55 55 55 55 55 55 55 55 55 55 55 55 55 55 55 55 55 55 55 55 55 55 55 55 55 55 55 55 55 66 45 00 55 00 04 01 01 00 00 6B D5 55 55 55 55 55 55 55 55 55 55 55 55 55 55 55 55 55 55 55 55 55 55 55 55 55 55 55 55 55 55 66 45 00 55 00 04 02 22 00 00 2F 9F 55 55 55 55  
Set Source - RTC_Internal - All Internal


2022/1/13 11:37:52.907 [TX] - 56 69 56 4F 74 65 63 68 32 00 01 05 00 02 15 05 93 EE 
2022/1/13 11:37:52.907 [RX] - 55 55 55 55 55 55 55 55 55 55 55 55 55 55 55 55 55 55 55 55 55 55 55 55 55 55 66 56 69 56 4F 74 65 63 68 32 00 01 00 00 00 12 53 55 55 55 55 55 55 55 55 55 55 55 55 55 55 55 55 55 55 55 55 55 55 55 55 55 55 55 55 55 55 66 45 00 55 00 04 01 00 00 00 5C E5 55 55 55 55 55 55 55 55 55 55 55 55 55 55 55 55 55 55 55 55 55 55 55 55 55 55 55 55 55 55 66 56 69 56 4F 74 65 63 68 32 00 01 00 00 00 12 53  

 Result = PASSED
 ---------- END OF TEST ----------

 

 MASTER RESULT = PASSED


Docklight Log File (HEX) - Stopped 2022/1/13 11:37:55.611 

