Docklight Log File (HEX) - Started 2015/6/15 10:50:13.400 
 TEST CASE: ADPT059

 --- Set POS COM PORT Settings
 Set POS COM PORT...
 POS operating on COM1 @ 9600 baud...
 Set POS COM PORT - COMPLETE

 Loading DUKPT key...

2015/6/15 10:50:16.635 [TX] - 56 69 56 4F 74 65 63 68 32 00 83 00 00 00 03 22 
2015/6/15 10:50:16.675 [RX] - 56 69 56 4F 74 65 63 68 32 00 83 00 00 00 22 03 
2015/6/15 10:50:17.200 [TX] - 56 69 56 4F 74 65 63 68 32 00 80 00 00 65 30 43 46 35 35 34 43 32 46 30 45 45 41 41 30 30 38 38 4B 30 54 44 30 30 4E 30 30 30 30 30 30 38 30 32 41 38 34 46 44 44 36 33 39 31 35 44 43 41 45 42 46 38 37 37 35 34 33 32 32 44 32 36 37 42 41 33 34 34 31 38 33 41 42 39 41 32 35 36 37 39 30 32 33 34 39 38 37 31 32 30 32 33 34 30 30 30 30 30 30 30 30 C2 98 
2015/6/15 10:50:17.356 [RX] - 56 69 56 4F 74 65 63 68 32 00 80 00 00 00 B9 DF 
2015/6/15 10:50:17.880 [TX] - 56 69 56 4F 74 65 63 68 32 00 80 00 00 65 31 35 43 44 42 38 31 32 46 30 45 45 41 41 30 30 38 38 4B 30 54 44 30 30 4E 30 30 30 30 30 30 38 30 39 32 36 39 41 34 33 36 39 42 36 43 37 45 33 42 35 36 37 32 39 38 33 41 36 36 32 46 36 31 30 33 32 35 37 32 39 32 33 36 33 37 38 33 30 33 33 36 32 33 41 39 39 37 31 32 36 32 33 34 30 30 30 30 30 30 30 30 AA E9 
2015/6/15 10:50:18.035 [RX] - 56 69 56 4F 74 65 63 68 32 00 80 00 00 00 B9 DF 
2015/6/15 10:50:18.560 [TX] - 56 69 56 4F 74 65 63 68 32 00 80 01 00 58 41 30 30 38 38 4B 30 54 44 30 30 4E 30 30 30 30 42 39 34 38 46 37 42 33 34 43 41 44 37 32 36 42 41 37 37 43 39 43 34 41 38 30 37 37 39 42 42 38 36 42 42 43 33 37 34 30 31 31 42 42 45 33 39 45 30 36 46 34 46 36 41 37 44 44 36 46 37 32 30 45 37 31 33 44 45 39 34 41 A0 6B 
2015/6/15 10:50:18.685 [RX] - 56 69 56 4F 74 65 63 68 32 00 80 00 00 00 B9 DF 
2015/6/15 10:50:19.210 [TX] - 56 69 56 4F 74 65 63 68 32 00 81 00 00 71 05 41 30 31 31 32 44 30 54 45 30 30 4E 30 31 30 30 4B 53 31 38 46 46 46 46 39 38 37 36 35 34 33 32 31 30 45 30 30 30 30 30 37 43 45 37 34 45 39 30 30 35 33 43 41 38 45 45 42 43 33 37 42 35 37 30 36 38 31 45 35 42 32 37 36 31 34 38 43 33 45 37 34 34 41 42 43 44 36 44 34 43 35 33 36 43 37 46 34 46 36 37 44 37 46 32 32 44 33 39 34 45 44 42 A8 31 
2015/6/15 10:50:19.386 [RX] - 56 69 56 4F 74 65 63 68 32 00 81 00 00 00 CF 6B 
2015/6/15 10:50:19.920 [TX] - 56 69 56 4F 74 65 63 68 32 00 81 09 00 01 05 40 D3 
2015/6/15 10:50:19.963 [RX] - 56 69 56 4F 74 65 63 68 32 00 81 00 00 00 CF 6B  
OK!
 

 --- PassThrough Start

2015/6/15 10:50:20.511 [TX] - 56 69 56 4F 74 65 63 68 32 00 2C 01 00 01 01 1D 19 
2015/6/15 10:50:20.552 [RX] - 56 69 56 4F 74 65 63 68 32 00 2C 00 00 00 1C 9B  

 --- 2C-02: Poll for Card

2015/6/15 10:50:22.303 [TX] - 56 69 56 4F 74 65 63 68 32 00 2C 02 00 02 02 00 38 4D 
2015/6/15 10:50:23.203 [RX] - 56 69 56 4F 74 65 63 68 32 00 2C 00 00 05 02 BF 10 34 1B 5C 24  

 --- AR >> 2C-19, 63: Encrypted C-APDU (PPSE)

2015/6/15 10:50:23.250 [TX] - 56 69 56 4F 74 65 63 68 32 00 2C 19 00 25 02 63 0A FF FF 98 76 54 32 10 E0 00 03 C9 CD 8F 69 23 67 43 00 94 D4 8A C2 2D A3 A3 6E A8 08 A4 D4 73 B4 D1 8E 3C 27 
2015/6/15 10:50:23.366 [RX] - 56 69 56 4F 74 65 63 68 32 00 2C 00 00 36 01 0A FF FF 98 76 54 32 10 E0 00 03 86 A1 C0 5F 0C 2D E7 C2 6A F4 3D AA F9 0A 37 53 A2 06 68 A1 3D 8D 5C 95 CA 92 80 57 20 F6 88 5B 19 7F A8 F2 ED 75 82 70 90 00 42 2B  

 --- PassThrough Stop

2015/6/15 10:50:23.968 [TX] - 56 69 56 4F 74 65 63 68 32 00 2C 01 00 01 00 0D 38 
2015/6/15 10:50:24.003 [RX] - 56 69 56 4F 74 65 63 68 32 00 2C 00 00 00 1C 9B  

 --- PassThrough Stop

2015/6/15 10:50:24.037 [TX] - 56 69 56 4F 74 65 63 68 32 00 2C 01 00 01 00 0D 38 
2015/6/15 10:50:24.072 [RX] - 56 69 56 4F 74 65 63 68 32 00 2C 0C 00 00 69 FA  

 Result = PASSED
 ---------- END OF TEST ----------

 

 MASTER RESULT = PASSED


Docklight Log File (HEX) - Stopped 2015/6/15 10:50:26.204 

