Docklight Log File (HEX) - Started 2025/8/12 14:16:21.693 
 TEST CASE: CR080

 --- Set POS COM PORT Settings
 Set POS COM PORT...
 POS operating on COM90 @ 115200 baud...
 Set POS COM PORT - COMPLETE

 

 --- 60-03 Contact Set Application Data 1

2025/8/12 14:16:22.868 [TX] - 56 69 56 4F 74 65 63 68 32 00 60 03 00 65 07 00 A0 00 00 00 03 10 10 0F 00 9F 01 06 56 49 53 41 30 30 5F 57 01 00 5F 2A 02 08 40 9F 09 02 00 96 5F 36 01 02 9F 1B 04 00 00 3A 98 DF 25 03 9F 37 04 DF 28 03 9F 08 02 DF EE 15 01 01 DF 13 05 00 00 00 00 00 DF 14 05 00 00 00 00 00 DF 15 05 00 00 00 00 00 DF 18 01 00 DF 17 04 00 00 27 10 DF 19 01 00 97 F3 
2025/8/12 14:16:22.894 [RX] - 56 69 56 4F 74 65 63 68 32 00 C7 00 00 06 56 69 56 4F 74 65 63 68 32 00 60 00 00 00 3D 35 00 00 00 00 00 00 00 00 00 00 00 00 00 00 00 00 00 00 00 00 00 00 00 00 00 00 00 00 00 00 00 00 00 00 00 00 00 00 00 00 00 00 00 00 00 00 00  

 --- 60-03 Contact Set Application Data 2

2025/8/12 14:16:22.915 [TX] - 56 69 56 4F 74 65 63 68 32 00 60 03 00 5C 07 00 A0 00 00 00 99 90 90 0E 00 5F 57 01 00 5F 2A 02 08 40 9F 09 02 00 09 5F 36 01 02 9F 1B 04 00 00 3A 98 DF 25 03 9F 37 04 DF 28 03 9F 08 02 DF EE 15 01 01 DF 13 05 00 00 00 00 00 DF 14 05 00 00 00 00 00 DF 15 05 00 00 00 00 00 DF 18 01 00 DF 17 04 00 00 27 10 DF 19 01 00 6D 4F 
2025/8/12 14:16:22.981 [RX] - 56 69 56 4F 74 65 63 68 32 00 60 00 00 00 3D 35 00 00 00 00 00 00 00 00 00 00 00 00 00 00 00 00 00 00 00 00 00 00 00 00 00 00 00 00 00 00 00 00 00 00 00 00 00 00 00 00 00 00 00 00 00 00 00  

 --- 60-03 Contact Set Application Data 3

2025/8/12 14:16:23.003 [TX] - 56 69 56 4F 74 65 63 68 32 00 60 03 00 5B 06 00 A0 00 00 99 99 01 0E 00 5F 57 01 00 5F 2A 02 08 40 9F 09 02 99 99 5F 36 01 02 9F 1B 04 00 00 3A 98 DF 25 03 9F 37 04 DF 28 03 9F 08 02 DF EE 15 01 01 DF 13 05 00 00 00 00 00 DF 14 05 00 00 00 00 00 DF 15 05 00 00 00 00 00 DF 18 01 00 DF 17 04 00 00 27 10 DF 19 01 00 BD 3D 
2025/8/12 14:16:23.076 [RX] - 56 69 56 4F 74 65 63 68 32 00 60 00 00 00 3D 35 00 00 00 00 00 00 00 00 00 00 00 00 00 00 00 00 00 00 00 00 00 00 00 00 00 00 00 00 00 00 00 00 00 00 00 00 00 00 00 00 00 00 00 00 00 00 00  

 --- 60-03 Contact Set Application Data 4

2025/8/12 14:16:23.100 [TX] - 56 69 56 4F 74 65 63 68 32 00 60 03 00 5D 08 00 A0 00 00 00 03 10 10 03 0E 00 5F 57 01 00 5F 2A 02 08 40 9F 09 02 00 96 5F 36 01 02 9F 1B 04 00 00 3A 98 DF 25 03 9F 37 04 DF 28 03 9F 08 02 DF EE 15 01 01 DF 13 05 00 00 00 00 00 DF 14 05 00 00 00 00 00 DF 15 05 00 00 00 00 00 DF 18 01 00 DF 17 04 00 00 27 10 DF 19 01 00 AC 43 
2025/8/12 14:16:23.200 [RX] - 56 69 56 4F 74 65 63 68 32 00 60 00 00 00 3D 35 00 00 00 00 00 00 00 00 00 00 00 00 00 00 00 00 00 00 00 00 00 00 00 00 00 00 00 00 00 00 00 00 00 00 00 00 00 00 00 00 00 00 00 00 00 00 00  

 --- 60-03 Contact Set Application Data 5

2025/8/12 14:16:23.216 [TX] - 56 69 56 4F 74 65 63 68 32 00 60 03 00 5D 08 00 A0 00 00 00 03 10 10 04 0E 00 5F 57 01 00 5F 2A 02 08 40 9F 09 02 00 96 5F 36 01 02 9F 1B 04 00 00 3A 98 DF 25 03 9F 37 04 DF 28 03 9F 08 02 DF EE 15 01 01 DF 13 05 00 00 00 00 00 DF 14 05 00 00 00 00 00 DF 15 05 00 00 00 00 00 DF 18 01 00 DF 17 04 00 00 27 10 DF 19 01 00 29 A1 
2025/8/12 14:16:23.245 [RX] - 56 69 56 4F 74 65 63 68 32 00 60 00 00 00 3D 35 00 00 00 00 00 00 00 00 00 00 00 00 00 00 00 00 00 00 00 00 00 00 00 00 00 00 00 00 00 00 00 00 00 00 00 00 00 00 00 00 00 00 00 00 00 00 00  

 --- 60-03 Contact Set Application Data 6

2025/8/12 14:16:23.267 [TX] - 56 69 56 4F 74 65 63 68 32 00 60 03 00 5D 08 00 A0 00 00 00 03 10 10 05 0E 00 5F 57 01 00 5F 2A 02 08 40 9F 09 02 00 96 5F 36 01 02 9F 1B 04 00 00 3A 98 DF 25 03 9F 37 04 DF 28 03 9F 08 02 DF EE 15 01 01 DF 13 05 00 00 00 00 00 DF 14 05 00 00 00 00 00 DF 15 05 00 00 00 00 00 DF 18 01 00 DF 17 04 00 00 27 10 DF 19 01 00 C8 41 
2025/8/12 14:16:23.298 [RX] - 56 69 56 4F 74 65 63 68 32 00 60 00 00 00 3D 35 00 00 00 00 00 00 00 00 00 00 00 00 00 00 00 00 00 00 00 00 00 00 00 00 00 00 00 00 00 00 00 00 00 00 00 00 00 00 00 00 00 00 00 00 00 00 00  

 --- 60-03 Contact Set Application Data 7

2025/8/12 14:16:23.322 [TX] - 56 69 56 4F 74 65 63 68 32 00 60 03 00 5D 08 00 A0 00 00 00 03 10 10 06 0E 00 5F 57 01 00 5F 2A 02 08 40 9F 09 02 00 96 5F 36 01 02 9F 1B 04 00 00 3A 98 DF 25 03 9F 37 04 DF 28 03 9F 08 02 DF EE 15 01 01 DF 13 05 00 00 00 00 00 DF 14 05 00 00 00 00 00 DF 15 05 00 00 00 00 00 DF 18 01 00 DF 17 04 00 00 27 10 DF 19 01 00 FA 40 
2025/8/12 14:16:23.354 [RX] - 56 69 56 4F 74 65 63 68 32 00 60 00 00 00 3D 35 00 00 00 00 00 00 00 00 00 00 00 00 00 00 00 00 00 00 00 00 00 00 00 00 00 00 00 00 00 00 00 00 00 00 00 00 00 00 00 00 00 00 00 00 00 00 00  

 --- 60-03 Contact Set Application Data 8

2025/8/12 14:16:23.371 [TX] - 56 69 56 4F 74 65 63 68 32 00 60 03 00 5D 08 00 A0 00 00 00 03 10 10 07 0E 00 5F 57 01 00 5F 2A 02 08 40 9F 09 02 00 96 5F 36 01 02 9F 1B 04 00 00 3A 98 DF 25 03 9F 37 04 DF 28 03 9F 08 02 DF EE 15 01 00 DF 13 05 00 00 00 00 00 DF 14 05 00 00 00 00 00 DF 15 05 00 00 00 00 00 DF 18 01 00 DF 17 04 00 00 27 10 DF 19 01 00 F5 04 
2025/8/12 14:16:23.404 [RX] - 56 69 56 4F 74 65 63 68 32 00 60 00 00 00 3D 35 00 00 00 00 00 00 00 00 00 00 00 00 00 00 00 00 00 00 00 00 00 00 00 00 00 00 00 00 00 00 00 00 00 00 00 00 00 00 00 00 00 00 00 00 00 00 00  

 --- 60-03 Contact Set Application Data 9

2025/8/12 14:16:23.421 [TX] - 56 69 56 4F 74 65 63 68 32 00 60 03 00 5C 07 00 A0 00 00 00 04 10 10 0E 00 5F 57 01 00 5F 2A 02 08 40 9F 09 02 00 02 5F 36 01 02 9F 1B 04 00 00 3A 98 DF 25 03 9F 37 04 DF 28 03 9F 08 02 DF EE 15 01 01 DF 13 05 00 00 00 00 00 DF 14 05 00 00 00 00 00 DF 15 05 00 00 00 00 00 DF 18 01 00 DF 17 04 00 00 27 10 DF 19 01 00 7D 7E 
2025/8/12 14:16:23.456 [RX] - 56 69 56 4F 74 65 63 68 32 00 60 00 00 00 3D 35 00 00 00 00 00 00 00 00 00 00 00 00 00 00 00 00 00 00 00 00 00 00 00 00 00 00 00 00 00 00 00 00 00 00 00 00 00 00 00 00 00 00 00 00 00 00 00  

 --- 60-03 Contact Set Application Data 10

2025/8/12 14:16:23.478 [TX] - 56 69 56 4F 74 65 63 68 32 00 60 03 00 5C 07 00 A0 00 00 00 65 10 10 0E 00 5F 57 01 00 5F 2A 02 08 40 9F 09 02 02 00 5F 36 01 02 9F 1B 04 00 00 3A 98 DF 25 03 9F 37 04 DF 28 03 9F 08 02 DF EE 15 01 01 DF 13 05 00 00 00 00 00 DF 14 05 00 00 00 00 00 DF 15 05 00 00 00 00 00 DF 18 01 00 DF 17 04 00 00 27 10 DF 19 01 00 8D 01 
2025/8/12 14:16:23.556 [RX] - 56 69 56 4F 74 65 63 68 32 00 60 00 00 00 3D 35 00 00 00 00 00 00 00 00 00 00 00 00 00 00 00 00 00 00 00 00 00 00 00 00 00 00 00 00 00 00 00 00 00 00 00 00 00 00 00 00 00 00 00 00 00 00 00  

 --- 60-03 Contact Set Application Data 11

2025/8/12 14:16:23.572 [TX] - 56 69 56 4F 74 65 63 68 32 00 60 03 00 5D 08 00 A0 00 00 00 25 01 05 01 0E 00 5F 57 01 00 5F 2A 02 08 40 9F 09 02 00 01 5F 36 01 02 9F 1B 04 00 00 3A 98 DF 25 03 9F 37 04 DF 28 03 9F 08 02 DF EE 15 01 01 DF 13 05 00 00 00 00 00 DF 14 05 00 00 00 00 00 DF 15 05 00 00 00 00 00 DF 18 01 00 DF 17 04 00 00 27 10 DF 19 01 00 35 E3 
2025/8/12 14:16:23.608 [RX] - 56 69 56 4F 74 65 63 68 32 00 60 00 00 00 3D 35 00 00 00 00 00 00 00 00 00 00 00 00 00 00 00 00 00 00 00 00 00 00 00 00 00 00 00 00 00 00 00 00 00 00 00 00 00 00 00 00 00 00 00 00 00 00 00  

 --- 60-03 Contact Set Application Data 12

2025/8/12 14:16:23.621 [TX] - 56 69 56 4F 74 65 63 68 32 00 60 03 00 5C 07 00 A0 00 00 01 52 30 10 0E 00 5F 57 01 00 5F 2A 02 08 40 9F 09 02 00 01 5F 36 01 02 9F 1B 04 00 00 3A 98 DF 25 03 9F 37 04 DF 28 03 9F 08 02 DF EE 15 01 01 DF 13 05 00 00 00 00 00 DF 14 05 00 00 00 00 00 DF 15 05 00 00 00 00 00 DF 18 01 00 DF 17 04 00 00 27 10 DF 19 01 00 35 30 
2025/8/12 14:16:23.725 [RX] - 56 69 56 4F 74 65 63 68 32 00 60 00 00 00 3D 35 00 00 00 00 00 00 00 00 00 00 00 00 00 00 00 00 00 00 00 00 00 00 00 00 00 00 00 00 00 00 00 00 00 00 00 00 00 00 00 00 00 00 00 00 00 00 00  

 --- 60-03 Contact Set Application Data 13

2025/8/12 14:16:23.747 [TX] - 56 69 56 4F 74 65 63 68 32 00 60 03 00 5D 08 00 A0 00 00 03 33 01 01 02 0E 00 5F 57 01 00 5F 2A 02 08 40 9F 09 02 00 30 5F 36 01 02 9F 1B 04 00 00 3A 98 DF 25 03 9F 37 04 DF 28 03 9F 08 02 DF EE 15 01 01 DF 13 05 00 00 00 00 00 DF 14 05 00 00 00 00 00 DF 15 05 00 00 00 00 00 DF 18 01 00 DF 17 04 00 00 27 10 DF 19 01 00 95 7D 
2025/8/12 14:16:23.778 [RX] - 56 69 56 4F 74 65 63 68 32 00 60 00 00 00 3D 35 00 00 00 00 00 00 00 00 00 00 00 00 00 00 00 00 00 00 00 00 00 00 00 00 00 00 00 00 00 00 00 00 00 00 00 00 00 00 00 00 00 00 00 00 00 00 00  

 --- 60-03 Contact Set Application Data 14

2025/8/12 14:16:23.797 [TX] - 56 69 56 4F 74 65 63 68 32 00 60 03 00 5A 05 00 A1 22 33 44 55 0E 00 5F 57 01 00 5F 2A 02 08 40 9F 09 02 12 34 5F 36 01 02 9F 1B 04 00 00 3A 98 DF 25 03 9F 37 04 DF 28 03 9F 08 02 DF EE 15 01 01 DF 13 05 00 00 00 00 00 DF 14 05 00 00 00 00 00 DF 15 05 00 00 00 00 00 DF 18 01 00 DF 17 04 00 00 27 10 DF 19 01 00 EE 9B 
2025/8/12 14:16:23.831 [RX] - 56 69 56 4F 74 65 63 68 32 00 60 00 00 00 3D 35 00 00 00 00 00 00 00 00 00 00 00 00 00 00 00 00 00 00 00 00 00 00 00 00 00 00 00 00 00 00 00 00 00 00 00 00 00 00 00 00 00 00 00 00 00 00 00  

 --- 60-03 Contact Set Application Data 15

2025/8/12 14:16:23.855 [TX] - 56 69 56 4F 74 65 63 68 32 00 60 03 00 65 10 00 A0 00 00 00 03 10 10 01 02 03 04 05 06 07 08 09 0E 00 5F 57 01 00 5F 2A 02 08 40 9F 09 02 00 96 5F 36 01 02 9F 1B 04 00 00 3A 98 DF 25 03 9F 37 04 DF 28 03 9F 08 02 DF EE 15 01 01 DF 13 05 00 00 00 00 00 DF 14 05 00 00 00 00 00 DF 15 05 00 00 00 00 00 DF 18 01 00 DF 17 04 00 00 27 10 DF 19 01 00 B5 00 
2025/8/12 14:16:23.890 [RX] - 56 69 56 4F 74 65 63 68 32 00 60 00 00 00 3D 35 00 00 00 00 00 00 00 00 00 00 00 00 00 00 00 00 00 00 00 00 00 00 00 00 00 00 00 00 00 00 00 00 00 00 00 00 00 00 00 00 00 00 00 00 00 00 00  

 --- 60-10 Contact Start Transaction

2025/8/12 14:16:23.906 [TX] - 56 69 56 4F 74 65 63 68 32 00 60 10 00 23 01 00 78 00 78 9C 01 00 5F 57 01 00 9F 02 06 00 00 00 00 02 00 9F 03 06 00 00 00 00 00 00 5F 2A 02 08 40 8F F0 
2025/8/12 14:16:23.944 [RX] - 56 69 56 4F 74 65 63 68 32 00 60 63 00 00 FF 0E 00 00 00 00 00 00 00 00 00 00 00 00 00 00 00 00 00 00 00 00 00 00 00 00 00 00 00 00 00 00 00 00 00 00 00 00 00 00 00 00 00 00 00 00 00 00 00 56 69 56 4F 74 65 63 68 32 00 61 01 00 10 03 00 00 02 00 45 4E 03 00 82 0B 1C 02 00 00 60 80 ED 00 00 00 00 00 00 00 00 00 00 00 00 00 00 00 00 00 00 00 00 00 00 00 00 00 00 00 00 00 00 00 56 69 56 4F 74 65 63 68 32 00 61 01 00 19 04 00 00 02 00 45 4E 0C 00 84 01 1C 04 24 1C 04 32 2E 30 30 1C 02 00 F4 21 E1 18 00 00 00 00 00 00 00 00 00 00 00 00 00 00 00 00 00 00 00 00 00 00 56 69 56 4F 74 65 63 68 32 00 61 01 00 10 03 00 00 02 00 45 4E 03 00 82 11 1C 02 00 F4 21 9B 8B 00 00 00 00 00 00 00 00 00 00 00 00 00 00 00 00 00 00 00 00 00 00 00 00 00 00 00 00 00 00 00 56 69 56 4F 74 65 63 68 32 00 61 01 00 18 01 02 00 32 00 02 00 45 4E 09 00 01 31 1C 02 32 1C 03 33 1C 02 00 FF FF BC FD 00 00 00 00 00 00 00 00 00 00 00 00 00 00 00 00 00 00 00 00 00 00 00  

 --- 61-01 (select AID)

2025/8/12 14:16:33.811 [TX] - 56 69 56 4F 74 65 63 68 32 00 61 01 00 04 01 01 00 01 1C 2B 
2025/8/12 14:16:33.822 [RX] - 56 69 56 4F 74 65 63 68 32 00 61 01 00 10 03 00 00 02 00 45 4E 03 00 82 1A 1C 02 00 F4 21 58 29 00 00 00 00 00 00 00 00 00 00 00 00 00 00 00 00 00 00 00 00 00 00 00 00 00 00 00 00 00 00 00 56 69 56 4F 74 65 63 68 32 00 61 01 00 1F 08 02 00 32 00 02 00 45 4E 10 00 01 45 4E 1C 02 46 52 1C 03 45 53 1C 04 5A 48 1C 02 00 FF FF F4 DF 00 00 00 00 00 00 00 00 00 00 00 00 00 00 00 00  

 --- 61-01 (select Language)

2025/8/12 14:16:34.838 [TX] - 56 69 56 4F 74 65 63 68 32 00 61 01 00 04 08 01 00 01 EF 5C 
2025/8/12 14:16:34.849 [RX] - 56 69 56 4F 74 65 63 68 32 00 61 01 00 10 03 00 00 02 00 45 4E 03 00 82 1A 1C 02 00 F4 21 58 29 00 00 00 00 00 00 00 00 00 00 00 00 00 00 00 00 00 00 00 00 00 00 00 00 00 00 00 00 00 00 00 56 69 56 4F 74 65 63 68 32 00 60 00 01 09 E0 DF EE 26 02 E0 00 DF EE 12 0A FF FF FF 02 00 13 01 E0 00 19 DF EE 25 02 00 10 57 A1 11 47 61 CC CC CC CC 00 10 D2 01 2C CC CC CC CC CC CC 57 C1 18 1D 18 EA 9D B0 F4 42 30 A6 DA 96 6D A9 64 0B 42 79 98 CC DF 6D BC 9E 88 5A A1 08 47 61 CC CC CC CC 00 10 5A C1 10 2A C6 7E 88 1C BE 81 22 25 E3 47 3C 6E EA 2F BB 5F 34 01 01 5F 20 0F 46 55 4C 4C 20 46 55 4E 43 54 49 4F 4E 41 4C 5F 24 03 20 12 31 9F 1E 08 35 54 31 37 30 36 30 35 9F 1F C1 20 C3 69 B8 F7 85 8C 2C B9 6F FB F3 CF D2 EC 83 30 AC F8 4F 81 0B A8 DC 0F 13 4F 33 84 EA 97 EE 1A 9F 20 00 5F 25 03 95 07 01 5F 2D 00 50 01 31 4F 00 84 08 A1 22 33 44 55 10 10 01 DF EE 23 00 9F 39 01 05 9F 53 00 DF 4F 00 DF EC 11 20 7C 37 4A F7 DA 06 2B 65 D3 10 4E 6D 6B DB 3A 08 FE 94 4A 2C A3 5C 79 B8 0C E7 F1 72 09 A8 16 38 FF EE 01 05 DF EE 30 01 01 8B ED 00 00 00 00 00 00 00 00 00 00 00 00 00 00 00 00 00 00 00 00 00 00 00 00 00 00 00 00 00 00 00 00 00 00  

 --- 60-11 Contact Authenticate Transaction

2025/8/12 14:16:36.681 [TX] - 56 69 56 4F 74 65 63 68 32 00 60 11 00 03 00 00 78 46 F3 
2025/8/12 14:16:36.710 [RX] - 56 69 56 4F 74 65 63 68 32 00 60 63 00 00 FF 0E 00 00 00 00 00 00 00 00 00 00 00 00 00 00 00 00 00 00 00 00 00 00 00 00 00 00 00 00 00 00 00 00 00 00 00 00 00 00 00 00 00 00 00 00 00 00 00 56 69 56 4F 74 65 63 68 32 00 61 01 00 10 03 00 00 02 00 45 4E 03 00 82 15 1C 02 00 F4 21 9D 2A 00 00 00 00 00 00 00 00 00 00 00 00 00 00 00 00 00 00 00 00 00 00 00 00 00 00 00 00 00 00 00 56 69 56 4F 74 65 63 68 32 00 60 00 01 C3 E0 DF EE 26 02 E0 00 DF EE 12 0A FF FF FF 02 00 13 01 E0 00 19 DF EE 25 02 00 04 4F 00 5A A1 08 47 61 CC CC CC CC 00 10 5A C1 10 2A C6 7E 88 1C BE 81 22 25 E3 47 3C 6E EA 2F BB 50 01 31 57 A1 11 47 61 CC CC CC CC 00 10 D2 01 2C CC CC CC CC CC CC 57 C1 18 1D 18 EA 9D B0 F4 42 30 A6 DA 96 6D A9 64 0B 42 79 98 CC DF 6D BC 9E 88 82 02 18 00 84 08 A1 22 33 44 55 10 10 01 8E 0E 00 00 00 00 00 00 00 00 5E 03 1F 00 00 00 95 05 80 80 00 00 00 9A 03 20 01 05 9B 02 40 00 9C 01 00 99 00 5F 20 0F 46 55 4C 4C 20 46 55 4E 43 54 49 4F 4E 41 4C 5F 24 03 20 12 31 5F 25 03 95 07 01 5F 28 02 08 40 5F 2A 02 08 40 5F 2D 00 5F 34 01 01 9F 02 06 00 00 00 00 02 00 9F 03 06 00 00 00 00 00 00 9F 07 02 FF C0 9F 08 02 00 8C 9F 09 02 12 34 9F 0B 00 9F 0D 05 00 00 00 00 00 9F 0E 05 00 00 00 00 00 9F 0F 05 00 00 00 00 00 9F 10 00 9F 11 01 00 9F 12 00 9F 13 00 9F 15 02 12 34 9F 16 0F 30 30 30 30 30 30 30 30 30 30 30 30 30 30 30 9F 1A 02 08 40 9F 1C 08 38 37 36 35 34 33 32 31 9F 1E 08 35 54 31 37 30 36 30 35 9F 20 00 9F 21 03 10 08 15 9F 24 00 9F 26 08 1A 21 B4 2C 08 AA 19 4A 9F 27 01 80 9F 33 03 60 28 C8 9F 34 03 5E 03 00 9F 35 01 21 9F 36 02 00 01 9F 37 04 51 C0 BA 1E 9F 53 00 9F 5B 00 9F 39 01 05 DF 21 00 DF EE 23 00 DF EE 51 00 DF EC 11 20 7C 37 4A F7 DA 06 2B 65 D3 10 4E 6D 6B DB 3A 08 FE 94 4A 2C A3 5C 79 B8 0C E7 F1 72 09 A8 16 38 FF EE 01 05 DF EE 30 01 01 67 67 00 00 00 00 00 00 00 00 00 00 00 00 00 00 00 00 00 00 00 00 00 00 00 00 00 00 00 00 00 00 00 00 00 00 00 00 00  

 --- 60-12 Contact Apply Host Response

2025/8/12 14:16:37.867 [TX] - 56 69 56 4F 74 65 63 68 32 00 60 12 00 11 01 8A 02 30 30 91 0A 11 22 33 44 55 66 77 88 30 30 1C F3 
2025/8/12 14:16:37.879 [RX] - 56 69 56 4F 74 65 63 68 32 00 60 63 00 00 FF 0E 00 00 00 00 00 00 00 00 00 00 00 00 00 00 00 00 00 00 00 00 00 00 00 00 00 00 00 00 00 00 00 00 00 00 00 00 00 00 00 00 00 00 00 00 00 00 00 56 69 56 4F 74 65 63 68 32 00 61 01 00 10 03 00 00 02 00 45 4E 03 00 82 03 1C 02 00 F4 21 0A 4F 00 00 00 00 00 00 00 00 00 00 00 00 00 00 00 00 00 00 00 00 00 00 00 00 00 00 00 00 00 00 00 56 69 56 4F 74 65 63 68 32 00 60 00 00 6E E0 DF EE 26 02 E0 00 DF EE 25 02 00 02 8A 02 30 30 9F 10 00 9F 26 08 88 2D 84 27 A2 68 E2 14 9F 27 01 40 9F 36 02 00 01 9F 37 04 51 C0 BA 1E 9F 02 06 00 00 00 00 02 00 9F 13 00 95 05 80 80 00 00 00 9B 02 60 00 9F 03 06 00 00 00 00 00 00 9F 34 03 5E 03 00 DF EE 51 00 99 00 DF 21 00 9F 39 01 05 9F 53 00 FF EE 01 05 DF EE 30 01 01 9F 58 56 69 56 4F 74 65 63 68 32 00 61 01 00 10 03 00 00 02 00 45 4E 03 00 82 23 1C 02 00 00 20 F0 63 00 00 00 00 00 00 00 00 00 00 00 00 00 00 00 00 00 00 00 00 00 00 00 00 00 00 00 00 00 00 00  

 ---------- END OF TEST ----------

 Result = PASSED


Docklight Log File (HEX) - Stopped 2025/8/12 14:16:39.026 

