Docklight Log File (HEX) - Started 2023/2/17 14:21:50.294 
 TEST CASE: EXP002

 --- Set POS COM PORT Settings
 Set POS COM PORT...
 POS operating on COM90 @ 9600 baud...
 Set POS COM PORT - COMPLETE

 --- Decimal 1

2023/2/17 14:21:51.692 [TX] - 56 69 56 4F 74 65 63 68 32 00 04 00 00 04 5F 36 01 01 29 C5 
2023/2/17 14:21:51.814 [RX] - 56 69 56 4F 74 65 63 68 32 00 04 00 00 00 AE 16 00 00 00 00 00 00 00 00 00 00 00 00 00 00 00 00 00 00 00 00 00 00 00 00 00 00 00 00 00 00 00 00 00 00 00 00 00 00 00 00 00 00 00 00 00 00 00  --- 10 00 Cents

2023/2/17 14:21:51.818 [TX] - 56 69 56 4F 74 65 63 68 32 00 04 00 00 09 9F 02 06 00 00 00 00 10 00 A0 AA 
2023/2/17 14:21:51.983 [RX] - 56 69 56 4F 74 65 63 68 32 00 04 00 00 00 AE 16 00 00 00 00 00 00 00 00 00 00 00 00 00 00 00 00 00 00 00 00 00 00 00 00 00 00 00 00 00 00 00 00 00 00 00 00 00 00 00 00 00 00 00 00 00 00 00  --- Terminal Currency Code Dollors

2023/2/17 14:21:51.988 [TX] - 56 69 56 4F 74 65 63 68 32 00 04 00 00 05 9F 1A 02 08 40 81 05 
2023/2/17 14:21:52.157 [RX] - 56 69 56 4F 74 65 63 68 32 00 04 00 00 00 AE 16 00 00 00 00 00 00 00 00 00 00 00 00 00 00 00 00 00 00 00 00 00 00 00 00 00 00 00 00 00 00 00 00 00 00 00 00 00 00 00 00 00 00 00 00 00 00 00  --- Transaction Country Code Dollors

2023/2/17 14:21:52.163 [TX] - 56 69 56 4F 74 65 63 68 32 00 04 00 00 05 5F 2A 02 08 40 D0 1A 
2023/2/17 14:21:52.453 [RX] - 56 69 56 4F 74 65 63 68 32 00 04 00 00 00 AE 16 00 00 00 00 00 00 00 00 00 00 00 00 00 00 00 00 00 00 00 00 00 00 00 00 00 00 00 00 00 00 00 00 00 00 00 00 00 00 00 00 00 00 00 00 00 00 00  --- Activate Transaction

2023/2/17 14:21:56.706 [TX] - 56 69 56 4F 74 65 63 68 32 00 02 40 00 18 0A 9F 02 06 00 00 00 00 10 00 9A 03 07 11 21 9F 21 03 11 11 11 9C 01 01 C1 C2 
2023/2/17 14:21:57.732 [RX] - 56 69 56 4F 74 65 63 68 32 00 61 01 00 10 03 00 00 02 00 45 4E 03 00 82 55 1C 02 00 FF FF 01 73 00 00 00 00 00 00 00 00 00 00 00 00 00 00 00 00 00 00 00 00 00 00 00 00 00 00 00 00 00 00 00 56 69 56 4F 74 65 63 68 32 00 61 01 00 10 03 00 00 02 00 45 4E 03 00 82 54 1C 02 00 FF FF 44 D3 00 00 00 00 00 00 00 00 00 00 00 00 00 00 00 00 00 00 00 00 00 00 00 00 00 00 00 00 00 00 00 56 69 56 4F 74 65 63 68 32 00 61 01 00 10 03 00 00 02 00 45 4E 03 00 82 1A 1C 02 00 FF FF AE 60 00 00 00 00 00 00 00 00 00 00 00 00 00 00 00 00 00 00 00 00 00 00 00 00 00 00 00 00 00 00 00 56 69 56 4F 74 65 63 68 32 00 61 01 00 10 03 00 00 02 00 45 4E 03 00 82 68 1C 02 00 FF FF 60 BC 00 00 00 00 00 00 00 00 00 00 00 00 00 00 00 00 00 00 00 00 00 00 00 00 00 00 00 00 00 00 00 56 69 56 4F 74 65 63 68 32 00 61 01 00 10 03 00 00 02 00 45 4E 03 00 82 15 1C 02 00 FF FF 6B 63 00 00 00 00 00 00 00 00 00 00 00 00 00 00 00 00 00 00 00 00 00 00 00 00 00 00 00 00 00 00 00 56 69 56 4F 74 65 63 68 32 00 02 23 02 0C E1 DF EE 26 02 E1 00 DF EE 12 0A FF FF FF 02 00 10 76 20 00 17 DF EF 4C 06 00 00 00 00 00 00 DF EF 4D 00 DF 81 16 16 1E 04 00 00 00 00 00 00 00 00 00 00 00 00 00 00 00 00 00 00 00 00 DF 81 29 08 30 F0 F0 00 B0 F0 FF 00 FF 81 06 1E DF 81 15 06 00 00 00 00 00 FF 9F 42 02 09 78 DF 81 0B 01 00 DF 81 0E 01 00 DF 81 0F 01 00 FF 81 05 82 01 7C 4F 07 A0 00 00 00 04 10 10 50 0F 50 50 43 20 4D 43 44 20 30 31 20 20 76 32 30 57 A1 11 54 13 CC CC CC CC 00 10 D1 41 2C CC CC CC CC CC CC 57 C1 18 C3 86 B4 E7 E8 69 60 D3 FB 3B 45 78 EC BF 26 46 31 A9 0C 6A 55 B0 51 B7 5A A1 08 54 13 CC CC CC CC 00 10 5A C1 10 27 A2 75 E2 AA DD 3D 35 41 F1 5F D8 6B 6B FA DF 5F 24 03 14 12 31 5F 25 03 04 01 01 5F 28 02 00 56 5F 34 01 01 82 02 59 80 84 07 A0 00 00 00 04 10 10 8E 0E 00 00 00 00 00 00 00 00 42 03 5E 03 1F 03 95 05 24 00 00 00 01 9A 03 07 11 21 9B 02 00 00 9C 01 01 9F 01 00 9F 02 06 00 00 00 00 10 00 9F 06 07 A0 00 00 00 04 10 10 9F 07 02 FF 00 9F 09 02 00 02 9F 0D 05 00 00 00 00 00 9F 0E 05 00 00 00 00 00 9F 0F 05 00 00 00 00 00 9F 10 12 01 10 A0 00 09 22 80 00 00 00 00 00 00 00 00 00 00 FF 9F 15 02 11 11 9F 16 00 9F 1A 02 08 40 9F 1C 00 9F 1D 08 6C FF 00 00 00 00 00 00 9F 1E 08 33 33 35 5A 30 30 30 30 9F 21 03 11 11 11 9F 26 08 0B A5 8F 01 30 9B 36 8B 9F 27 01 80 9F 2A 01 02 9F 33 03 00 08 08 9F 34 03 1F 03 02 9F 35 01 22 9F 36 02 5F 6B 9F 37 04 D0 C4 9E 5B 9F 39 01 07 9F 40 05 00 00 00 00 00 9F 41 04 00 00 00 19 9F 4E 00 9F 53 01 00 9F 6D 02 00 01 DF EE 76 05 24 00 00 00 01 DF 81 16 16 1B 00 00 00 00 00 00 00 00 00 00 00 00 00 00 00 00 00 00 00 00 00 DF EE 4C 01 03 B4 ED 00 00 00 00 00 00 00 00 00 00 00 00 00 00 00 00 00 00 00 00 00 00 00 00 00 00 00  Result = PASSED
 

 Result = PASSED
 ---------- END OF TEST ----------

 Result = PASSED
 

 MASTER RESULT = PASSED


Docklight Log File (HEX) - Stopped 2023/2/17 14:22:02.923 

