Docklight Log File (HEX) - Started 2021/9/23 09:34:09.061 
 TEST CASE: Mag019

 --- Set POS COM PORT Settings
 Set POS COM PORT...
 POS operating on COM1 @ 9600 baud...
 Set POS COM PORT - COMPLETE

 --- Poll on demand

2021/9/23 09:34:10.185 [TX] - 56 69 56 4F 74 65 63 68 32 00 01 01 00 01 01 D7 34 
2021/9/23 09:34:10.212 [RX] - 56 69 56 4F 74 65 63 68 32 00 01 00 00 00 12 53  

 --- Burst OFF *** GR

2021/9/23 09:34:10.229 [TX] - 56 69 56 4F 74 65 63 68 32 00 04 00 00 04 FF F7 01 00 B9 2E 
2021/9/23 09:34:10.259 [RX] - 56 69 56 4F 74 65 63 68 32 00 04 00 00 00 AE 16  

 --- Activate Transaction >>> 02-01

2021/9/23 09:34:10.278 [TX] - 56 69 56 4F 74 65 63 68 32 00 02 01 00 15 78 9F 02 06 00 00 00 00 10 00 9A 03 07 11 21 9F 21 03 10 15 20 FD 31 
2021/9/23 09:34:12.789 [RX] - 02 01 6B 4C 56 69 56 4F 74 65 63 68 32 00 02 23 01 1A 41 42 36 35 31 30 30 30 30 30 30 30 30 30 30 31 32 35 5E 43 41 52 44 2F 49 4D 41 47 45 20 30 38 20 20 20 20 20 20 20 20 20 20 20 20 20 5E 31 37 31 32 32 30 31 31 30 30 30 30 39 35 30 30 30 30 30 30 25 36 35 31 30 30 30 30 30 30 30 30 30 30 31 32 35 3D 31 37 31 32 32 30 31 31 30 30 30 30 39 35 30 30 30 30 30 30 00 84 08 A0 00 00 03 24 10 10 01 9F 06 07 A0 00 00 03 24 10 10 9F 35 01 25 9F 37 04 04 26 43 32 9F 39 01 91 9A 03 07 11 21 9F 21 03 10 15 20 56 41 42 36 35 31 30 30 30 30 30 30 30 30 30 30 31 32 35 5E 43 41 52 44 2F 49 4D 41 47 45 20 30 38 20 20 20 20 20 20 20 20 20 20 20 20 20 5E 31 37 31 32 32 30 31 31 30 30 30 30 39 35 30 30 30 30 30 30 57 13 65 10 00 00 00 00 01 25 D1 71 22 01 10 00 09 50 00 00 0F 9C 01 00 9F 1E 08 37 54 38 30 31 39 36 30 9F 41 04 00 00 00 04 9F 02 06 00 00 00 00 10 00 FF EE 01 04 DF 30 01 00 DF EE 26 01 11 27 FC  

 --- Activate Transaction >>> 02-40

2021/9/23 09:34:21.540 [TX] - 56 69 56 4F 74 65 63 68 32 00 02 40 00 15 78 9F 02 06 00 00 00 00 10 00 9A 03 07 11 21 9F 21 03 10 15 20 93 17 
2021/9/23 09:34:24.379 [RX] - 56 69 56 4F 74 65 63 68 32 00 02 00 00 33 08 DF EE 25 02 00 11 DF EE 23 17 02 11 00 83 15 00 00 00 80 00 31 33 37 54 38 30 31 39 36 30 71 3F 03 9F 39 01 90 FF EE 01 04 DF 30 01 0C DF EE 26 01 08 A6 41  

 --- Activate Transaction >>> 02-40

2021/9/23 09:34:25.930 [TX] - 56 69 56 4F 74 65 63 68 32 00 02 40 00 15 78 9F 02 06 00 00 00 00 10 00 9A 03 07 11 21 9F 21 03 10 15 20 93 17 
2021/9/23 09:34:27.989 [RX] - 56 69 56 4F 74 65 63 68 32 00 02 23 01 55 11 FF EE 13 41 42 36 35 31 30 30 30 30 30 30 30 30 30 30 31 32 35 5E 43 41 52 44 2F 49 4D 41 47 45 20 30 38 20 20 20 20 20 20 20 20 20 20 20 20 20 5E 31 37 31 32 32 30 31 31 30 30 30 30 39 35 30 30 30 30 30 30 FF EE 14 25 36 35 31 30 30 30 30 30 30 30 30 30 30 31 32 35 3D 31 37 31 32 32 30 31 31 30 30 30 30 39 35 30 30 30 30 30 30 84 08 A0 00 00 03 24 10 10 01 9F 06 07 A0 00 00 03 24 10 10 9F 35 01 25 9F 37 04 62 47 95 74 9F 39 01 91 9A 03 07 11 21 9F 21 03 10 15 20 56 41 42 36 35 31 30 30 30 30 30 30 30 30 30 30 31 32 35 5E 43 41 52 44 2F 49 4D 41 47 45 20 30 38 20 20 20 20 20 20 20 20 20 20 20 20 20 5E 31 37 31 32 32 30 31 31 30 30 30 30 39 35 30 30 30 30 30 30 57 13 65 10 00 00 00 00 01 25 D1 71 22 01 10 00 09 50 00 00 0F 9C 01 00 9F 1E 08 37 54 38 30 31 39 36 30 9F 41 04 00 00 00 06 9F 02 06 00 00 00 00 10 00 FF EE 01 04 DF 30 01 00 DF EF 4C 06 00 27 00 00 00 00 DF EF 4D 27 3B 36 35 31 30 30 30 30 30 30 30 30 30 30 31 32 35 3D 31 37 31 32 32 30 31 31 30 30 30 30 39 35 30 30 30 30 30 30 3F DF EE 26 01 11 6C 10  

 ---------- END OF TEST ----------

 Result = PASSED


Docklight Log File (HEX) - Stopped 2021/9/23 09:34:29.107 

