Docklight Log File (HEX) - Started 2021/12/30 11:10:01.831 
 TEST CASE: AndroidPay002_1

 --- Set POS COM PORT Settings
 Set POS COM PORT...
 POS operating on COM1 @ 9600 baud...
 Set POS COM PORT - COMPLETE

 --- Poll on demand

2021/12/30 11:10:03.435 [TX] - 56 69 56 4F 74 65 63 68 32 00 01 01 00 01 01 D7 34 
2021/12/30 11:10:03.493 [RX] - 55 55 55 55 55 55 55 55 55 55 55 55 55 55 55 55 55 55 55 55 55 55 55 55 55 55 55 55 55 55 66 56 69 56 4F 74 65 63 68 32 00 01 00 00 00 12 53  

 --- Burst Off

2021/12/30 11:10:03.989 [TX] - 56 69 56 4F 74 65 63 68 32 00 04 00 00 04 FF F7 01 00 B9 2E 
2021/12/30 11:10:04.054 [RX] - 55 55 55 55 55 55 55 55 55 55 55 55 55 55 55 55 55 55 55 55 55 55 55 55 55 55 55 55 55 55 66 56 69 56 4F 74 65 63 68 32 00 04 00 00 00 AE 16  

 --- Activate Transaction (02-40) *** GR

2021/12/30 11:10:04.774 [TX] - 56 69 56 4F 74 65 63 68 32 00 02 40 00 0A 0A 9F 02 06 00 00 00 00 02 00 09 16 
2021/12/30 11:10:05.992 [RX] - 55 55 55 55 55 55 55 55 55 55 55 55 55 55 55 55 55 55 55 55 55 55 55 55 55 55 55 55 55 55 66 56 69 56 4F 74 65 63 68 32 00 02 23 01 52 01 E1 7D 4F 07 A0 00 00 00 03 10 10 9F 66 04 20 00 40 00 82 02 00 40 95 05 00 00 00 00 00 5F 2A 02 08 40 50 0B 56 69 73 61 20 43 72 65 64 69 74 9F 6E 04 23 8C 00 00 9F 26 08 2E 51 F9 72 5E B6 73 3C 9F 27 01 80 9F 02 06 00 00 00 00 02 00 9F 03 06 00 00 00 00 00 00 9F 10 20 1F 43 FE 00 20 00 00 00 00 00 00 00 00 01 87 16 00 00 00 00 00 00 00 00 00 00 00 00 00 00 00 00 9F 1A 02 08 40 57 13 49 98 75 13 09 76 77 09 D2 31 22 01 00 00 00 00 00 00 0F 84 07 A0 00 00 00 03 10 10 5F 34 01 00 9A 03 14 08 10 9B 02 00 00 9C 01 00 9F 06 07 A0 00 00 00 03 10 10 9F 07 02 00 00 9F 09 02 00 02 FF F2 08 33 54 31 32 33 34 35 36 9F 21 03 12 03 50 9F 33 03 00 08 E8 9F 36 02 06 F3 9F 37 04 66 DC 05 CD 9F 41 04 00 00 00 06 9F 39 01 07 9F 6C 02 01 80 5F 2D 02 65 6E 9F 35 01 22 5F 28 02 01 58 FF EE 01 0C DF 52 01 03 DF 30 01 00 DF 5B 01 08 DF EF 7F 01 00 DF EF 4C 06 00 27 00 00 00 00 DF EF 4D 27 3B 34 39 39 38 37 35 31 33 30 39 37 36 37 37 30 39 3D 32 33 31 32 32 30 31 30 30 30 30 30 30 30 30 30 30 30 30 30 3F DF EE 26 01 01 11 7D  

 ---------- END OF TEST ----------

 Result = PASSED


Docklight Log File (HEX) - Stopped 2021/12/30 11:10:06.882 

