Docklight Log File (HEX) - Started 2022/9/23 09:12:55.889 
 TEST CASE: AC201

 --- Set POS COM PORT Settings
 Set POS COM PORT...
 POS operating on COM90 @ 9600 baud...
 Set POS COM PORT - COMPLETE

 --- Set default config

2022/9/23 09:12:57.127 [TX] - 56 69 56 4F 74 65 63 68 32 00 04 09 00 00 87 30 
2022/9/23 09:13:02.091 [RX] - 56 69 56 4F 74 65 63 68 32 00 04 00 00 00 AE 16 00 00 00 00 00 00 00 00 00 00 00 00 00 00 00 00 00 00 00 00 00 00 00 00 00 00 00 00 00 00 00 00 00 00 00 00 00 00 00 00 00 00 00 00 00 00 00  

 --- Poll on Demand

2022/9/23 09:13:02.599 [TX] - 56 69 56 4F 74 65 63 68 32 00 01 01 00 01 01 D7 34 
2022/9/23 09:13:02.623 [RX] - 56 69 56 4F 74 65 63 68 32 00 01 00 00 00 12 53 00 00 00 00 00 00 00 00 00 00 00 00 00 00 00 00 00 00 00 00 00 00 00 00 00 00 00 00 00 00 00 00 00 00 00 00 00 00 00 00 00 00 00 00 00 00 00  

 --- Burst Off

2022/9/23 09:13:03.132 [TX] - 56 69 56 4F 74 65 63 68 32 00 04 00 00 05 DF EE 7E 01 00 60 1E 
2022/9/23 09:13:03.354 [RX] - 56 69 56 4F 74 65 63 68 32 00 04 00 00 00 AE 16 00 00 00 00 00 00 00 00 00 00 00 00 00 00 00 00 00 00 00 00 00 00 00 00 00 00 00 00 00 00 00 00 00 00 00 00 00 00 00 00 00 00 00 00 00 00 00  

 --- 04-03 set group

2022/9/23 09:13:05.612 [TX] - 56 69 56 4F 74 65 63 68 32 00 04 03 01 14 DF EE 2D 01 80 5F 57 00 9F 01 00 9F 40 05 00 00 00 00 00 9F 09 02 00 02 DF 81 17 01 00 DF 81 18 01 60 DF 81 19 01 08 DF 81 1A 03 9F 6A 04 DF 81 08 00 DF 60 00 DF 81 09 00 DF 62 00 DF 81 0A 00 DF 63 00 DF 81 0D 00 DF 81 32 02 00 00 DF 81 33 02 09 60 DF 81 34 02 0F A0 DF 81 35 02 0F A0 DF 81 36 02 0F A0 9F 1E 08 30 30 30 30 30 30 30 30 DF 81 1B 01 30 9F 6D 02 00 01 DF 81 1C 02 00 00 DF 81 1D 01 00 DF 81 1E 01 10 DF 81 2C 01 00 9F 15 02 11 11 9F 16 00 9F 4E 00 9F 7E 00 DF 81 23 06 00 00 00 00 80 00 DF 81 24 06 00 00 00 03 00 00 DF 81 25 06 00 00 00 05 00 00 DF 81 26 06 00 00 00 00 60 00 DF 81 1F 01 08 DF 81 20 05 F4 50 84 80 0C DF 81 21 05 00 00 00 00 00 DF 81 22 05 F4 50 84 80 0C 9F 33 00 9F 1A 02 00 56 9F 1C 00 9F 1D 08 6C FF 00 00 00 00 00 00 9F 35 01 22 DF EE 37 01 03 DF EE 38 01 00 DF EE 44 02 00 01 DF EE 0F 01 01 E7 75 
2022/9/23 09:13:05.979 [RX] - 56 69 56 4F 74 65 63 68 32 00 61 01 00 10 03 00 00 02 00 45 4E 03 00 82 23 1C 02 00 FF FF 0E C9 00 00 00 00 00 00 00 00 00 00 00 00 00 00 00 00 00 00 00 00 00 00 00 00 00 00 00 00 00 00 00 56 69 56 4F 74 65 63 68 32 00 04 00 00 00 AE 16 00 00 00 00 00 00 00 00 00 00 00 00 00 00 00 00 00 00 00 00 00 00 00 00 00 00 00 00 00 00 00 00 00 00 00 00 00 00 00 00 00 00 00 00 00 00 00 
2022/9/23 09:13:05.989 [TX] - 56 69 56 4F 74 65 63 68 32 00 04 03 01 15 DF EE 2D 01 85 5F 57 00 9F 01 00 9F 40 05 00 00 00 00 00 9F 09 02 00 02 DF 81 17 01 00 DF 81 18 01 40 DF 81 19 01 08 DF 81 1A 03 9F 6A 04 DF 81 08 00 DF 60 00 DF 81 09 00 DF 62 00 DF 81 0A 00 DF 63 00 DF 81 0D 00 DF 81 32 02 00 14 DF 81 33 02 09 60 DF 81 34 02 0F A0 DF 81 35 02 0F A0 DF 81 36 02 0F A0 9F 1E 08 30 30 30 30 30 30 30 30 DF 81 1B 01 30 9F 6D 02 00 01 DF 81 1E 01 10 DF 81 2C 01 00 DF 81 1C 02 00 00 DF 81 1D 01 00 9F 15 02 11 11 9F 16 00 9F 4E 00 9F 7E 01 00 DF 81 23 06 00 00 00 00 80 00 DF 81 24 06 00 00 00 03 00 00 DF 81 25 06 00 00 00 05 00 00 DF 81 26 06 00 00 00 00 60 00 DF 81 1F 01 08 DF 81 20 05 F4 50 84 80 0C DF 81 21 05 00 00 00 00 00 DF 81 22 05 F4 50 84 80 0C 9F 33 00 9F 1A 02 00 56 9F 1C 00 9F 1D 08 40 FF 80 00 00 00 00 00 9F 35 01 22 DF EE 37 01 03 DF EE 38 01 00 DF EE 44 02 00 01 DF EE 0F 01 01 BF B0 
2022/9/23 09:13:06.215 [RX] - 56 69 56 4F 74 65 63 68 32 00 61 01 00 10 03 00 00 02 00 45 4E 03 00 82 23 1C 02 00 FF FF 0E C9 00 00 00 00 00 00 00 00 00 00 00 00 00 00 00 00 00 00 00 00 00 00 00 00 00 00 00 00 00 00 00 56 69 56 4F 74 65 63 68 32 00 04 00 00 00 AE 16 00 00 00 00 00 00 00 00 00 00 00 00 00 00 00 00 00 00 00 00 00 00 00 00 00 00 00 00 00 00 00 00 00 00 00 00 00 00 00 00 00 00 00 00 00 00 00  

 --- 02-40

2022/9/23 09:13:17.870 [TX] - 56 69 56 4F 74 65 63 68 32 00 02 40 00 0D 0A 9F 02 06 00 00 00 00 02 00 9C 01 00 34 05 
2022/9/23 09:13:19.218 [RX] - 56 69 56 4F 74 65 63 68 32 00 61 01 00 10 03 00 00 02 00 45 4E 03 00 82 55 1C 02 00 FF FF 73 01 00 00 00 00 00 00 00 00 00 00 00 00 00 00 00 00 00 00 00 00 00 00 00 00 00 00 00 00 00 00 00 56 69 56 4F 74 65 63 68 32 00 61 01 00 10 03 00 00 02 00 45 4E 03 00 82 1A 1C 02 00 FF FF 60 AE 00 00 00 00 00 00 00 00 00 00 00 00 00 00 00 00 00 00 00 00 00 00 00 00 00 00 00 00 00 00 00 56 69 56 4F 74 65 63 68 32 00 61 01 00 10 03 00 00 02 00 45 4E 03 00 82 68 1C 02 00 FF FF BC 60 00 00 00 00 00 00 00 00 00 00 00 00 00 00 00 00 00 00 00 00 00 00 00 00 00 00 00 00 00 00 00 56 69 56 4F 74 65 63 68 32 00 61 01 00 10 03 00 00 02 00 45 4E 03 00 82 15 1C 02 00 FF FF 63 6B 00 00 00 00 00 00 00 00 00 00 00 00 00 00 00 00 00 00 00 00 00 00 00 00 00 00 00 00 00 00 00 56 69 56 4F 74 65 63 68 32 00 02 23 01 F4 F1 DF EE 26 02 F1 00 DF EE 12 0A FF FF FF 02 00 0D D7 40 00 D7 DF 81 16 16 1E 04 00 00 00 00 00 00 00 00 00 00 00 00 00 00 00 00 00 00 00 00 DF 81 29 08 30 F0 F0 00 30 F0 FF 00 FF 81 06 44 DF 81 15 06 00 00 00 00 00 FF DF 81 2A C1 20 00 1D 37 BC F4 99 59 51 5F F0 70 02 E4 F9 0F 13 05 5F 4F 6F 6C 47 13 AD F5 39 AF E9 54 0F 11 9E DF 81 2B C1 10 13 AE DB 28 43 86 2D 9B B7 C1 81 FA E2 2F 67 1E FF 81 05 82 01 66 4F 07 A0 00 00 00 04 10 10 50 0A 4D 61 73 74 65 72 43 61 72 64 56 A1 3E 2A 35 34 31 33 2A 2A 2A 2A 2A 2A 2A 2A 34 38 30 30 5E 53 55 50 50 4C 49 45 44 2F 4E 4F 54 5E 30 39 30 36 2A 2A 2A 2A 2A 2A 2A 2A 2A 2A 2A 2A 2A 2A 2A 2A 2A 2A 2A 2A 2A 2A 2A 2A 2A 2A 2A 56 C1 40 D7 9B 64 4A EC 59 A9 76 24 B2 2B C2 73 1B 81 16 B3 51 74 22 F5 44 18 A0 44 03 4E F7 36 3D 56 21 77 84 FF C6 9B 0A 6D DE CB 29 EB F4 EE CA 5C 69 66 2D 18 14 20 F6 2B 4F 79 54 E1 FB 20 59 24 47 82 02 00 00 84 08 A0 00 00 00 04 10 10 01  Tag 84 95 05 00 00 00 00 00 9A 03 22 09 23 9B 02 00 00 9C 01 00 9F 01 00 9F 02 06 00 00 00 00 02 00 9F 09 02 00 02 9F 15 02 11 11 9F 16 00 9F 1A 02 00 56 9F 1C 00 9F 1D 08 6C FF 00 00 00 00 00 00 9F 1E 08 30 30 30 30 30 30 30 30 9F 21 03 01 12 57 9F 33 03 00 00 08 9F 34 03 00 00 00 9F 35 01 22 9F 36 02 11 46 9F 37 04 F5 29 5A EB 9F 39 01 91 9F 40 05 00 00 00 00 00 9F 4E 00 9F 66 02 0E 70 9F 6A 04 00 00 09 09 9F 6B A1 13 54 13 CC CC CC CC 48 00 D0 90 6C CC CC CC CC CC CC CC CC 9F 6B C1 18 0A 2B A8 12 12 FF 88 EB 94 71 F4 2E 23 72 C7 D0 56 36 F8 BB E5 E9 5D 45 9F 6D 02 00 01 DF EE 4C 01 03 05 2D 00 00 00 00 00 00 00 00 00 00 00 00 00 00 00 00 00 00 00 00 00 00 00 00 00 00 00 00 00 00 00 00 00 00 00 00 00 00 00 00 00 00 00 00 00 00 00 00 00 00 00  

 --- 04-02 set MC AID - A0000000041010

2022/9/23 09:13:22.152 [TX] - 56 69 56 4F 74 65 63 68 32 00 04 02 00 3B DF EE 2D 01 80 9F 06 07 A0 00 00 00 04 10 10 DF EE 4B 01 01 DF EE 2E 01 10 DF EE 53 01 02 DF EE 54 0F 02 00 80 02 01 80 02 09 80 02 17 80 02 20 80 DF EE 59 01 02 DF EE 4D 01 74 EE 02 
2022/9/23 09:13:22.451 [RX] - 56 69 56 4F 74 65 63 68 32 00 04 00 00 00 AE 16 00 00 00 00 00 00 00 00 00 00 00 00 00 00 00 00 00 00 00 00 00 00 00 00 00 00 00 00 00 00 00 00 00 00 00 00 00 00 00 00 00 00 00 00 00 00 00  

 --- 04-02 set MC AID - A0000000042203

2022/9/23 09:13:22.966 [TX] - 56 69 56 4F 74 65 63 68 32 00 04 02 00 2F DF EE 2D 01 85 9F 06 07 A0 00 00 00 04 22 03 DF EE 4B 01 01 DF EE 2E 01 10 DF EE 53 01 02 DF EE 54 03 02 00 85 DF EE 59 01 02 DF EE 4D 01 74 EE AB 
2022/9/23 09:13:23.402 [RX] - 56 69 56 4F 74 65 63 68 32 00 04 00 00 00 AE 16 00 00 00 00 00 00 00 00 00 00 00 00 00 00 00 00 00 00 00 00 00 00 00 00 00 00 00 00 00 00 00 00 00 00 00 00 00 00 00 00 00 00 00 00 00 00 00  

 --- 02-40

2022/9/23 09:13:25.119 [TX] - 56 69 56 4F 74 65 63 68 32 00 02 40 00 0D 0A 9F 02 06 00 00 00 00 02 00 9C 01 00 34 05 
2022/9/23 09:13:26.330 [RX] - 56 69 56 4F 74 65 63 68 32 00 61 01 00 10 03 00 00 02 00 45 4E 03 00 82 55 1C 02 00 FF FF 73 01 00 00 00 00 00 00 00 00 00 00 00 00 00 00 00 00 00 00 00 00 00 00 00 00 00 00 00 00 00 00 00 56 69 56 4F 74 65 63 68 32 00 61 01 00 10 03 00 00 02 00 45 4E 03 00 82 1A 1C 02 00 FF FF 60 AE 00 00 00 00 00 00 00 00 00 00 00 00 00 00 00 00 00 00 00 00 00 00 00 00 00 00 00 00 00 00 00 56 69 56 4F 74 65 63 68 32 00 61 01 00 10 03 00 00 02 00 45 4E 03 00 82 68 1C 02 00 FF FF BC 60 00 00 00 00 00 00 00 00 00 00 00 00 00 00 00 00 00 00 00 00 00 00 00 00 00 00 00 00 00 00 00 56 69 56 4F 74 65 63 68 32 00 61 01 00 10 03 00 00 02 00 45 4E 03 00 82 15 1C 02 00 FF FF 63 6B 00 00 00 00 00 00 00 00 00 00 00 00 00 00 00 00 00 00 00 00 00 00 00 00 00 00 00 00 00 00 00 56 69 56 4F 74 65 63 68 32 00 02 23 01 F4 F1 DF EE 26 02 F1 00 DF EE 12 0A FF FF FF 02 00 0D D7 40 00 D8 DF 81 16 16 1E 04 00 00 00 00 00 00 00 00 00 00 00 00 00 00 00 00 00 00 00 00 DF 81 29 08 30 F0 F0 00 30 F0 FF 00 FF 81 06 44 DF 81 15 06 00 00 00 00 00 FF DF 81 2A C1 20 F2 CD 46 91 5E EF 16 98 F9 92 17 D0 8A E3 05 BC AC E1 60 4B 68 38 AC A9 D5 49 B7 A7 5A 82 64 21 DF 81 2B C1 10 0B 9E 62 C3 6E FB 6B 88 7C 6A 5B 48 77 72 EB 7A FF 81 05 82 01 66 4F 07 A0 00 00 00 04 10 10 50 0A 4D 61 73 74 65 72 43 61 72 64 56 A1 3E 2A 35 34 31 33 2A 2A 2A 2A 2A 2A 2A 2A 34 38 30 30 5E 53 55 50 50 4C 49 45 44 2F 4E 4F 54 5E 30 39 30 36 2A 2A 2A 2A 2A 2A 2A 2A 2A 2A 2A 2A 2A 2A 2A 2A 2A 2A 2A 2A 2A 2A 2A 2A 2A 2A 2A 56 C1 40 20 58 36 F8 6A C5 BB 26 99 F2 ED 53 8E 50 B3 BE A5 99 C0 54 42 F6 74 86 AE 8A D8 39 28 4F 03 48 57 A7 79 5E 81 82 AD 70 B8 9B 7E 46 59 E6 13 66 A3 61 5D 52 2B ED AE 81 BA 80 EF 5F EB B6 22 7E 82 02 00 00 84 08 A0 00 00 00 04 10 10 01  Tag 84 95 05 00 00 00 00 00 9A 03 22 09 23 9B 02 00 00 9C 01 00 9F 01 00 9F 02 06 00 00 00 00 02 00 9F 09 02 00 02 9F 15 02 11 11 9F 16 00 9F 1A 02 00 56 9F 1C 00 9F 1D 08 6C FF 00 00 00 00 00 00 9F 1E 08 30 30 30 30 30 30 30 30 9F 21 03 01 13 04 9F 33 03 00 00 08 9F 34 03 00 00 00 9F 35 01 22 9F 36 02 11 46 9F 37 04 2B B2 17 83 9F 39 01 91 9F 40 05 00 00 00 00 00 9F 4E 00 9F 66 02 0E 70 9F 6A 04 00 00 08 87 9F 6B A1 13 54 13 CC CC CC CC 48 00 D0 90 6C CC CC CC CC CC CC CC CC 9F 6B C1 18 E2 8C CA 59 5B 0B A2 2F D2 7E F1 39 4B 86 D3 32 75 80 CA C1 F3 4B 24 33 9F 6D 02 00 01 DF EE 4C 01 03 EA 40 00 00 00 00 00 00 00 00 00 00 00 00 00 00 00 00 00 00 00 00 00 00 00 00 00 00 00 00 00 00 00 00 00 00 00 00 00 00 00 00 00 00 00 00 00 00 00 00 00 00 00  

 --- Set tag DFED48 = 02 (Prefer US Common Debit MasterCard)

2022/9/23 09:13:28.962 [TX] - 56 69 56 4F 74 65 63 68 32 00 04 00 00 05 DF ED 48 01 02 FB D2 
2022/9/23 09:13:29.231 [RX] - 56 69 56 4F 74 65 63 68 32 00 04 00 00 00 AE 16 00 00 00 00 00 00 00 00 00 00 00 00 00 00 00 00 00 00 00 00 00 00 00 00 00 00 00 00 00 00 00 00 00 00 00 00 00 00 00 00 00 00 00 00 00 00 00  

 --- 02-40

2022/9/23 09:13:31.422 [TX] - 56 69 56 4F 74 65 63 68 32 00 02 40 00 0D 0A 9F 02 06 00 00 00 00 02 00 9C 01 00 34 05 
2022/9/23 09:13:32.698 [RX] - 56 69 56 4F 74 65 63 68 32 00 61 01 00 10 03 00 00 02 00 45 4E 03 00 82 55 1C 02 00 FF FF 73 01 00 00 00 00 00 00 00 00 00 00 00 00 00 00 00 00 00 00 00 00 00 00 00 00 00 00 00 00 00 00 00 56 69 56 4F 74 65 63 68 32 00 61 01 00 10 03 00 00 02 00 45 4E 03 00 82 1A 1C 02 00 FF FF 60 AE 00 00 00 00 00 00 00 00 00 00 00 00 00 00 00 00 00 00 00 00 00 00 00 00 00 00 00 00 00 00 00 56 69 56 4F 74 65 63 68 32 00 61 01 00 10 03 00 00 02 00 45 4E 03 00 82 68 1C 02 00 FF FF BC 60 00 00 00 00 00 00 00 00 00 00 00 00 00 00 00 00 00 00 00 00 00 00 00 00 00 00 00 00 00 00 00 56 69 56 4F 74 65 63 68 32 00 61 01 00 10 03 00 00 02 00 45 4E 03 00 82 15 1C 02 00 FF FF 63 6B 00 00 00 00 00 00 00 00 00 00 00 00 00 00 00 00 00 00 00 00 00 00 00 00 00 00 00 00 00 00 00 56 69 56 4F 74 65 63 68 32 00 02 23 01 F3 F1 DF EE 26 02 F1 00 DF EE 12 0A FF FF FF 02 00 0D D7 40 00 D9 DF 81 16 16 1E 04 00 00 00 00 00 00 00 00 00 00 00 00 00 00 00 00 00 00 00 00 DF 81 29 08 30 F0 F0 00 30 F0 FF 00 FF 81 06 44 DF 81 15 06 00 00 00 00 00 FF DF 81 2A C1 20 A5 E1 F2 D5 97 D9 58 5E 82 92 AF 86 CC B1 1F 80 DE DE 2B 54 30 BB 2A 97 02 3F 59 0A 3C 52 21 81 DF 81 2B C1 10 41 23 EE 5C 24 59 31 24 8F BE 89 A1 99 75 DF F7 FF 81 05 82 01 65 4F 07 A0 00 00 00 04 22 03 50 0A 4D 61 73 74 65 72 43 61 72 64 56 A1 3E 2A 35 34 31 33 2A 2A 2A 2A 2A 2A 2A 2A 34 38 30 30 5E 53 55 50 50 4C 49 45 44 2F 4E 4F 54 5E 30 39 30 36 2A 2A 2A 2A 2A 2A 2A 2A 2A 2A 2A 2A 2A 2A 2A 2A 2A 2A 2A 2A 2A 2A 2A 2A 2A 2A 2A 56 C1 40 3D 49 30 0D 44 3A 10 98 40 BA 80 2D C1 2D 61 1E EE B4 7E 3E 62 0F 40 42 87 3E FB 65 0C 84 B8 21 D2 C7 C9 4C E5 57 99 08 D1 49 86 11 65 FD D6 49 64 76 25 C8 E6 08 7C 38 37 DF D6 A5 7E 93 6F 4A 82 02 00 00 84 07 A0 00 00 00 04 22 03  Tag 84 95 05 00 00 00 00 00 9A 03 22 09 23 9B 02 00 00 9C 01 00 9F 01 00 9F 02 06 00 00 00 00 02 00 9F 09 02 00 02 9F 15 02 11 11 9F 16 00 9F 1A 02 00 56 9F 1C 00 9F 1D 08 40 FF 80 00 00 00 00 00 9F 1E 08 30 30 30 30 30 30 30 30 9F 21 03 01 13 11 9F 33 03 00 00 08 9F 34 03 00 00 00 9F 35 01 22 9F 36 02 11 46 9F 37 04 89 2C 79 81 9F 39 01 91 9F 40 05 00 00 00 00 00 9F 4E 00 9F 66 02 0E 70 9F 6A 04 00 00 06 04 9F 6B A1 13 54 13 CC CC CC CC 48 00 D0 90 6C CC CC CC CC CC CC CC CC 9F 6B C1 18 1C 77 FB 6E 10 0E 5A 8E 0B 67 6A AF F8 89 B2 B4 E6 58 56 79 16 E8 91 2F 9F 6D 02 00 01 DF EE 4C 01 03 2F D5 00 00 00 00 00 00 00 00 00 00 00 00 00 00 00 00 00 00 00 00 00 00 00 00 00 00 00 00 00 00 00 00 00 00 00 00 00 00 00 00 00 00 00 00 00 00 00 00 00 00 00 00  

 --- 02-40

2022/9/23 09:13:39.887 [TX] - 56 69 56 4F 74 65 63 68 32 00 02 40 00 0D 0A 9F 02 06 00 00 00 00 02 00 9C 01 00 34 05 
2022/9/23 09:13:40.226 [RX] - 56 69 56 4F 74 65 63 68 32 00 61 01 00 10 03 00 00 02 00 45 4E 03 00 82 55 1C 02 00 FF FF 73 01 00 00 00 00 00 00 00 00 00 00 00 00 00 00 00 00 00 00 00 00 00 00 00 00 00 00 00 00 00 00 00 56 69 56 4F 74 65 63 68 32 00 61 01 00 10 03 00 00 02 00 45 4E 03 00 82 1A 1C 02 00 FF FF 60 AE 00 00 00 00 00 00 00 00 00 00 00 00 00 00 00 00 00 00 00 00 00 00 00 00 00 00 00 00 00 00 00 56 69 56 4F 74 65 63 68 32 00 61 01 00 10 03 00 00 02 00 45 4E 03 00 82 68 1C 02 00 FF FF BC 60 00 00 00 00 00 00 00 00 00 00 00 00 00 00 00 00 00 00 00 00 00 00 00 00 00 00 00 00 00 00 00 56 69 56 4F 74 65 63 68 32 00 61 01 00 10 03 00 00 02 00 45 4E 03 00 82 15 1C 02 00 FF FF 63 6B 00 00 00 00 00 00 00 00 00 00 00 00 00 00 00 00 00 00 00 00 00 00 00 00 00 00 00 00 00 00 00 56 69 56 4F 74 65 63 68 32 00 02 23 01 F3 F1 DF EE 26 02 F1 00 DF EE 12 0A FF FF FF 02 00 0D D7 40 00 DA DF 81 16 16 1E 04 00 00 00 00 00 00 00 00 00 00 00 00 00 00 00 00 00 00 00 00 DF 81 29 08 30 F0 F0 00 30 F0 FF 00 FF 81 06 44 DF 81 15 06 00 00 00 00 00 FF DF 81 2A C1 20 CD 63 E5 DE DD F8 57 7F 97 54 CF BA 1B 82 97 C2 74 62 CB 0D 29 C5 AC 3A 54 73 9F 43 C8 D5 AB 6E DF 81 2B C1 10 55 91 D1 75 5A AF 92 C9 6D 32 09 25 42 3A 48 AF FF 81 05 82 01 65 4F 07 A0 00 00 00 04 10 10 50 0A 4D 61 73 74 65 72 43 61 72 64 56 A1 3E 2A 35 34 31 33 2A 2A 2A 2A 2A 2A 2A 2A 34 38 30 30 5E 53 55 50 50 4C 49 45 44 2F 4E 4F 54 5E 30 39 30 36 2A 2A 2A 2A 2A 2A 2A 2A 2A 2A 2A 2A 2A 2A 2A 2A 2A 2A 2A 2A 2A 2A 2A 2A 2A 2A 2A 56 C1 40 68 3E BF 8A 93 78 F9 73 53 41 D0 D7 8B C4 1A 6A D5 D2 46 C5 B9 95 ED 15 FE 2E 8B 71 96 88 70 65 37 70 49 55 FB F1 8C EA 2B 09 9D CB 14 73 3F 60 E5 E9 60 C7 23 C5 FD 84 F5 B1 FB E0 87 2B AB 61 82 02 00 00 84 07 A0 00 00 00 04 10 10  Tag 84 95 05 00 00 00 00 00 9A 03 22 09 23 9B 02 00 00 9C 01 00 9F 01 00 9F 02 06 00 00 00 00 02 00 9F 09 02 00 02 9F 15 02 11 11 9F 16 00 9F 1A 02 00 56 9F 1C 00 9F 1D 08 6C FF 00 00 00 00 00 00 9F 1E 08 30 30 30 30 30 30 30 30 9F 21 03 01 13 18 9F 33 03 00 00 08 9F 34 03 00 00 00 9F 35 01 22 9F 36 02 11 46 9F 37 04 1C A5 4A CC 9F 39 01 91 9F 40 05 00 00 00 00 00 9F 4E 00 9F 66 02 0E 70 9F 6A 04 00 00 00 48 9F 6B A1 13 54 13 CC CC CC CC 48 00 D0 90 6C CC CC CC CC CC CC CC CC 9F 6B C1 18 D4 C5 16 03 BA 50 94 18 25 86 43 F5 6E ED 2D 91 E2 09 A3 E6 CC E9 A9 AF 9F 6D 02 00 01 DF EE 4C 01 03 4D 91 00 00 00 00 00 00 00 00 00 00 00 00 00 00 00 00 00 00 00 00 00 00 00 00 00 00 00 00 00 00 00 00 00 00 00 00 00 00 00 00 00 00 00 00 00 00 00 00 00 00 00 00  

 ---------- END OF TEST ----------

 Result = PASSED


Docklight Log File (HEX) - Stopped 2022/9/23 09:13:43.470 

