Docklight Log File (HEX) - Started 2020/5/5 11:31:18.397 
 TEST CASE: EDTT06-1

 --- Set POS COM PORT Settings
 Set POS COM PORT...
 POS operating on COM90 @ 115200 baud...
 Set POS COM PORT - COMPLETE

 

 --- Data Encryption: Enable

2020/5/5 11:31:19.640 [TX] - 56 69 56 4F 74 65 63 68 32 00 C7 36 00 01 03 6C 97 
2020/5/5 11:31:19.647 [RX] - 56 69 56 4F 74 65 63 68 32 00 C7 00 00 00 86 6E 00 00 00 00 00 00 00 00 00 00 00 00 00 00 00 00 00 00 00 00 00 00 00 00 00 00 00 00 00 00 00 00 00 00 00 00 00 00 00 00 00 00 00 00 00 00 00  

 --- Poll on Demand

2020/5/5 11:31:19.653 [TX] - 56 69 56 4F 74 65 63 68 32 00 01 01 00 01 01 D7 34 
2020/5/5 11:31:19.659 [RX] - 56 69 56 4F 74 65 63 68 32 00 01 00 00 00 12 53 00 00 00 00 00 00 00 00 00 00 00 00 00 00 00 00 00 00 00 00 00 00 00 00 00 00 00 00 00 00 00 00 00 00 00 00 00 00 00 00 00 00 00 00 00 00 00  

 --- Burst mode Off

2020/5/5 11:31:20.167 [TX] - 56 69 56 4F 74 65 63 68 32 00 04 00 00 04 FF F7 01 00 B9 2E 
2020/5/5 11:31:20.175 [RX] - 56 69 56 4F 74 65 63 68 32 00 04 00 00 00 AE 16 00 00 00 00 00 00 00 00 00 00 00 00 00 00 00 00 00 00 00 00 00 00 00 00 00 00 00 00 00 00 00 00 00 00 00 00 00 00 00 00 00 00 00 00 00 00 00  

 Erase All Keys...

2020/5/5 11:31:20.683 [TX] - 56 69 56 4F 74 65 63 68 32 00 83 00 00 00 03 22 
2020/5/5 11:31:20.691 [RX] - 56 69 56 4F 74 65 63 68 32 00 83 00 00 00 22 03 00 00 00 00 00 00 00 00 00 00 00 00 00 00 00 00 00 00 00 00 00 00 00 00 00 00 00 00 00 00 00 00 00 00 00 00 00 00 00 00 00 00 00 00 00 00 00  

 Set DUKPT Key Encryption Type...

2020/5/5 11:31:21.198 [TX] - 56 69 56 4F 74 65 63 68 32 00 C7 32 00 01 00 FE 6D 
2020/5/5 11:31:21.203 [RX] - 56 69 56 4F 74 65 63 68 32 00 C7 00 00 00 86 6E 00 00 00 00 00 00 00 00 00 00 00 00 00 00 00 00 00 00 00 00 00 00 00 00 00 00 00 00 00 00 00 00 00 00 00 00 00 00 00 00 00 00 00 00 00 00 00  

 Get DUKPT Key Encryption Type...

2020/5/5 11:31:21.710 [TX] - 56 69 56 4F 74 65 63 68 32 00 C7 33 00 00 9B 1A 
2020/5/5 11:31:21.715 [RX] - 56 69 56 4F 74 65 63 68 32 00 C7 00 00 01 00 AC 7F 00 00 00 00 00 00 00 00 00 00 00 00 00 00 00 00 00 00 00 00 00 00 00 00 00 00 00 00 00 00 00 00 00 00 00 00 00 00 00 00 00 00 00 00 00 00  
OK!
 

 Loading DUKPT key...

2020/5/5 11:31:22.226 [TX] - 56 69 56 4F 74 65 63 68 32 00 80 00 00 65 30 39 36 46 31 35 35 37 37 45 39 41 44 41 30 30 38 38 4B 30 54 44 30 30 4E 30 30 30 30 30 30 38 30 45 30 39 46 43 39 35 35 45 36 33 43 32 45 43 43 30 42 34 39 44 42 46 35 31 37 36 36 42 32 41 39 34 34 33 37 32 37 35 39 30 32 33 30 32 32 30 32 32 33 34 39 38 37 31 32 30 32 33 34 30 30 30 30 30 30 30 30 9C 1B 
2020/5/5 11:31:22.235 [RX] - 56 69 56 4F 74 65 63 68 32 00 80 00 00 00 B9 DF 00 00 00 00 00 00 00 00 00 00 00 00 00 00 00 00 00 00 00 00 00 00 00 00 00 00 00 00 00 00 00 00 00 00 00 00 00 00 00 00 00 00 00 00 00 00 00 
2020/5/5 11:31:22.748 [TX] - 56 69 56 4F 74 65 63 68 32 00 80 00 00 65 31 32 45 43 36 30 30 37 37 45 39 41 44 41 30 30 38 38 4B 30 54 44 30 30 4E 30 30 30 30 30 30 38 30 31 44 31 45 36 30 44 36 45 32 46 38 44 31 44 36 32 34 42 44 34 34 36 42 43 39 33 31 34 33 33 41 30 33 33 36 33 31 30 34 35 36 37 38 32 37 37 30 32 33 41 39 39 37 31 32 36 32 33 34 30 30 30 30 30 30 30 30 30 E6 
2020/5/5 11:31:22.759 [RX] - 56 69 56 4F 74 65 63 68 32 00 80 00 00 00 B9 DF 00 00 00 00 00 00 00 00 00 00 00 00 00 00 00 00 00 00 00 00 00 00 00 00 00 00 00 00 00 00 00 00 00 00 00 00 00 00 00 00 00 00 00 00 00 00 00 
2020/5/5 11:31:23.265 [TX] - 56 69 56 4F 74 65 63 68 32 00 80 01 00 58 41 30 30 38 38 4B 30 54 44 30 30 4E 30 30 30 30 46 41 42 44 39 44 34 32 37 34 31 30 42 36 46 41 35 45 44 33 42 37 36 41 44 37 46 41 45 38 45 33 31 36 30 32 31 33 42 46 44 38 31 31 38 32 32 33 38 31 38 41 45 43 46 30 43 44 41 44 42 31 39 41 42 45 39 37 41 41 32 43 B8 FE 
2020/5/5 11:31:23.275 [RX] - 56 69 56 4F 74 65 63 68 32 00 80 00 00 00 B9 DF 00 00 00 00 00 00 00 00 00 00 00 00 00 00 00 00 00 00 00 00 00 00 00 00 00 00 00 00 00 00 00 00 00 00 00 00 00 00 00 00 00 00 00 00 00 00 00 
2020/5/5 11:31:23.784 [TX] - 56 69 56 4F 74 65 63 68 32 00 81 00 00 71 05 41 30 31 31 32 44 30 54 45 30 30 4E 30 31 30 30 4B 53 31 38 36 32 39 39 34 39 30 31 32 43 30 30 30 34 36 30 30 30 30 31 37 39 46 43 30 31 36 44 31 34 46 34 35 42 39 41 33 37 46 37 32 42 44 35 41 35 37 37 41 43 35 33 34 37 36 42 31 35 35 34 32 45 39 42 39 30 46 35 36 32 46 36 37 36 35 30 45 46 35 33 43 34 44 39 45 42 41 36 39 35 39 46 76 88 
2020/5/5 11:31:23.807 [RX] - 56 69 56 4F 74 65 63 68 32 00 81 00 00 00 CF 6B 00 00 00 00 00 00 00 00 00 00 00 00 00 00 00 00 00 00 00 00 00 00 00 00 00 00 00 00 00 00 00 00 00 00 00 00 00 00 00 00 00 00 00 00 00 00 00  
OK!
 

 --- 04-00-----DFEF4B = A4 T1+T1 Sentinel+Only First Element Found

2020/5/5 11:31:24.321 [TX] - 56 69 56 4F 74 65 63 68 32 00 04 00 00 07 DF EF 4B 03 A4 00 00 51 25 
2020/5/5 11:31:24.327 [RX] - 56 69 56 4F 74 65 63 68 32 00 04 00 00 00 AE 16 00 00 00 00 00 00 00 00 00 00 00 00 00 00 00 00 00 00 00 00 00 00 00 00 00 00 00 00 00 00 00 00 00 00 00 00 00 00 00 00 00 00 00 00 00 00 00  

 --- 60-10 Contact Start Transaction

2020/5/5 11:31:24.332 [TX] - 56 69 56 4F 74 65 63 68 32 00 60 10 00 23 01 00 78 00 78 9C 01 00 5F 57 01 00 9F 02 06 00 00 00 00 02 00 9F 03 06 00 00 00 00 00 00 5F 2A 02 08 40 F0 8F 
2020/5/5 11:31:24.339 [RX] - 56 69 56 4F 74 65 63 68 32 00 60 63 00 00 FF 0E 00 00 00 00 00 00 00 00 00 00 00 00 00 00 00 00 00 00 00 00 00 00 00 00 00 00 00 00 00 00 00 00 00 00 00 00 00 00 00 00 00 00 00 00 00 00 00 56 69 56 4F 74 65 63 68 32 00 61 01 00 10 03 00 00 02 00 45 4E 03 00 81 11 1C 02 00 00 00 A8 4F 00 00 00 00 00 00 00 00 00 00 00 00 00 00 00 00 00 00 00 00 00 00 00 00 00 00 00 00 00 00 00 56 69 56 4F 74 65 63 68 32 00 61 01 00 10 03 00 00 02 00 45 4E 03 00 81 1A 1C 02 00 00 00 6B ED 00 00 00 00 00 00 00 00 00 00 00 00 00 00 00 00 00 00 00 00 00 00 00 00 00 00 00 00 00 00 00 56 69 56 4F 74 65 63 68 32 00 61 01 00 10 03 00 00 02 00 45 53 03 00 81 1A 1C 02 00 00 00 77 40 00 00 00 00 00 00 00 00 00 00 00 00 00 00 00 00 00 00 00 00 00 00 00 00 00 00 00 00 00 00 00 56 69 56 4F 74 65 63 68 32 00 60 00 01 06 C0 FF EE 12 0A 62 99 49 01 2C 00 04 60 00 01 DF EE 25 02 00 10 57 A1 11 47 61 CC CC CC CC 00 10 D2 01 22 01 CC CC CC CC CC 57 C1 18 1B AC BF 35 0F 89 EF 6A EF 51 5D 5E 28 62 BE 0B 3A 5A 56 58 F4 85 F8 1B 5A A1 08 47 61 CC CC CC CC 00 10 5A C1 10 5B A9 77 CF C1 F2 BC F0 9F CE 73 54 E5 AB F8 72 5F 34 01 01 5F 20 0F 46 55 4C 4C 20 46 55 4E 43 54 49 4F 4E 41 4C 5F 24 03 20 12 31 9F 20 00 5F 25 03 95 07 01 5F 2D 08 65 73 65 6E 66 72 64 65 50 0A 56 49 53 41 43 52 45 44 49 54 4F 07 A0 00 00 00 03 10 10 84 07 A0 00 00 00 03 10 10 DF EE 23 00 9F 39 01 07 9F 1E 08 00 00 00 00 00 00 00 00 FF EE 01 04 DF 30 01 01 DF EF 4C 06 00 22 00 00 00 00 DF EF 4D 28 1F 9E 6D 3E E4 B1 B2 CC B9 99 A5 C4 5E D7 7A 3A CB 4A F1 49 62 01 10 A0 8A 50 3B 2A E4 8E 93 44 0E 48 82 52 8A 9C 5D 3A DF EE 26 01 C0 33 E1 00 00 00 00 00 00 00 00 00 00 00 00 00 00 00 00 00 00 00 00 00 00 00 00 00 00 00 00 00 00 00 00 00 00 00 00 00  

 --- 60-11 Contact Authenticate Transaction

2020/5/5 11:31:26.483 [TX] - 56 69 56 4F 74 65 63 68 32 00 60 11 00 03 00 00 78 F3 46 
2020/5/5 11:31:26.491 [RX] - 56 69 56 4F 74 65 63 68 32 00 60 63 00 00 FF 0E 00 00 00 00 00 00 00 00 00 00 00 00 00 00 00 00 00 00 00 00 00 00 00 00 00 00 00 00 00 00 00 00 00 00 00 00 00 00 00 00 00 00 00 00 00 00 00 56 69 56 4F 74 65 63 68 32 00 61 01 00 10 03 00 00 02 00 45 53 03 00 81 15 1C 02 00 00 00 B2 43 00 00 00 00 00 00 00 00 00 00 00 00 00 00 00 00 00 00 00 00 00 00 00 00 00 00 00 00 00 00 00 56 69 56 4F 74 65 63 68 32 00 60 00 00 82 C0 FF EE 12 0A 62 99 49 01 2C 00 04 60 00 01 DF EE 25 02 00 04 9F 10 07 06 01 1A 03 90 00 00 9F 26 08 8B C0 DD EF B0 B9 25 15 9F 27 01 80 9F 36 02 00 01 9F 37 04 A5 08 8B 62 9F 02 06 00 00 00 00 02 00 9F 4D 00 9F 4F 00 9F 13 00 95 05 42 80 00 00 00 9B 02 C8 00 9F 03 06 00 00 00 00 00 00 9F 34 03 5F 03 02 9F 39 01 07 9F 1E 08 00 00 00 00 00 00 00 00 FF EE 01 04 DF 30 01 01 DF EE 26 01 C0 55 A7 00 00 00 00 00 00 00 00 00 00 00 00 00 00 00 00 00 00 00 00 00 00 00 00 00 00 00 00 00 00 00 00 00 00 00 00 00 00 00 00 00 00 00  

 --- 60-12 Contact Apply Host Response

2020/5/5 11:31:26.650 [TX] - 56 69 56 4F 74 65 63 68 32 00 60 12 00 11 01 8A 02 30 30 91 0A 11 22 33 44 55 66 77 88 30 30 F3 1C 
2020/5/5 11:31:26.655 [RX] - 56 69 56 4F 74 65 63 68 32 00 60 63 00 00 FF 0E 00 00 00 00 00 00 00 00 00 00 00 00 00 00 00 00 00 00 00 00 00 00 00 00 00 00 00 00 00 00 00 00 00 00 00 00 00 00 00 00 00 00 00 00 00 00 00 56 69 56 4F 74 65 63 68 32 00 61 01 00 10 03 00 00 02 00 45 53 03 00 81 03 1C 02 00 00 00 25 26 00 00 00 00 00 00 00 00 00 00 00 00 00 00 00 00 00 00 00 00 00 00 00 00 00 00 00 00 00 00 00 56 69 56 4F 74 65 63 68 32 00 60 00 00 87 C0 FF EE 12 0A 62 99 49 01 2C 00 04 60 00 01 DF EE 25 02 00 02 9F 10 07 06 01 1A 03 60 00 00 9F 26 08 88 2D 84 27 A2 68 E2 14 9F 27 01 40 9F 36 02 00 01 9F 37 04 A5 08 8B 62 9F 02 06 00 00 00 00 02 00 9F 4D 00 9F 4F 00 9F 13 00 95 05 42 80 00 00 00 9B 02 F8 00 9F 03 06 00 00 00 00 00 00 9F 34 03 5F 03 02 99 00 9F 39 01 07 9F 1E 08 00 00 00 00 00 00 00 00 9F 5B 00 FF EE 01 04 DF 30 01 01 DF EE 26 01 C0 94 AA 00 00 00 00 00 00 00 00 00 00 00 00 00 00 00 00 00 00 00 00 00 00 00 00 00 00 00 00 00 00 00 00 00 00 00 00 00 00  

 Erase All Keys...

2020/5/5 11:32:30.569 [TX] - 56 69 56 4F 74 65 63 68 32 00 83 00 00 00 03 22 
2020/5/5 11:32:30.575 [RX] - 56 69 56 4F 74 65 63 68 32 00 83 00 00 00 22 03 00 00 00 00 00 00 00 00 00 00 00 00 00 00 00 00 00 00 00 00 00 00 00 00 00 00 00 00 00 00 00 00 00 00 00 00 00 00 00 00 00 00 00 00 00 00 00  

 Set DUKPT Key Encryption Type...

2020/5/5 11:32:31.081 [TX] - 56 69 56 4F 74 65 63 68 32 00 C7 32 00 01 00 FE 6D 
2020/5/5 11:32:31.087 [RX] - 56 69 56 4F 74 65 63 68 32 00 C7 00 00 00 86 6E 00 00 00 00 00 00 00 00 00 00 00 00 00 00 00 00 00 00 00 00 00 00 00 00 00 00 00 00 00 00 00 00 00 00 00 00 00 00 00 00 00 00 00 00 00 00 00  

 Get DUKPT Key Encryption Type...

2020/5/5 11:32:31.596 [TX] - 56 69 56 4F 74 65 63 68 32 00 C7 33 00 00 9B 1A 
2020/5/5 11:32:31.603 [RX] - 56 69 56 4F 74 65 63 68 32 00 C7 00 00 01 00 AC 7F 00 00 00 00 00 00 00 00 00 00 00 00 00 00 00 00 00 00 00 00 00 00 00 00 00 00 00 00 00 00 00 00 00 00 00 00 00 00 00 00 00 00 00 00 00 00  
OK!
 

 Loading DUKPT key...

2020/5/5 11:32:32.113 [TX] - 56 69 56 4F 74 65 63 68 32 00 80 00 00 65 30 39 36 46 31 35 35 37 37 45 39 41 44 41 30 30 38 38 4B 30 54 44 30 30 4E 30 30 30 30 30 30 38 30 45 30 39 46 43 39 35 35 45 36 33 43 32 45 43 43 30 42 34 39 44 42 46 35 31 37 36 36 42 32 41 39 34 34 33 37 32 37 35 39 30 32 33 30 32 32 30 32 32 33 34 39 38 37 31 32 30 32 33 34 30 30 30 30 30 30 30 30 9C 1B 
2020/5/5 11:32:32.124 [RX] - 56 69 56 4F 74 65 63 68 32 00 80 00 00 00 B9 DF 00 00 00 00 00 00 00 00 00 00 00 00 00 00 00 00 00 00 00 00 00 00 00 00 00 00 00 00 00 00 00 00 00 00 00 00 00 00 00 00 00 00 00 00 00 00 00 
2020/5/5 11:32:32.630 [TX] - 56 69 56 4F 74 65 63 68 32 00 80 00 00 65 31 32 45 43 36 30 30 37 37 45 39 41 44 41 30 30 38 38 4B 30 54 44 30 30 4E 30 30 30 30 30 30 38 30 31 44 31 45 36 30 44 36 45 32 46 38 44 31 44 36 32 34 42 44 34 34 36 42 43 39 33 31 34 33 33 41 30 33 33 36 33 31 30 34 35 36 37 38 32 37 37 30 32 33 41 39 39 37 31 32 36 32 33 34 30 30 30 30 30 30 30 30 30 E6 
2020/5/5 11:32:32.643 [RX] - 56 69 56 4F 74 65 63 68 32 00 80 00 00 00 B9 DF 00 00 00 00 00 00 00 00 00 00 00 00 00 00 00 00 00 00 00 00 00 00 00 00 00 00 00 00 00 00 00 00 00 00 00 00 00 00 00 00 00 00 00 00 00 00 00 
2020/5/5 11:32:33.148 [TX] - 56 69 56 4F 74 65 63 68 32 00 80 01 00 58 41 30 30 38 38 4B 30 54 44 30 30 4E 30 30 30 30 46 41 42 44 39 44 34 32 37 34 31 30 42 36 46 41 35 45 44 33 42 37 36 41 44 37 46 41 45 38 45 33 31 36 30 32 31 33 42 46 44 38 31 31 38 32 32 33 38 31 38 41 45 43 46 30 43 44 41 44 42 31 39 41 42 45 39 37 41 41 32 43 B8 FE 
2020/5/5 11:32:33.159 [RX] - 56 69 56 4F 74 65 63 68 32 00 80 00 00 00 B9 DF 00 00 00 00 00 00 00 00 00 00 00 00 00 00 00 00 00 00 00 00 00 00 00 00 00 00 00 00 00 00 00 00 00 00 00 00 00 00 00 00 00 00 00 00 00 00 00 
2020/5/5 11:32:33.668 [TX] - 56 69 56 4F 74 65 63 68 32 00 81 00 00 71 05 41 30 31 31 32 44 30 54 45 30 30 4E 30 31 30 30 4B 53 31 38 36 32 39 39 34 39 30 31 32 43 30 30 30 34 36 30 30 30 30 31 37 39 46 43 30 31 36 44 31 34 46 34 35 42 39 41 33 37 46 37 32 42 44 35 41 35 37 37 41 43 35 33 34 37 36 42 31 35 35 34 32 45 39 42 39 30 46 35 36 32 46 36 37 36 35 30 45 46 35 33 43 34 44 39 45 42 41 36 39 35 39 46 76 88 
2020/5/5 11:32:33.691 [RX] - 56 69 56 4F 74 65 63 68 32 00 81 00 00 00 CF 6B 00 00 00 00 00 00 00 00 00 00 00 00 00 00 00 00 00 00 00 00 00 00 00 00 00 00 00 00 00 00 00 00 00 00 00 00 00 00 00 00 00 00 00 00 00 00 00  
OK!
 

 --- 04-00-----DFEF4B = 92 T2+T2 Sentinel+Only First Element Found

2020/5/5 11:32:34.205 [TX] - 56 69 56 4F 74 65 63 68 32 00 04 00 00 07 DF EF 4B 03 92 00 00 54 52 
2020/5/5 11:32:34.211 [RX] - 56 69 56 4F 74 65 63 68 32 00 04 00 00 00 AE 16 00 00 00 00 00 00 00 00 00 00 00 00 00 00 00 00 00 00 00 00 00 00 00 00 00 00 00 00 00 00 00 00 00 00 00 00 00 00 00 00 00 00 00 00 00 00 00  

 --- 60-10 Contact Start Transaction

2020/5/5 11:32:34.216 [TX] - 56 69 56 4F 74 65 63 68 32 00 60 10 00 23 01 00 78 00 78 9C 01 00 5F 57 01 00 9F 02 06 00 00 00 00 02 00 9F 03 06 00 00 00 00 00 00 5F 2A 02 08 40 F0 8F 
2020/5/5 11:32:34.223 [RX] - 56 69 56 4F 74 65 63 68 32 00 60 63 00 00 FF 0E 00 00 00 00 00 00 00 00 00 00 00 00 00 00 00 00 00 00 00 00 00 00 00 00 00 00 00 00 00 00 00 00 00 00 00 00 00 00 00 00 00 00 00 00 00 00 00 56 69 56 4F 74 65 63 68 32 00 61 01 00 10 03 00 00 02 00 45 4E 03 00 81 11 1C 02 00 00 00 A8 4F 00 00 00 00 00 00 00 00 00 00 00 00 00 00 00 00 00 00 00 00 00 00 00 00 00 00 00 00 00 00 00 56 69 56 4F 74 65 63 68 32 00 61 01 00 10 03 00 00 02 00 45 4E 03 00 81 1A 1C 02 00 00 00 6B ED 00 00 00 00 00 00 00 00 00 00 00 00 00 00 00 00 00 00 00 00 00 00 00 00 00 00 00 00 00 00 00 56 69 56 4F 74 65 63 68 32 00 61 01 00 10 03 00 00 02 00 45 53 03 00 81 1A 1C 02 00 00 00 77 40 00 00 00 00 00 00 00 00 00 00 00 00 00 00 00 00 00 00 00 00 00 00 00 00 00 00 00 00 00 00 00 56 69 56 4F 74 65 63 68 32 00 60 00 01 06 C0 FF EE 12 0A 62 99 49 01 2C 00 04 60 00 01 DF EE 25 02 00 10 57 A1 11 47 61 CC CC CC CC 00 10 D2 01 22 01 CC CC CC CC CC 57 C1 18 1B AC BF 35 0F 89 EF 6A EF 51 5D 5E 28 62 BE 0B 3A 5A 56 58 F4 85 F8 1B 5A A1 08 47 61 CC CC CC CC 00 10 5A C1 10 5B A9 77 CF C1 F2 BC F0 9F CE 73 54 E5 AB F8 72 5F 34 01 01 5F 20 0F 46 55 4C 4C 20 46 55 4E 43 54 49 4F 4E 41 4C 5F 24 03 20 12 31 9F 20 00 5F 25 03 95 07 01 5F 2D 08 65 73 65 6E 66 72 64 65 50 0A 56 49 53 41 43 52 45 44 49 54 4F 07 A0 00 00 00 03 10 10 84 07 A0 00 00 00 03 10 10 DF EE 23 00 9F 39 01 07 9F 1E 08 00 00 00 00 00 00 00 00 FF EE 01 04 DF 30 01 01 DF EF 4C 06 00 24 00 00 00 00 DF EF 4D 28 A6 4F AA A0 D9 03 E9 8B 2C A5 91 05 56 48 CD 45 77 7B 46 BA 23 EE 49 D6 40 F3 22 9E C0 9C 33 0A 00 0D 5D 86 88 1C DD E8 DF EE 26 01 C0 7F 20 00 00 00 00 00 00 00 00 00 00 00 00 00 00 00 00 00 00 00 00 00 00 00 00 00 00 00 00 00 00 00 00 00 00 00 00 00  

 --- 60-11 Contact Authenticate Transaction

2020/5/5 11:32:35.544 [TX] - 56 69 56 4F 74 65 63 68 32 00 60 11 00 03 00 00 78 F3 46 
2020/5/5 11:32:35.551 [RX] - 56 69 56 4F 74 65 63 68 32 00 60 63 00 00 FF 0E 00 00 00 00 00 00 00 00 00 00 00 00 00 00 00 00 00 00 00 00 00 00 00 00 00 00 00 00 00 00 00 00 00 00 00 00 00 00 00 00 00 00 00 00 00 00 00 56 69 56 4F 74 65 63 68 32 00 61 01 00 10 03 00 00 02 00 45 53 03 00 81 15 1C 02 00 00 00 B2 43 00 00 00 00 00 00 00 00 00 00 00 00 00 00 00 00 00 00 00 00 00 00 00 00 00 00 00 00 00 00 00 56 69 56 4F 74 65 63 68 32 00 60 00 00 82 C0 FF EE 12 0A 62 99 49 01 2C 00 04 60 00 01 DF EE 25 02 00 04 9F 10 07 06 01 1A 03 90 00 00 9F 26 08 CB ED A6 36 11 A1 83 70 9F 27 01 80 9F 36 02 00 01 9F 37 04 B7 FC 28 CC 9F 02 06 00 00 00 00 02 00 9F 4D 00 9F 4F 00 9F 13 00 95 05 42 80 00 00 00 9B 02 C8 00 9F 03 06 00 00 00 00 00 00 9F 34 03 5F 03 02 9F 39 01 07 9F 1E 08 00 00 00 00 00 00 00 00 FF EE 01 04 DF 30 01 01 DF EE 26 01 C0 11 63 00 00 00 00 00 00 00 00 00 00 00 00 00 00 00 00 00 00 00 00 00 00 00 00 00 00 00 00 00 00 00 00 00 00 00 00 00 00 00 00 00 00 00  

 --- 60-12 Contact Apply Host Response

2020/5/5 11:32:35.729 [TX] - 56 69 56 4F 74 65 63 68 32 00 60 12 00 11 01 8A 02 30 30 91 0A 11 22 33 44 55 66 77 88 30 30 F3 1C 
2020/5/5 11:32:35.735 [RX] - 56 69 56 4F 74 65 63 68 32 00 60 63 00 00 FF 0E 00 00 00 00 00 00 00 00 00 00 00 00 00 00 00 00 00 00 00 00 00 00 00 00 00 00 00 00 00 00 00 00 00 00 00 00 00 00 00 00 00 00 00 00 00 00 00 56 69 56 4F 74 65 63 68 32 00 61 01 00 10 03 00 00 02 00 45 53 03 00 81 03 1C 02 00 00 00 25 26 00 00 00 00 00 00 00 00 00 00 00 00 00 00 00 00 00 00 00 00 00 00 00 00 00 00 00 00 00 00 00 56 69 56 4F 74 65 63 68 32 00 60 00 00 87 C0 FF EE 12 0A 62 99 49 01 2C 00 04 60 00 01 DF EE 25 02 00 02 9F 10 07 06 01 1A 03 60 00 00 9F 26 08 88 2D 84 27 A2 68 E2 14 9F 27 01 40 9F 36 02 00 01 9F 37 04 B7 FC 28 CC 9F 02 06 00 00 00 00 02 00 9F 4D 00 9F 4F 00 9F 13 00 95 05 42 80 00 00 00 9B 02 F8 00 9F 03 06 00 00 00 00 00 00 9F 34 03 5F 03 02 99 00 9F 39 01 07 9F 1E 08 00 00 00 00 00 00 00 00 9F 5B 00 FF EE 01 04 DF 30 01 01 DF EE 26 01 C0 22 AE 00 00 00 00 00 00 00 00 00 00 00 00 00 00 00 00 00 00 00 00 00 00 00 00 00 00 00 00 00 00 00 00 00 00 00 00 00 00  

 Erase All Keys...

2020/5/5 11:32:37.481 [TX] - 56 69 56 4F 74 65 63 68 32 00 83 00 00 00 03 22 
2020/5/5 11:32:37.487 [RX] - 56 69 56 4F 74 65 63 68 32 00 83 00 00 00 22 03 00 00 00 00 00 00 00 00 00 00 00 00 00 00 00 00 00 00 00 00 00 00 00 00 00 00 00 00 00 00 00 00 00 00 00 00 00 00 00 00 00 00 00 00 00 00 00  

 Set DUKPT Key Encryption Type...

2020/5/5 11:32:37.993 [TX] - 56 69 56 4F 74 65 63 68 32 00 C7 32 00 01 00 FE 6D 
2020/5/5 11:32:37.999 [RX] - 56 69 56 4F 74 65 63 68 32 00 C7 00 00 00 86 6E 00 00 00 00 00 00 00 00 00 00 00 00 00 00 00 00 00 00 00 00 00 00 00 00 00 00 00 00 00 00 00 00 00 00 00 00 00 00 00 00 00 00 00 00 00 00 00  

 Get DUKPT Key Encryption Type...

2020/5/5 11:32:38.506 [TX] - 56 69 56 4F 74 65 63 68 32 00 C7 33 00 00 9B 1A 
2020/5/5 11:32:38.515 [RX] - 56 69 56 4F 74 65 63 68 32 00 C7 00 00 01 00 AC 7F 00 00 00 00 00 00 00 00 00 00 00 00 00 00 00 00 00 00 00 00 00 00 00 00 00 00 00 00 00 00 00 00 00 00 00 00 00 00 00 00 00 00 00 00 00 00  
OK!
 

 Loading DUKPT key...

2020/5/5 11:32:39.029 [TX] - 56 69 56 4F 74 65 63 68 32 00 80 00 00 65 30 39 36 46 31 35 35 37 37 45 39 41 44 41 30 30 38 38 4B 30 54 44 30 30 4E 30 30 30 30 30 30 38 30 45 30 39 46 43 39 35 35 45 36 33 43 32 45 43 43 30 42 34 39 44 42 46 35 31 37 36 36 42 32 41 39 34 34 33 37 32 37 35 39 30 32 33 30 32 32 30 32 32 33 34 39 38 37 31 32 30 32 33 34 30 30 30 30 30 30 30 30 9C 1B 
2020/5/5 11:32:39.039 [RX] - 56 69 56 4F 74 65 63 68 32 00 80 00 00 00 B9 DF 00 00 00 00 00 00 00 00 00 00 00 00 00 00 00 00 00 00 00 00 00 00 00 00 00 00 00 00 00 00 00 00 00 00 00 00 00 00 00 00 00 00 00 00 00 00 00 
2020/5/5 11:32:39.608 [TX] - 56 69 56 4F 74 65 63 68 32 00 80 00 00 65 31 32 45 43 36 30 30 37 37 45 39 41 44 41 30 30 38 38 4B 30 54 44 30 30 4E 30 30 30 30 30 30 38 30 31 44 31 45 36 30 44 36 45 32 46 38 44 31 44 36 32 34 42 44 34 34 36 42 43 39 33 31 34 33 33 41 30 33 33 36 33 31 30 34 35 36 37 38 32 37 37 30 32 33 41 39 39 37 31 32 36 32 33 34 30 30 30 30 30 30 30 30 30 E6 
2020/5/5 11:32:39.619 [RX] - 56 69 56 4F 74 65 63 68 32 00 80 00 00 00 B9 DF 00 00 00 00 00 00 00 00 00 00 00 00 00 00 00 00 00 00 00 00 00 00 00 00 00 00 00 00 00 00 00 00 00 00 00 00 00 00 00 00 00 00 00 00 00 00 00 
2020/5/5 11:32:40.124 [TX] - 56 69 56 4F 74 65 63 68 32 00 80 01 00 58 41 30 30 38 38 4B 30 54 44 30 30 4E 30 30 30 30 46 41 42 44 39 44 34 32 37 34 31 30 42 36 46 41 35 45 44 33 42 37 36 41 44 37 46 41 45 38 45 33 31 36 30 32 31 33 42 46 44 38 31 31 38 32 32 33 38 31 38 41 45 43 46 30 43 44 41 44 42 31 39 41 42 45 39 37 41 41 32 43 B8 FE 
2020/5/5 11:32:40.135 [RX] - 56 69 56 4F 74 65 63 68 32 00 80 00 00 00 B9 DF 00 00 00 00 00 00 00 00 00 00 00 00 00 00 00 00 00 00 00 00 00 00 00 00 00 00 00 00 00 00 00 00 00 00 00 00 00 00 00 00 00 00 00 00 00 00 00 
2020/5/5 11:32:40.642 [TX] - 56 69 56 4F 74 65 63 68 32 00 81 00 00 71 05 41 30 31 31 32 44 30 54 45 30 30 4E 30 31 30 30 4B 53 31 38 36 32 39 39 34 39 30 31 32 43 30 30 30 34 36 30 30 30 30 31 37 39 46 43 30 31 36 44 31 34 46 34 35 42 39 41 33 37 46 37 32 42 44 35 41 35 37 37 41 43 35 33 34 37 36 42 31 35 35 34 32 45 39 42 39 30 46 35 36 32 46 36 37 36 35 30 45 46 35 33 43 34 44 39 45 42 41 36 39 35 39 46 76 88 
2020/5/5 11:32:40.663 [RX] - 56 69 56 4F 74 65 63 68 32 00 81 00 00 00 CF 6B 00 00 00 00 00 00 00 00 00 00 00 00 00 00 00 00 00 00 00 00 00 00 00 00 00 00 00 00 00 00 00 00 00 00 00 00 00 00 00 00 00 00 00 00 00 00 00  
OK!
 

 --- 04-00-----DFEF4B = 89 T3+T3 Sentinel+Only First Element Found

2020/5/5 11:32:41.176 [TX] - 56 69 56 4F 74 65 63 68 32 00 04 00 00 07 DF EF 4B 03 89 00 00 C6 E1 
2020/5/5 11:32:41.183 [RX] - 56 69 56 4F 74 65 63 68 32 00 04 00 00 00 AE 16 00 00 00 00 00 00 00 00 00 00 00 00 00 00 00 00 00 00 00 00 00 00 00 00 00 00 00 00 00 00 00 00 00 00 00 00 00 00 00 00 00 00 00 00 00 00 00  

 --- 60-10 Contact Start Transaction

2020/5/5 11:32:41.188 [TX] - 56 69 56 4F 74 65 63 68 32 00 60 10 00 23 01 00 78 00 78 9C 01 00 5F 57 01 00 9F 02 06 00 00 00 00 02 00 9F 03 06 00 00 00 00 00 00 5F 2A 02 08 40 F0 8F 
2020/5/5 11:32:41.195 [RX] - 56 69 56 4F 74 65 63 68 32 00 60 63 00 00 FF 0E 00 00 00 00 00 00 00 00 00 00 00 00 00 00 00 00 00 00 00 00 00 00 00 00 00 00 00 00 00 00 00 00 00 00 00 00 00 00 00 00 00 00 00 00 00 00 00 56 69 56 4F 74 65 63 68 32 00 61 01 00 10 03 00 00 02 00 45 4E 03 00 81 11 1C 02 00 00 00 A8 4F 00 00 00 00 00 00 00 00 00 00 00 00 00 00 00 00 00 00 00 00 00 00 00 00 00 00 00 00 00 00 00 56 69 56 4F 74 65 63 68 32 00 61 01 00 10 03 00 00 02 00 45 4E 03 00 81 1A 1C 02 00 00 00 6B ED 00 00 00 00 00 00 00 00 00 00 00 00 00 00 00 00 00 00 00 00 00 00 00 00 00 00 00 00 00 00 00 56 69 56 4F 74 65 63 68 32 00 61 01 00 10 03 00 00 02 00 45 53 03 00 81 1A 1C 02 00 00 00 77 40 00 00 00 00 00 00 00 00 00 00 00 00 00 00 00 00 00 00 00 00 00 00 00 00 00 00 00 00 00 00 00 56 69 56 4F 74 65 63 68 32 00 60 00 01 06 C0 FF EE 12 0A 62 99 49 01 2C 00 04 60 00 01 DF EE 25 02 00 10 57 A1 11 47 61 CC CC CC CC 00 10 D2 01 22 01 CC CC CC CC CC 57 C1 18 1B AC BF 35 0F 89 EF 6A EF 51 5D 5E 28 62 BE 0B 3A 5A 56 58 F4 85 F8 1B 5A A1 08 47 61 CC CC CC CC 00 10 5A C1 10 5B A9 77 CF C1 F2 BC F0 9F CE 73 54 E5 AB F8 72 5F 34 01 01 5F 20 0F 46 55 4C 4C 20 46 55 4E 43 54 49 4F 4E 41 4C 5F 24 03 20 12 31 9F 20 00 5F 25 03 95 07 01 5F 2D 08 65 73 65 6E 66 72 64 65 50 0A 56 49 53 41 43 52 45 44 49 54 4F 07 A0 00 00 00 03 10 10 84 07 A0 00 00 00 03 10 10 DF EE 23 00 9F 39 01 07 9F 1E 08 00 00 00 00 00 00 00 00 FF EE 01 04 DF 30 01 01 DF EF 4C 06 00 22 00 00 00 00 DF EF 4D 28 1F 9E 6D 3E E4 B1 B2 CC B9 99 A5 C4 5E D7 7A 3A CB 4A F1 49 62 01 10 A0 8A 50 3B 2A E4 8E 93 44 0E 48 82 52 8A 9C 5D 3A DF EE 26 01 C0 33 E1 00 00 00 00 00 00 00 00 00 00 00 00 00 00 00 00 00 00 00 00 00 00 00 00 00 00 00 00 00 00 00 00 00 00 00 00 00  

 --- 60-11 Contact Authenticate Transaction

2020/5/5 11:32:42.579 [TX] - 56 69 56 4F 74 65 63 68 32 00 60 11 00 03 00 00 78 F3 46 
2020/5/5 11:32:42.587 [RX] - 56 69 56 4F 74 65 63 68 32 00 60 63 00 00 FF 0E 00 00 00 00 00 00 00 00 00 00 00 00 00 00 00 00 00 00 00 00 00 00 00 00 00 00 00 00 00 00 00 00 00 00 00 00 00 00 00 00 00 00 00 00 00 00 00 56 69 56 4F 74 65 63 68 32 00 61 01 00 10 03 00 00 02 00 45 53 03 00 81 15 1C 02 00 00 00 B2 43 00 00 00 00 00 00 00 00 00 00 00 00 00 00 00 00 00 00 00 00 00 00 00 00 00 00 00 00 00 00 00 56 69 56 4F 74 65 63 68 32 00 60 00 00 82 C0 FF EE 12 0A 62 99 49 01 2C 00 04 60 00 01 DF EE 25 02 00 04 9F 10 07 06 01 1A 03 90 00 00 9F 26 08 F5 E6 70 B7 9D 51 B1 BB 9F 27 01 80 9F 36 02 00 01 9F 37 04 1C B3 41 9A 9F 02 06 00 00 00 00 02 00 9F 4D 00 9F 4F 00 9F 13 00 95 05 42 80 00 00 00 9B 02 C8 00 9F 03 06 00 00 00 00 00 00 9F 34 03 5F 03 02 9F 39 01 07 9F 1E 08 00 00 00 00 00 00 00 00 FF EE 01 04 DF 30 01 01 DF EE 26 01 C0 6C CC 00 00 00 00 00 00 00 00 00 00 00 00 00 00 00 00 00 00 00 00 00 00 00 00 00 00 00 00 00 00 00 00 00 00 00 00 00 00 00 00 00 00 00  

 --- 60-12 Contact Apply Host Response

2020/5/5 11:32:42.761 [TX] - 56 69 56 4F 74 65 63 68 32 00 60 12 00 11 01 8A 02 30 30 91 0A 11 22 33 44 55 66 77 88 30 30 F3 1C 
2020/5/5 11:32:42.767 [RX] - 56 69 56 4F 74 65 63 68 32 00 60 63 00 00 FF 0E 00 00 00 00 00 00 00 00 00 00 00 00 00 00 00 00 00 00 00 00 00 00 00 00 00 00 00 00 00 00 00 00 00 00 00 00 00 00 00 00 00 00 00 00 00 00 00 56 69 56 4F 74 65 63 68 32 00 61 01 00 10 03 00 00 02 00 45 53 03 00 81 03 1C 02 00 00 00 25 26 00 00 00 00 00 00 00 00 00 00 00 00 00 00 00 00 00 00 00 00 00 00 00 00 00 00 00 00 00 00 00 56 69 56 4F 74 65 63 68 32 00 60 00 00 87 C0 FF EE 12 0A 62 99 49 01 2C 00 04 60 00 01 DF EE 25 02 00 02 9F 10 07 06 01 1A 03 60 00 00 9F 26 08 88 2D 84 27 A2 68 E2 14 9F 27 01 40 9F 36 02 00 01 9F 37 04 1C B3 41 9A 9F 02 06 00 00 00 00 02 00 9F 4D 00 9F 4F 00 9F 13 00 95 05 42 80 00 00 00 9B 02 F8 00 9F 03 06 00 00 00 00 00 00 9F 34 03 5F 03 02 99 00 9F 39 01 07 9F 1E 08 00 00 00 00 00 00 00 00 9F 5B 00 FF EE 01 04 DF 30 01 01 DF EE 26 01 C0 CC CE 00 00 00 00 00 00 00 00 00 00 00 00 00 00 00 00 00 00 00 00 00 00 00 00 00 00 00 00 00 00 00 00 00 00 00 00 00 00  

 Erase All Keys...

2020/5/5 11:32:44.504 [TX] - 56 69 56 4F 74 65 63 68 32 00 83 00 00 00 03 22 
2020/5/5 11:32:44.511 [RX] - 56 69 56 4F 74 65 63 68 32 00 83 00 00 00 22 03 00 00 00 00 00 00 00 00 00 00 00 00 00 00 00 00 00 00 00 00 00 00 00 00 00 00 00 00 00 00 00 00 00 00 00 00 00 00 00 00 00 00 00 00 00 00 00  

 Set DUKPT Key Encryption Type...

2020/5/5 11:32:45.016 [TX] - 56 69 56 4F 74 65 63 68 32 00 C7 32 00 01 00 FE 6D 
2020/5/5 11:32:45.023 [RX] - 56 69 56 4F 74 65 63 68 32 00 C7 00 00 00 86 6E 00 00 00 00 00 00 00 00 00 00 00 00 00 00 00 00 00 00 00 00 00 00 00 00 00 00 00 00 00 00 00 00 00 00 00 00 00 00 00 00 00 00 00 00 00 00 00  

 Get DUKPT Key Encryption Type...

2020/5/5 11:32:45.529 [TX] - 56 69 56 4F 74 65 63 68 32 00 C7 33 00 00 9B 1A 
2020/5/5 11:32:45.534 [RX] - 56 69 56 4F 74 65 63 68 32 00 C7 00 00 01 00 AC 7F 00 00 00 00 00 00 00 00 00 00 00 00 00 00 00 00 00 00 00 00 00 00 00 00 00 00 00 00 00 00 00 00 00 00 00 00 00 00 00 00 00 00 00 00 00 00  
OK!
 

 Loading DUKPT key...

2020/5/5 11:32:46.044 [TX] - 56 69 56 4F 74 65 63 68 32 00 80 00 00 65 30 39 36 46 31 35 35 37 37 45 39 41 44 41 30 30 38 38 4B 30 54 44 30 30 4E 30 30 30 30 30 30 38 30 45 30 39 46 43 39 35 35 45 36 33 43 32 45 43 43 30 42 34 39 44 42 46 35 31 37 36 36 42 32 41 39 34 34 33 37 32 37 35 39 30 32 33 30 32 32 30 32 32 33 34 39 38 37 31 32 30 32 33 34 30 30 30 30 30 30 30 30 9C 1B 
2020/5/5 11:32:46.054 [RX] - 56 69 56 4F 74 65 63 68 32 00 80 00 00 00 B9 DF 00 00 00 00 00 00 00 00 00 00 00 00 00 00 00 00 00 00 00 00 00 00 00 00 00 00 00 00 00 00 00 00 00 00 00 00 00 00 00 00 00 00 00 00 00 00 00 
2020/5/5 11:32:46.559 [TX] - 56 69 56 4F 74 65 63 68 32 00 80 00 00 65 31 32 45 43 36 30 30 37 37 45 39 41 44 41 30 30 38 38 4B 30 54 44 30 30 4E 30 30 30 30 30 30 38 30 31 44 31 45 36 30 44 36 45 32 46 38 44 31 44 36 32 34 42 44 34 34 36 42 43 39 33 31 34 33 33 41 30 33 33 36 33 31 30 34 35 36 37 38 32 37 37 30 32 33 41 39 39 37 31 32 36 32 33 34 30 30 30 30 30 30 30 30 30 E6 
2020/5/5 11:32:46.570 [RX] - 56 69 56 4F 74 65 63 68 32 00 80 00 00 00 B9 DF 00 00 00 00 00 00 00 00 00 00 00 00 00 00 00 00 00 00 00 00 00 00 00 00 00 00 00 00 00 00 00 00 00 00 00 00 00 00 00 00 00 00 00 00 00 00 00 
2020/5/5 11:32:47.075 [TX] - 56 69 56 4F 74 65 63 68 32 00 80 01 00 58 41 30 30 38 38 4B 30 54 44 30 30 4E 30 30 30 30 46 41 42 44 39 44 34 32 37 34 31 30 42 36 46 41 35 45 44 33 42 37 36 41 44 37 46 41 45 38 45 33 31 36 30 32 31 33 42 46 44 38 31 31 38 32 32 33 38 31 38 41 45 43 46 30 43 44 41 44 42 31 39 41 42 45 39 37 41 41 32 43 B8 FE 
2020/5/5 11:32:47.086 [RX] - 56 69 56 4F 74 65 63 68 32 00 80 00 00 00 B9 DF 00 00 00 00 00 00 00 00 00 00 00 00 00 00 00 00 00 00 00 00 00 00 00 00 00 00 00 00 00 00 00 00 00 00 00 00 00 00 00 00 00 00 00 00 00 00 00 
2020/5/5 11:32:47.593 [TX] - 56 69 56 4F 74 65 63 68 32 00 81 00 00 71 05 41 30 31 31 32 44 30 54 45 30 30 4E 30 31 30 30 4B 53 31 38 36 32 39 39 34 39 30 31 32 43 30 30 30 34 36 30 30 30 30 31 37 39 46 43 30 31 36 44 31 34 46 34 35 42 39 41 33 37 46 37 32 42 44 35 41 35 37 37 41 43 35 33 34 37 36 42 31 35 35 34 32 45 39 42 39 30 46 35 36 32 46 36 37 36 35 30 45 46 35 33 43 34 44 39 45 42 41 36 39 35 39 46 76 88 
2020/5/5 11:32:47.614 [RX] - 56 69 56 4F 74 65 63 68 32 00 81 00 00 00 CF 6B 00 00 00 00 00 00 00 00 00 00 00 00 00 00 00 00 00 00 00 00 00 00 00 00 00 00 00 00 00 00 00 00 00 00 00 00 00 00 00 00 00 00 00 00 00 00 00  
OK!
 

 --- 04-00-----DFEF4B = B6 T1+T2+T1 Sentinel+T2 Sentinel+Only First Element Found

2020/5/5 11:32:48.127 [TX] - 56 69 56 4F 74 65 63 68 32 00 04 00 00 07 DF EF 4B 03 B6 00 00 52 08 
2020/5/5 11:32:48.134 [RX] - 56 69 56 4F 74 65 63 68 32 00 04 00 00 00 AE 16 00 00 00 00 00 00 00 00 00 00 00 00 00 00 00 00 00 00 00 00 00 00 00 00 00 00 00 00 00 00 00 00 00 00 00 00 00 00 00 00 00 00 00 00 00 00 00  

 --- 60-10 Contact Start Transaction

2020/5/5 11:32:48.140 [TX] - 56 69 56 4F 74 65 63 68 32 00 60 10 00 23 01 00 78 00 78 9C 01 00 5F 57 01 00 9F 02 06 00 00 00 00 02 00 9F 03 06 00 00 00 00 00 00 5F 2A 02 08 40 F0 8F 
2020/5/5 11:32:48.146 [RX] - 56 69 56 4F 74 65 63 68 32 00 60 63 00 00 FF 0E 00 00 00 00 00 00 00 00 00 00 00 00 00 00 00 00 00 00 00 00 00 00 00 00 00 00 00 00 00 00 00 00 00 00 00 00 00 00 00 00 00 00 00 00 00 00 00 56 69 56 4F 74 65 63 68 32 00 61 01 00 10 03 00 00 02 00 45 4E 03 00 81 11 1C 02 00 00 00 A8 4F 00 00 00 00 00 00 00 00 00 00 00 00 00 00 00 00 00 00 00 00 00 00 00 00 00 00 00 00 00 00 00 56 69 56 4F 74 65 63 68 32 00 61 01 00 10 03 00 00 02 00 45 4E 03 00 81 1A 1C 02 00 00 00 6B ED 00 00 00 00 00 00 00 00 00 00 00 00 00 00 00 00 00 00 00 00 00 00 00 00 00 00 00 00 00 00 00 56 69 56 4F 74 65 63 68 32 00 61 01 00 10 03 00 00 02 00 45 53 03 00 81 1A 1C 02 00 00 00 77 40 00 00 00 00 00 00 00 00 00 00 00 00 00 00 00 00 00 00 00 00 00 00 00 00 00 00 00 00 00 00 00 56 69 56 4F 74 65 63 68 32 00 60 00 01 06 C0 FF EE 12 0A 62 99 49 01 2C 00 04 60 00 01 DF EE 25 02 00 10 57 A1 11 47 61 CC CC CC CC 00 10 D2 01 22 01 CC CC CC CC CC 57 C1 18 1B AC BF 35 0F 89 EF 6A EF 51 5D 5E 28 62 BE 0B 3A 5A 56 58 F4 85 F8 1B 5A A1 08 47 61 CC CC CC CC 00 10 5A C1 10 5B A9 77 CF C1 F2 BC F0 9F CE 73 54 E5 AB F8 72 5F 34 01 01 5F 20 0F 46 55 4C 4C 20 46 55 4E 43 54 49 4F 4E 41 4C 5F 24 03 20 12 31 9F 20 00 5F 25 03 95 07 01 5F 2D 08 65 73 65 6E 66 72 64 65 50 0A 56 49 53 41 43 52 45 44 49 54 4F 07 A0 00 00 00 03 10 10 84 07 A0 00 00 00 03 10 10 DF EE 23 00 9F 39 01 07 9F 1E 08 00 00 00 00 00 00 00 00 FF EE 01 04 DF 30 01 01 DF EF 4C 06 00 24 00 00 00 00 DF EF 4D 28 A6 4F AA A0 D9 03 E9 8B 2C A5 91 05 56 48 CD 45 77 7B 46 BA 23 EE 49 D6 40 F3 22 9E C0 9C 33 0A 00 0D 5D 86 88 1C DD E8 DF EE 26 01 C0 7F 20 00 00 00 00 00 00 00 00 00 00 00 00 00 00 00 00 00 00 00 00 00 00 00 00 00 00 00 00 00 00 00 00 00 00 00 00 00  

 --- 60-11 Contact Authenticate Transaction

2020/5/5 11:32:49.499 [TX] - 56 69 56 4F 74 65 63 68 32 00 60 11 00 03 00 00 78 F3 46 
2020/5/5 11:32:49.506 [RX] - 56 69 56 4F 74 65 63 68 32 00 60 63 00 00 FF 0E 00 00 00 00 00 00 00 00 00 00 00 00 00 00 00 00 00 00 00 00 00 00 00 00 00 00 00 00 00 00 00 00 00 00 00 00 00 00 00 00 00 00 00 00 00 00 00 56 69 56 4F 74 65 63 68 32 00 61 01 00 10 03 00 00 02 00 45 53 03 00 81 15 1C 02 00 00 00 B2 43 00 00 00 00 00 00 00 00 00 00 00 00 00 00 00 00 00 00 00 00 00 00 00 00 00 00 00 00 00 00 00 56 69 56 4F 74 65 63 68 32 00 60 00 00 82 C0 FF EE 12 0A 62 99 49 01 2C 00 04 60 00 01 DF EE 25 02 00 04 9F 10 07 06 01 1A 03 90 00 00 9F 26 08 8E 20 7F 03 43 77 D1 56 9F 27 01 80 9F 36 02 00 01 9F 37 04 2C 04 6F F7 9F 02 06 00 00 00 00 02 00 9F 4D 00 9F 4F 00 9F 13 00 95 05 42 80 00 00 00 9B 02 C8 00 9F 03 06 00 00 00 00 00 00 9F 34 03 5F 03 02 9F 39 01 07 9F 1E 08 00 00 00 00 00 00 00 00 FF EE 01 04 DF 30 01 01 DF EE 26 01 C0 F4 E9 00 00 00 00 00 00 00 00 00 00 00 00 00 00 00 00 00 00 00 00 00 00 00 00 00 00 00 00 00 00 00 00 00 00 00 00 00 00 00 00 00 00 00  

 --- 60-12 Contact Apply Host Response

2020/5/5 11:32:49.679 [TX] - 56 69 56 4F 74 65 63 68 32 00 60 12 00 11 01 8A 02 30 30 91 0A 11 22 33 44 55 66 77 88 30 30 F3 1C 
2020/5/5 11:32:49.686 [RX] - 56 69 56 4F 74 65 63 68 32 00 60 63 00 00 FF 0E 00 00 00 00 00 00 00 00 00 00 00 00 00 00 00 00 00 00 00 00 00 00 00 00 00 00 00 00 00 00 00 00 00 00 00 00 00 00 00 00 00 00 00 00 00 00 00 56 69 56 4F 74 65 63 68 32 00 61 01 00 10 03 00 00 02 00 45 53 03 00 81 03 1C 02 00 00 00 25 26 00 00 00 00 00 00 00 00 00 00 00 00 00 00 00 00 00 00 00 00 00 00 00 00 00 00 00 00 00 00 00 56 69 56 4F 74 65 63 68 32 00 60 00 00 87 C0 FF EE 12 0A 62 99 49 01 2C 00 04 60 00 01 DF EE 25 02 00 02 9F 10 07 06 01 1A 03 60 00 00 9F 26 08 88 2D 84 27 A2 68 E2 14 9F 27 01 40 9F 36 02 00 01 9F 37 04 2C 04 6F F7 9F 02 06 00 00 00 00 02 00 9F 4D 00 9F 4F 00 9F 13 00 95 05 42 80 00 00 00 9B 02 F8 00 9F 03 06 00 00 00 00 00 00 9F 34 03 5F 03 02 99 00 9F 39 01 07 9F 1E 08 00 00 00 00 00 00 00 00 9F 5B 00 FF EE 01 04 DF 30 01 01 DF EE 26 01 C0 0B E3 00 00 00 00 00 00 00 00 00 00 00 00 00 00 00 00 00 00 00 00 00 00 00 00 00 00 00 00 00 00 00 00 00 00 00 00 00 00  

 Erase All Keys...

2020/5/5 11:32:51.849 [TX] - 56 69 56 4F 74 65 63 68 32 00 83 00 00 00 03 22 
2020/5/5 11:32:51.854 [RX] - 56 69 56 4F 74 65 63 68 32 00 83 00 00 00 22 03 00 00 00 00 00 00 00 00 00 00 00 00 00 00 00 00 00 00 00 00 00 00 00 00 00 00 00 00 00 00 00 00 00 00 00 00 00 00 00 00 00 00 00 00 00 00 00  

 Set DUKPT Key Encryption Type...

2020/5/5 11:32:52.361 [TX] - 56 69 56 4F 74 65 63 68 32 00 C7 32 00 01 00 FE 6D 
2020/5/5 11:32:52.366 [RX] - 56 69 56 4F 74 65 63 68 32 00 C7 00 00 00 86 6E 00 00 00 00 00 00 00 00 00 00 00 00 00 00 00 00 00 00 00 00 00 00 00 00 00 00 00 00 00 00 00 00 00 00 00 00 00 00 00 00 00 00 00 00 00 00 00  

 Get DUKPT Key Encryption Type...

2020/5/5 11:32:52.875 [TX] - 56 69 56 4F 74 65 63 68 32 00 C7 33 00 00 9B 1A 
2020/5/5 11:32:52.882 [RX] - 56 69 56 4F 74 65 63 68 32 00 C7 00 00 01 00 AC 7F 00 00 00 00 00 00 00 00 00 00 00 00 00 00 00 00 00 00 00 00 00 00 00 00 00 00 00 00 00 00 00 00 00 00 00 00 00 00 00 00 00 00 00 00 00 00  
OK!
 

 Loading DUKPT key...

2020/5/5 11:32:53.393 [TX] - 56 69 56 4F 74 65 63 68 32 00 80 00 00 65 30 39 36 46 31 35 35 37 37 45 39 41 44 41 30 30 38 38 4B 30 54 44 30 30 4E 30 30 30 30 30 30 38 30 45 30 39 46 43 39 35 35 45 36 33 43 32 45 43 43 30 42 34 39 44 42 46 35 31 37 36 36 42 32 41 39 34 34 33 37 32 37 35 39 30 32 33 30 32 32 30 32 32 33 34 39 38 37 31 32 30 32 33 34 30 30 30 30 30 30 30 30 9C 1B 
2020/5/5 11:32:53.402 [RX] - 56 69 56 4F 74 65 63 68 32 00 80 00 00 00 B9 DF 00 00 00 00 00 00 00 00 00 00 00 00 00 00 00 00 00 00 00 00 00 00 00 00 00 00 00 00 00 00 00 00 00 00 00 00 00 00 00 00 00 00 00 00 00 00 00 
2020/5/5 11:32:53.907 [TX] - 56 69 56 4F 74 65 63 68 32 00 80 00 00 65 31 32 45 43 36 30 30 37 37 45 39 41 44 41 30 30 38 38 4B 30 54 44 30 30 4E 30 30 30 30 30 30 38 30 31 44 31 45 36 30 44 36 45 32 46 38 44 31 44 36 32 34 42 44 34 34 36 42 43 39 33 31 34 33 33 41 30 33 33 36 33 31 30 34 35 36 37 38 32 37 37 30 32 33 41 39 39 37 31 32 36 32 33 34 30 30 30 30 30 30 30 30 30 E6 
2020/5/5 11:32:53.918 [RX] - 56 69 56 4F 74 65 63 68 32 00 80 00 00 00 B9 DF 00 00 00 00 00 00 00 00 00 00 00 00 00 00 00 00 00 00 00 00 00 00 00 00 00 00 00 00 00 00 00 00 00 00 00 00 00 00 00 00 00 00 00 00 00 00 00 
2020/5/5 11:32:54.424 [TX] - 56 69 56 4F 74 65 63 68 32 00 80 01 00 58 41 30 30 38 38 4B 30 54 44 30 30 4E 30 30 30 30 46 41 42 44 39 44 34 32 37 34 31 30 42 36 46 41 35 45 44 33 42 37 36 41 44 37 46 41 45 38 45 33 31 36 30 32 31 33 42 46 44 38 31 31 38 32 32 33 38 31 38 41 45 43 46 30 43 44 41 44 42 31 39 41 42 45 39 37 41 41 32 43 B8 FE 
2020/5/5 11:32:54.434 [RX] - 56 69 56 4F 74 65 63 68 32 00 80 00 00 00 B9 DF 00 00 00 00 00 00 00 00 00 00 00 00 00 00 00 00 00 00 00 00 00 00 00 00 00 00 00 00 00 00 00 00 00 00 00 00 00 00 00 00 00 00 00 00 00 00 00 
2020/5/5 11:32:54.944 [TX] - 56 69 56 4F 74 65 63 68 32 00 81 00 00 71 05 41 30 31 31 32 44 30 54 45 30 30 4E 30 31 30 30 4B 53 31 38 36 32 39 39 34 39 30 31 32 43 30 30 30 34 36 30 30 30 30 31 37 39 46 43 30 31 36 44 31 34 46 34 35 42 39 41 33 37 46 37 32 42 44 35 41 35 37 37 41 43 35 33 34 37 36 42 31 35 35 34 32 45 39 42 39 30 46 35 36 32 46 36 37 36 35 30 45 46 35 33 43 34 44 39 45 42 41 36 39 35 39 46 76 88 
2020/5/5 11:32:54.966 [RX] - 56 69 56 4F 74 65 63 68 32 00 81 00 00 00 CF 6B 00 00 00 00 00 00 00 00 00 00 00 00 00 00 00 00 00 00 00 00 00 00 00 00 00 00 00 00 00 00 00 00 00 00 00 00 00 00 00 00 00 00 00 00 00 00 00  
OK!
 

 --- 04-00-----DFEF4B = AD T1+T3+T1 Sentinel+T3 Sentinel+Only First Element Found

2020/5/5 11:32:55.481 [TX] - 56 69 56 4F 74 65 63 68 32 00 04 00 00 07 DF EF 4B 03 AD 00 00 C0 BB 
2020/5/5 11:32:55.486 [RX] - 56 69 56 4F 74 65 63 68 32 00 04 00 00 00 AE 16 00 00 00 00 00 00 00 00 00 00 00 00 00 00 00 00 00 00 00 00 00 00 00 00 00 00 00 00 00 00 00 00 00 00 00 00 00 00 00 00 00 00 00 00 00 00 00  

 --- 60-10 Contact Start Transaction

2020/5/5 11:32:55.492 [TX] - 56 69 56 4F 74 65 63 68 32 00 60 10 00 23 01 00 78 00 78 9C 01 00 5F 57 01 00 9F 02 06 00 00 00 00 02 00 9F 03 06 00 00 00 00 00 00 5F 2A 02 08 40 F0 8F 
2020/5/5 11:32:55.498 [RX] - 56 69 56 4F 74 65 63 68 32 00 60 63 00 00 FF 0E 00 00 00 00 00 00 00 00 00 00 00 00 00 00 00 00 00 00 00 00 00 00 00 00 00 00 00 00 00 00 00 00 00 00 00 00 00 00 00 00 00 00 00 00 00 00 00 56 69 56 4F 74 65 63 68 32 00 61 01 00 10 03 00 00 02 00 45 4E 03 00 81 11 1C 02 00 00 00 A8 4F 00 00 00 00 00 00 00 00 00 00 00 00 00 00 00 00 00 00 00 00 00 00 00 00 00 00 00 00 00 00 00 56 69 56 4F 74 65 63 68 32 00 61 01 00 10 03 00 00 02 00 45 4E 03 00 81 1A 1C 02 00 00 00 6B ED 00 00 00 00 00 00 00 00 00 00 00 00 00 00 00 00 00 00 00 00 00 00 00 00 00 00 00 00 00 00 00 56 69 56 4F 74 65 63 68 32 00 61 01 00 10 03 00 00 02 00 45 53 03 00 81 1A 1C 02 00 00 00 77 40 00 00 00 00 00 00 00 00 00 00 00 00 00 00 00 00 00 00 00 00 00 00 00 00 00 00 00 00 00 00 00 56 69 56 4F 74 65 63 68 32 00 60 00 01 06 C0 FF EE 12 0A 62 99 49 01 2C 00 04 60 00 01 DF EE 25 02 00 10 57 A1 11 47 61 CC CC CC CC 00 10 D2 01 22 01 CC CC CC CC CC 57 C1 18 1B AC BF 35 0F 89 EF 6A EF 51 5D 5E 28 62 BE 0B 3A 5A 56 58 F4 85 F8 1B 5A A1 08 47 61 CC CC CC CC 00 10 5A C1 10 5B A9 77 CF C1 F2 BC F0 9F CE 73 54 E5 AB F8 72 5F 34 01 01 5F 20 0F 46 55 4C 4C 20 46 55 4E 43 54 49 4F 4E 41 4C 5F 24 03 20 12 31 9F 20 00 5F 25 03 95 07 01 5F 2D 08 65 73 65 6E 66 72 64 65 50 0A 56 49 53 41 43 52 45 44 49 54 4F 07 A0 00 00 00 03 10 10 84 07 A0 00 00 00 03 10 10 DF EE 23 00 9F 39 01 07 9F 1E 08 00 00 00 00 00 00 00 00 FF EE 01 04 DF 30 01 01 DF EF 4C 06 00 22 00 00 00 00 DF EF 4D 28 1F 9E 6D 3E E4 B1 B2 CC B9 99 A5 C4 5E D7 7A 3A CB 4A F1 49 62 01 10 A0 8A 50 3B 2A E4 8E 93 44 0E 48 82 52 8A 9C 5D 3A DF EE 26 01 C0 33 E1 00 00 00 00 00 00 00 00 00 00 00 00 00 00 00 00 00 00 00 00 00 00 00 00 00 00 00 00 00 00 00 00 00 00 00 00 00  

 --- 60-11 Contact Authenticate Transaction

2020/5/5 11:32:56.864 [TX] - 56 69 56 4F 74 65 63 68 32 00 60 11 00 03 00 00 78 F3 46 
2020/5/5 11:32:56.870 [RX] - 56 69 56 4F 74 65 63 68 32 00 60 63 00 00 FF 0E 00 00 00 00 00 00 00 00 00 00 00 00 00 00 00 00 00 00 00 00 00 00 00 00 00 00 00 00 00 00 00 00 00 00 00 00 00 00 00 00 00 00 00 00 00 00 00 56 69 56 4F 74 65 63 68 32 00 61 01 00 10 03 00 00 02 00 45 53 03 00 81 15 1C 02 00 00 00 B2 43 00 00 00 00 00 00 00 00 00 00 00 00 00 00 00 00 00 00 00 00 00 00 00 00 00 00 00 00 00 00 00 56 69 56 4F 74 65 63 68 32 00 60 00 00 82 C0 FF EE 12 0A 62 99 49 01 2C 00 04 60 00 01 DF EE 25 02 00 04 9F 10 07 06 01 1A 03 90 00 00 9F 26 08 FE EA 23 E5 FA FD E2 36 9F 27 01 80 9F 36 02 00 01 9F 37 04 47 47 12 BC 9F 02 06 00 00 00 00 02 00 9F 4D 00 9F 4F 00 9F 13 00 95 05 42 80 00 00 00 9B 02 C8 00 9F 03 06 00 00 00 00 00 00 9F 34 03 5F 03 02 9F 39 01 07 9F 1E 08 00 00 00 00 00 00 00 00 FF EE 01 04 DF 30 01 01 DF EE 26 01 C0 33 ED 00 00 00 00 00 00 00 00 00 00 00 00 00 00 00 00 00 00 00 00 00 00 00 00 00 00 00 00 00 00 00 00 00 00 00 00 00 00 00 00 00 00 00  

 --- 60-12 Contact Apply Host Response

2020/5/5 11:32:57.044 [TX] - 56 69 56 4F 74 65 63 68 32 00 60 12 00 11 01 8A 02 30 30 91 0A 11 22 33 44 55 66 77 88 30 30 F3 1C 
2020/5/5 11:32:57.050 [RX] - 56 69 56 4F 74 65 63 68 32 00 60 63 00 00 FF 0E 00 00 00 00 00 00 00 00 00 00 00 00 00 00 00 00 00 00 00 00 00 00 00 00 00 00 00 00 00 00 00 00 00 00 00 00 00 00 00 00 00 00 00 00 00 00 00 56 69 56 4F 74 65 63 68 32 00 61 01 00 10 03 00 00 02 00 45 53 03 00 81 03 1C 02 00 00 00 25 26 00 00 00 00 00 00 00 00 00 00 00 00 00 00 00 00 00 00 00 00 00 00 00 00 00 00 00 00 00 00 00 56 69 56 4F 74 65 63 68 32 00 60 00 00 87 C0 FF EE 12 0A 62 99 49 01 2C 00 04 60 00 01 DF EE 25 02 00 02 9F 10 07 06 01 1A 03 60 00 00 9F 26 08 88 2D 84 27 A2 68 E2 14 9F 27 01 40 9F 36 02 00 01 9F 37 04 47 47 12 BC 9F 02 06 00 00 00 00 02 00 9F 4D 00 9F 4F 00 9F 13 00 95 05 42 80 00 00 00 9B 02 F8 00 9F 03 06 00 00 00 00 00 00 9F 34 03 5F 03 02 99 00 9F 39 01 07 9F 1E 08 00 00 00 00 00 00 00 00 9F 5B 00 FF EE 01 04 DF 30 01 01 DF EE 26 01 C0 BE 96 00 00 00 00 00 00 00 00 00 00 00 00 00 00 00 00 00 00 00 00 00 00 00 00 00 00 00 00 00 00 00 00 00 00 00 00 00 00  

 Erase All Keys...

2020/5/5 11:32:58.761 [TX] - 56 69 56 4F 74 65 63 68 32 00 83 00 00 00 03 22 
2020/5/5 11:32:58.766 [RX] - 56 69 56 4F 74 65 63 68 32 00 83 00 00 00 22 03 00 00 00 00 00 00 00 00 00 00 00 00 00 00 00 00 00 00 00 00 00 00 00 00 00 00 00 00 00 00 00 00 00 00 00 00 00 00 00 00 00 00 00 00 00 00 00  

 Set DUKPT Key Encryption Type...

2020/5/5 11:32:59.273 [TX] - 56 69 56 4F 74 65 63 68 32 00 C7 32 00 01 00 FE 6D 
2020/5/5 11:32:59.278 [RX] - 56 69 56 4F 74 65 63 68 32 00 C7 00 00 00 86 6E 00 00 00 00 00 00 00 00 00 00 00 00 00 00 00 00 00 00 00 00 00 00 00 00 00 00 00 00 00 00 00 00 00 00 00 00 00 00 00 00 00 00 00 00 00 00 00  

 Get DUKPT Key Encryption Type...

2020/5/5 11:32:59.786 [TX] - 56 69 56 4F 74 65 63 68 32 00 C7 33 00 00 9B 1A 
2020/5/5 11:32:59.794 [RX] - 56 69 56 4F 74 65 63 68 32 00 C7 00 00 01 00 AC 7F 00 00 00 00 00 00 00 00 00 00 00 00 00 00 00 00 00 00 00 00 00 00 00 00 00 00 00 00 00 00 00 00 00 00 00 00 00 00 00 00 00 00 00 00 00 00  
OK!
 

 Loading DUKPT key...

2020/5/5 11:33:00.304 [TX] - 56 69 56 4F 74 65 63 68 32 00 80 00 00 65 30 39 36 46 31 35 35 37 37 45 39 41 44 41 30 30 38 38 4B 30 54 44 30 30 4E 30 30 30 30 30 30 38 30 45 30 39 46 43 39 35 35 45 36 33 43 32 45 43 43 30 42 34 39 44 42 46 35 31 37 36 36 42 32 41 39 34 34 33 37 32 37 35 39 30 32 33 30 32 32 30 32 32 33 34 39 38 37 31 32 30 32 33 34 30 30 30 30 30 30 30 30 9C 1B 
2020/5/5 11:33:00.314 [RX] - 56 69 56 4F 74 65 63 68 32 00 80 00 00 00 B9 DF 00 00 00 00 00 00 00 00 00 00 00 00 00 00 00 00 00 00 00 00 00 00 00 00 00 00 00 00 00 00 00 00 00 00 00 00 00 00 00 00 00 00 00 00 00 00 00 
2020/5/5 11:33:00.825 [TX] - 56 69 56 4F 74 65 63 68 32 00 80 00 00 65 31 32 45 43 36 30 30 37 37 45 39 41 44 41 30 30 38 38 4B 30 54 44 30 30 4E 30 30 30 30 30 30 38 30 31 44 31 45 36 30 44 36 45 32 46 38 44 31 44 36 32 34 42 44 34 34 36 42 43 39 33 31 34 33 33 41 30 33 33 36 33 31 30 34 35 36 37 38 32 37 37 30 32 33 41 39 39 37 31 32 36 32 33 34 30 30 30 30 30 30 30 30 30 E6 
2020/5/5 11:33:00.834 [RX] - 56 69 56 4F 74 65 63 68 32 00 80 00 00 00 B9 DF 00 00 00 00 00 00 00 00 00 00 00 00 00 00 00 00 00 00 00 00 00 00 00 00 00 00 00 00 00 00 00 00 00 00 00 00 00 00 00 00 00 00 00 00 00 00 00 
2020/5/5 11:33:01.340 [TX] - 56 69 56 4F 74 65 63 68 32 00 80 01 00 58 41 30 30 38 38 4B 30 54 44 30 30 4E 30 30 30 30 46 41 42 44 39 44 34 32 37 34 31 30 42 36 46 41 35 45 44 33 42 37 36 41 44 37 46 41 45 38 45 33 31 36 30 32 31 33 42 46 44 38 31 31 38 32 32 33 38 31 38 41 45 43 46 30 43 44 41 44 42 31 39 41 42 45 39 37 41 41 32 43 B8 FE 
2020/5/5 11:33:01.350 [RX] - 56 69 56 4F 74 65 63 68 32 00 80 00 00 00 B9 DF 00 00 00 00 00 00 00 00 00 00 00 00 00 00 00 00 00 00 00 00 00 00 00 00 00 00 00 00 00 00 00 00 00 00 00 00 00 00 00 00 00 00 00 00 00 00 00 
2020/5/5 11:33:01.861 [TX] - 56 69 56 4F 74 65 63 68 32 00 81 00 00 71 05 41 30 31 31 32 44 30 54 45 30 30 4E 30 31 30 30 4B 53 31 38 36 32 39 39 34 39 30 31 32 43 30 30 30 34 36 30 30 30 30 31 37 39 46 43 30 31 36 44 31 34 46 34 35 42 39 41 33 37 46 37 32 42 44 35 41 35 37 37 41 43 35 33 34 37 36 42 31 35 35 34 32 45 39 42 39 30 46 35 36 32 46 36 37 36 35 30 45 46 35 33 43 34 44 39 45 42 41 36 39 35 39 46 76 88 
2020/5/5 11:33:01.886 [RX] - 56 69 56 4F 74 65 63 68 32 00 81 00 00 00 CF 6B 00 00 00 00 00 00 00 00 00 00 00 00 00 00 00 00 00 00 00 00 00 00 00 00 00 00 00 00 00 00 00 00 00 00 00 00 00 00 00 00 00 00 00 00 00 00 00  
OK!
 

 --- 04-00-----DFEF4B = 9B T2+T3+T2 Sentinel+T3 Sentinel+Only First Element Found

2020/5/5 11:33:02.400 [TX] - 56 69 56 4F 74 65 63 68 32 00 04 00 00 07 DF EF 4B 03 9B 00 00 C5 CC 
2020/5/5 11:33:02.406 [RX] - 56 69 56 4F 74 65 63 68 32 00 04 00 00 00 AE 16 00 00 00 00 00 00 00 00 00 00 00 00 00 00 00 00 00 00 00 00 00 00 00 00 00 00 00 00 00 00 00 00 00 00 00 00 00 00 00 00 00 00 00 00 00 00 00  

 --- 60-10 Contact Start Transaction

2020/5/5 11:33:02.412 [TX] - 56 69 56 4F 74 65 63 68 32 00 60 10 00 23 01 00 78 00 78 9C 01 00 5F 57 01 00 9F 02 06 00 00 00 00 02 00 9F 03 06 00 00 00 00 00 00 5F 2A 02 08 40 F0 8F 
2020/5/5 11:33:02.418 [RX] - 56 69 56 4F 74 65 63 68 32 00 60 63 00 00 FF 0E 00 00 00 00 00 00 00 00 00 00 00 00 00 00 00 00 00 00 00 00 00 00 00 00 00 00 00 00 00 00 00 00 00 00 00 00 00 00 00 00 00 00 00 00 00 00 00 56 69 56 4F 74 65 63 68 32 00 61 01 00 10 03 00 00 02 00 45 4E 03 00 81 11 1C 02 00 00 00 A8 4F 00 00 00 00 00 00 00 00 00 00 00 00 00 00 00 00 00 00 00 00 00 00 00 00 00 00 00 00 00 00 00 56 69 56 4F 74 65 63 68 32 00 61 01 00 10 03 00 00 02 00 45 4E 03 00 81 1A 1C 02 00 00 00 6B ED 00 00 00 00 00 00 00 00 00 00 00 00 00 00 00 00 00 00 00 00 00 00 00 00 00 00 00 00 00 00 00 56 69 56 4F 74 65 63 68 32 00 61 01 00 10 03 00 00 02 00 45 53 03 00 81 1A 1C 02 00 00 00 77 40 00 00 00 00 00 00 00 00 00 00 00 00 00 00 00 00 00 00 00 00 00 00 00 00 00 00 00 00 00 00 00 56 69 56 4F 74 65 63 68 32 00 60 00 01 06 C0 FF EE 12 0A 62 99 49 01 2C 00 04 60 00 01 DF EE 25 02 00 10 57 A1 11 47 61 CC CC CC CC 00 10 D2 01 22 01 CC CC CC CC CC 57 C1 18 1B AC BF 35 0F 89 EF 6A EF 51 5D 5E 28 62 BE 0B 3A 5A 56 58 F4 85 F8 1B 5A A1 08 47 61 CC CC CC CC 00 10 5A C1 10 5B A9 77 CF C1 F2 BC F0 9F CE 73 54 E5 AB F8 72 5F 34 01 01 5F 20 0F 46 55 4C 4C 20 46 55 4E 43 54 49 4F 4E 41 4C 5F 24 03 20 12 31 9F 20 00 5F 25 03 95 07 01 5F 2D 08 65 73 65 6E 66 72 64 65 50 0A 56 49 53 41 43 52 45 44 49 54 4F 07 A0 00 00 00 03 10 10 84 07 A0 00 00 00 03 10 10 DF EE 23 00 9F 39 01 07 9F 1E 08 00 00 00 00 00 00 00 00 FF EE 01 04 DF 30 01 01 DF EF 4C 06 00 24 00 00 00 00 DF EF 4D 28 A6 4F AA A0 D9 03 E9 8B 2C A5 91 05 56 48 CD 45 77 7B 46 BA 23 EE 49 D6 40 F3 22 9E C0 9C 33 0A 00 0D 5D 86 88 1C DD E8 DF EE 26 01 C0 7F 20 00 00 00 00 00 00 00 00 00 00 00 00 00 00 00 00 00 00 00 00 00 00 00 00 00 00 00 00 00 00 00 00 00 00 00 00 00  

 --- 60-11 Contact Authenticate Transaction

2020/5/5 11:33:03.787 [TX] - 56 69 56 4F 74 65 63 68 32 00 60 11 00 03 00 00 78 F3 46 
2020/5/5 11:33:03.794 [RX] - 56 69 56 4F 74 65 63 68 32 00 60 63 00 00 FF 0E 00 00 00 00 00 00 00 00 00 00 00 00 00 00 00 00 00 00 00 00 00 00 00 00 00 00 00 00 00 00 00 00 00 00 00 00 00 00 00 00 00 00 00 00 00 00 00 56 69 56 4F 74 65 63 68 32 00 61 01 00 10 03 00 00 02 00 45 53 03 00 81 15 1C 02 00 00 00 B2 43 00 00 00 00 00 00 00 00 00 00 00 00 00 00 00 00 00 00 00 00 00 00 00 00 00 00 00 00 00 00 00 56 69 56 4F 74 65 63 68 32 00 60 00 00 82 C0 FF EE 12 0A 62 99 49 01 2C 00 04 60 00 01 DF EE 25 02 00 04 9F 10 07 06 01 1A 03 90 00 00 9F 26 08 E0 C1 4C 04 5C 9A 3D AA 9F 27 01 80 9F 36 02 00 01 9F 37 04 65 5B C7 64 9F 02 06 00 00 00 00 02 00 9F 4D 00 9F 4F 00 9F 13 00 95 05 42 80 00 00 00 9B 02 C8 00 9F 03 06 00 00 00 00 00 00 9F 34 03 5F 03 02 9F 39 01 07 9F 1E 08 00 00 00 00 00 00 00 00 FF EE 01 04 DF 30 01 01 DF EE 26 01 C0 8D B4 00 00 00 00 00 00 00 00 00 00 00 00 00 00 00 00 00 00 00 00 00 00 00 00 00 00 00 00 00 00 00 00 00 00 00 00 00 00 00 00 00 00 00  

 --- 60-12 Contact Apply Host Response

2020/5/5 11:33:03.978 [TX] - 56 69 56 4F 74 65 63 68 32 00 60 12 00 11 01 8A 02 30 30 91 0A 11 22 33 44 55 66 77 88 30 30 F3 1C 
2020/5/5 11:33:03.986 [RX] - 56 69 56 4F 74 65 63 68 32 00 60 63 00 00 FF 0E 00 00 00 00 00 00 00 00 00 00 00 00 00 00 00 00 00 00 00 00 00 00 00 00 00 00 00 00 00 00 00 00 00 00 00 00 00 00 00 00 00 00 00 00 00 00 00 56 69 56 4F 74 65 63 68 32 00 61 01 00 10 03 00 00 02 00 45 53 03 00 81 03 1C 02 00 00 00 25 26 00 00 00 00 00 00 00 00 00 00 00 00 00 00 00 00 00 00 00 00 00 00 00 00 00 00 00 00 00 00 00 56 69 56 4F 74 65 63 68 32 00 60 00 00 87 C0 FF EE 12 0A 62 99 49 01 2C 00 04 60 00 01 DF EE 25 02 00 02 9F 10 07 06 01 1A 03 60 00 00 9F 26 08 88 2D 84 27 A2 68 E2 14 9F 27 01 40 9F 36 02 00 01 9F 37 04 65 5B C7 64 9F 02 06 00 00 00 00 02 00 9F 4D 00 9F 4F 00 9F 13 00 95 05 42 80 00 00 00 9B 02 F8 00 9F 03 06 00 00 00 00 00 00 9F 34 03 5F 03 02 99 00 9F 39 01 07 9F 1E 08 00 00 00 00 00 00 00 00 9F 5B 00 FF EE 01 04 DF 30 01 01 DF EE 26 01 C0 C6 00 00 00 00 00 00 00 00 00 00 00 00 00 00 00 00 00 00 00 00 00 00 00 00 00 00 00 00 00 00 00 00 00 00 00 00 00 00 00  

 Erase All Keys...

2020/5/5 11:33:05.864 [TX] - 56 69 56 4F 74 65 63 68 32 00 83 00 00 00 03 22 
2020/5/5 11:33:05.870 [RX] - 56 69 56 4F 74 65 63 68 32 00 83 00 00 00 22 03 00 00 00 00 00 00 00 00 00 00 00 00 00 00 00 00 00 00 00 00 00 00 00 00 00 00 00 00 00 00 00 00 00 00 00 00 00 00 00 00 00 00 00 00 00 00 00  

 Set DUKPT Key Encryption Type...

2020/5/5 11:33:06.377 [TX] - 56 69 56 4F 74 65 63 68 32 00 C7 32 00 01 00 FE 6D 
2020/5/5 11:33:06.382 [RX] - 56 69 56 4F 74 65 63 68 32 00 C7 00 00 00 86 6E 00 00 00 00 00 00 00 00 00 00 00 00 00 00 00 00 00 00 00 00 00 00 00 00 00 00 00 00 00 00 00 00 00 00 00 00 00 00 00 00 00 00 00 00 00 00 00  

 Get DUKPT Key Encryption Type...

2020/5/5 11:33:06.889 [TX] - 56 69 56 4F 74 65 63 68 32 00 C7 33 00 00 9B 1A 
2020/5/5 11:33:06.894 [RX] - 56 69 56 4F 74 65 63 68 32 00 C7 00 00 01 00 AC 7F 00 00 00 00 00 00 00 00 00 00 00 00 00 00 00 00 00 00 00 00 00 00 00 00 00 00 00 00 00 00 00 00 00 00 00 00 00 00 00 00 00 00 00 00 00 00  
OK!
 

 Loading DUKPT key...

2020/5/5 11:33:07.404 [TX] - 56 69 56 4F 74 65 63 68 32 00 80 00 00 65 30 39 36 46 31 35 35 37 37 45 39 41 44 41 30 30 38 38 4B 30 54 44 30 30 4E 30 30 30 30 30 30 38 30 45 30 39 46 43 39 35 35 45 36 33 43 32 45 43 43 30 42 34 39 44 42 46 35 31 37 36 36 42 32 41 39 34 34 33 37 32 37 35 39 30 32 33 30 32 32 30 32 32 33 34 39 38 37 31 32 30 32 33 34 30 30 30 30 30 30 30 30 9C 1B 
2020/5/5 11:33:07.414 [RX] - 56 69 56 4F 74 65 63 68 32 00 80 00 00 00 B9 DF 00 00 00 00 00 00 00 00 00 00 00 00 00 00 00 00 00 00 00 00 00 00 00 00 00 00 00 00 00 00 00 00 00 00 00 00 00 00 00 00 00 00 00 00 00 00 00 
2020/5/5 11:33:07.919 [TX] - 56 69 56 4F 74 65 63 68 32 00 80 00 00 65 31 32 45 43 36 30 30 37 37 45 39 41 44 41 30 30 38 38 4B 30 54 44 30 30 4E 30 30 30 30 30 30 38 30 31 44 31 45 36 30 44 36 45 32 46 38 44 31 44 36 32 34 42 44 34 34 36 42 43 39 33 31 34 33 33 41 30 33 33 36 33 31 30 34 35 36 37 38 32 37 37 30 32 33 41 39 39 37 31 32 36 32 33 34 30 30 30 30 30 30 30 30 30 E6 
2020/5/5 11:33:07.930 [RX] - 56 69 56 4F 74 65 63 68 32 00 80 00 00 00 B9 DF 00 00 00 00 00 00 00 00 00 00 00 00 00 00 00 00 00 00 00 00 00 00 00 00 00 00 00 00 00 00 00 00 00 00 00 00 00 00 00 00 00 00 00 00 00 00 00 
2020/5/5 11:33:08.436 [TX] - 56 69 56 4F 74 65 63 68 32 00 80 01 00 58 41 30 30 38 38 4B 30 54 44 30 30 4E 30 30 30 30 46 41 42 44 39 44 34 32 37 34 31 30 42 36 46 41 35 45 44 33 42 37 36 41 44 37 46 41 45 38 45 33 31 36 30 32 31 33 42 46 44 38 31 31 38 32 32 33 38 31 38 41 45 43 46 30 43 44 41 44 42 31 39 41 42 45 39 37 41 41 32 43 B8 FE 
2020/5/5 11:33:08.446 [RX] - 56 69 56 4F 74 65 63 68 32 00 80 00 00 00 B9 DF 00 00 00 00 00 00 00 00 00 00 00 00 00 00 00 00 00 00 00 00 00 00 00 00 00 00 00 00 00 00 00 00 00 00 00 00 00 00 00 00 00 00 00 00 00 00 00 
2020/5/5 11:33:08.955 [TX] - 56 69 56 4F 74 65 63 68 32 00 81 00 00 71 05 41 30 31 31 32 44 30 54 45 30 30 4E 30 31 30 30 4B 53 31 38 36 32 39 39 34 39 30 31 32 43 30 30 30 34 36 30 30 30 30 31 37 39 46 43 30 31 36 44 31 34 46 34 35 42 39 41 33 37 46 37 32 42 44 35 41 35 37 37 41 43 35 33 34 37 36 42 31 35 35 34 32 45 39 42 39 30 46 35 36 32 46 36 37 36 35 30 45 46 35 33 43 34 44 39 45 42 41 36 39 35 39 46 76 88 
2020/5/5 11:33:08.978 [RX] - 56 69 56 4F 74 65 63 68 32 00 81 00 00 00 CF 6B 00 00 00 00 00 00 00 00 00 00 00 00 00 00 00 00 00 00 00 00 00 00 00 00 00 00 00 00 00 00 00 00 00 00 00 00 00 00 00 00 00 00 00 00 00 00 00  
OK!
 

 --- 04-00-----DFEF4B = BF T1+T2+T3+T1 Sentinel+T2 Sentinel+T3 Sentinel+Only First Element Found

2020/5/5 11:33:09.491 [TX] - 56 69 56 4F 74 65 63 68 32 00 04 00 00 07 DF EF 4B 03 BF 00 00 C3 96 
2020/5/5 11:33:09.498 [RX] - 56 69 56 4F 74 65 63 68 32 00 04 00 00 00 AE 16 00 00 00 00 00 00 00 00 00 00 00 00 00 00 00 00 00 00 00 00 00 00 00 00 00 00 00 00 00 00 00 00 00 00 00 00 00 00 00 00 00 00 00 00 00 00 00  

 --- 60-10 Contact Start Transaction

2020/5/5 11:33:09.504 [TX] - 56 69 56 4F 74 65 63 68 32 00 60 10 00 23 01 00 78 00 78 9C 01 00 5F 57 01 00 9F 02 06 00 00 00 00 02 00 9F 03 06 00 00 00 00 00 00 5F 2A 02 08 40 F0 8F 
2020/5/5 11:33:09.510 [RX] - 56 69 56 4F 74 65 63 68 32 00 60 63 00 00 FF 0E 00 00 00 00 00 00 00 00 00 00 00 00 00 00 00 00 00 00 00 00 00 00 00 00 00 00 00 00 00 00 00 00 00 00 00 00 00 00 00 00 00 00 00 00 00 00 00 56 69 56 4F 74 65 63 68 32 00 61 01 00 10 03 00 00 02 00 45 4E 03 00 81 11 1C 02 00 00 00 A8 4F 00 00 00 00 00 00 00 00 00 00 00 00 00 00 00 00 00 00 00 00 00 00 00 00 00 00 00 00 00 00 00 56 69 56 4F 74 65 63 68 32 00 61 01 00 10 03 00 00 02 00 45 4E 03 00 81 1A 1C 02 00 00 00 6B ED 00 00 00 00 00 00 00 00 00 00 00 00 00 00 00 00 00 00 00 00 00 00 00 00 00 00 00 00 00 00 00 56 69 56 4F 74 65 63 68 32 00 61 01 00 10 03 00 00 02 00 45 53 03 00 81 1A 1C 02 00 00 00 77 40 00 00 00 00 00 00 00 00 00 00 00 00 00 00 00 00 00 00 00 00 00 00 00 00 00 00 00 00 00 00 00 56 69 56 4F 74 65 63 68 32 00 60 00 01 06 C0 FF EE 12 0A 62 99 49 01 2C 00 04 60 00 01 DF EE 25 02 00 10 57 A1 11 47 61 CC CC CC CC 00 10 D2 01 22 01 CC CC CC CC CC 57 C1 18 1B AC BF 35 0F 89 EF 6A EF 51 5D 5E 28 62 BE 0B 3A 5A 56 58 F4 85 F8 1B 5A A1 08 47 61 CC CC CC CC 00 10 5A C1 10 5B A9 77 CF C1 F2 BC F0 9F CE 73 54 E5 AB F8 72 5F 34 01 01 5F 20 0F 46 55 4C 4C 20 46 55 4E 43 54 49 4F 4E 41 4C 5F 24 03 20 12 31 9F 20 00 5F 25 03 95 07 01 5F 2D 08 65 73 65 6E 66 72 64 65 50 0A 56 49 53 41 43 52 45 44 49 54 4F 07 A0 00 00 00 03 10 10 84 07 A0 00 00 00 03 10 10 DF EE 23 00 9F 39 01 07 9F 1E 08 00 00 00 00 00 00 00 00 FF EE 01 04 DF 30 01 01 DF EF 4C 06 00 24 00 00 00 00 DF EF 4D 28 A6 4F AA A0 D9 03 E9 8B 2C A5 91 05 56 48 CD 45 77 7B 46 BA 23 EE 49 D6 40 F3 22 9E C0 9C 33 0A 00 0D 5D 86 88 1C DD E8 DF EE 26 01 C0 7F 20 00 00 00 00 00 00 00 00 00 00 00 00 00 00 00 00 00 00 00 00 00 00 00 00 00 00 00 00 00 00 00 00 00 00 00 00 00  

 --- 60-11 Contact Authenticate Transaction

2020/5/5 11:33:10.836 [TX] - 56 69 56 4F 74 65 63 68 32 00 60 11 00 03 00 00 78 F3 46 
2020/5/5 11:33:10.842 [RX] - 56 69 56 4F 74 65 63 68 32 00 60 63 00 00 FF 0E 00 00 00 00 00 00 00 00 00 00 00 00 00 00 00 00 00 00 00 00 00 00 00 00 00 00 00 00 00 00 00 00 00 00 00 00 00 00 00 00 00 00 00 00 00 00 00 56 69 56 4F 74 65 63 68 32 00 61 01 00 10 03 00 00 02 00 45 53 03 00 81 15 1C 02 00 00 00 B2 43 00 00 00 00 00 00 00 00 00 00 00 00 00 00 00 00 00 00 00 00 00 00 00 00 00 00 00 00 00 00 00 56 69 56 4F 74 65 63 68 32 00 60 00 00 82 C0 FF EE 12 0A 62 99 49 01 2C 00 04 60 00 01 DF EE 25 02 00 04 9F 10 07 06 01 1A 03 90 00 00 9F 26 08 02 26 FA 2F FD 31 CD 6B 9F 27 01 80 9F 36 02 00 01 9F 37 04 9E 5C 66 D8 9F 02 06 00 00 00 00 02 00 9F 4D 00 9F 4F 00 9F 13 00 95 05 42 80 00 00 00 9B 02 C8 00 9F 03 06 00 00 00 00 00 00 9F 34 03 5F 03 02 9F 39 01 07 9F 1E 08 00 00 00 00 00 00 00 00 FF EE 01 04 DF 30 01 01 DF EE 26 01 C0 68 BF 00 00 00 00 00 00 00 00 00 00 00 00 00 00 00 00 00 00 00 00 00 00 00 00 00 00 00 00 00 00 00 00 00 00 00 00 00 00 00 00 00 00 00  

 --- 60-12 Contact Apply Host Response

2020/5/5 11:33:11.018 [TX] - 56 69 56 4F 74 65 63 68 32 00 60 12 00 11 01 8A 02 30 30 91 0A 11 22 33 44 55 66 77 88 30 30 F3 1C 
2020/5/5 11:33:11.026 [RX] - 56 69 56 4F 74 65 63 68 32 00 60 63 00 00 FF 0E 00 00 00 00 00 00 00 00 00 00 00 00 00 00 00 00 00 00 00 00 00 00 00 00 00 00 00 00 00 00 00 00 00 00 00 00 00 00 00 00 00 00 00 00 00 00 00 56 69 56 4F 74 65 63 68 32 00 61 01 00 10 03 00 00 02 00 45 53 03 00 81 03 1C 02 00 00 00 25 26 00 00 00 00 00 00 00 00 00 00 00 00 00 00 00 00 00 00 00 00 00 00 00 00 00 00 00 00 00 00 00 56 69 56 4F 74 65 63 68 32 00 60 00 00 87 C0 FF EE 12 0A 62 99 49 01 2C 00 04 60 00 01 DF EE 25 02 00 02 9F 10 07 06 01 1A 03 60 00 00 9F 26 08 88 2D 84 27 A2 68 E2 14 9F 27 01 40 9F 36 02 00 01 9F 37 04 9E 5C 66 D8 9F 02 06 00 00 00 00 02 00 9F 4D 00 9F 4F 00 9F 13 00 95 05 42 80 00 00 00 9B 02 F8 00 9F 03 06 00 00 00 00 00 00 9F 34 03 5F 03 02 99 00 9F 39 01 07 9F 1E 08 00 00 00 00 00 00 00 00 9F 5B 00 FF EE 01 04 DF 30 01 01 DF EE 26 01 C0 3A B8 00 00 00 00 00 00 00 00 00 00 00 00 00 00 00 00 00 00 00 00 00 00 00 00 00 00 00 00 00 00 00 00 00 00 00 00 00 00  
---------- END OF TEST ----------

 Result = PASSED
 

 MASTER RESULT = PASSED


Docklight Log File (HEX) - Stopped 2020/5/5 11:33:12.775 

