Docklight Log File (HEX) - Started 2015/8/24 10:50:23.960 
 TEST CASE: ILS002

 --- Set POS COM PORT Settings
 Set POS COM PORT...
 POS operating on COM1 @ 9600 baud...
 Set POS COM PORT - COMPLETE

 Loading DUKPT key...

2015/8/24 10:50:25.397 [TX] - 56 69 56 4F 74 65 63 68 32 00 83 00 00 00 03 22 
2015/8/24 10:50:25.442 [RX] - 56 69 56 4F 74 65 63 68 32 00 83 00 00 00 22 03 
2015/8/24 10:50:25.971 [TX] - 56 69 56 4F 74 65 63 68 32 00 80 00 00 65 30 43 46 35 35 34 43 32 46 30 45 45 41 41 30 30 38 38 4B 30 54 44 30 30 4E 30 30 30 30 30 30 38 30 32 41 38 34 46 44 44 36 33 39 31 35 44 43 41 45 42 46 38 37 37 35 34 33 32 32 44 32 36 37 42 41 33 34 34 31 38 33 41 42 39 41 32 35 36 37 39 30 32 33 34 39 38 37 31 32 30 32 33 34 30 30 30 30 30 30 30 30 C2 98 
2015/8/24 10:50:26.129 [RX] - 56 69 56 4F 74 65 63 68 32 00 80 00 00 00 B9 DF 
2015/8/24 10:50:26.661 [TX] - 56 69 56 4F 74 65 63 68 32 00 80 00 00 65 31 35 43 44 42 38 31 32 46 30 45 45 41 41 30 30 38 38 4B 30 54 44 30 30 4E 30 30 30 30 30 30 38 30 39 32 36 39 41 34 33 36 39 42 36 43 37 45 33 42 35 36 37 32 39 38 33 41 36 36 32 46 36 31 30 33 32 35 37 32 39 32 33 36 33 37 38 33 30 33 33 36 32 33 41 39 39 37 31 32 36 32 33 34 30 30 30 30 30 30 30 30 AA E9 
2015/8/24 10:50:26.819 [RX] - 56 69 56 4F 74 65 63 68 32 00 80 00 00 00 B9 DF 
2015/8/24 10:50:27.351 [TX] - 56 69 56 4F 74 65 63 68 32 00 80 01 00 58 41 30 30 38 38 4B 30 54 44 30 30 4E 30 30 30 30 42 39 34 38 46 37 42 33 34 43 41 44 37 32 36 42 41 37 37 43 39 43 34 41 38 30 37 37 39 42 42 38 36 42 42 43 33 37 34 30 31 31 42 42 45 33 39 45 30 36 46 34 46 36 41 37 44 44 36 46 37 32 30 45 37 31 33 44 45 39 34 41 A0 6B 
2015/8/24 10:50:27.488 [RX] - 56 69 56 4F 74 65 63 68 32 00 80 00 00 00 B9 DF 
2015/8/24 10:50:28.011 [TX] - 56 69 56 4F 74 65 63 68 32 00 81 00 00 71 05 41 30 31 31 32 44 30 54 45 30 30 4E 30 31 30 30 4B 53 31 38 46 46 46 46 39 38 37 36 35 34 33 32 31 30 45 30 30 30 30 30 37 43 45 37 34 45 39 30 30 35 33 43 41 38 45 45 42 43 33 37 42 35 37 30 36 38 31 45 35 42 32 37 36 31 34 38 43 33 45 37 34 34 41 42 43 44 36 44 34 43 35 33 36 43 37 46 34 46 36 37 44 37 46 32 32 44 33 39 34 45 44 42 A8 31 
2015/8/24 10:50:28.199 [RX] - 56 69 56 4F 74 65 63 68 32 00 81 00 00 00 CF 6B 
2015/8/24 10:50:28.731 [TX] - 56 69 56 4F 74 65 63 68 32 00 81 09 00 01 05 40 D3 
2015/8/24 10:50:28.769 [RX] - 56 69 56 4F 74 65 63 68 32 00 81 00 00 00 CF 6B  
OK!
 

 --- Set Pri IL FR (04-00)

2015/8/24 10:50:30.442 [TX] - 56 69 56 4F 74 65 63 68 32 00 04 00 00 05 DF 57 02 46 52 43 5F 
2015/8/24 10:50:30.753 [RX] - 56 69 56 4F 74 65 63 68 32 00 04 00 00 00 AE 16  

 --- Set 2nd IL None (04-00)

2015/8/24 10:50:30.791 [TX] - 56 69 56 4F 74 65 63 68 32 00 04 00 00 05 DF 58 02 20 20 F4 74 
2015/8/24 10:50:31.276 [RX] - 56 69 56 4F 74 65 63 68 32 00 04 00 00 00 AE 16  

 --- 02-0A DUKPT/ contactless/ non-event

2015/8/24 10:50:33.644 [TX] - 56 69 56 4F 74 65 63 68 32 00 02 0A 00 1A 00 0A 41 00 00 00 9F 02 06 00 00 00 00 10 00 9A 03 07 11 21 9F 21 03 10 15 20 93 BA 
2015/8/24 10:50:35.336 [RX] - 56 69 56 4F 74 65 63 68 32 00 02 00 00 F7 00 FF EE 13 C1 40 BE 16 62 95 27 97 47 80 30 A9 AE 62 16 B4 4D D7 7D B0 61 19 F1 A6 18 4D E1 4E 78 50 44 46 DD 1A F2 1A 6C E1 4D 48 27 48 38 6A ED 43 27 18 50 66 24 BA B1 C1 75 9D 12 AA DF 9A 45 5D 6A D9 8E AF FF EE 14 C1 30 1E F0 67 7D 17 6C 6F D7 08 F0 A1 E7 EC 37 BD 97 89 B4 2C D4 AB 1E 66 D4 A5 AF 61 4C 29 52 CA E3 14 6A 5F E2 38 85 52 B2 68 F9 90 96 12 71 E7 24 FF EE 13 39 42 36 32 37 39 32 35 37 37 34 39 31 33 32 33 34 33 5E 54 45 53 54 20 43 41 52 44 2F 56 49 56 4F 54 45 43 48 5E 31 30 31 32 38 31 33 30 30 37 32 31 30 34 33 35 30 30 30 30 FF EE 14 25 36 32 37 39 32 35 37 37 34 39 31 33 32 33 34 33 3D 31 30 31 32 38 31 33 30 30 37 32 31 30 34 33 35 30 30 30 30 FF EE 01 04 DF 30 01 00 DF EE 12 0A FF FF 98 76 54 32 10 E0 00 02 56 7A  

 Set Pri  IL EN (04-00)

2015/8/24 10:50:43.288 [TX] - 56 69 56 4F 74 65 63 68 32 00 04 00 00 05 DF 57 02 45 4E AD D9 
2015/8/24 10:50:43.626 [RX] - 56 69 56 4F 74 65 63 68 32 00 04 00 00 00 AE 16  

 Set 2nd IL None (04-00)

2015/8/24 10:50:43.674 [TX] - 56 69 56 4F 74 65 63 68 32 00 04 00 00 05 DF 58 02 20 20 F4 74 
2015/8/24 10:50:43.981 [RX] - 56 69 56 4F 74 65 63 68 32 00 04 00 00 00 AE 16  
---------- END OF TEST ----------

 Result = PASSED
 

 MASTER RESULT = PASSED


Docklight Log File (HEX) - Stopped 2015/8/24 10:50:44.135 

