Docklight Log File (HEX) - Started 2025/5/19 14:51:54.730 
 TEST CASE: MFC001-2

 --- Set POS COM PORT Settings
 Set POS COM PORT...
 POS operating on COM1 @ 9600 baud...
 Set POS COM PORT - COMPLETE

 --- 04-00_Fallback to CL disable

2025/5/19 14:51:56.002 [TX] - 56 69 56 4F 74 65 63 68 32 00 04 00 00 0C DF EC 53 08 00 02 00 00 00 00 00 00 68 A7 
2025/5/19 14:51:56.040 [RX] - 56 69 56 4F 74 65 63 68 32 00 04 00 00 00 AE 16  

--- Poll on Demand (01-01)

2025/5/19 14:51:56.065 [TX] - 56 69 56 4F 74 65 63 68 32 00 01 01 00 01 01 D7 34 
2025/5/19 14:51:56.092 [RX] - 56 69 56 4F 74 65 63 68 32 00 01 00 00 00 12 53  
--- Burst Off (04-00)

2025/5/19 14:51:56.117 [TX] - 56 69 56 4F 74 65 63 68 32 00 04 00 00 04 FF F7 01 00 B9 2E 
2025/5/19 14:51:56.147 [RX] - 56 69 56 4F 74 65 63 68 32 00 04 00 00 00 AE 16  

--- 02-01_w/ DFEC53 ON

2025/5/19 14:51:57.905 [TX] - 56 69 56 4F 74 65 63 68 32 00 02 01 00 16 0A 9F 02 06 00 00 00 00 10 00 DF EC 53 08 01 02 00 00 00 00 00 00 6A 6E 
2025/5/19 14:52:05.536 [RX] - 56 69 56 4F 74 65 63 68 32 00 02 23 01 4F 2D 42 34 37 36 31 37 33 39 30 30 31 30 31 30 30 31 30 5E 20 2F 5E 33 30 31 32 31 32 30 30 30 31 32 33 31 30 30 33 39 39 30 33 30 30 30 30 25 34 37 36 31 37 33 39 30 30 31 30 31 30 30 31 30 3D 33 30 31 32 31 32 30 30 30 31 32 33 33 39 39 30 30 30 33 31 01 E1 7E 4F 07 A0 00 00 00 03 10 10 9F 66 04 80 00 40 00 82 02 20 20 5F 2A 02 08 40 50 0C 56 49 53 41 20 54 45 53 54 20 30 31 9F 26 08 AA BB CC DD EE FF 11 22 9F 27 01 40 9F 02 06 00 00 00 00 10 00 9F 03 06 00 00 00 00 00 00 9F 10 07 06 01 11 03 90 00 00 9F 1A 02 08 40 9F 36 02 00 03 9F 37 04 88 A8 AA 32 5A 08 47 61 73 90 01 01 00 10 84 07 A0 00 00 00 03 10 10 9A 03 01 01 01 9C 01 00 57 13 47 61 73 90 01 01 00 10 D3 01 21 20 00 12 33 99 00 03 1F 5F 24 03 30 12 31 5F 34 01 01 9F 06 07 A0 00 00 00 03 10 10 9F 09 02 00 02 9F 1E 08 33 54 30 30 30 30 30 31 9F 21 03 03 37 00 9F 33 03 00 08 E8 9F 41 04 00 00 01 37 9F 5D 06 00 00 00 01 00 00 9F 39 01 91 9F 6C 02 20 00 5F 2D 04 65 73 65 6E 9F 35 01 25 FF EE 01 08 DF 30 01 00 DF 5B 01 08 DF EE 26 01 11 7A A4  

--- 02-40_w/ DFEC53 ON

2025/5/19 14:52:09.702 [TX] - 56 69 56 4F 74 65 63 68 32 00 02 40 00 21 78 9F 02 06 00 00 00 00 10 00 9A 03 07 11 21 9F 21 03 10 15 20 DF EC 53 08 01 02 00 00 00 00 00 00 39 A0 
2025/5/19 14:52:15.478 [RX] - 56 69 56 4F 74 65 63 68 32 00 02 23 01 8A 11 FF EE 13 2D 42 34 37 36 31 37 33 39 30 30 31 30 31 30 30 31 30 5E 20 2F 5E 33 30 31 32 31 32 30 30 30 31 32 33 31 30 30 33 39 39 30 33 30 30 30 30 FF EE 14 25 34 37 36 31 37 33 39 30 30 31 30 31 30 30 31 30 3D 33 30 31 32 31 32 30 30 30 31 32 33 33 39 39 30 30 30 33 31 E1 7E 4F 07 A0 00 00 00 03 10 10 9F 66 04 80 00 40 00 82 02 20 20 5F 2A 02 08 40 50 0C 56 49 53 41 20 54 45 53 54 20 30 31 9F 26 08 AA BB CC DD EE FF 11 22 9F 27 01 40 9F 02 06 00 00 00 00 10 00 9F 03 06 00 00 00 00 00 00 9F 10 07 06 01 11 03 90 00 00 9F 1A 02 08 40 9F 36 02 00 03 9F 37 04 F8 75 DB 5B 5A 08 47 61 73 90 01 01 00 10 84 07 A0 00 00 00 03 10 10 9A 03 07 11 21 9C 01 00 57 13 47 61 73 90 01 01 00 10 D3 01 21 20 00 12 33 99 00 03 1F 5F 24 03 30 12 31 5F 34 01 01 9F 06 07 A0 00 00 00 03 10 10 9F 09 02 00 02 9F 1E 08 33 54 30 30 30 30 30 31 9F 21 03 10 15 20 9F 33 03 00 08 E8 9F 41 04 00 00 01 38 9F 5D 06 00 00 00 01 00 00 9F 39 01 91 9F 6C 02 20 00 5F 2D 04 65 73 65 6E 9F 35 01 25 FF EE 01 08 DF 30 01 00 DF 5B 01 08 DF EF 4C 06 00 27 00 00 00 00 DF EF 4D 27 3B 34 37 36 31 37 33 39 30 30 31 30 31 30 30 31 30 3D 33 30 31 32 31 32 30 30 30 31 32 33 33 39 39 30 30 30 33 31 3F DF EE 26 01 11 22 F3  

 Result = PASSED
 ---------- END OF TEST ----------

 

 MASTER RESULT = PASSED


Docklight Log File (HEX) - Stopped 2025/5/19 14:52:18.538 

