Docklight Log File (HEX) - Started 2026/3/24 14:15:05.972 
 TEST CASE: PM200-1

 --- Set POS COM PORT Settings
 Set POS COM PORT...
 POS operating on COM90 @ 9600 baud...
 Set POS COM PORT - COMPLETE

 --- Poll On Demand

2026/3/24 14:15:07.152 [TX] - 56 69 56 4F 74 65 63 68 32 00 01 01 00 01 01 D7 34 
2026/3/24 14:15:07.162 [RX] - 56 69 56 4F 74 65 63 68 32 00 01 00 00 00 12 53 00 00 00 00 00 00 00 00 00 00 00 00 00 00 00 00 00 00 00 00 00 00 00 00 00 00 00 00 00 00 00 00 00 00 00 00 00 00 00 00 00 00 00 00 00 00 00  

 --- Burst OFF

2026/3/24 14:15:07.684 [TX] - 56 69 56 4F 74 65 63 68 32 00 04 00 00 04 FF F7 01 00 B9 2E 
2026/3/24 14:15:07.693 [RX] - 56 69 56 4F 74 65 63 68 32 00 04 00 00 00 AE 16 00 00 00 00 00 00 00 00 00 00 00 00 00 00 00 00 00 00 00 00 00 00 00 00 00 00 00 00 00 00 00 00 00 00 00 00 00 00 00 00 00 00 00 00 00 00 00  

 --- 60-16 Contact Set ICS Identification (05)

2026/3/24 14:15:08.230 [TX] - 56 69 56 4F 74 65 63 68 32 00 60 16 00 01 05 54 8D 
2026/3/24 14:15:08.238 [RX] - 56 69 56 4F 74 65 63 68 32 00 60 00 00 00 3D 35 00 00 00 00 00 00 00 00 00 00 00 00 00 00 00 00 00 00 00 00 00 00 00 00 00 00 00 00 00 00 00 00 00 00 00 00 00 00 00 00 00 00 00 00 00 00 00  

 --- 60-06 5C config

2026/3/24 14:15:08.760 [TX] - 56 69 56 4F 74 65 63 68 32 00 60 06 00 2C 07 00 9F 33 03 60 28 C8 9F 35 01 21 9F 40 05 F0 00 F0 A0 01 DF 11 01 00 DF 26 01 01 DF 27 01 00 DF EE 1E 08 D0 9C 20 D0 C4 1E 16 00 FB 9B 
2026/3/24 14:15:08.768 [RX] - 56 69 56 4F 74 65 63 68 32 00 60 00 00 00 3D 35 00 00 00 00 00 00 00 00 00 00 00 00 00 00 00 00 00 00 00 00 00 00 00 00 00 00 00 00 00 00 00 00 00 00 00 00 00 00 00 00 00 00 00 00 00 00 00  

 --- 01-14 = 02

2026/3/24 14:15:09.293 [TX] - 56 69 56 4F 74 65 63 68 32 00 01 14 00 01 02 56 A3 
2026/3/24 14:15:09.300 [RX] - 56 69 56 4F 74 65 63 68 32 00 01 00 00 00 12 53 00 00 00 00 00 00 00 00 00 00 00 00 00 00 00 00 00 00 00 00 00 00 00 00 00 00 00 00 00 00 00 00 00 00 00 00 00 00 00 00 00 00 00 00 00 00 00  

 --- 02-01

2026/3/24 14:15:09.824 [TX] - 56 69 56 4F 74 65 63 68 32 00 02 01 00 15 78 9F 02 06 00 00 00 00 10 00 9A 03 07 11 21 9F 21 03 10 15 20 FD 31 
2026/3/24 14:15:09.832 [RX] - 56 69 56 4F 74 65 63 68 32 00 02 0B 00 00 79 7E 00 00 00 00 00 00 00 00 00 00 00 00 00 00 00 00 00 00 00 00 00 00 00 00 00 00 00 00 00 00 00 00 00 00 00 00 00 00 00 00 00 00 00 00 00 00 00  

 --- 02-40

2026/3/24 14:15:10.376 [TX] - 56 69 56 4F 74 65 63 68 32 00 02 40 00 15 78 9F 02 06 00 00 00 00 10 00 9A 03 07 11 21 9F 21 03 10 15 20 93 17 
2026/3/24 14:15:10.384 [RX] - 56 69 56 4F 74 65 63 68 32 00 02 0B 00 00 79 7E 00 00 00 00 00 00 00 00 00 00 00 00 00 00 00 00 00 00 00 00 00 00 00 00 00 00 00 00 00 00 00 00 00 00 00 00 00 00 00 00 00 00 00 00 00 00 00  

 --- 60-10

2026/3/24 14:15:10.922 [TX] - 56 69 56 4F 74 65 63 68 32 00 60 10 00 23 01 00 78 00 78 9C 01 00 5F 57 01 00 9F 02 06 00 00 00 00 02 00 9F 03 06 00 00 00 00 00 00 5F 2A 02 08 40 F0 8F 
2026/3/24 14:15:10.928 [RX] - 56 69 56 4F 74 65 63 68 32 00 60 0C 00 00 48 54 00 00 00 00 00 00 00 00 00 00 00 00 00 00 00 00 00 00 00 00 00 00 00 00 00 00 00 00 00 00 00 00 00 00 00 00 00 00 00 00 00 00 00 00 00 00 00  

 --- 60-11

2026/3/24 14:15:11.460 [TX] - 56 69 56 4F 74 65 63 68 32 00 60 11 00 03 00 00 78 F3 46 
2026/3/24 14:15:11.476 [RX] - 56 69 56 4F 74 65 63 68 32 00 60 0C 00 00 48 54 00 00 00 00 00 00 00 00 00 00 00 00 00 00 00 00 00 00 00 00 00 00 00 00 00 00 00 00 00 00 00 00 00 00 00 00 00 00 00 00 00 00 00 00 00 00 00  

 --- 60-12

2026/3/24 14:15:12.007 [TX] - 56 69 56 4F 74 65 63 68 32 00 60 12 00 11 01 8A 02 30 30 91 0A 11 22 33 44 55 66 77 88 30 30 F3 1C 
2026/3/24 14:15:12.012 [RX] - 56 69 56 4F 74 65 63 68 32 00 60 0C 00 00 48 54 00 00 00 00 00 00 00 00 00 00 00 00 00 00 00 00 00 00 00 00 00 00 00 00 00 00 00 00 00 00 00 00 00 00 00 00 00 00 00 00 00 00 00 00 00 00 00  

 --- 60-16 Contact Set ICS Identification (02)

2026/3/24 14:15:12.536 [TX] - 56 69 56 4F 74 65 63 68 32 00 60 16 00 01 02 B3 FD 
2026/3/24 14:15:12.544 [RX] - 56 69 56 4F 74 65 63 68 32 00 60 0C 00 00 48 54 00 00 00 00 00 00 00 00 00 00 00 00 00 00 00 00 00 00 00 00 00 00 00 00 00 00 00 00 00 00 00 00 00 00 00 00 00 00 00 00 00 00 00 00 00 00 00  

 --- 01-14 = 03

2026/3/24 14:15:13.072 [TX] - 56 69 56 4F 74 65 63 68 32 00 01 14 00 01 03 77 B3 
2026/3/24 14:15:13.080 [RX] - 56 69 56 4F 74 65 63 68 32 00 01 00 00 00 12 53 00 00 00 00 00 00 00 00 00 00 00 00 00 00 00 00 00 00 00 00 00 00 00 00 00 00 00 00 00 00 00 00 00 00 00 00 00 00 00 00 00 00 00 00 00 00 00  

 --- 02-01

2026/3/24 14:15:13.625 [TX] - 56 69 56 4F 74 65 63 68 32 00 02 01 00 15 78 9F 02 06 00 00 00 00 10 00 9A 03 07 11 21 9F 21 03 10 15 20 FD 31 
2026/3/24 14:15:13.641 [RX] - 56 69 56 4F 74 65 63 68 32 00 02 0B 00 00 79 7E 00 00 00 00 00 00 00 00 00 00 00 00 00 00 00 00 00 00 00 00 00 00 00 00 00 00 00 00 00 00 00 00 00 00 00 00 00 00 00 00 00 00 00 00 00 00 00  

 --- 02-40

2026/3/24 14:15:14.174 [TX] - 56 69 56 4F 74 65 63 68 32 00 02 40 00 15 78 9F 02 06 00 00 00 00 10 00 9A 03 07 11 21 9F 21 03 10 15 20 93 17 
2026/3/24 14:15:14.180 [RX] - 56 69 56 4F 74 65 63 68 32 00 02 0B 00 00 79 7E 00 00 00 00 00 00 00 00 00 00 00 00 00 00 00 00 00 00 00 00 00 00 00 00 00 00 00 00 00 00 00 00 00 00 00 00 00 00 00 00 00 00 00 00 00 00 00  

 --- 60-10

2026/3/24 14:15:14.707 [TX] - 56 69 56 4F 74 65 63 68 32 00 60 10 00 23 01 00 78 00 78 9C 01 00 5F 57 01 00 9F 02 06 00 00 00 00 02 00 9F 03 06 00 00 00 00 00 00 5F 2A 02 08 40 F0 8F 
2026/3/24 14:15:14.712 [RX] - 56 69 56 4F 74 65 63 68 32 00 60 0C 00 00 48 54 00 00 00 00 00 00 00 00 00 00 00 00 00 00 00 00 00 00 00 00 00 00 00 00 00 00 00 00 00 00 00 00 00 00 00 00 00 00 00 00 00 00 00 00 00 00 00  

 --- 60-11

2026/3/24 14:15:15.239 [TX] - 56 69 56 4F 74 65 63 68 32 00 60 11 00 03 00 00 78 F3 46 
2026/3/24 14:15:15.248 [RX] - 56 69 56 4F 74 65 63 68 32 00 60 0C 00 00 48 54 00 00 00 00 00 00 00 00 00 00 00 00 00 00 00 00 00 00 00 00 00 00 00 00 00 00 00 00 00 00 00 00 00 00 00 00 00 00 00 00 00 00 00 00 00 00 00  

 --- 60-12

2026/3/24 14:15:15.789 [TX] - 56 69 56 4F 74 65 63 68 32 00 60 12 00 11 01 8A 02 30 30 91 0A 11 22 33 44 55 66 77 88 30 30 F3 1C 
2026/3/24 14:15:15.796 [RX] - 56 69 56 4F 74 65 63 68 32 00 60 0C 00 00 48 54 00 00 00 00 00 00 00 00 00 00 00 00 00 00 00 00 00 00 00 00 00 00 00 00 00 00 00 00 00 00 00 00 00 00 00 00 00 00 00 00 00 00 00 00 00 00 00  

 --- 60-16 Contact Set ICS Identification (02)

2026/3/24 14:15:16.327 [TX] - 56 69 56 4F 74 65 63 68 32 00 60 16 00 01 02 B3 FD 
2026/3/24 14:15:16.340 [RX] - 56 69 56 4F 74 65 63 68 32 00 60 0C 00 00 48 54 00 00 00 00 00 00 00 00 00 00 00 00 00 00 00 00 00 00 00 00 00 00 00 00 00 00 00 00 00 00 00 00 00 00 00 00 00 00 00 00 00 00 00 00 00 00 00  

 --- 01-14 = 04

2026/3/24 14:15:16.870 [TX] - 56 69 56 4F 74 65 63 68 32 00 01 14 00 01 04 90 C3 
2026/3/24 14:15:16.876 [RX] - 56 69 56 4F 74 65 63 68 32 00 01 00 00 00 12 53 00 00 00 00 00 00 00 00 00 00 00 00 00 00 00 00 00 00 00 00 00 00 00 00 00 00 00 00 00 00 00 00 00 00 00 00 00 00 00 00 00 00 00 00 00 00 00  

 --- 02-01

2026/3/24 14:15:17.404 [TX] - 56 69 56 4F 74 65 63 68 32 00 02 01 00 15 78 9F 02 06 00 00 00 00 10 00 9A 03 07 11 21 9F 21 03 10 15 20 FD 31 
2026/3/24 14:15:17.412 [RX] - 56 69 56 4F 74 65 63 68 32 00 02 0B 00 00 79 7E 00 00 00 00 00 00 00 00 00 00 00 00 00 00 00 00 00 00 00 00 00 00 00 00 00 00 00 00 00 00 00 00 00 00 00 00 00 00 00 00 00 00 00 00 00 00 00  

 --- 02-40

2026/3/24 14:15:17.953 [TX] - 56 69 56 4F 74 65 63 68 32 00 02 40 00 15 78 9F 02 06 00 00 00 00 10 00 9A 03 07 11 21 9F 21 03 10 15 20 93 17 
2026/3/24 14:15:17.960 [RX] - 56 69 56 4F 74 65 63 68 32 00 02 0B 00 00 79 7E 00 00 00 00 00 00 00 00 00 00 00 00 00 00 00 00 00 00 00 00 00 00 00 00 00 00 00 00 00 00 00 00 00 00 00 00 00 00 00 00 00 00 00 00 00 00 00  

 --- 60-10

2026/3/24 14:15:18.486 [TX] - 56 69 56 4F 74 65 63 68 32 00 60 10 00 23 01 00 78 00 78 9C 01 00 5F 57 01 00 9F 02 06 00 00 00 00 02 00 9F 03 06 00 00 00 00 00 00 5F 2A 02 08 40 F0 8F 
2026/3/24 14:15:18.492 [RX] - 56 69 56 4F 74 65 63 68 32 00 60 0C 00 00 48 54 00 00 00 00 00 00 00 00 00 00 00 00 00 00 00 00 00 00 00 00 00 00 00 00 00 00 00 00 00 00 00 00 00 00 00 00 00 00 00 00 00 00 00 00 00 00 00  

 --- 60-11

2026/3/24 14:15:19.018 [TX] - 56 69 56 4F 74 65 63 68 32 00 60 11 00 03 00 00 78 F3 46 
2026/3/24 14:15:19.024 [RX] - 56 69 56 4F 74 65 63 68 32 00 60 0C 00 00 48 54 00 00 00 00 00 00 00 00 00 00 00 00 00 00 00 00 00 00 00 00 00 00 00 00 00 00 00 00 00 00 00 00 00 00 00 00 00 00 00 00 00 00 00 00 00 00 00  

 --- 60-12

2026/3/24 14:15:19.549 [TX] - 56 69 56 4F 74 65 63 68 32 00 60 12 00 11 01 8A 02 30 30 91 0A 11 22 33 44 55 66 77 88 30 30 F3 1C 
2026/3/24 14:15:19.556 [RX] - 56 69 56 4F 74 65 63 68 32 00 60 0C 00 00 48 54 00 00 00 00 00 00 00 00 00 00 00 00 00 00 00 00 00 00 00 00 00 00 00 00 00 00 00 00 00 00 00 00 00 00 00 00 00 00 00 00 00 00 00 00 00 00 00  

 --- 60-16 Contact Set ICS Identification (02)

2026/3/24 14:15:20.085 [TX] - 56 69 56 4F 74 65 63 68 32 00 60 16 00 01 02 B3 FD 
2026/3/24 14:15:20.092 [RX] - 56 69 56 4F 74 65 63 68 32 00 60 0C 00 00 48 54 00 00 00 00 00 00 00 00 00 00 00 00 00 00 00 00 00 00 00 00 00 00 00 00 00 00 00 00 00 00 00 00 00 00 00 00 00 00 00 00 00 00 00 00 00 00 00  

 ---------- END OF TEST ----------

 Result = PASSED


Docklight Log File (HEX) - Stopped 2026/3/24 14:15:20.718 

