Docklight Log File (HEX) - Started 2026/5/15 11:46:35.532 
 TEST CASE: EDC07-3

 --- Set POS COM PORT Settings
 Set POS COM PORT...
 POS operating on COM90 @ 9600 baud...
 Set POS COM PORT - COMPLETE

 --- Poll on Demand

2026/5/15 11:46:36.871 [TX] - 56 69 56 4F 74 65 63 68 32 00 01 01 00 01 01 D7 34 
2026/5/15 11:46:36.885 [RX] - 56 69 56 4F 74 65 63 68 32 00 01 00 00 00 12 53 00 00 00 00 00 00 00 00 00 00 00 00 00 00 00 00 00 00 00 00 00 00 00 00 00 00 00 00 00 00 00 00 00 00 00 00 00 00 00 00 00 00 00 00 00 00 00  

 --- Burst mode Off *** NEO2

2026/5/15 11:46:37.410 [TX] - 56 69 56 4F 74 65 63 68 32 00 04 00 00 05 DF EE 7E 01 00 60 1E 
2026/5/15 11:46:37.529 [RX] - 56 69 56 4F 74 65 63 68 32 00 04 00 00 00 AE 16 00 00 00 00 00 00 00 00 00 00 00 00 00 00 00 00 00 00 00 00 00 00 00 00 00 00 00 00 00 00 00 00 00 00 00 00 00 00 00 00 00 00 00 00 00 00 00 
2026/5/15 11:46:37.535 [TX] - 56 69 56 4F 74 65 63 68 32 00 04 03 00 B5 DF EE 2D 01 80 5F 57 00 9F 01 00 DF EE 28 03 00 08 08 DF EE 29 03 00 60 08 DF EE 6B 08 30 30 30 30 30 30 30 30 DF 81 1B 01 40 DF 81 1E 01 10 DF 81 2C 01 00 DF 81 1C 02 00 00 9F 15 02 11 11 9F 16 00 9F 4E 00 9F 7E 00 9F 1B 04 00 00 27 10 DF 81 24 06 00 00 00 03 00 00 DF 81 25 06 00 00 00 05 00 00 DF 81 26 06 00 00 00 00 10 00 FF FD 05 00 00 00 00 00 FF FE 05 00 00 00 00 00 FF FF 05 00 00 00 00 00 9F 33 03 00 08 08 9F 1A 02 00 56 9F 1C 00 9F 35 01 22 9A 03 FF FF FF 5F 2A 02 09 78 5F 36 01 02 9F 21 03 FF FF FF DF EE 37 01 03 DF EE 38 01 00 74 C9 
2026/5/15 11:46:37.571 [RX] - 56 69 56 4F 74 65 63 68 32 00 61 01 00 10 03 00 00 02 00 45 4E 03 00 82 23 1C 02 00 F4 21 47 3F 00 00 00 00 00 00 00 00 00 00 00 00 00 00 00 00 00 00 00 00 00 00 00 00 00 00 00 00 00 00 00 56 69 56 4F 74 65 63 68 32 00 04 00 00 00 AE 16 00 00 00 00 00 00 00 00 00 00 00 00 00 00 00 00 00 00 00 00 00 00 00 00 00 00 00 00 00 00 00 00 00 00 00 00 00 00 00 00 00 00 00 00 00 00 00  

 --- 04-00-----DFEF4B = E0 T1+PAN+Only First Element Found

2026/5/15 11:46:38.055 [TX] - 56 69 56 4F 74 65 63 68 32 00 04 00 00 07 DF EF 4B 03 E0 00 00 3C E4 
2026/5/15 11:46:38.111 [RX] - 56 69 56 4F 74 65 63 68 32 00 04 00 00 00 AE 16 00 00 00 00 00 00 00 00 00 00 00 00 00 00 00 00 00 00 00 00 00 00 00 00 00 00 00 00 00 00 00 00 00 00 00 00 00 00 00 00 00 00 00 00 00 00 00  

 --- 02-40 Activate Transaction

2026/5/15 11:46:38.693 [TX] - 56 69 56 4F 74 65 63 68 32 00 02 40 00 15 0A 9F 02 06 00 00 00 00 10 00 9A 03 07 11 21 9F 21 03 10 15 20 5E 34 
2026/5/15 11:46:38.727 [RX] - 56 69 56 4F 74 65 63 68 32 00 02 63 00 00 4B B4 00 00 00 00 00 00 00 00 00 00 00 00 00 00 00 00 00 00 00 00 00 00 00 00 00 00 00 00 00 00 00 00 00 00 00 00 00 00 00 00 00 00 00 00 00 00 00 56 69 56 4F 74 65 63 68 32 00 61 01 00 10 03 00 00 02 00 45 4E 03 00 82 57 1C 02 00 00 20 5E B3 00 00 00 00 00 00 00 00 00 00 00 00 00 00 00 00 00 00 00 00 00 00 00 00 00 00 00 00 00 00 00 56 69 56 4F 74 65 63 68 32 00 61 01 00 1A 04 00 00 02 00 45 4E 0D 00 84 01 1C 04 24 1C 04 31 30 2E 30 30 1C 02 00 F4 21 2B DF 00 00 00 00 00 00 00 00 00 00 00 00 00 00 00 00 00 00 00 00 00 56 69 56 4F 74 65 63 68 32 00 61 01 00 10 03 00 00 02 00 45 4E 03 00 82 1A 1C 02 00 F4 21 29 58 00 00 00 00 00 00 00 00 00 00 00 00 00 00 00 00 00 00 00 00 00 00 00 00 00 00 00 00 00 00 00 56 69 56 4F 74 65 63 68 32 00 61 01 00 10 03 00 00 02 00 45 4E 03 00 82 68 1C 02 00 F4 21 F5 96 00 00 00 00 00 00 00 00 00 00 00 00 00 00 00 00 00 00 00 00 00 00 00 00 00 00 00 00 00 00 00 56 69 56 4F 74 65 63 68 32 00 61 01 00 10 03 00 00 02 00 45 4E 03 00 82 15 1C 02 00 F4 21 2A 9D 00 00 00 00 00 00 00 00 00 00 00 00 00 00 00 00 00 00 00 00 00 00 00 00 00 00 00 00 00 00 00 56 69 56 4F 74 65 63 68 32 00 02 23 02 97 31 DF EE 26 02 31 00 DF EF 17 29 42 35 31 32 38 35 37 30 31 30 30 30 33 38 30 37 32 5E 20 2F 5E 31 38 30 33 36 32 32 30 30 30 37 36 33 33 39 30 36 33 32 32 DF EF 18 25 35 31 32 38 35 37 30 31 30 30 30 33 38 30 37 32 3D 31 38 30 33 36 32 32 30 30 30 37 36 33 33 39 30 30 36 36 32 DF EF 4C 06 00 25 00 00 00 00 DF EF 4D 25 35 31 32 38 35 37 30 31 30 30 30 33 38 30 37 32 3D 31 38 30 33 36 32 32 30 30 30 37 36 33 33 39 30 30 36 36 32 DF 81 16 16 1E 04 00 00 00 65 6E 00 00 00 00 00 00 00 00 00 00 00 00 00 00 00 DF 81 29 08 30 F0 F0 00 30 F0 FF 00 FF 81 06 30 DF 81 15 06 00 00 00 00 00 FF 9F 6E 07 08 40 00 00 30 30 00 DF 81 2A 0D 30 30 30 30 30 30 30 30 30 30 30 30 30 DF 81 2B 07 00 00 00 00 00 00 0F FF 81 05 82 01 4A 4F 07 A0 00 00 00 04 10 10 50 10 44 65 62 69 74 20 4D 61 73 74 65 72 43 61 72 64 56 29 42 35 31 32 38 35 37 30 31 30 30 30 33 38 30 37 32 5E 20 2F 5E 31 38 30 33 36 32 32 30 30 30 37 36 33 33 39 30 36 33 32 32 5F 2A 02 09 78 5F 2D 02 65 6E 82 02 19 80 84 07 A0 00 00 00 04 10 10 95 05 00 00 00 00 00 96 01 02 9A 03 07 11 21 9B 02 00 00 9C 01 00 9F 01 00 9F 02 06 00 00 00 00 10 00 9F 06 07 A0 00 00 00 04 10 10 9F 09 02 00 02 9F 11 01 01 9F 12 10 44 65 62 69 74 20 4D 61 73 74 65 72 43 61 72 64 9F 15 02 11 11 9F 16 00 9F 1A 02 00 56 9F 1C 00 9F 1D 08 00 00 00 00 00 00 00 00 9F 1E 08 36 54 34 31 31 34 33 31 9F 21 03 10 15 20 9F 2A 01 02 9F 33 03 00 00 00 9F 34 03 00 00 00 9F 35 01 22 9F 36 02 1D D1 9F 37 04 F7 FC E0 E5 9F 39 01 91 9F 40 05 00 00 00 00 00 9F 41 04 00 00 01 14 9F 4E 00 9F 66 02 07 F0 9F 6A 04 00 00 00 90 9F 6B 13 51 28 57 01 00 03 80 72 D1 80 36 22 00 07 63 39 00 66 2F 9F 6D 02 00 01 BF 0C 19 5F 55 02 55 53 42 03 51 28 57 9F 4D 02 0B 0A 9F 6E 07 08 40 00 00 30 30 00 FF EE 01 05 DF EE 30 01 00 DF EE 4C 01 03 DF EC 1C 1E 08 03 00 03 FF 00 1E 04 00 00 00 FF 00 00 00 00 00 00 00 00 65 6E 00 00 00 00 00 00 FF 00 DF EC 11 20 37 59 BD 24 3B 9E E9 71 A8 BA 8F E1 5F C7 44 9A 3F 5E 55 9B 40 80 91 F0 3A E6 B8 63 B0 4A 2C 93 FF EE 01 05 DF EE 30 01 00 28 93 00 00 00 00 00 00 00 00 00 00 00 00 00 00  

 --- 04-00-----DFEF4B = D0 T2+PAN+Only First Element Found

2026/5/15 11:46:40.356 [TX] - 56 69 56 4F 74 65 63 68 32 00 04 00 00 07 DF EF 4B 03 D0 00 00 99 21 
2026/5/15 11:46:40.416 [RX] - 56 69 56 4F 74 65 63 68 32 00 04 00 00 00 AE 16 00 00 00 00 00 00 00 00 00 00 00 00 00 00 00 00 00 00 00 00 00 00 00 00 00 00 00 00 00 00 00 00 00 00 00 00 00 00 00 00 00 00 00 00 00 00 00  

 --- 02-40 Activate Transaction

2026/5/15 11:46:40.765 [TX] - 56 69 56 4F 74 65 63 68 32 00 02 40 00 15 0A 9F 02 06 00 00 00 00 10 00 9A 03 07 11 21 9F 21 03 10 15 20 5E 34 
2026/5/15 11:46:40.805 [RX] - 56 69 56 4F 74 65 63 68 32 00 02 63 00 00 4B B4 00 00 00 00 00 00 00 00 00 00 00 00 00 00 00 00 00 00 00 00 00 00 00 00 00 00 00 00 00 00 00 00 00 00 00 00 00 00 00 00 00 00 00 00 00 00 00 56 69 56 4F 74 65 63 68 32 00 61 01 00 10 03 00 00 02 00 45 4E 03 00 82 57 1C 02 00 00 20 5E B3 00 00 00 00 00 00 00 00 00 00 00 00 00 00 00 00 00 00 00 00 00 00 00 00 00 00 00 00 00 00 00 56 69 56 4F 74 65 63 68 32 00 61 01 00 1A 04 00 00 02 00 45 4E 0D 00 84 01 1C 04 24 1C 04 31 30 2E 30 30 1C 02 00 F4 21 2B DF 00 00 00 00 00 00 00 00 00 00 00 00 00 00 00 00 00 00 00 00 00 56 69 56 4F 74 65 63 68 32 00 61 01 00 10 03 00 00 02 00 45 4E 03 00 82 1A 1C 02 00 F4 21 29 58 00 00 00 00 00 00 00 00 00 00 00 00 00 00 00 00 00 00 00 00 00 00 00 00 00 00 00 00 00 00 00 56 69 56 4F 74 65 63 68 32 00 61 01 00 10 03 00 00 02 00 45 4E 03 00 82 68 1C 02 00 F4 21 F5 96 00 00 00 00 00 00 00 00 00 00 00 00 00 00 00 00 00 00 00 00 00 00 00 00 00 00 00 00 00 00 00 56 69 56 4F 74 65 63 68 32 00 61 01 00 10 03 00 00 02 00 45 4E 03 00 82 15 1C 02 00 F4 21 2A 9D 00 00 00 00 00 00 00 00 00 00 00 00 00 00 00 00 00 00 00 00 00 00 00 00 00 00 00 00 00 00 00 56 69 56 4F 74 65 63 68 32 00 02 23 02 97 31 DF EE 26 02 31 00 DF EF 17 29 42 35 31 32 38 35 37 30 31 30 30 30 33 38 30 37 32 5E 20 2F 5E 31 38 30 33 36 32 32 30 30 30 37 36 33 34 33 38 34 39 38 32 DF EF 18 25 35 31 32 38 35 37 30 31 30 30 30 33 38 30 37 32 3D 31 38 30 33 36 32 32 30 30 30 37 36 33 34 33 38 32 33 30 32 DF EF 4C 06 00 25 00 00 00 00 DF EF 4D 25 35 31 32 38 35 37 30 31 30 30 30 33 38 30 37 32 3D 31 38 30 33 36 32 32 30 30 30 37 36 33 34 33 38 32 33 30 32 DF 81 16 16 1E 04 00 00 00 65 6E 00 00 00 00 00 00 00 00 00 00 00 00 00 00 00 DF 81 29 08 30 F0 F0 00 30 F0 FF 00 FF 81 06 30 DF 81 15 06 00 00 00 00 00 FF 9F 6E 07 08 40 00 00 30 30 00 DF 81 2A 0D 30 30 30 30 30 30 30 30 30 30 30 30 30 DF 81 2B 07 00 00 00 00 00 00 0F FF 81 05 82 01 4A 4F 07 A0 00 00 00 04 10 10 50 10 44 65 62 69 74 20 4D 61 73 74 65 72 43 61 72 64 56 29 42 35 31 32 38 35 37 30 31 30 30 30 33 38 30 37 32 5E 20 2F 5E 31 38 30 33 36 32 32 30 30 30 37 36 33 34 33 38 34 39 38 32 5F 2A 02 09 78 5F 2D 02 65 6E 82 02 19 80 84 07 A0 00 00 00 04 10 10 95 05 00 00 00 00 00 96 01 02 9A 03 07 11 21 9B 02 00 00 9C 01 00 9F 01 00 9F 02 06 00 00 00 00 10 00 9F 06 07 A0 00 00 00 04 10 10 9F 09 02 00 02 9F 11 01 01 9F 12 10 44 65 62 69 74 20 4D 61 73 74 65 72 43 61 72 64 9F 15 02 11 11 9F 16 00 9F 1A 02 00 56 9F 1C 00 9F 1D 08 00 00 00 00 00 00 00 00 9F 1E 08 36 54 34 31 31 34 33 31 9F 21 03 10 15 20 9F 2A 01 02 9F 33 03 00 00 00 9F 34 03 00 00 00 9F 35 01 22 9F 36 02 1D D2 9F 37 04 1D B5 3D 69 9F 39 01 91 9F 40 05 00 00 00 00 00 9F 41 04 00 00 01 15 9F 4E 00 9F 66 02 07 F0 9F 6A 04 00 00 00 38 9F 6B 13 51 28 57 01 00 03 80 72 D1 80 36 22 00 07 63 43 82 30 2F 9F 6D 02 00 01 BF 0C 19 5F 55 02 55 53 42 03 51 28 57 9F 4D 02 0B 0A 9F 6E 07 08 40 00 00 30 30 00 FF EE 01 05 DF EE 30 01 00 DF EE 4C 01 03 DF EC 1C 1E 08 03 00 03 FF 00 1E 04 00 00 00 FF 00 00 00 00 00 00 00 00 65 6E 00 00 00 00 00 00 FF 00 DF EC 11 20 37 59 BD 24 3B 9E E9 71 A8 BA 8F E1 5F C7 44 9A 3F 5E 55 9B 40 80 91 F0 3A E6 B8 63 B0 4A 2C 93 FF EE 01 05 DF EE 30 01 00 02 BA 00 00 00 00 00 00 00 00 00 00 00 00 00 00  

 --- 04-00-----DFEF4B = C8 T3+PAN+Only First Element Found

2026/5/15 11:46:42.428 [TX] - 56 69 56 4F 74 65 63 68 32 00 04 00 00 07 DF EF 4B 03 C8 00 00 5B CB 
2026/5/15 11:46:42.561 [RX] - 56 69 56 4F 74 65 63 68 32 00 04 00 00 00 AE 16 00 00 00 00 00 00 00 00 00 00 00 00 00 00 00 00 00 00 00 00 00 00 00 00 00 00 00 00 00 00 00 00 00 00 00 00 00 00 00 00 00 00 00 00 00 00 00  

 --- 02-40 Activate Transaction

2026/5/15 11:46:43.309 [TX] - 56 69 56 4F 74 65 63 68 32 00 02 40 00 15 0A 9F 02 06 00 00 00 00 10 00 9A 03 07 11 21 9F 21 03 10 15 20 5E 34 
2026/5/15 11:46:43.343 [RX] - 56 69 56 4F 74 65 63 68 32 00 02 63 00 00 4B B4 00 00 00 00 00 00 00 00 00 00 00 00 00 00 00 00 00 00 00 00 00 00 00 00 00 00 00 00 00 00 00 00 00 00 00 00 00 00 00 00 00 00 00 00 00 00 00 56 69 56 4F 74 65 63 68 32 00 61 01 00 10 03 00 00 02 00 45 4E 03 00 82 57 1C 02 00 00 20 5E B3 00 00 00 00 00 00 00 00 00 00 00 00 00 00 00 00 00 00 00 00 00 00 00 00 00 00 00 00 00 00 00 56 69 56 4F 74 65 63 68 32 00 61 01 00 1A 04 00 00 02 00 45 4E 0D 00 84 01 1C 04 24 1C 04 31 30 2E 30 30 1C 02 00 F4 21 2B DF 00 00 00 00 00 00 00 00 00 00 00 00 00 00 00 00 00 00 00 00 00 56 69 56 4F 74 65 63 68 32 00 61 01 00 10 03 00 00 02 00 45 4E 03 00 82 1A 1C 02 00 F4 21 29 58 00 00 00 00 00 00 00 00 00 00 00 00 00 00 00 00 00 00 00 00 00 00 00 00 00 00 00 00 00 00 00 56 69 56 4F 74 65 63 68 32 00 61 01 00 10 03 00 00 02 00 45 4E 03 00 82 68 1C 02 00 F4 21 F5 96 00 00 00 00 00 00 00 00 00 00 00 00 00 00 00 00 00 00 00 00 00 00 00 00 00 00 00 00 00 00 00 56 69 56 4F 74 65 63 68 32 00 61 01 00 10 03 00 00 02 00 45 4E 03 00 82 15 1C 02 00 F4 21 2A 9D 00 00 00 00 00 00 00 00 00 00 00 00 00 00 00 00 00 00 00 00 00 00 00 00 00 00 00 00 00 00 00 56 69 56 4F 74 65 63 68 32 00 02 23 02 97 31 DF EE 26 02 31 00 DF EF 17 29 42 35 31 32 38 35 37 30 31 30 30 30 33 38 30 37 32 5E 20 2F 5E 31 38 30 33 36 32 32 30 30 30 37 36 33 35 32 30 34 34 34 32 DF EF 18 25 35 31 32 38 35 37 30 31 30 30 30 33 38 30 37 32 3D 31 38 30 33 36 32 32 30 30 30 37 36 33 35 32 30 35 39 30 32 DF EF 4C 06 00 25 00 00 00 00 DF EF 4D 25 35 31 32 38 35 37 30 31 30 30 30 33 38 30 37 32 3D 31 38 30 33 36 32 32 30 30 30 37 36 33 35 32 30 35 39 30 32 DF 81 16 16 1E 04 00 00 00 65 6E 00 00 00 00 00 00 00 00 00 00 00 00 00 00 00 DF 81 29 08 30 F0 F0 00 30 F0 FF 00 FF 81 06 30 DF 81 15 06 00 00 00 00 00 FF 9F 6E 07 08 40 00 00 30 30 00 DF 81 2A 0D 30 30 30 30 30 30 30 30 30 30 30 30 30 DF 81 2B 07 00 00 00 00 00 00 0F FF 81 05 82 01 4A 4F 07 A0 00 00 00 04 10 10 50 10 44 65 62 69 74 20 4D 61 73 74 65 72 43 61 72 64 56 29 42 35 31 32 38 35 37 30 31 30 30 30 33 38 30 37 32 5E 20 2F 5E 31 38 30 33 36 32 32 30 30 30 37 36 33 35 32 30 34 34 34 32 5F 2A 02 09 78 5F 2D 02 65 6E 82 02 19 80 84 07 A0 00 00 00 04 10 10 95 05 00 00 00 00 00 96 01 02 9A 03 07 11 21 9B 02 00 00 9C 01 00 9F 01 00 9F 02 06 00 00 00 00 10 00 9F 06 07 A0 00 00 00 04 10 10 9F 09 02 00 02 9F 11 01 01 9F 12 10 44 65 62 69 74 20 4D 61 73 74 65 72 43 61 72 64 9F 15 02 11 11 9F 16 00 9F 1A 02 00 56 9F 1C 00 9F 1D 08 00 00 00 00 00 00 00 00 9F 1E 08 36 54 34 31 31 34 33 31 9F 21 03 10 15 20 9F 2A 01 02 9F 33 03 00 00 00 9F 34 03 00 00 00 9F 35 01 22 9F 36 02 1D D3 9F 37 04 9F 47 83 48 9F 39 01 91 9F 40 05 00 00 00 00 00 9F 41 04 00 00 01 16 9F 4E 00 9F 66 02 07 F0 9F 6A 04 00 00 00 20 9F 6B 13 51 28 57 01 00 03 80 72 D1 80 36 22 00 07 63 52 05 90 2F 9F 6D 02 00 01 BF 0C 19 5F 55 02 55 53 42 03 51 28 57 9F 4D 02 0B 0A 9F 6E 07 08 40 00 00 30 30 00 FF EE 01 05 DF EE 30 01 00 DF EE 4C 01 03 DF EC 1C 1E 08 03 00 03 FF 00 1E 04 00 00 00 FF 00 00 00 00 00 00 00 00 65 6E 00 00 00 00 00 00 FF 00 DF EC 11 20 37 59 BD 24 3B 9E E9 71 A8 BA 8F E1 5F C7 44 9A 3F 5E 55 9B 40 80 91 F0 3A E6 B8 63 B0 4A 2C 93 FF EE 01 05 DF EE 30 01 00 C9 95 00 00 00 00 00 00 00 00 00 00 00 00 00 00  

 --- 04-00-----DFEF4B = F0 T1+T2+PAN+Only First Element Found

2026/5/15 11:46:44.834 [TX] - 56 69 56 4F 74 65 63 68 32 00 04 00 00 07 DF EF 4B 03 F0 00 00 5F A7 
2026/5/15 11:46:44.959 [RX] - 56 69 56 4F 74 65 63 68 32 00 04 00 00 00 AE 16 00 00 00 00 00 00 00 00 00 00 00 00 00 00 00 00 00 00 00 00 00 00 00 00 00 00 00 00 00 00 00 00 00 00 00 00 00 00 00 00 00 00 00 00 00 00 00  

 --- 02-40 Activate Transaction

2026/5/15 11:46:45.742 [TX] - 56 69 56 4F 74 65 63 68 32 00 02 40 00 15 0A 9F 02 06 00 00 00 00 10 00 9A 03 07 11 21 9F 21 03 10 15 20 5E 34 
2026/5/15 11:46:45.776 [RX] - 56 69 56 4F 74 65 63 68 32 00 02 63 00 00 4B B4 00 00 00 00 00 00 00 00 00 00 00 00 00 00 00 00 00 00 00 00 00 00 00 00 00 00 00 00 00 00 00 00 00 00 00 00 00 00 00 00 00 00 00 00 00 00 00 56 69 56 4F 74 65 63 68 32 00 61 01 00 10 03 00 00 02 00 45 4E 03 00 82 57 1C 02 00 00 20 5E B3 00 00 00 00 00 00 00 00 00 00 00 00 00 00 00 00 00 00 00 00 00 00 00 00 00 00 00 00 00 00 00 56 69 56 4F 74 65 63 68 32 00 61 01 00 1A 04 00 00 02 00 45 4E 0D 00 84 01 1C 04 24 1C 04 31 30 2E 30 30 1C 02 00 F4 21 2B DF 00 00 00 00 00 00 00 00 00 00 00 00 00 00 00 00 00 00 00 00 00 56 69 56 4F 74 65 63 68 32 00 61 01 00 10 03 00 00 02 00 45 4E 03 00 82 1A 1C 02 00 F4 21 29 58 00 00 00 00 00 00 00 00 00 00 00 00 00 00 00 00 00 00 00 00 00 00 00 00 00 00 00 00 00 00 00 56 69 56 4F 74 65 63 68 32 00 61 01 00 10 03 00 00 02 00 45 4E 03 00 82 68 1C 02 00 F4 21 F5 96 00 00 00 00 00 00 00 00 00 00 00 00 00 00 00 00 00 00 00 00 00 00 00 00 00 00 00 00 00 00 00 56 69 56 4F 74 65 63 68 32 00 61 01 00 10 03 00 00 02 00 45 4E 03 00 82 15 1C 02 00 F4 21 2A 9D 00 00 00 00 00 00 00 00 00 00 00 00 00 00 00 00 00 00 00 00 00 00 00 00 00 00 00 00 00 00 00 56 69 56 4F 74 65 63 68 32 00 02 23 02 97 31 DF EE 26 02 31 00 DF EF 17 29 42 35 31 32 38 35 37 30 31 30 30 30 33 38 30 37 32 5E 20 2F 5E 31 38 30 33 36 32 32 30 30 30 37 36 33 36 31 35 32 38 32 32 DF EF 18 25 35 31 32 38 35 37 30 31 30 30 30 33 38 30 37 32 3D 31 38 30 33 36 32 32 30 30 30 37 36 33 36 31 35 36 30 36 32 DF EF 4C 06 00 25 00 00 00 00 DF EF 4D 25 35 31 32 38 35 37 30 31 30 30 30 33 38 30 37 32 3D 31 38 30 33 36 32 32 30 30 30 37 36 33 36 31 35 36 30 36 32 DF 81 16 16 1E 04 00 00 00 65 6E 00 00 00 00 00 00 00 00 00 00 00 00 00 00 00 DF 81 29 08 30 F0 F0 00 30 F0 FF 00 FF 81 06 30 DF 81 15 06 00 00 00 00 00 FF 9F 6E 07 08 40 00 00 30 30 00 DF 81 2A 0D 30 30 30 30 30 30 30 30 30 30 30 30 30 DF 81 2B 07 00 00 00 00 00 00 0F FF 81 05 82 01 4A 4F 07 A0 00 00 00 04 10 10 50 10 44 65 62 69 74 20 4D 61 73 74 65 72 43 61 72 64 56 29 42 35 31 32 38 35 37 30 31 30 30 30 33 38 30 37 32 5E 20 2F 5E 31 38 30 33 36 32 32 30 30 30 37 36 33 36 31 35 32 38 32 32 5F 2A 02 09 78 5F 2D 02 65 6E 82 02 19 80 84 07 A0 00 00 00 04 10 10 95 05 00 00 00 00 00 96 01 02 9A 03 07 11 21 9B 02 00 00 9C 01 00 9F 01 00 9F 02 06 00 00 00 00 10 00 9F 06 07 A0 00 00 00 04 10 10 9F 09 02 00 02 9F 11 01 01 9F 12 10 44 65 62 69 74 20 4D 61 73 74 65 72 43 61 72 64 9F 15 02 11 11 9F 16 00 9F 1A 02 00 56 9F 1C 00 9F 1D 08 00 00 00 00 00 00 00 00 9F 1E 08 36 54 34 31 31 34 33 31 9F 21 03 10 15 20 9F 2A 01 02 9F 33 03 00 00 00 9F 34 03 00 00 00 9F 35 01 22 9F 36 02 1D D4 9F 37 04 E0 0F 71 E8 9F 39 01 91 9F 40 05 00 00 00 00 00 9F 41 04 00 00 01 17 9F 4E 00 9F 66 02 07 F0 9F 6A 04 00 00 00 15 9F 6B 13 51 28 57 01 00 03 80 72 D1 80 36 22 00 07 63 61 56 06 2F 9F 6D 02 00 01 BF 0C 19 5F 55 02 55 53 42 03 51 28 57 9F 4D 02 0B 0A 9F 6E 07 08 40 00 00 30 30 00 FF EE 01 05 DF EE 30 01 00 DF EE 4C 01 03 DF EC 1C 1E 08 03 00 03 FF 00 1E 04 00 00 00 FF 00 00 00 00 00 00 00 00 65 6E 00 00 00 00 00 00 FF 00 DF EC 11 20 37 59 BD 24 3B 9E E9 71 A8 BA 8F E1 5F C7 44 9A 3F 5E 55 9B 40 80 91 F0 3A E6 B8 63 B0 4A 2C 93 FF EE 01 05 DF EE 30 01 00 25 8F 00 00 00 00 00 00 00 00 00 00 00 00 00 00  

 --- 04-00-----DFEF4B = E8 T1+T3+PAN+Only First Element Found

2026/5/15 11:46:47.317 [TX] - 56 69 56 4F 74 65 63 68 32 00 04 00 00 07 DF EF 4B 03 E8 00 00 9D 4D 
2026/5/15 11:46:47.445 [RX] - 56 69 56 4F 74 65 63 68 32 00 04 00 00 00 AE 16 00 00 00 00 00 00 00 00 00 00 00 00 00 00 00 00 00 00 00 00 00 00 00 00 00 00 00 00 00 00 00 00 00 00 00 00 00 00 00 00 00 00 00 00 00 00 00  

 --- 02-40 Activate Transaction

2026/5/15 11:46:47.805 [TX] - 56 69 56 4F 74 65 63 68 32 00 02 40 00 15 0A 9F 02 06 00 00 00 00 10 00 9A 03 07 11 21 9F 21 03 10 15 20 5E 34 
2026/5/15 11:46:47.839 [RX] - 56 69 56 4F 74 65 63 68 32 00 02 63 00 00 4B B4 00 00 00 00 00 00 00 00 00 00 00 00 00 00 00 00 00 00 00 00 00 00 00 00 00 00 00 00 00 00 00 00 00 00 00 00 00 00 00 00 00 00 00 00 00 00 00 56 69 56 4F 74 65 63 68 32 00 61 01 00 10 03 00 00 02 00 45 4E 03 00 82 57 1C 02 00 00 20 5E B3 00 00 00 00 00 00 00 00 00 00 00 00 00 00 00 00 00 00 00 00 00 00 00 00 00 00 00 00 00 00 00 56 69 56 4F 74 65 63 68 32 00 61 01 00 1A 04 00 00 02 00 45 4E 0D 00 84 01 1C 04 24 1C 04 31 30 2E 30 30 1C 02 00 F4 21 2B DF 00 00 00 00 00 00 00 00 00 00 00 00 00 00 00 00 00 00 00 00 00 56 69 56 4F 74 65 63 68 32 00 61 01 00 10 03 00 00 02 00 45 4E 03 00 82 1A 1C 02 00 F4 21 29 58 00 00 00 00 00 00 00 00 00 00 00 00 00 00 00 00 00 00 00 00 00 00 00 00 00 00 00 00 00 00 00 56 69 56 4F 74 65 63 68 32 00 61 01 00 10 03 00 00 02 00 45 4E 03 00 82 68 1C 02 00 F4 21 F5 96 00 00 00 00 00 00 00 00 00 00 00 00 00 00 00 00 00 00 00 00 00 00 00 00 00 00 00 00 00 00 00 56 69 56 4F 74 65 63 68 32 00 61 01 00 10 03 00 00 02 00 45 4E 03 00 82 15 1C 02 00 F4 21 2A 9D 00 00 00 00 00 00 00 00 00 00 00 00 00 00 00 00 00 00 00 00 00 00 00 00 00 00 00 00 00 00 00 56 69 56 4F 74 65 63 68 32 00 02 23 02 97 31 DF EE 26 02 31 00 DF EF 17 29 42 35 31 32 38 35 37 30 31 30 30 30 33 38 30 37 32 5E 20 2F 5E 31 38 30 33 36 32 32 30 30 30 37 36 33 37 34 37 31 32 38 32 DF EF 18 25 35 31 32 38 35 37 30 31 30 30 30 33 38 30 37 32 3D 31 38 30 33 36 32 32 30 30 30 37 36 33 37 34 37 34 34 33 32 DF EF 4C 06 00 25 00 00 00 00 DF EF 4D 25 35 31 32 38 35 37 30 31 30 30 30 33 38 30 37 32 3D 31 38 30 33 36 32 32 30 30 30 37 36 33 37 34 37 34 34 33 32 DF 81 16 16 1E 04 00 00 00 65 6E 00 00 00 00 00 00 00 00 00 00 00 00 00 00 00 DF 81 29 08 30 F0 F0 00 30 F0 FF 00 FF 81 06 30 DF 81 15 06 00 00 00 00 00 FF 9F 6E 07 08 40 00 00 30 30 00 DF 81 2A 0D 30 30 30 30 30 30 30 30 30 30 30 30 30 DF 81 2B 07 00 00 00 00 00 00 0F FF 81 05 82 01 4A 4F 07 A0 00 00 00 04 10 10 50 10 44 65 62 69 74 20 4D 61 73 74 65 72 43 61 72 64 56 29 42 35 31 32 38 35 37 30 31 30 30 30 33 38 30 37 32 5E 20 2F 5E 31 38 30 33 36 32 32 30 30 30 37 36 33 37 34 37 31 32 38 32 5F 2A 02 09 78 5F 2D 02 65 6E 82 02 19 80 84 07 A0 00 00 00 04 10 10 95 05 00 00 00 00 00 96 01 02 9A 03 07 11 21 9B 02 00 00 9C 01 00 9F 01 00 9F 02 06 00 00 00 00 10 00 9F 06 07 A0 00 00 00 04 10 10 9F 09 02 00 02 9F 11 01 01 9F 12 10 44 65 62 69 74 20 4D 61 73 74 65 72 43 61 72 64 9F 15 02 11 11 9F 16 00 9F 1A 02 00 56 9F 1C 00 9F 1D 08 00 00 00 00 00 00 00 00 9F 1E 08 36 54 34 31 31 34 33 31 9F 21 03 10 15 20 9F 2A 01 02 9F 33 03 00 00 00 9F 34 03 00 00 00 9F 35 01 22 9F 36 02 1D D5 9F 37 04 16 8D CF 57 9F 39 01 91 9F 40 05 00 00 00 00 00 9F 41 04 00 00 01 18 9F 4E 00 9F 66 02 07 F0 9F 6A 04 00 00 00 47 9F 6B 13 51 28 57 01 00 03 80 72 D1 80 36 22 00 07 63 74 74 43 2F 9F 6D 02 00 01 BF 0C 19 5F 55 02 55 53 42 03 51 28 57 9F 4D 02 0B 0A 9F 6E 07 08 40 00 00 30 30 00 FF EE 01 05 DF EE 30 01 00 DF EE 4C 01 03 DF EC 1C 1E 08 03 00 03 FF 00 1E 04 00 00 00 FF 00 00 00 00 00 00 00 00 65 6E 00 00 00 00 00 00 FF 00 DF EC 11 20 37 59 BD 24 3B 9E E9 71 A8 BA 8F E1 5F C7 44 9A 3F 5E 55 9B 40 80 91 F0 3A E6 B8 63 B0 4A 2C 93 FF EE 01 05 DF EE 30 01 00 3A 23 00 00 00 00 00 00 00 00 00 00 00 00 00 00  

 --- 04-00-----DFEF4B = D8 T2+T3+PAN+Only First Element Found

2026/5/15 11:46:49.336 [TX] - 56 69 56 4F 74 65 63 68 32 00 04 00 00 07 DF EF 4B 03 D8 00 00 38 88 
2026/5/15 11:46:49.396 [RX] - 56 69 56 4F 74 65 63 68 32 00 04 00 00 00 AE 16 00 00 00 00 00 00 00 00 00 00 00 00 00 00 00 00 00 00 00 00 00 00 00 00 00 00 00 00 00 00 00 00 00 00 00 00 00 00 00 00 00 00 00 00 00 00 00  

 --- 02-40 Activate Transaction

2026/5/15 11:46:49.726 [TX] - 56 69 56 4F 74 65 63 68 32 00 02 40 00 15 0A 9F 02 06 00 00 00 00 10 00 9A 03 07 11 21 9F 21 03 10 15 20 5E 34 
2026/5/15 11:46:49.759 [RX] - 56 69 56 4F 74 65 63 68 32 00 02 63 00 00 4B B4 00 00 00 00 00 00 00 00 00 00 00 00 00 00 00 00 00 00 00 00 00 00 00 00 00 00 00 00 00 00 00 00 00 00 00 00 00 00 00 00 00 00 00 00 00 00 00 56 69 56 4F 74 65 63 68 32 00 61 01 00 10 03 00 00 02 00 45 4E 03 00 82 57 1C 02 00 00 20 5E B3 00 00 00 00 00 00 00 00 00 00 00 00 00 00 00 00 00 00 00 00 00 00 00 00 00 00 00 00 00 00 00 56 69 56 4F 74 65 63 68 32 00 61 01 00 1A 04 00 00 02 00 45 4E 0D 00 84 01 1C 04 24 1C 04 31 30 2E 30 30 1C 02 00 F4 21 2B DF 00 00 00 00 00 00 00 00 00 00 00 00 00 00 00 00 00 00 00 00 00 56 69 56 4F 74 65 63 68 32 00 61 01 00 10 03 00 00 02 00 45 4E 03 00 82 1A 1C 02 00 F4 21 29 58 00 00 00 00 00 00 00 00 00 00 00 00 00 00 00 00 00 00 00 00 00 00 00 00 00 00 00 00 00 00 00 56 69 56 4F 74 65 63 68 32 00 61 01 00 10 03 00 00 02 00 45 4E 03 00 82 68 1C 02 00 F4 21 F5 96 00 00 00 00 00 00 00 00 00 00 00 00 00 00 00 00 00 00 00 00 00 00 00 00 00 00 00 00 00 00 00 56 69 56 4F 74 65 63 68 32 00 61 01 00 10 03 00 00 02 00 45 4E 03 00 82 15 1C 02 00 F4 21 2A 9D 00 00 00 00 00 00 00 00 00 00 00 00 00 00 00 00 00 00 00 00 00 00 00 00 00 00 00 00 00 00 00 56 69 56 4F 74 65 63 68 32 00 02 23 02 97 31 DF EE 26 02 31 00 DF EF 17 29 42 35 31 32 38 35 37 30 31 30 30 30 33 38 30 37 32 5E 20 2F 5E 31 38 30 33 36 32 32 30 30 30 37 36 33 38 35 36 39 32 30 32 DF EF 18 25 35 31 32 38 35 37 30 31 30 30 30 33 38 30 37 32 3D 31 38 30 33 36 32 32 30 30 30 37 36 33 38 35 36 33 36 36 32 DF EF 4C 06 00 25 00 00 00 00 DF EF 4D 25 35 31 32 38 35 37 30 31 30 30 30 33 38 30 37 32 3D 31 38 30 33 36 32 32 30 30 30 37 36 33 38 35 36 33 36 36 32 DF 81 16 16 1E 04 00 00 00 65 6E 00 00 00 00 00 00 00 00 00 00 00 00 00 00 00 DF 81 29 08 30 F0 F0 00 30 F0 FF 00 FF 81 06 30 DF 81 15 06 00 00 00 00 00 FF 9F 6E 07 08 40 00 00 30 30 00 DF 81 2A 0D 30 30 30 30 30 30 30 30 30 30 30 30 30 DF 81 2B 07 00 00 00 00 00 00 0F FF 81 05 82 01 4A 4F 07 A0 00 00 00 04 10 10 50 10 44 65 62 69 74 20 4D 61 73 74 65 72 43 61 72 64 56 29 42 35 31 32 38 35 37 30 31 30 30 30 33 38 30 37 32 5E 20 2F 5E 31 38 30 33 36 32 32 30 30 30 37 36 33 38 35 36 39 32 30 32 5F 2A 02 09 78 5F 2D 02 65 6E 82 02 19 80 84 07 A0 00 00 00 04 10 10 95 05 00 00 00 00 00 96 01 02 9A 03 07 11 21 9B 02 00 00 9C 01 00 9F 01 00 9F 02 06 00 00 00 00 10 00 9F 06 07 A0 00 00 00 04 10 10 9F 09 02 00 02 9F 11 01 01 9F 12 10 44 65 62 69 74 20 4D 61 73 74 65 72 43 61 72 64 9F 15 02 11 11 9F 16 00 9F 1A 02 00 56 9F 1C 00 9F 1D 08 00 00 00 00 00 00 00 00 9F 1E 08 36 54 34 31 31 34 33 31 9F 21 03 10 15 20 9F 2A 01 02 9F 33 03 00 00 00 9F 34 03 00 00 00 9F 35 01 22 9F 36 02 1D D6 9F 37 04 F4 93 5D 64 9F 39 01 91 9F 40 05 00 00 00 00 00 9F 41 04 00 00 01 19 9F 4E 00 9F 66 02 07 F0 9F 6A 04 00 00 00 56 9F 6B 13 51 28 57 01 00 03 80 72 D1 80 36 22 00 07 63 85 63 66 2F 9F 6D 02 00 01 BF 0C 19 5F 55 02 55 53 42 03 51 28 57 9F 4D 02 0B 0A 9F 6E 07 08 40 00 00 30 30 00 FF EE 01 05 DF EE 30 01 00 DF EE 4C 01 03 DF EC 1C 1E 08 03 00 03 FF 00 1E 04 00 00 00 FF 00 00 00 00 00 00 00 00 65 6E 00 00 00 00 00 00 FF 00 DF EC 11 20 37 59 BD 24 3B 9E E9 71 A8 BA 8F E1 5F C7 44 9A 3F 5E 55 9B 40 80 91 F0 3A E6 B8 63 B0 4A 2C 93 FF EE 01 05 DF EE 30 01 00 BD 85 00 00 00 00 00 00 00 00 00 00 00 00 00 00  

 --- 04-00-----DFEF4B = F8 T1+T2+T3+PAN+Only First Element Found

2026/5/15 11:46:51.347 [TX] - 56 69 56 4F 74 65 63 68 32 00 04 00 00 07 DF EF 4B 03 F8 00 00 FE 0E 
2026/5/15 11:46:51.528 [RX] - 56 69 56 4F 74 65 63 68 32 00 04 00 00 00 AE 16 00 00 00 00 00 00 00 00 00 00 00 00 00 00 00 00 00 00 00 00 00 00 00 00 00 00 00 00 00 00 00 00 00 00 00 00 00 00 00 00 00 00 00 00 00 00 00  

 --- 02-40 Activate Transaction

2026/5/15 11:46:51.917 [TX] - 56 69 56 4F 74 65 63 68 32 00 02 40 00 15 0A 9F 02 06 00 00 00 00 10 00 9A 03 07 11 21 9F 21 03 10 15 20 5E 34 
2026/5/15 11:46:51.952 [RX] - 56 69 56 4F 74 65 63 68 32 00 02 63 00 00 4B B4 00 00 00 00 00 00 00 00 00 00 00 00 00 00 00 00 00 00 00 00 00 00 00 00 00 00 00 00 00 00 00 00 00 00 00 00 00 00 00 00 00 00 00 00 00 00 00 56 69 56 4F 74 65 63 68 32 00 61 01 00 10 03 00 00 02 00 45 4E 03 00 82 57 1C 02 00 00 20 5E B3 00 00 00 00 00 00 00 00 00 00 00 00 00 00 00 00 00 00 00 00 00 00 00 00 00 00 00 00 00 00 00 56 69 56 4F 74 65 63 68 32 00 61 01 00 1A 04 00 00 02 00 45 4E 0D 00 84 01 1C 04 24 1C 04 31 30 2E 30 30 1C 02 00 F4 21 2B DF 00 00 00 00 00 00 00 00 00 00 00 00 00 00 00 00 00 00 00 00 00 56 69 56 4F 74 65 63 68 32 00 61 01 00 10 03 00 00 02 00 45 4E 03 00 82 1A 1C 02 00 F4 21 29 58 00 00 00 00 00 00 00 00 00 00 00 00 00 00 00 00 00 00 00 00 00 00 00 00 00 00 00 00 00 00 00 56 69 56 4F 74 65 63 68 32 00 61 01 00 10 03 00 00 02 00 45 4E 03 00 82 68 1C 02 00 F4 21 F5 96 00 00 00 00 00 00 00 00 00 00 00 00 00 00 00 00 00 00 00 00 00 00 00 00 00 00 00 00 00 00 00 56 69 56 4F 74 65 63 68 32 00 61 01 00 10 03 00 00 02 00 45 4E 03 00 82 15 1C 02 00 F4 21 2A 9D 00 00 00 00 00 00 00 00 00 00 00 00 00 00 00 00 00 00 00 00 00 00 00 00 00 00 00 00 00 00 00 56 69 56 4F 74 65 63 68 32 00 02 23 02 97 31 DF EE 26 02 31 00 DF EF 17 29 42 35 31 32 38 35 37 30 31 30 30 30 33 38 30 37 32 5E 20 2F 5E 31 38 30 33 36 32 32 30 30 30 37 36 33 39 32 38 35 32 34 32 DF EF 18 25 35 31 32 38 35 37 30 31 30 30 30 33 38 30 37 32 3D 31 38 30 33 36 32 32 30 30 30 37 36 33 39 32 38 32 38 36 32 DF EF 4C 06 00 25 00 00 00 00 DF EF 4D 25 35 31 32 38 35 37 30 31 30 30 30 33 38 30 37 32 3D 31 38 30 33 36 32 32 30 30 30 37 36 33 39 32 38 32 38 36 32 DF 81 16 16 1E 04 00 00 00 65 6E 00 00 00 00 00 00 00 00 00 00 00 00 00 00 00 DF 81 29 08 30 F0 F0 00 30 F0 FF 00 FF 81 06 30 DF 81 15 06 00 00 00 00 00 FF 9F 6E 07 08 40 00 00 30 30 00 DF 81 2A 0D 30 30 30 30 30 30 30 30 30 30 30 30 30 DF 81 2B 07 00 00 00 00 00 00 0F FF 81 05 82 01 4A 4F 07 A0 00 00 00 04 10 10 50 10 44 65 62 69 74 20 4D 61 73 74 65 72 43 61 72 64 56 29 42 35 31 32 38 35 37 30 31 30 30 30 33 38 30 37 32 5E 20 2F 5E 31 38 30 33 36 32 32 30 30 30 37 36 33 39 32 38 35 32 34 32 5F 2A 02 09 78 5F 2D 02 65 6E 82 02 19 80 84 07 A0 00 00 00 04 10 10 95 05 00 00 00 00 00 96 01 02 9A 03 07 11 21 9B 02 00 00 9C 01 00 9F 01 00 9F 02 06 00 00 00 00 10 00 9F 06 07 A0 00 00 00 04 10 10 9F 09 02 00 02 9F 11 01 01 9F 12 10 44 65 62 69 74 20 4D 61 73 74 65 72 43 61 72 64 9F 15 02 11 11 9F 16 00 9F 1A 02 00 56 9F 1C 00 9F 1D 08 00 00 00 00 00 00 00 00 9F 1E 08 36 54 34 31 31 34 33 31 9F 21 03 10 15 20 9F 2A 01 02 9F 33 03 00 00 00 9F 34 03 00 00 00 9F 35 01 22 9F 36 02 1D D7 9F 37 04 68 87 F2 EC 9F 39 01 91 9F 40 05 00 00 00 00 00 9F 41 04 00 00 01 20 9F 4E 00 9F 66 02 07 F0 9F 6A 04 00 00 00 28 9F 6B 13 51 28 57 01 00 03 80 72 D1 80 36 22 00 07 63 92 82 86 2F 9F 6D 02 00 01 BF 0C 19 5F 55 02 55 53 42 03 51 28 57 9F 4D 02 0B 0A 9F 6E 07 08 40 00 00 30 30 00 FF EE 01 05 DF EE 30 01 00 DF EE 4C 01 03 DF EC 1C 1E 08 03 00 03 FF 00 1E 04 00 00 00 FF 00 00 00 00 00 00 00 00 65 6E 00 00 00 00 00 00 FF 00 DF EC 11 20 37 59 BD 24 3B 9E E9 71 A8 BA 8F E1 5F C7 44 9A 3F 5E 55 9B 40 80 91 F0 3A E6 B8 63 B0 4A 2C 93 FF EE 01 05 DF EE 30 01 00 42 4A 00 00 00 00 00 00 00 00 00 00 00 00 00 00  
---------- END OF TEST ----------

 Result = PASSED
 

 MASTER RESULT = PASSED


Docklight Log File (HEX) - Stopped 2026/5/15 11:46:53.580 

