Docklight Log File (HEX) - Started 2015/8/24 09:42:38.359 
 TEST CASE: SAT002-1

 --- Set POS COM PORT Settings
 Set POS COM PORT...
 POS operating on COM1 @ 9600 baud...
 Set POS COM PORT - COMPLETE

 Loading DUKPT key...

2015/8/24 09:42:39.851 [TX] - 56 69 56 4F 74 65 63 68 32 00 83 00 00 00 03 22 
2015/8/24 09:42:39.898 [RX] - 56 69 56 4F 74 65 63 68 32 00 83 00 00 00 22 03 
2015/8/24 09:42:40.425 [TX] - 56 69 56 4F 74 65 63 68 32 00 80 00 00 65 30 43 46 35 35 34 43 32 46 30 45 45 41 41 30 30 38 38 4B 30 54 44 30 30 4E 30 30 30 30 30 30 38 30 32 41 38 34 46 44 44 36 33 39 31 35 44 43 41 45 42 46 38 37 37 35 34 33 32 32 44 32 36 37 42 41 33 34 34 31 38 33 41 42 39 41 32 35 36 37 39 30 32 33 34 39 38 37 31 32 30 32 33 34 30 30 30 30 30 30 30 30 C2 98 
2015/8/24 09:42:40.578 [RX] - 56 69 56 4F 74 65 63 68 32 00 80 00 00 00 B9 DF 
2015/8/24 09:42:41.105 [TX] - 56 69 56 4F 74 65 63 68 32 00 80 00 00 65 31 35 43 44 42 38 31 32 46 30 45 45 41 41 30 30 38 38 4B 30 54 44 30 30 4E 30 30 30 30 30 30 38 30 39 32 36 39 41 34 33 36 39 42 36 43 37 45 33 42 35 36 37 32 39 38 33 41 36 36 32 46 36 31 30 33 32 35 37 32 39 32 33 36 33 37 38 33 30 33 33 36 32 33 41 39 39 37 31 32 36 32 33 34 30 30 30 30 30 30 30 30 AA E9 
2015/8/24 09:42:41.257 [RX] - 56 69 56 4F 74 65 63 68 32 00 80 00 00 00 B9 DF 
2015/8/24 09:42:41.785 [TX] - 56 69 56 4F 74 65 63 68 32 00 80 01 00 58 41 30 30 38 38 4B 30 54 44 30 30 4E 30 30 30 30 42 39 34 38 46 37 42 33 34 43 41 44 37 32 36 42 41 37 37 43 39 43 34 41 38 30 37 37 39 42 42 38 36 42 42 43 33 37 34 30 31 31 42 42 45 33 39 45 30 36 46 34 46 36 41 37 44 44 36 46 37 32 30 45 37 31 33 44 45 39 34 41 A0 6B 
2015/8/24 09:42:41.907 [RX] - 56 69 56 4F 74 65 63 68 32 00 80 00 00 00 B9 DF 
2015/8/24 09:42:42.435 [TX] - 56 69 56 4F 74 65 63 68 32 00 81 00 00 71 05 41 30 31 31 32 44 30 54 45 30 30 4E 30 31 30 30 4B 53 31 38 46 46 46 46 39 38 37 36 35 34 33 32 31 30 45 30 30 30 30 30 37 43 45 37 34 45 39 30 30 35 33 43 41 38 45 45 42 43 33 37 42 35 37 30 36 38 31 45 35 42 32 37 36 31 34 38 43 33 45 37 34 34 41 42 43 44 36 44 34 43 35 33 36 43 37 46 34 46 36 37 44 37 46 32 32 44 33 39 34 45 44 42 A8 31 
2015/8/24 09:42:42.609 [RX] - 56 69 56 4F 74 65 63 68 32 00 81 00 00 00 CF 6B 
2015/8/24 09:42:43.136 [TX] - 56 69 56 4F 74 65 63 68 32 00 81 09 00 01 05 40 D3 
2015/8/24 09:42:43.175 [RX] - 56 69 56 4F 74 65 63 68 32 00 81 00 00 00 CF 6B  
OK!
 

 Loading Master key...

2015/8/24 09:42:43.725 [TX] - 56 69 56 4F 74 65 63 68 32 00 80 03 00 59 05 41 30 30 38 38 4B 30 54 44 30 30 4E 30 30 30 30 38 45 33 43 43 38 36 45 38 39 33 35 37 34 43 30 44 31 38 36 30 44 34 36 43 39 39 35 35 45 43 33 31 37 43 30 33 32 30 46 35 32 42 38 30 46 37 35 38 35 46 32 37 45 37 31 46 36 41 36 33 44 42 39 43 45 44 46 31 37 30 32 A3 22 
2015/8/24 09:42:43.868 [RX] - 56 69 56 4F 74 65 63 68 32 00 80 00 00 00 B9 DF 
2015/8/24 09:42:44.395 [TX] - 56 69 56 4F 74 65 63 68 32 00 80 09 00 01 05 11 79 
2015/8/24 09:42:44.435 [RX] - 56 69 56 4F 74 65 63 68 32 00 80 00 00 00 B9 DF  
OK!
 --- GR Backward Compatibility: OFF

2015/8/24 09:42:44.991 [TX] - 56 69 56 4F 74 65 63 68 32 00 04 00 00 04 DF 59 01 00 6A BF 
2015/8/24 09:42:45.277 [RX] - 56 69 56 4F 74 65 63 68 32 00 04 00 00 00 AE 16  

 --- Poll on Demand

2015/8/24 09:42:45.823 [TX] - 56 69 56 4F 74 65 63 68 32 00 01 01 00 01 01 D7 34 
2015/8/24 09:42:45.864 [RX] - 56 69 56 4F 74 65 63 68 32 00 01 02 00 00 7C 33  

 --- Clear Event Queue

2015/8/24 09:42:48.186 [TX] - 56 69 56 4F 74 65 63 68 32 00 83 0C 00 00 62 57 
2015/8/24 09:42:48.218 [RX] - 56 69 56 4F 74 65 63 68 32 00 83 00 00 00 22 03  

 >>> 02-0A DUKPT/ any card/ event mode

2015/8/24 09:42:48.263 [TX] - 56 69 56 4F 74 65 63 68 32 00 02 0A 00 27 00 0A 47 00 00 01 9F 02 06 00 00 00 00 00 01 5F 2A 02 08 40 9A 03 12 01 02 9F 1A 02 08 40 9C 01 00 9F 21 03 11 22 33 B0 40 
2015/8/24 09:42:48.368 [RX] - 56 69 56 4F 74 65 63 68 32 00 02 00 00 00 89 8F  

 --- Get Input Event

2015/8/24 09:42:58.412 [TX] - 56 69 56 4F 74 65 63 68 32 00 83 06 00 01 00 88 13 
2015/8/24 09:42:58.458 [RX] - 56 69 56 4F 74 65 63 68 32 00 83 00 00 11 00 03 00 06 00 00 00 00 00 00 00 00 00 00 00 00 23 00 6E  

 --- Get Transaction Result

2015/8/24 09:42:58.514 [TX] - 56 69 56 4F 74 65 63 68 32 00 03 00 00 00 3B FF 
2015/8/24 09:42:58.546 [RX] - 56 69 56 4F 74 65 63 68 32 00 03 23 01 51 00 FF EE 13 3E 42 35 32 35 36 38 33 32 30 33 30 30 30 30 30 30 30 5E 53 75 70 70 6C 69 65 64 2F 4E 6F 74 5E 31 32 31 32 35 30 32 32 34 34 31 30 31 38 35 38 31 30 32 31 31 31 31 31 31 31 31 31 31 31 32 FF EE 14 25 35 32 35 36 38 33 32 30 33 30 30 30 30 30 30 30 3D 31 32 31 32 35 30 32 34 35 39 31 30 31 38 35 38 31 30 32 32 FF EE 01 04 DF 30 01 00 9F 06 07 A0 00 00 00 04 10 10 DF 81 29 08 30 F0 F0 00 30 F0 FF 00 FF 81 06 81 31 DF 81 2A 18 30 30 30 31 30 30 30 30 30 31 30 30 31 31 31 31 31 31 31 31 31 31 31 32 DF 81 2B 07 00 01 00 00 01 00 2F DF 81 15 06 00 00 00 00 00 FF FF 81 05 81 70 9F 6D 02 00 01 50 0A 4D 61 73 74 65 72 43 61 72 64 84 07 A0 00 00 00 04 10 10 56 3E 42 35 32 35 36 38 33 32 30 33 30 30 30 30 30 30 30 5E 53 75 70 70 6C 69 65 64 2F 4E 6F 74 5E 31 32 31 32 35 30 32 32 34 34 31 30 31 38 35 38 31 30 32 31 31 31 31 31 31 31 31 31 31 31 32 9F 6B 13 52 56 83 20 30 00 00 00 D1 21 25 02 45 91 01 85 81 02 2F 9A 03 12 01 02 9F 21 03 11 22 33 9F 37 04 54 7C 8A 5C 9F 6A 04 00 00 00 02 9C 01 00 AB DC  

 --- Clear Event Queue

2015/8/24 09:43:00.618 [TX] - 56 69 56 4F 74 65 63 68 32 00 83 0C 00 00 62 57 
2015/8/24 09:43:00.658 [RX] - 56 69 56 4F 74 65 63 68 32 00 83 00 00 00 22 03  

 >>> 02-0A MS key/ any card/ event mode

2015/8/24 09:43:00.703 [TX] - 56 69 56 4F 74 65 63 68 32 00 02 0A 00 27 00 0A 07 00 00 01 9F 02 06 00 00 00 00 00 01 5F 2A 02 08 40 9A 03 12 01 02 9F 1A 02 08 40 9C 01 00 9F 21 03 11 22 33 8E B5 
2015/8/24 09:43:00.809 [RX] - 56 69 56 4F 74 65 63 68 32 00 02 00 00 00 89 8F  

 --- Get Input Event

2015/8/24 09:43:10.889 [TX] - 56 69 56 4F 74 65 63 68 32 00 83 06 00 01 00 88 13 
2015/8/24 09:43:10.928 [RX] - 56 69 56 4F 74 65 63 68 32 00 83 00 00 11 00 03 00 06 00 00 00 00 00 00 00 00 00 00 00 00 23 00 6E  

 --- Get Transaction Result

2015/8/24 09:43:11.058 [TX] - 56 69 56 4F 74 65 63 68 32 00 03 00 00 00 3B FF 
2015/8/24 09:43:11.096 [RX] - 56 69 56 4F 74 65 63 68 32 00 03 23 01 51 00 FF EE 13 3E 42 35 32 35 36 38 33 32 30 33 30 30 30 30 30 30 30 5E 53 75 70 70 6C 69 65 64 2F 4E 6F 74 5E 31 32 31 32 35 30 32 36 31 30 31 30 31 38 35 39 31 36 36 31 31 31 31 31 31 31 31 31 31 31 32 FF EE 14 25 35 32 35 36 38 33 32 30 33 30 30 30 30 30 30 30 3D 31 32 31 32 35 30 32 32 37 34 31 30 31 38 35 39 31 36 36 32 FF EE 01 04 DF 30 01 00 9F 06 07 A0 00 00 00 04 10 10 DF 81 29 08 30 F0 F0 00 30 F0 FF 00 FF 81 06 81 31 DF 81 2A 18 30 30 30 31 30 30 30 30 30 31 30 30 31 31 31 31 31 31 31 31 31 31 31 32 DF 81 2B 07 00 01 00 00 01 00 2F DF 81 15 06 00 00 00 00 00 FF FF 81 05 81 70 9F 6D 02 00 01 50 0A 4D 61 73 74 65 72 43 61 72 64 84 07 A0 00 00 00 04 10 10 56 3E 42 35 32 35 36 38 33 32 30 33 30 30 30 30 30 30 30 5E 53 75 70 70 6C 69 65 64 2F 4E 6F 74 5E 31 32 31 32 35 30 32 36 31 30 31 30 31 38 35 39 31 36 36 31 31 31 31 31 31 31 31 31 31 31 32 9F 6B 13 52 56 83 20 30 00 00 00 D1 21 25 02 27 41 01 85 91 66 2F 9A 03 12 01 02 9F 21 03 11 22 33 9F 37 04 34 4C 4B 3F 9F 6A 04 00 00 00 66 9C 01 00 C2 F2  

 Result = PASSED
 ---------- END OF TEST ----------

 Result = PASSED
 

 MASTER RESULT = PASSED


Docklight Log File (HEX) - Stopped 2015/8/24 09:43:13.339 

