Docklight Log File (HEX) - Started 2015/6/9 16:02:41.327 
 TEST CASE: SAT002-1

 --- Set POS COM PORT Settings
 Set POS COM PORT...
 POS operating on COM1 @ 9600 baud...
 Set POS COM PORT - COMPLETE

 Loading DUKPT key...

2015/6/9 16:02:42.816 [TX] - 56 69 56 4F 74 65 63 68 32 00 83 00 00 00 03 22 
2015/6/9 16:02:42.861 [RX] - 56 69 56 4F 74 65 63 68 32 00 83 00 00 00 22 03 
2015/6/9 16:02:43.389 [TX] - 56 69 56 4F 74 65 63 68 32 00 80 00 00 65 30 43 46 35 35 34 43 32 46 30 45 45 41 41 30 30 38 38 4B 30 54 44 30 30 4E 30 30 30 30 30 30 38 30 32 41 38 34 46 44 44 36 33 39 31 35 44 43 41 45 42 46 38 37 37 35 34 33 32 32 44 32 36 37 42 41 33 34 34 31 38 33 41 42 39 41 32 35 36 37 39 30 32 33 34 39 38 37 31 32 30 32 33 34 30 30 30 30 30 30 30 30 C2 98 
2015/6/9 16:02:43.540 [RX] - 56 69 56 4F 74 65 63 68 32 00 80 00 00 00 B9 DF 
2015/6/9 16:02:44.068 [TX] - 56 69 56 4F 74 65 63 68 32 00 80 00 00 65 31 35 43 44 42 38 31 32 46 30 45 45 41 41 30 30 38 38 4B 30 54 44 30 30 4E 30 30 30 30 30 30 38 30 39 32 36 39 41 34 33 36 39 42 36 43 37 45 33 42 35 36 37 32 39 38 33 41 36 36 32 46 36 31 30 33 32 35 37 32 39 32 33 36 33 37 38 33 30 33 33 36 32 33 41 39 39 37 31 32 36 32 33 34 30 30 30 30 30 30 30 30 AA E9 
2015/6/9 16:02:44.220 [RX] - 56 69 56 4F 74 65 63 68 32 00 80 00 00 00 B9 DF 
2015/6/9 16:02:44.749 [TX] - 56 69 56 4F 74 65 63 68 32 00 80 01 00 58 41 30 30 38 38 4B 30 54 44 30 30 4E 30 30 30 30 42 39 34 38 46 37 42 33 34 43 41 44 37 32 36 42 41 37 37 43 39 43 34 41 38 30 37 37 39 42 42 38 36 42 42 43 33 37 34 30 31 31 42 42 45 33 39 45 30 36 46 34 46 36 41 37 44 44 36 46 37 32 30 45 37 31 33 44 45 39 34 41 A0 6B 
2015/6/9 16:02:44.879 [RX] - 56 69 56 4F 74 65 63 68 32 00 80 00 00 00 B9 DF 
2015/6/9 16:02:45.409 [TX] - 56 69 56 4F 74 65 63 68 32 00 81 00 00 71 05 41 30 31 31 32 44 30 54 45 30 30 4E 30 31 30 30 4B 53 31 38 46 46 46 46 39 38 37 36 35 34 33 32 31 30 45 30 30 30 30 30 37 43 45 37 34 45 39 30 30 35 33 43 41 38 45 45 42 43 33 37 42 35 37 30 36 38 31 45 35 42 32 37 36 31 34 38 43 33 45 37 34 34 41 42 43 44 36 44 34 43 35 33 36 43 37 46 34 46 36 37 44 37 46 32 32 44 33 39 34 45 44 42 A8 31 
2015/6/9 16:02:45.591 [RX] - 56 69 56 4F 74 65 63 68 32 00 81 00 00 00 CF 6B 
2015/6/9 16:02:46.119 [TX] - 56 69 56 4F 74 65 63 68 32 00 81 09 00 01 05 40 D3 
2015/6/9 16:02:46.157 [RX] - 56 69 56 4F 74 65 63 68 32 00 81 00 00 00 CF 6B  
OK!
 

 Loading Master key...

2015/6/9 16:02:46.709 [TX] - 56 69 56 4F 74 65 63 68 32 00 80 03 00 59 05 41 30 30 38 38 4B 30 54 44 30 30 4E 30 30 30 30 38 45 33 43 43 38 36 45 38 39 33 35 37 34 43 30 44 31 38 36 30 44 34 36 43 39 39 35 35 45 43 33 31 37 43 30 33 32 30 46 35 32 42 38 30 46 37 35 38 35 46 32 37 45 37 31 46 36 41 36 33 44 42 39 43 45 44 46 31 37 30 32 A3 22 
2015/6/9 16:02:46.850 [RX] - 56 69 56 4F 74 65 63 68 32 00 80 00 00 00 B9 DF 
2015/6/9 16:02:47.379 [TX] - 56 69 56 4F 74 65 63 68 32 00 80 09 00 01 05 11 79 
2015/6/9 16:02:47.417 [RX] - 56 69 56 4F 74 65 63 68 32 00 80 00 00 00 B9 DF  
OK!
 --- GR Backward Compatibility: OFF

2015/6/9 16:02:47.964 [TX] - 56 69 56 4F 74 65 63 68 32 00 04 00 00 04 DF 59 01 00 6A BF 
2015/6/9 16:02:48.249 [RX] - 56 69 56 4F 74 65 63 68 32 00 04 00 00 00 AE 16  

 --- Poll on Demand

2015/6/9 16:02:48.805 [TX] - 56 69 56 4F 74 65 63 68 32 00 01 01 00 01 01 D7 34 
2015/6/9 16:02:48.846 [RX] - 56 69 56 4F 74 65 63 68 32 00 01 02 00 00 7C 33  

 --- Clear Event Queue

2015/6/9 16:02:50.809 [TX] - 56 69 56 4F 74 65 63 68 32 00 83 0C 00 00 62 57 
2015/6/9 16:02:50.840 [RX] - 56 69 56 4F 74 65 63 68 32 00 83 00 00 00 22 03  

 >>> 02-0A DUKPT/ any card/ event mode

2015/6/9 16:02:50.875 [TX] - 56 69 56 4F 74 65 63 68 32 00 02 0A 00 27 00 0A 47 00 00 01 9F 02 06 00 00 00 00 00 01 5F 2A 02 08 40 9A 03 12 01 02 9F 1A 02 08 40 9C 01 00 9F 21 03 11 22 33 B0 40 
2015/6/9 16:02:50.980 [RX] - 56 69 56 4F 74 65 63 68 32 00 02 00 00 00 89 8F  

 --- Get Input Event

2015/6/9 16:03:01.040 [TX] - 56 69 56 4F 74 65 63 68 32 00 83 06 00 01 00 88 13 
2015/6/9 16:03:01.080 [RX] - 56 69 56 4F 74 65 63 68 32 00 83 00 00 11 00 03 00 06 00 00 00 00 00 00 00 00 00 00 00 00 23 00 6E  

 --- Get Transaction Result

2015/6/9 16:03:01.126 [TX] - 56 69 56 4F 74 65 63 68 32 00 03 00 00 00 3B FF 
2015/6/9 16:03:01.159 [RX] - 56 69 56 4F 74 65 63 68 32 00 03 23 01 50 00 92 03 3E 25 00 06 00 42 35 32 35 36 38 33 32 30 33 30 30 30 30 30 30 30 5E 53 75 70 70 6C 69 65 64 2F 4E 6F 74 5E 31 32 31 32 35 30 32 34 34 37 31 30 31 37 34 38 31 39 34 31 31 31 31 31 31 31 31 31 31 31 32 35 32 35 36 38 33 32 30 33 30 30 30 30 30 30 30 3D 31 32 31 32 35 30 32 39 32 30 31 30 31 37 34 38 31 39 34 32 FF EE 01 04 DF 30 01 00 9F 06 07 A0 00 00 00 04 10 10 DF 81 29 08 30 F0 F0 00 30 F0 FF 00 FF 81 06 81 31 DF 81 2A 18 30 30 30 31 30 30 30 30 30 31 30 30 31 31 31 31 31 31 31 31 31 31 31 32 DF 81 2B 07 00 01 00 00 01 00 2F DF 81 15 06 00 00 00 00 00 FF FF 81 05 81 70 9F 6D 02 00 01 50 0A 4D 61 73 74 65 72 43 61 72 64 84 07 A0 00 00 00 04 10 10 56 3E 42 35 32 35 36 38 33 32 30 33 30 30 30 30 30 30 30 5E 53 75 70 70 6C 69 65 64 2F 4E 6F 74 5E 31 32 31 32 35 30 32 34 34 37 31 30 31 37 34 38 31 39 34 31 31 31 31 31 31 31 31 31 31 31 32 9F 6B 13 52 56 83 20 30 00 00 00 D1 21 25 02 92 01 01 74 81 94 2F 9A 03 12 01 02 9F 21 03 11 22 33 9F 37 04 72 AD 72 45 9F 6A 04 00 00 00 94 9C 01 00 AB 85  

 --- Clear Event Queue

2015/6/9 16:03:03.100 [TX] - 56 69 56 4F 74 65 63 68 32 00 83 0C 00 00 62 57 
2015/6/9 16:03:03.141 [RX] - 56 69 56 4F 74 65 63 68 32 00 83 00 00 00 22 03  

 >>> 02-0A MS key/ any card/ event mode

2015/6/9 16:03:03.188 [TX] - 56 69 56 4F 74 65 63 68 32 00 02 0A 00 27 00 0A 07 00 00 01 9F 02 06 00 00 00 00 00 01 5F 2A 02 08 40 9A 03 12 01 02 9F 1A 02 08 40 9C 01 00 9F 21 03 11 22 33 8E B5 
2015/6/9 16:03:03.291 [RX] - 56 69 56 4F 74 65 63 68 32 00 02 00 00 00 89 8F  

 --- Get Input Event

2015/6/9 16:03:13.388 [TX] - 56 69 56 4F 74 65 63 68 32 00 83 06 00 01 00 88 13 
2015/6/9 16:03:13.430 [RX] - 56 69 56 4F 74 65 63 68 32 00 83 00 00 11 00 03 00 06 00 00 00 00 00 00 00 00 00 00 00 00 23 00 6E  

 --- Get Transaction Result

2015/6/9 16:03:13.565 [TX] - 56 69 56 4F 74 65 63 68 32 00 03 00 00 00 3B FF 
2015/6/9 16:03:13.598 [RX] - 56 69 56 4F 74 65 63 68 32 00 03 23 01 50 00 92 03 3E 25 00 06 00 42 35 32 35 36 38 33 32 30 33 30 30 30 30 30 30 30 5E 53 75 70 70 6C 69 65 64 2F 4E 6F 74 5E 31 32 31 32 35 30 32 30 31 37 31 30 31 37 34 39 31 33 31 31 31 31 31 31 31 31 31 31 31 31 32 35 32 35 36 38 33 32 30 33 30 30 30 30 30 30 30 3D 31 32 31 32 35 30 32 37 36 31 31 30 31 37 34 39 31 33 31 32 FF EE 01 04 DF 30 01 00 9F 06 07 A0 00 00 00 04 10 10 DF 81 29 08 30 F0 F0 00 30 F0 FF 00 FF 81 06 81 31 DF 81 2A 18 30 30 30 31 30 30 30 30 30 31 30 30 31 31 31 31 31 31 31 31 31 31 31 32 DF 81 2B 07 00 01 00 00 01 00 2F DF 81 15 06 00 00 00 00 00 FF FF 81 05 81 70 9F 6D 02 00 01 50 0A 4D 61 73 74 65 72 43 61 72 64 84 07 A0 00 00 00 04 10 10 56 3E 42 35 32 35 36 38 33 32 30 33 30 30 30 30 30 30 30 5E 53 75 70 70 6C 69 65 64 2F 4E 6F 74 5E 31 32 31 32 35 30 32 30 31 37 31 30 31 37 34 39 31 33 31 31 31 31 31 31 31 31 31 31 31 31 32 9F 6B 13 52 56 83 20 30 00 00 00 D1 21 25 02 76 11 01 74 91 31 2F 9A 03 12 01 02 9F 21 03 11 22 33 9F 37 04 E0 D3 A2 11 9F 6A 04 00 00 00 31 9C 01 00 38 3F  

 Result = PASSED
 ---------- END OF TEST ----------

 Result = PASSED
 

 MASTER RESULT = PASSED


Docklight Log File (HEX) - Stopped 2015/6/9 16:03:15.872 

