Docklight Log File (HEX) - Started 2026/5/15 13:42:00.919 
 TEST CASE: PT00500

 --- Set POS COM PORT Settings
 Set POS COM PORT...
 POS operating on com90 @ 115200 baud...
 Set POS COM PORT - COMPLETE


2026/5/15 13:42:02.215 [TX] - 56 69 56 4F 74 65 63 68 32 00 2C 01 00 01 00 0D 38 
2026/5/15 13:42:02.223 [RX] - 56 69 56 4F 74 65 63 68 32 00 2C 0C 00 00 69 FA 00 00 00 00 00 00 00 00 00 00 00 00 00 00 00 00 00 00 00 00 00 00 00 00 00 00 00 00 00 00 00 00 00 00 00 00 00 00 00 00 00 00 00 00 00 00 00 
2026/5/15 13:42:02.426 [TX] - 56 69 56 4F 74 65 63 68 32 00 2C 01 00 01 01 1D 19 
2026/5/15 13:42:02.442 [RX] - 56 69 56 4F 74 65 63 68 32 00 2C 00 00 00 1C 9B  


2026/5/15 13:42:02.442 [RX] - 00 00 00 00 00 00 00 00 00 00 00 00 00 00 00 00 00 00 00 00 00 00 00 00 00 00 00 00 00 00 00 00 00 00 00 00 00 00 00 00 00 00 00 00 00 00 00 
2026/5/15 13:42:02.550 [TX] - 56 69 56 4F 74 65 63 68 32 00 28 01 00 01 00 84 3E 
2026/5/15 13:42:02.565 [RX] - 56 69 56 4F 74 65 63 68 32 00 28 00 00 00 D6 6A  

2026/5/15 13:42:02.565 [RX] - 00 00 00 00 00 00 00 00 00 00 00 00 00 00 00 00 00 00 00 00 00 00 00 00 00 00 00 00 00 00 00 00 00 00 00 00 00 00 00 00 00 00 00 00 00 00 00 
2026/5/15 13:42:03.334 [TX] - 56 69 56 4F 74 65 63 68 32 00 2C 02 00 02 0A 14 E3 51 
2026/5/15 13:42:03.926 [RX] - 56 69 56 4F 74 65 63 68 32 00 2C 00 00 05 03 4A  

2026/5/15 13:42:03.926 [RX] - A8 45 01 0A 30 00 00 00 00 00 00 00 00 00 00 00 00 00 00 00 00 00 00 00 00 00 00 00 00 00 00 00 00 00 00 00 00 00 00 00 00 00 00 00 00 00 00 
2026/5/15 13:42:04.048 [TX] - 56 69 56 4F 74 65 63 68 32 00 2C 01 00 01 00 0D 38 
2026/5/15 13:42:04.063 [RX] - 56 69 56 4F 74 65 63 68 32 00 2C 00 00 00 1C 9B  


2026/5/15 13:42:04.063 [RX] - 00 00 00 00 00 00 00 00 00 00 00 00 00 00 00 00 00 00 00 00 00 00 00 00 00 00 00 00 00 00 00 00 00 00 00 00 00 00 00 00 00 00 00 00 00 00 00 
2026/5/15 13:42:05.082 [TX] - 56 69 56 4F 74 65 63 68 32 00 2C 01 00 01 00 0D 38 
2026/5/15 13:42:05.097 [RX] - 56 69 56 4F 74 65 63 68 32 00 2C 0C 00 00 69 FA 00 00 00 00 00 00 00 00 00 00 00 00 00 00 00 00 00 00 00 00 00 00 00 00 00 00 00 00 00 00 00 00 00 00 00 00 00 00 00 00 00 00 00 00 00 00 00  ---------- END OF TEST ----------

 Result = PASSED


Docklight Log File (HEX) - Stopped 2026/5/15 13:42:05.509 

