Docklight Log File (HEX) - Started 2023/7/27 13:23:19.563 
 TEST CASE: applepay1

 --- Set POS COM PORT Settings
 Set POS COM PORT...
 POS operating on COM1 @ 115200 baud...
 Set POS COM PORT - COMPLETE


2023/7/27 13:23:21.349 [TX] - 56 69 56 4F 74 65 63 68 32 00 01 01 00 01 01 D7 34 
2023/7/27 13:23:21.351 [RX] - 56 69 56 4F 74 65 63 68 32 00 01 00 00 00 12 53  

 --- Get FW ver (29-00) 

2023/7/27 13:23:22.357 [TX] - 56 69 56 4F 74 65 63 68 32 00 29 00 00 00 DE A0 
2023/7/27 13:23:22.359 [RX] - 56 69 56 4F 74 65 63 68 32 00 29 00 00 1A 56 50 33 33 30 30 20 55 53 42 20 4E 45 4F 20 76 31 2E 30 31 2E 32 35 38 2E 35 C1 78  
v2StsCode = 00

 Reader for VP3300 Liteon
 

 --- Set Merchant 1 - Blank 

2023/7/27 13:23:22.873 [TX] - 56 69 56 4F 74 65 63 68 32 00 04 11 00 63 01 00 00 00 00 00 00 00 00 00 00 00 00 00 00 00 00 00 00 00 00 00 00 00 00 00 00 00 00 00 00 00 00 00 00 00 00 00 00 00 00 00 00 00 00 00 00 00 00 00 00 00 00 00 00 00 00 00 00 00 00 00 00 00 00 00 00 00 00 00 00 00 00 00 00 00 00 00 00 00 00 00 00 00 00 00 00 00 00 00 00 00 00 00 00 00 00 00 00 4D EC 
2023/7/27 13:23:22.886 [RX] - 56 69 56 4F 74 65 63 68 32 00 04 00 00 00 AE 16  
v2StsCode = 00

 

 --- Set Merchant 2 - Blank 

2023/7/27 13:23:23.398 [TX] - 56 69 56 4F 74 65 63 68 32 00 04 11 00 63 02 00 00 00 00 00 00 00 00 00 00 00 00 00 00 00 00 00 00 00 00 00 00 00 00 00 00 00 00 00 00 00 00 00 00 00 00 00 00 00 00 00 00 00 00 00 00 00 00 00 00 00 00 00 00 00 00 00 00 00 00 00 00 00 00 00 00 00 00 00 00 00 00 00 00 00 00 00 00 00 00 00 00 00 00 00 00 00 00 00 00 00 00 00 00 00 00 00 00 6B 09 
2023/7/27 13:23:23.411 [RX] - 56 69 56 4F 74 65 63 68 32 00 04 00 00 00 AE 16  
v2StsCode = 00

 

 --- Set Merchant 3 - Blank

2023/7/27 13:23:23.924 [TX] - 56 69 56 4F 74 65 63 68 32 00 04 11 00 63 03 00 00 00 00 00 00 00 00 00 00 00 00 00 00 00 00 00 00 00 00 00 00 00 00 00 00 00 00 00 00 00 00 00 00 00 00 00 00 00 00 00 00 00 00 00 00 00 00 00 00 00 00 00 00 00 00 00 00 00 00 00 00 00 00 00 00 00 00 00 00 00 00 00 00 00 00 00 00 00 00 00 00 00 00 00 00 00 00 00 00 00 00 00 00 00 00 00 00 96 A5 
2023/7/27 13:23:23.936 [RX] - 56 69 56 4F 74 65 63 68 32 00 04 00 00 00 AE 16  
v2StsCode = 00

 

 --- Set Merchant 4 - Blank 

2023/7/27 13:23:24.448 [TX] - 56 69 56 4F 74 65 63 68 32 00 04 11 00 63 04 00 00 00 00 00 00 00 00 00 00 00 00 00 00 00 00 00 00 00 00 00 00 00 00 00 00 00 00 00 00 00 00 00 00 00 00 00 00 00 00 00 00 00 00 00 00 00 00 00 00 00 00 00 00 00 00 00 00 00 00 00 00 00 00 00 00 00 00 00 00 00 00 00 00 00 00 00 00 00 00 00 00 00 00 00 00 00 00 00 00 00 00 00 00 00 00 00 00 06 D3 
2023/7/27 13:23:24.460 [RX] - 56 69 56 4F 74 65 63 68 32 00 04 00 00 00 AE 16  
v2StsCode = 00

 

 --- Set Merchant 5 - Blank 

2023/7/27 13:23:24.972 [TX] - 56 69 56 4F 74 65 63 68 32 00 04 11 00 63 05 00 00 00 00 00 00 00 00 00 00 00 00 00 00 00 00 00 00 00 00 00 00 00 00 00 00 00 00 00 00 00 00 00 00 00 00 00 00 00 00 00 00 00 00 00 00 00 00 00 00 00 00 00 00 00 00 00 00 00 00 00 00 00 00 00 00 00 00 00 00 00 00 00 00 00 00 00 00 00 00 00 00 00 00 00 00 00 00 00 00 00 00 00 00 00 00 00 00 FB 7F 
2023/7/27 13:23:24.984 [RX] - 56 69 56 4F 74 65 63 68 32 00 04 00 00 00 AE 16  
v2StsCode = 00

 

 --- Set Merchant 6 - Blank 

2023/7/27 13:23:25.498 [TX] - 56 69 56 4F 74 65 63 68 32 00 04 11 00 63 06 00 00 00 00 00 00 00 00 00 00 00 00 00 00 00 00 00 00 00 00 00 00 00 00 00 00 00 00 00 00 00 00 00 00 00 00 00 00 00 00 00 00 00 00 00 00 00 00 00 00 00 00 00 00 00 00 00 00 00 00 00 00 00 00 00 00 00 00 00 00 00 00 00 00 00 00 00 00 00 00 00 00 00 00 00 00 00 00 00 00 00 00 00 00 00 00 00 00 DD 9A 
2023/7/27 13:23:25.510 [RX] - 56 69 56 4F 74 65 63 68 32 00 04 00 00 00 AE 16  
v2StsCode = 00

 

 --- Get Merchant 1  

2023/7/27 13:23:26.024 [TX] - 56 69 56 4F 74 65 63 68 32 00 03 11 00 01 01 F3 6B 
2023/7/27 13:23:26.026 [RX] - 56 69 56 4F 74 65 63 68 32 00 03 00 00 63 01 00 00 00 00 00 00 00 00 00 00 00 00 00 00 00 00 00 00 00 00 00 00 00 00 00 00 00 00 00 00 00 00 00 00 00 00 00 00 00 00 00 00 00 00 00 00 00 00 00 00 00 00 00 00 00 00 00 00 00 00 00 00 00 00 00 00 00 00 00 00 00 00 00 00 00 00 00 00 00 00 00 00 00 00 00 00 00 00 00 00 00 00 00 00 00 00 00 00 2B B2  
v2StsCode = 00

 

 --- Get Merchant 2  

2023/7/27 13:23:26.544 [TX] - 56 69 56 4F 74 65 63 68 32 00 03 11 00 01 02 90 5B 
2023/7/27 13:23:26.546 [RX] - 56 69 56 4F 74 65 63 68 32 00 03 00 00 63 02 00 00 00 00 00 00 00 00 00 00 00 00 00 00 00 00 00 00 00 00 00 00 00 00 00 00 00 00 00 00 00 00 00 00 00 00 00 00 00 00 00 00 00 00 00 00 00 00 00 00 00 00 00 00 00 00 00 00 00 00 00 00 00 00 00 00 00 00 00 00 00 00 00 00 00 00 00 00 00 00 00 00 00 00 00 00 00 00 00 00 00 00 00 00 00 00 00 00 CE 94  
v2StsCode = 00

 

 --- Get Merchant 3  

2023/7/27 13:23:27.064 [TX] - 56 69 56 4F 74 65 63 68 32 00 03 11 00 01 03 B1 4B 
2023/7/27 13:23:27.067 [RX] - 56 69 56 4F 74 65 63 68 32 00 03 00 00 63 03 00 00 00 00 00 00 00 00 00 00 00 00 00 00 00 00 00 00 00 00 00 00 00 00 00 00 00 00 00 00 00 00 00 00 00 00 00 00 00 00 00 00 00 00 00 00 00 00 00 00 00 00 00 00 00 00 00 00 00 00 00 00 00 00 00 00 00 00 00 00 00 00 00 00 00 00 00 00 00 00 00 00 00 00 00 00 00 00 00 00 00 00 00 00 00 00 00 00 62 69  
v2StsCode = 00

 

 --- Get Merchant 4  

2023/7/27 13:23:27.588 [TX] - 56 69 56 4F 74 65 63 68 32 00 03 11 00 01 04 56 3B 
2023/7/27 13:23:27.590 [RX] - 56 69 56 4F 74 65 63 68 32 00 03 00 00 63 04 00 00 00 00 00 00 00 00 00 00 00 00 00 00 00 00 00 00 00 00 00 00 00 00 00 00 00 00 00 00 00 00 00 00 00 00 00 00 00 00 00 00 00 00 00 00 00 00 00 00 00 00 00 00 00 00 00 00 00 00 00 00 00 00 00 00 00 00 00 00 00 00 00 00 00 00 00 00 00 00 00 00 00 00 00 00 00 00 00 00 00 00 00 00 00 00 00 00 14 F9  
v2StsCode = 00

 

 --- Get Merchant 5  

2023/7/27 13:23:28.112 [TX] - 56 69 56 4F 74 65 63 68 32 00 03 11 00 01 05 77 2B 
2023/7/27 13:23:28.114 [RX] - 56 69 56 4F 74 65 63 68 32 00 03 00 00 63 05 00 00 00 00 00 00 00 00 00 00 00 00 00 00 00 00 00 00 00 00 00 00 00 00 00 00 00 00 00 00 00 00 00 00 00 00 00 00 00 00 00 00 00 00 00 00 00 00 00 00 00 00 00 00 00 00 00 00 00 00 00 00 00 00 00 00 00 00 00 00 00 00 00 00 00 00 00 00 00 00 00 00 00 00 00 00 00 00 00 00 00 00 00 00 00 00 00 00 B8 04  
v2StsCode = 00

 

 --- Get Merchant 6  

2023/7/27 13:23:28.637 [TX] - 56 69 56 4F 74 65 63 68 32 00 03 11 00 01 06 14 1B 
2023/7/27 13:23:28.640 [RX] - 56 69 56 4F 74 65 63 68 32 00 03 00 00 63 06 00 00 00 00 00 00 00 00 00 00 00 00 00 00 00 00 00 00 00 00 00 00 00 00 00 00 00 00 00 00 00 00 00 00 00 00 00 00 00 00 00 00 00 00 00 00 00 00 00 00 00 00 00 00 00 00 00 00 00 00 00 00 00 00 00 00 00 00 00 00 00 00 00 00 00 00 00 00 00 00 00 00 00 00 00 00 00 00 00 00 00 00 00 00 00 00 00 00 5D 22  
v2StsCode = 00


2023/7/27 13:23:29.154 [TX] - 56 69 56 4F 74 65 63 68 32 00 01 01 00 01 01 D7 34 
2023/7/27 13:23:29.156 [RX] - 56 69 56 4F 74 65 63 68 32 00 01 00 00 00 12 53  ============================================================Panera Bread card

 

 --- ACT - VAS Only 

2023/7/27 13:23:34.020 [TX] - 56 69 56 4F 74 65 63 68 32 00 02 01 00 2E 30 9F 02 06 00 00 00 00 00 01 9C 01 00 DF EC 40 01 01 FF EE 06 18 9F 22 02 01 00 9F 26 04 00 00 00 02 9F 2B 05 01 00 00 00 00 DF 01 01 01 66 E0 
2023/7/27 13:23:36.296 [RX] - 56 69 56 4F 74 65 63 68 32 00 02 57 00 2A 00 00 00 FF EE 06 12 9A 03 14 08 12 9F 21 03 14 47 32 DF 02 04 82 6A 83 04 9F 39 01 07 FF EE 01 04 DF 30 01 00 DF EE 26 01 01 B6 6A  
v2StsCode = 57

 

 --- ACT - VAS OR Pay 

2023/7/27 13:23:40.812 [TX] - 56 69 56 4F 74 65 63 68 32 00 02 01 00 2E 30 9F 02 06 00 00 00 00 00 01 9C 01 00 DF EC 40 01 01 FF EE 06 18 9F 22 02 01 00 9F 26 04 00 00 00 00 9F 2B 05 01 00 00 00 00 DF 01 01 01 A0 6A 
2023/7/27 13:23:42.157 [RX] - 56 69 56 4F 74 65 63 68 32 00 02 57 00 2A 00 00 00 FF EE 06 12 9A 03 14 08 12 9F 21 03 14 47 38 DF 02 04 82 6A 83 04 9F 39 01 07 FF EE 01 04 DF 30 01 00 DF EE 26 01 01 30 E0  
v2StsCode = 57

 

 --- ACT - VAS AND Pay 

2023/7/27 13:23:47.244 [TX] - 56 69 56 4F 74 65 63 68 32 00 02 01 00 2E 30 9F 02 06 00 00 00 00 00 01 9C 01 00 DF EC 40 01 01 FF EE 06 18 9F 22 02 01 00 9F 26 04 00 00 00 01 9F 2B 05 01 00 00 00 00 DF 01 01 01 C3 2F 
2023/7/27 13:23:48.566 [RX] - 56 69 56 4F 74 65 63 68 32 00 02 57 00 2A 00 00 00 FF EE 06 12 9A 03 14 08 12 9F 21 03 14 47 44 DF 02 04 82 6A 83 04 9F 39 01 07 FF EE 01 04 DF 30 01 00 DF EE 26 01 01 78 AF  
v2StsCode = 57

 

 --- ACT - Pay Only 

2023/7/27 13:23:53.158 [TX] - 56 69 56 4F 74 65 63 68 32 00 02 01 00 2E 30 9F 02 06 00 00 00 00 00 01 9C 01 00 DF EC 40 01 01 FF EE 06 18 9F 22 02 01 00 9F 26 04 00 00 00 03 9F 2B 05 01 00 00 00 00 DF 01 01 01 05 A5 
2023/7/27 13:23:54.217 [RX] - 56 69 56 4F 74 65 63 68 32 00 02 0A 00 14 20 6A 82 01 FF EE 06 07 DF 02 04  
v2StsCode = 0A

82 90 00 02 DF EE 26 01 01 E9 0F  

 --- ACT - VAS URL Only Protocol 

2023/7/27 13:23:58.947 [TX] - 56 69 56 4F 74 65 63 68 32 00 02 01 00 2E 30 9F 02 06 00 00 00 00 00 01 9C 01 00 DF EC 40 01 01 FF EE 06 18 9F 22 02 01 00 9F 26 04 00 00 00 02 9F 2B 05 01 00 00 00 00 DF 01 01 00 47 F0 
2023/7/27 13:24:00.228 [RX] - 56 69 56 4F 74 65 63 68 32 00 02 57 00 4D 00 00 00 FF EE 06 35 9A 03 14 08 12 9F 21 03 14 47 56 9F 25 20 00 00 00 00 00 00 00 00 00 00 00 00 00 00 00 00 00 00 00 00 00 00 00 00 00 00 00 00 00 00 00 00 DF 02 04 20 6A 80 04 9F 39 01 07 FF EE 01 04 DF 30 01 00 DF EE 26 01 01 7C F1  
v2StsCode = 57

 

 --- ACT - VAS Only - Beeps & Silent CommErr 

2023/7/27 13:24:04.691 [TX] - 56 69 56 4F 74 65 63 68 32 00 02 01 00 2E 30 9F 02 06 00 00 00 00 00 01 9C 01 00 DF EC 40 01 01 FF EE 06 18 9F 22 02 01 00 9F 26 04 00 00 00 02 9F 2B 05 01 00 00 00 00 DF 01 01 07 A0 80 
2023/7/27 13:24:09.755 [RX] - 56 69 56 4F 74 65 63 68 32 00 02 57 00 2A 00 00 00 FF EE 06 12 9A 03 14 08 12 9F 21 03 14 48 06 DF 02 04 82 6A 83 04 9F 39 01 07 FF EE 01 04 DF 30 01 00 DF EE 26 01 01 DA 3E  
v2StsCode = 57

 

 --- ACT - VAS OR Pay - Beeps & Silent CommErr 

2023/7/27 13:24:18.204 [TX] - 56 69 56 4F 74 65 63 68 32 00 02 01 00 2E 30 9F 02 06 00 00 00 00 00 01 9C 01 00 DF EC 40 01 01 FF EE 06 18 9F 22 02 01 00 9F 26 04 00 00 00 00 9F 2B 05 01 00 00 00 00 DF 01 01 03 E2 4A 
2023/7/27 13:24:19.099 [RX] - 56 69 56 4F 74 65 63 68 32 00 02 57 00 2A 00 00 00 FF EE 06 12 9A 03 14 08 12 9F 21 03 14 48 15 DF 02 04 82 6A 83 04 9F 39 01 07 FF EE 01 04 DF 30 01 00 DF EE 26 01 01 0F 26  
v2StsCode = 57

 

 --- ACT - VAS AND Pay - Beeps & Silent CommErr 

2023/7/27 13:24:23.629 [TX] - 56 69 56 4F 74 65 63 68 32 00 02 01 00 2E 30 9F 02 06 00 00 00 00 00 01 9C 01 00 DF EC 40 01 01 FF EE 06 18 9F 22 02 01 00 9F 26 04 00 00 00 01 9F 2B 05 01 00 00 00 00 DF 01 01 07 05 4F 
2023/7/27 13:24:24.444 [RX] - 56 69 56 4F 74 65 63 68 32 00 02 57 00 2A 00 00 00 FF EE 06 12 9A 03 14 08 12 9F 21 03 14 48 20 DF 02 04 82 6A 83 04 9F 39 01 07 FF EE 01 04 DF 30 01 00 DF EE 26 01 01 60 2F  
v2StsCode = 57

 

 --- ACT - Pay Only -  Beeps & Silent CommErr

2023/7/27 13:24:28.933 [TX] - 56 69 56 4F 74 65 63 68 32 00 02 01 00 2E 30 9F 02 06 00 00 00 00 00 01 DF EC 40 01 01 9C 01 00 FF EE 06 18 9F 22 02 01 00 9F 26 04 00 00 00 03 9F 2B 05 01 00 00 00 00 DF 01 01 07 8D FC 
2023/7/27 13:24:29.998 [RX] - 56 69 56 4F 74 65 63 68 32 00 02 0A 00 14 20 6A 82 01 FF EE 06 07 DF 02 04 82 90 00 02 DF EE 26 01 01 E9 0F  
v2StsCode = 0A

 

 --- ACT - VAS Only URL Protocol -  Beeps & Silent CommErr

2023/7/27 13:24:35.101 [TX] - 56 69 56 4F 74 65 63 68 32 00 02 01 00 2E 30 9F 02 06 00 00 00 00 00 01 9C 01 00 DF EC 40 01 01 FF EE 06 18 9F 22 02 01 00 9F 26 04 00 00 00 02 9F 2B 05 01 00 00 00 00 DF 01 01 06 81 90 
2023/7/27 13:24:35.926 [RX] - 56 69 56 4F 74 65 63 68 32 00 02 57 00 4D 00 00 00 FF EE 06 35 9A 03 14 08 12 9F 21 03 14 48 32 9F 25 20 00 00 00 00 00 00 00 00 00 00 00 00 00 00 00 00 00 00 00 00 00 00 00 00 00 00 00 00 00 00 00 00 DF 02 04 20 6A 80 04 9F 39 01 07 FF EE 01 04 DF 30 01 00 DF EE 26 01 01 DD 26  
v2StsCode = 57

 ============================================================IDTECH ENCRYPTION YES card

 

 --- ACT - VAS Only 

2023/7/27 13:24:45.138 [TX] - 56 69 56 4F 74 65 63 68 32 00 02 01 00 2E 30 9F 02 06 00 00 00 00 00 01 9C 01 00 DF EC 40 01 01 FF EE 06 18 9F 22 02 01 00 9F 26 04 00 00 00 02 9F 2B 05 01 00 00 00 00 DF 01 01 01 66 E0 
2023/7/27 13:24:46.373 [RX] - 56 69 56 4F 74 65 63 68 32 00 02 57 00 2A 00 00 00 FF EE 06 12 9A 03 14 08 12 9F 21 03 14 48 42 DF 02 04 82 6A 83 04 9F 39 01 07 FF EE 01 04 DF 30 01 00 DF EE 26 01 01 B3 DF  
v2StsCode = 57

 

 --- ACT - VAS OR Pay 

2023/7/27 13:24:50.803 [TX] - 56 69 56 4F 74 65 63 68 32 00 02 01 00 2E 30 9F 02 06 00 00 00 00 00 01 9C 01 00 DF EC 40 01 01 FF EE 06 18 9F 22 02 01 00 9F 26 04 00 00 00 00 9F 2B 05 01 00 00 00 00 DF 01 01 01 A0 6A 
2023/7/27 13:24:52.032 [RX] - 56 69 56 4F 74 65 63 68 32 00 02 57 00 2A 00 00 00 FF EE 06 12 9A 03 14 08 12 9F 21 03 14 48 48 DF 02 04 82 6A 83 04 9F 39 01 07 FF EE 01 04 DF 30 01 00 DF EE 26 01 01 35 55  
v2StsCode = 57

 

 --- ACT - VAS AND Pay 

2023/7/27 13:24:58.228 [TX] - 56 69 56 4F 74 65 63 68 32 00 02 01 00 2E 30 9F 02 06 00 00 00 00 00 01 9C 01 00 DF EC 40 01 01 FF EE 06 18 9F 22 02 01 00 9F 26 04 00 00 00 01 9F 2B 05 01 00 00 00 00 DF 01 01 01 C3 2F 
2023/7/27 13:24:59.577 [RX] - 56 69 56 4F 74 65 63 68 32 00 02 57 00 2A 00 00 00 FF EE 06 12 9A 03 14 08 12 9F 21 03 14 48 55 DF 02 04 82 6A 83 04 9F 39 01 07 FF EE 01 04 DF 30 01 00 DF EE 26 01 01 60 36  
v2StsCode = 57

 

 --- ACT - Pay Only 

2023/7/27 13:25:07.039 [TX] - 56 69 56 4F 74 65 63 68 32 00 02 01 00 2E 30 9F 02 06 00 00 00 00 00 01 9C 01 00 DF EC 40 01 01 FF EE 06 18 9F 22 02 01 00 9F 26 04 00 00 00 03 9F 2B 05 01 00 00 00 00 DF 01 01 01 05 A5 
2023/7/27 13:25:08.128 [RX] - 56 69 56 4F 74 65 63 68 32 00 02 0A 00 14 20 6A 82 01 FF EE 06 07 DF 02 04 82 90 00 02 DF EE 26 01 01 E9 0F  
v2StsCode = 0A

 

 --- ACT - VAS URL Only Protocol 

2023/7/27 13:25:12.794 [TX] - 56 69 56 4F 74 65 63 68 32 00 02 01 00 2E 30 9F 02 06 00 00 00 00 00 01 9C 01 00 DF EC 40 01 01 FF EE 06 18 9F 22 02 01 00 9F 26 04 00 00 00 02 9F 2B 05 01 00 00 00 00 DF 01 01 00 47 F0 
2023/7/27 13:25:13.989 [RX] - 56 69 56 4F 74 65 63 68 32 00 02 57 00 4D 00 00 00 FF EE 06 35 9A 03 14 08 12 9F 21 03 14 49 10 9F 25 20 00 00 00 00 00 00 00 00 00 00 00 00 00 00 00 00 00 00 00 00 00 00 00 00 00 00 00 00 00 00 00 00 DF 02 04 20 6A 80 04 9F 39 01 07 FF EE 01 04 DF 30 01 00 DF EE 26 01 01 E9 1F  
v2StsCode = 57

 

 ---------- END OF TEST ----------

 Result = PASSED


Docklight Log File (HEX) - Stopped 2023/7/27 13:25:14.089 

