Docklight Log File (HEX) - Started 2021/11/12 09:59:02.304 
 TEST CASE: ECT19-3

 --- Set POS COM PORT Settings
 Set POS COM PORT...
 POS operating on COM90 @ 9600 baud...
 Set POS COM PORT - COMPLETE

 Erase All Keys...

2021/11/12 09:59:03.847 [TX] - 56 69 56 4F 74 65 63 68 32 00 83 00 00 00 03 22 
2021/11/12 09:59:03.860 [RX] - 56 69 56 4F 74 65 63 68 32 00 83 00 00 00 22 03 00 00 00 00 00 00 00 00 00 00 00 00 00 00 00 00 00 00 00 00 00 00 00 00 00 00 00 00 00 00 00 00 00 00 00 00 00 00 00 00 00 00 00 00 00 00 00  

 Set DUKPT Key Encryption Type...

2021/11/12 09:59:04.367 [TX] - 56 69 56 4F 74 65 63 68 32 00 C7 32 00 01 02 BC 4D 
2021/11/12 09:59:04.371 [RX] - 56 69 56 4F 74 65 63 68 32 00 C7 00 00 00 86 6E 00 00 00 00 00 00 00 00 00 00 00 00 00 00 00 00 00 00 00 00 00 00 00 00 00 00 00 00 00 00 00 00 00 00 00 00 00 00 00 00 00 00 00 00 00 00 00  

 Get DUKPT Key Encryption Type...

2021/11/12 09:59:04.878 [TX] - 56 69 56 4F 74 65 63 68 32 00 C7 33 00 00 1A 9B 
2021/11/12 09:59:04.883 [RX] - 56 69 56 4F 74 65 63 68 32 00 C7 00 00 01 02 8C 3D 00 00 00 00 00 00 00 00 00 00 00 00 00 00 00 00 00 00 00 00 00 00 00 00 00 00 00 00 00 00 00 00 00 00 00 00 00 00 00 00 00 00 00 00 00 00  
OK!
 

 Loading DUKPT key...

2021/11/12 09:59:05.393 [TX] - 56 69 56 4F 74 65 63 68 32 00 80 00 00 65 30 39 36 46 31 35 35 37 37 45 39 41 44 41 30 30 38 38 4B 30 54 44 30 30 4E 30 30 30 30 30 30 38 30 45 30 39 46 43 39 35 35 45 36 33 43 32 45 43 43 30 42 34 39 44 42 46 35 31 37 36 36 42 32 41 39 34 34 33 37 32 37 35 39 30 32 33 30 32 32 30 32 32 33 34 39 38 37 31 32 30 32 33 34 30 30 30 30 30 30 30 30 9C 1B 
2021/11/12 09:59:05.403 [RX] - 56 69 56 4F 74 65 63 68 32 00 80 00 00 00 B9 DF 00 00 00 00 00 00 00 00 00 00 00 00 00 00 00 00 00 00 00 00 00 00 00 00 00 00 00 00 00 00 00 00 00 00 00 00 00 00 00 00 00 00 00 00 00 00 00 
2021/11/12 09:59:05.907 [TX] - 56 69 56 4F 74 65 63 68 32 00 80 00 00 65 31 32 45 43 36 30 30 37 37 45 39 41 44 41 30 30 38 38 4B 30 54 44 30 30 4E 30 30 30 30 30 30 38 30 31 44 31 45 36 30 44 36 45 32 46 38 44 31 44 36 32 34 42 44 34 34 36 42 43 39 33 31 34 33 33 41 30 33 33 36 33 31 30 34 35 36 37 38 32 37 37 30 32 33 41 39 39 37 31 32 36 32 33 34 30 30 30 30 30 30 30 30 30 E6 
2021/11/12 09:59:05.919 [RX] - 56 69 56 4F 74 65 63 68 32 00 80 00 00 00 B9 DF 00 00 00 00 00 00 00 00 00 00 00 00 00 00 00 00 00 00 00 00 00 00 00 00 00 00 00 00 00 00 00 00 00 00 00 00 00 00 00 00 00 00 00 00 00 00 00 
2021/11/12 09:59:06.425 [TX] - 56 69 56 4F 74 65 63 68 32 00 80 01 00 58 41 30 30 38 38 4B 30 54 44 30 30 4E 30 30 30 30 46 41 42 44 39 44 34 32 37 34 31 30 42 36 46 41 35 45 44 33 42 37 36 41 44 37 46 41 45 38 45 33 31 36 30 32 31 33 42 46 44 38 31 31 38 32 32 33 38 31 38 41 45 43 46 30 43 44 41 44 42 31 39 41 42 45 39 37 41 41 32 43 B8 FE 
2021/11/12 09:59:06.435 [RX] - 56 69 56 4F 74 65 63 68 32 00 80 00 00 00 B9 DF 00 00 00 00 00 00 00 00 00 00 00 00 00 00 00 00 00 00 00 00 00 00 00 00 00 00 00 00 00 00 00 00 00 00 00 00 00 00 00 00 00 00 00 00 00 00 00 
2021/11/12 09:59:06.953 [TX] - 56 69 56 4F 74 65 63 68 32 00 81 00 00 71 05 41 30 31 31 32 44 30 54 45 30 30 4E 30 31 30 30 4B 53 31 38 36 32 39 39 34 39 30 31 32 43 30 30 30 34 36 30 30 30 30 31 37 39 46 43 30 31 36 44 31 34 46 34 35 42 39 41 33 37 46 37 32 42 44 35 41 35 37 37 41 43 35 33 34 37 36 42 31 35 35 34 32 45 39 42 39 30 46 35 36 32 46 36 37 36 35 30 45 46 35 33 43 34 44 39 45 42 41 36 39 35 39 46 76 88 
2021/11/12 09:59:06.975 [RX] - 56 69 56 4F 74 65 63 68 32 00 81 00 00 00 CF 6B 00 00 00 00 00 00 00 00 00 00 00 00 00 00 00 00 00 00 00 00 00 00 00 00 00 00 00 00 00 00 00 00 00 00 00 00 00 00 00 00 00 00 00 00 00 00 00  
OK!
 

 --- Data Encryption: Enable

2021/11/12 09:59:07.588 [TX] - 56 69 56 4F 74 65 63 68 32 00 C7 36 00 01 03 97 6C 
2021/11/12 09:59:07.598 [RX] - 56 69 56 4F 74 65 63 68 32 00 C7 00 00 00 86 6E 00 00 00 00 00 00 00 00 00 00 00 00 00 00 00 00 00 00 00 00 00 00 00 00 00 00 00 00 00 00 00 00 00 00 00 00 00 00 00 00 00 00 00 00 00 00 00  

 --- Poll on Demand

2021/11/12 09:59:07.641 [TX] - 56 69 56 4F 74 65 63 68 32 00 01 01 00 01 01 D7 34 
2021/11/12 09:59:07.647 [RX] - 56 69 56 4F 74 65 63 68 32 00 01 00 00 00 12 53 00 00 00 00 00 00 00 00 00 00 00 00 00 00 00 00 00 00 00 00 00 00 00 00 00 00 00 00 00 00 00 00 00 00 00 00 00 00 00 00 00 00 00 00 00 00 00  

 --- Burst mode Off

2021/11/12 09:59:08.163 [TX] - 56 69 56 4F 74 65 63 68 32 00 04 00 00 04 FF F7 01 00 B9 2E 
2021/11/12 09:59:08.171 [RX] - 56 69 56 4F 74 65 63 68 32 00 04 00 00 00 AE 16 00 00 00 00 00 00 00 00 00 00 00 00 00 00 00 00 00 00 00 00 00 00 00 00 00 00 00 00 00 00 00 00 00 00 00 00 00 00 00 00 00 00 00 00 00 00 00  

 --- 02-01

2021/11/12 09:59:08.761 [TX] - 56 69 56 4F 74 65 63 68 32 00 02 01 00 15 0A 9F 02 06 00 00 00 00 10 00 9A 03 07 11 21 9F 21 03 10 15 20 30 12 
2021/11/12 09:59:08.767 [RX] - 56 69 56 4F 74 65 63 68 32 00 02 0C 00 00 FC EE 00 00 00 00 00 00 00 00 00 00 00 00 00 00 00 00 00 00 00 00 00 00 00 00 00 00 00 00 00 00 00 00 00 00 00 00 00 00 00 00 00 00 00 00 00 00 00  

 --- 02-40 Activate Transaction

2021/11/12 09:59:11.767 [TX] - 56 69 56 4F 74 65 63 68 32 00 02 40 00 15 0A 9F 02 06 00 00 00 00 10 00 9A 03 07 11 21 9F 21 03 10 15 20 5E 34 
2021/11/12 09:59:13.035 [RX] - 56 69 56 4F 74 65 63 68 32 00 02 23 01 A7 F5 FF EE 12 0A 62 99 49 01 2C 00 04 60 00 01 8A 61 AC 66 F8 68 40 DB D4 25 65 9E 57 CA DF 02 4E 3C 42 86 91 D1 2D 3B BC E1 90 54 53 70 78 CC 47 AD 82 BA E6 0D 85 DA 64 29 CB 88 51 E2 73 64 0F 9F C7 D2 EB 22 BA C6 FF DD 77 4A 1D 39 1F C7 5D A5 C4 0F EE 8F 06 F0 64 2A CA 28 09 DB EB B6 41 5A A3 D9 0D AA 8E 8C 54 DD 71 B5 6B E2 8B DB 96 0D 47 AC C0 77 7A 08 14 15 14 7E 4D 70 0A 7C DD DF 05 DB 98 01 EF 6C 9A F3 F6 77 F3 DF 0E 6C 69 FE C2 48 C3 7B 64 7D 99 A8 F5 83 9F A2 B4 E7 96 5F 7E 93 14 C8 8D FD A0 DE A7 FB 4A 35 AE DE 2D 07 01 06 89 92 34 3C 82 31 E4 F0 8B 63 79 FA 26 A0 A8 0B E8 0E AF 6B 62 1D EC 0F DB A3 0B 0C 18 A4 87 66 03 BE 0D 03 85 BC 84 48 B1 82 D5 43 BF 27 D7 8D 86 DB 89 2E 7A D6 A2 DD D1 0E B1 31 85 B6 CF CC 37 D2 D0 81 88 CE 2F 6C 26 ED 55 FD EC AF A1 2D E0 AC 34 EB C4 82 14 8F D4 2A 99 60 AE BB B2 62 62 B1 45 7C EF 78 61 4B D2 F3 82 CD 06 16 90 1C 6E 8D B2 B6 EF 21 4D 43 14 FB 89 29 37 49 E0 06 D3 DA DF 96 F6 71 BF AD 95 91 33 01 A3 E0 EE EA 28 90 AA 03 3B 01 FA 66 36 CA 58 AB CF CE 61 82 31 BA B1 CA 29 F7 CC E8 EF 87 AE 4E 93 A7 05 A1 64 6D B3 7E 92 99 E5 23 E8 E3 93 40 4C 1D 1A C8 4A FB 16 3D 9D FC EC B2 F6 69 E6 DE 12 5F AE 65 5F 4A 77 DE 0D A1 75 7B B1 1B 52 58 F3 88 0D 1E 91 76 97 4E 77 01 0D 87 B4 79 07 60 D6 13 47 6A 76 4A 21 20 53 37 00 00 

Docklight Log File (HEX) - Stopped 2021/11/12 09:59:17.082 

