Docklight Log File (HEX) - Started 10/10/2008 17:35:39.07 
 --- Row 4 Button1

10/10/2008 17:35:39.10 [TX] - 56 69 56 4F 74 65 63 68 32 00 83 05 00 13 30 00 39 30 00 35 38 00 33 38 00 31 00 31 00 33 00 31 00 65 D4 
10/10/2008 17:35:39.41 [RX] - 56 69 56 4F 74 65 63 68 32 00 83 00 00 00 22 03  --- Row 4 Button2

10/10/2008 17:35:40.24 [TX] - 56 69 56 4F 74 65 63 68 32 00 83 05 00 14 35 39 00 39 30 00 35 38 00 33 38 00 31 00 31 00 32 00 34 00 F7 B9 
10/10/2008 17:35:40.52 [RX] - 56 69 56 4F 74 65 63 68 32 00 83 00 00 00 22 03  --- Row 4 Button3

10/10/2008 17:35:41.37 [TX] - 56 69 56 4F 74 65 63 68 32 00 83 05 00 15 31 31 37 00 39 30 00 35 38 00 33 38 00 31 00 31 00 32 00 35 00 77 CD 
10/10/2008 17:35:41.65 [RX] - 56 69 56 4F 74 65 63 68 32 00 83 00 00 00 22 03  --- Row 4 Button4

10/10/2008 17:35:42.49 [TX] - 56 69 56 4F 74 65 63 68 32 00 83 05 00 15 31 37 35 00 39 30 00 35 38 00 33 38 00 31 00 31 00 32 00 36 00 91 89 
10/10/2008 17:35:42.77 [RX] - 56 69 56 4F 74 65 63 68 32 00 83 00 00 00 22 03 
10/10/2008 17:35:43.60 [TX] - 56 69 56 4F 74 65 63 68 32 00 83 06 00 0B 14 63 61 6E 63 65 6C 4B 65 79 00 F4 07    ----- Expecting DONE Button

10/10/2008 17:35:45.79 [RX] - 56 69 56 4F 74 65 63 68 32 00 83 00 00 0B 64 6F 6E 65 42 75 74 74 6F 6E 00 71 C2  DONE Button Pressed
 --- Row 4 Button1

10/10/2008 17:35:45.87 [TX] - 56 69 56 4F 74 65 63 68 32 00 83 05 00 13 30 00 39 30 00 35 38 00 33 38 00 31 00 31 00 33 00 31 00 65 D4 
10/10/2008 17:35:46.16 [RX] - 56 69 56 4F 74 65 63 68 32 00 83 00 00 00 22 03  --- Row 4 Button2

10/10/2008 17:35:46.93 [TX] - 56 69 56 4F 74 65 63 68 32 00 83 05 00 14 35 39 00 39 30 00 35 38 00 33 38 00 31 00 31 00 32 00 34 00 F7 B9 
10/10/2008 17:35:47.21 [RX] - 56 69 56 4F 74 65 63 68 32 00 83 00 00 00 22 03  --- Row 4 Button3

10/10/2008 17:35:48.05 [TX] - 56 69 56 4F 74 65 63 68 32 00 83 05 00 15 31 31 37 00 39 30 00 35 38 00 33 38 00 31 00 31 00 32 00 35 00 77 CD 
10/10/2008 17:35:48.34 [RX] - 56 69 56 4F 74 65 63 68 32 00 83 00 00 00 22 03  --- Row 4 Button4

10/10/2008 17:35:49.15 [TX] - 56 69 56 4F 74 65 63 68 32 00 83 05 00 15 31 37 35 00 39 30 00 35 38 00 33 38 00 31 00 31 00 32 00 36 00 91 89 
10/10/2008 17:35:49.41 [RX] - 56 69 56 4F 74 65 63 68 32 00 83 00 00 00 22 03 
10/10/2008 17:35:50.21 [TX] - 56 69 56 4F 74 65 63 68 32 00 83 06 00 0B 14 63 61 6E 63 65 6C 4B 65 79 00 F4 07    ----- Expecting CANCEL Button

10/10/2008 17:35:52.52 [RX] - 56 69 56 4F 74 65 63 68 32 00 83 00 00 0D 63 61 6E 63 65 6C 42 75 74 74 6F 6E 00 AB 14  CANCEL Button Pressed
 --- Row 4 Button1

10/10/2008 17:35:52.60 [TX] - 56 69 56 4F 74 65 63 68 32 00 83 05 00 13 30 00 39 30 00 35 38 00 33 38 00 31 00 31 00 33 00 31 00 65 D4 
10/10/2008 17:35:52.91 [RX] - 56 69 56 4F 74 65 63 68 32 00 83 00 00 00 22 03  --- Row 4 Button2

10/10/2008 17:35:53.69 [TX] - 56 69 56 4F 74 65 63 68 32 00 83 05 00 14 35 39 00 39 30 00 35 38 00 33 38 00 31 00 31 00 32 00 34 00 F7 B9 
10/10/2008 17:35:53.98 [RX] - 56 69 56 4F 74 65 63 68 32 00 83 00 00 00 22 03  --- Row 4 Button3

10/10/2008 17:35:54.77 [TX] - 56 69 56 4F 74 65 63 68 32 00 83 05 00 15 31 31 37 00 39 30 00 35 38 00 33 38 00 31 00 31 00 32 00 35 00 77 CD 
10/10/2008 17:35:55.05 [RX] - 56 69 56 4F 74 65 63 68 32 00 83 00 00 00 22 03  --- Row 4 Button4

10/10/2008 17:35:55.87 [TX] - 56 69 56 4F 74 65 63 68 32 00 83 05 00 15 31 37 35 00 39 30 00 35 38 00 33 38 00 31 00 31 00 32 00 36 00 91 89 
10/10/2008 17:35:56.15 [RX] - 56 69 56 4F 74 65 63 68 32 00 83 00 00 00 22 03 
10/10/2008 17:35:56.96 [TX] - 56 69 56 4F 74 65 63 68 32 00 83 06 00 0B 14 63 61 6E 63 65 6C 4B 65 79 00 F4 07    ----- Expecting CLEAR Button

10/10/2008 17:35:58.71 [RX] - 56 69 56 4F 74 65 63 68 32 00 83 00 00 0C 63 6C 65 61 72 42 75 74 74 6F 6E 00 28 7C  CLEAR Button Pressed
 --- Row 4 Button1

10/10/2008 17:35:58.79 [TX] - 56 69 56 4F 74 65 63 68 32 00 83 05 00 13 30 00 39 30 00 35 38 00 33 38 00 31 00 31 00 33 00 31 00 65 D4 
10/10/2008 17:35:59.09 [RX] - 56 69 56 4F 74 65 63 68 32 00 83 00 00 00 22 03  --- Row 4 Button2

10/10/2008 17:35:59.90 [TX] - 56 69 56 4F 74 65 63 68 32 00 83 05 00 14 35 39 00 39 30 00 35 38 00 33 38 00 31 00 31 00 32 00 34 00 F7 B9 
10/10/2008 17:36:00.18 [RX] - 56 69 56 4F 74 65 63 68 32 00 83 00 00 00 22 03  --- Row 4 Button3

10/10/2008 17:36:01.02 [TX] - 56 69 56 4F 74 65 63 68 32 00 83 05 00 15 31 31 37 00 39 30 00 35 38 00 33 38 00 31 00 31 00 32 00 35 00 77 CD 
10/10/2008 17:36:01.30 [RX] - 56 69 56 4F 74 65 63 68 32 00 83 00 00 00 22 03  --- Row 4 Button4

10/10/2008 17:36:02.12 [TX] - 56 69 56 4F 74 65 63 68 32 00 83 05 00 15 31 37 35 00 39 30 00 35 38 00 33 38 00 31 00 31 00 32 00 36 00 91 89 
10/10/2008 17:36:02.38 [RX] - 56 69 56 4F 74 65 63 68 32 00 83 00 00 00 22 03 
10/10/2008 17:36:03.20 [TX] - 56 69 56 4F 74 65 63 68 32 00 83 06 00 0B 14 63 61 6E 63 65 6C 4B 65 79 00 F4 07    ----- Expecting OK Button

10/10/2008 17:36:04.88 [RX] - 56 69 56 4F 74 65 63 68 32 00 83 00 00 09 6F 6B 42 75 74 74 6F 6E 00 8F 6F  OK Button Pressed
 Result = PASSED


Docklight Log File (HEX) - Stopped 10/10/2008 17:36:08.77 

