Docklight Log File (HEX) - Started 2020/9/28 10:48:42.558 
 TEST CASE: ECT15-3

 --- Set POS COM PORT Settings
 Set POS COM PORT...
 POS operating on COM90 @ 115200 baud...
 Set POS COM PORT - COMPLETE

 Erase All Keys...

2020/9/28 10:48:43.800 [TX] - 56 69 56 4F 74 65 63 68 32 00 83 00 00 00 03 22 
2020/9/28 10:48:43.808 [RX] - 56 69 56 4F 74 65 63 68 32 00 83 00 00 00 22 03 00 00 00 00 00 00 00 00 00 00 00 00 00 00 00 00 00 00 00 00 00 00 00 00 00 00 00 00 00 00 00 00 00 00 00 00 00 00 00 00 00 00 00 00 00 00 00  

 Set DUKPT Key Encryption Type...

2020/9/28 10:48:44.315 [TX] - 56 69 56 4F 74 65 63 68 32 00 C7 32 00 01 00 6D FE 
2020/9/28 10:48:44.320 [RX] - 56 69 56 4F 74 65 63 68 32 00 C7 00 00 00 86 6E 00 00 00 00 00 00 00 00 00 00 00 00 00 00 00 00 00 00 00 00 00 00 00 00 00 00 00 00 00 00 00 00 00 00 00 00 00 00 00 00 00 00 00 00 00 00 00  

 Get DUKPT Key Encryption Type...

2020/9/28 10:48:44.828 [TX] - 56 69 56 4F 74 65 63 68 32 00 C7 33 00 00 1A 9B 
2020/9/28 10:48:44.832 [RX] - 56 69 56 4F 74 65 63 68 32 00 C7 00 00 01 00 AC 7F 00 00 00 00 00 00 00 00 00 00 00 00 00 00 00 00 00 00 00 00 00 00 00 00 00 00 00 00 00 00 00 00 00 00 00 00 00 00 00 00 00 00 00 00 00 00  
OK!
 

 Loading DUKPT key...

2020/9/28 10:48:45.342 [TX] - 56 69 56 4F 74 65 63 68 32 00 80 00 00 65 30 43 46 35 35 34 43 32 46 30 45 45 41 41 30 30 38 38 4B 30 54 44 30 30 4E 30 30 30 30 30 30 38 30 32 41 38 34 46 44 44 36 33 39 31 35 44 43 41 45 42 46 38 37 37 35 34 33 32 32 44 32 36 37 42 41 33 34 34 31 38 33 41 42 39 41 32 35 36 37 39 30 32 33 34 39 38 37 31 32 30 32 33 34 30 30 30 30 30 30 30 30 C2 98 
2020/9/28 10:48:45.352 [RX] - 56 69 56 4F 74 65 63 68 32 00 80 00 00 00 B9 DF 00 00 00 00 00 00 00 00 00 00 00 00 00 00 00 00 00 00 00 00 00 00 00 00 00 00 00 00 00 00 00 00 00 00 00 00 00 00 00 00 00 00 00 00 00 00 00 
2020/9/28 10:48:45.861 [TX] - 56 69 56 4F 74 65 63 68 32 00 80 00 00 65 31 35 43 44 42 38 31 32 46 30 45 45 41 41 30 30 38 38 4B 30 54 44 30 30 4E 30 30 30 30 30 30 38 30 39 32 36 39 41 34 33 36 39 42 36 43 37 45 33 42 35 36 37 32 39 38 33 41 36 36 32 46 36 31 30 33 32 35 37 32 39 32 33 36 33 37 38 33 30 33 33 36 32 33 41 39 39 37 31 32 36 32 33 34 30 30 30 30 30 30 30 30 AA E9 
2020/9/28 10:48:45.872 [RX] - 56 69 56 4F 74 65 63 68 32 00 80 00 00 00 B9 DF 00 00 00 00 00 00 00 00 00 00 00 00 00 00 00 00 00 00 00 00 00 00 00 00 00 00 00 00 00 00 00 00 00 00 00 00 00 00 00 00 00 00 00 00 00 00 00 
2020/9/28 10:48:46.378 [TX] - 56 69 56 4F 74 65 63 68 32 00 80 01 00 58 41 30 30 38 38 4B 30 54 44 30 30 4E 30 30 30 30 42 39 34 38 46 37 42 33 34 43 41 44 37 32 36 42 41 37 37 43 39 43 34 41 38 30 37 37 39 42 42 38 36 42 42 43 33 37 34 30 31 31 42 42 45 33 39 45 30 36 46 34 46 36 41 37 44 44 36 46 37 32 30 45 37 31 33 44 45 39 34 41 A0 6B 
2020/9/28 10:48:46.388 [RX] - 56 69 56 4F 74 65 63 68 32 00 80 00 00 00 B9 DF 00 00 00 00 00 00 00 00 00 00 00 00 00 00 00 00 00 00 00 00 00 00 00 00 00 00 00 00 00 00 00 00 00 00 00 00 00 00 00 00 00 00 00 00 00 00 00 
2020/9/28 10:48:46.894 [TX] - 56 69 56 4F 74 65 63 68 32 00 81 00 00 71 05 41 30 31 31 32 44 30 54 45 30 30 4E 30 31 30 30 4B 53 31 38 46 46 46 46 39 38 37 36 35 34 33 32 31 30 45 30 30 30 30 30 37 43 45 37 34 45 39 30 30 35 33 43 41 38 45 45 42 43 33 37 42 35 37 30 36 38 31 45 35 42 32 37 36 31 34 38 43 33 45 37 34 34 41 42 43 44 36 44 34 43 35 33 36 43 37 46 34 46 36 37 44 37 46 32 32 44 33 39 34 45 44 42 A8 31 
2020/9/28 10:48:46.916 [RX] - 56 69 56 4F 74 65 63 68 32 00 81 00 00 00 CF 6B 00 00 00 00 00 00 00 00 00 00 00 00 00 00 00 00 00 00 00 00 00 00 00 00 00 00 00 00 00 00 00 00 00 00 00 00 00 00 00 00 00 00 00 00 00 00 00  
OK!
 

 --- Data Encryption: Enable

2020/9/28 10:48:47.432 [TX] - 56 69 56 4F 74 65 63 68 32 00 C7 36 00 01 03 97 6C 
2020/9/28 10:48:47.440 [RX] - 56 69 56 4F 74 65 63 68 32 00 C7 00 00 00 86 6E 00 00 00 00 00 00 00 00 00 00 00 00 00 00 00 00 00 00 00 00 00 00 00 00 00 00 00 00 00 00 00 00 00 00 00 00 00 00 00 00 00 00 00 00 00 00 00  

 --- Poll on Demand

2020/9/28 10:48:47.452 [TX] - 56 69 56 4F 74 65 63 68 32 00 01 01 00 01 01 D7 34 
2020/9/28 10:48:47.460 [RX] - 56 69 56 4F 74 65 63 68 32 00 01 00 00 00 12 53 00 00 00 00 00 00 00 00 00 00 00 00 00 00 00 00 00 00 00 00 00 00 00 00 00 00 00 00 00 00 00 00 00 00 00 00 00 00 00 00 00 00 00 00 00 00 00  

 --- Burst mode Off

2020/9/28 10:48:47.972 [TX] - 56 69 56 4F 74 65 63 68 32 00 04 00 00 04 FF F7 01 00 B9 2E 
2020/9/28 10:48:47.980 [RX] - 56 69 56 4F 74 65 63 68 32 00 04 00 00 00 AE 16 00 00 00 00 00 00 00 00 00 00 00 00 00 00 00 00 00 00 00 00 00 00 00 00 00 00 00 00 00 00 00 00 00 00 00 00 00 00 00 00 00 00 00 00 00 00 00  

 --- Set TTQ (9F66) = 20 00 40 00

2020/9/28 10:48:49.640 [TX] - 56 69 56 4F 74 65 63 68 32 00 04 03 00 C0 FF E4 01 06 9F 15 02 00 00 9F 16 0F 00 00 00 00 00 00 00 00 00 00 00 00 00 00 00 9F 1C 08 00 00 00 00 00 00 00 00 9F 40 05 60 00 00 10 01 9F 4E 1E 00 00 00 00 00 00 00 00 00 00 00 00 00 00 00 00 00 00 00 00 00 00 00 00 00 00 00 00 00 00 FF F2 08 30 30 30 30 30 30 30 30 9F 53 01 00 9C 01 00 5F 2A 02 08 40 5F 36 01 02 9F 02 06 00 00 00 00 00 01 9F 03 06 00 00 00 00 00 00 9F 09 02 00 02 9F 1A 02 08 40 9F 1B 04 00 00 17 70 9F 33 03 00 08 E8 9F 35 01 22 9F 66 04 20 00 40 00 DF 64 01 00 FF F0 03 02 00 00 FF F1 06 00 00 00 01 00 00 FF F4 03 01 00 01 FF F5 06 00 00 00 00 80 00 3A 24 
2020/9/28 10:48:49.672 [RX] - 56 69 56 4F 74 65 63 68 32 00 04 00 00 00 AE 16 00 00 00 00 00 00 00 00 00 00 00 00 00 00 00 00 00 00 00 00 00 00 00 00 00 00 00 00 00 00 00 00 00 00 00 00 00 00 00 00 00 00 00 00 00 00 00  

 --- 02-01

2020/9/28 10:48:50.183 [TX] - 56 69 56 4F 74 65 63 68 32 00 02 01 00 15 0A 9F 02 06 00 00 00 00 10 00 9A 03 07 11 21 9F 21 03 10 15 20 30 12 
2020/9/28 10:48:50.192 [RX] - 56 69 56 4F 74 65 63 68 32 00 02 0C 00 00 FC EE 00 00 00 00 00 00 00 00 00 00 00 00 00 00 00 00 00 00 00 00 00 00 00 00 00 00 00 00 00 00 00 00 00 00 00 00 00 00 00 00 00 00 00 00 00 00 00  

 --- 02-40 Activate Transaction

2020/9/28 10:48:51.256 [TX] - 56 69 56 4F 74 65 63 68 32 00 02 40 00 15 0A 9F 02 06 00 00 00 00 10 00 9A 03 07 11 21 9F 21 03 10 15 20 5E 34 
2020/9/28 10:48:52.524 [RX] - 56 69 56 4F 74 65 63 68 32 00 02 23 01 84 C1 FF EE 12 0A FF FF 98 76 54 32 10 E0 00 01 E1 81 91 4F 07 A0 00 00 00 03 10 10 9F 66 04 20 00 40 00 82 02 20 00 95 05 00 00 00 00 00 5F 2A 02 08 40 50 0C 56 49 53 41 20 54 45 53 54 20 30 31 9F 26 08 AA BB CC DD EE FF 11 22 9F 27 01 40 9F 02 06 00 00 00 00 10 00 9F 03 06 00 00 00 00 00 00 9F 10 07 06 01 11 03 90 00 00 9F 1A 02 08 40 9F 36 02 00 03 9F 37 04 CB BC 09 67 5A A1 08 47 61 CC CC CC CC 00 10 5A C1 10 88 55 30 C1 CB 5A 93 7F 5C FC B6 55 C2 56 68 1D 84 07 A0 00 00 00 03 10 10 57 A1 13 47 61 CC CC CC CC 00 10 D2 01 21 20 CC CC CC CC CC CC CC 57 C1 18 9D 93 A4 EA B7 6B 0E 6A D5 57 67 C1 E6 85 1A 0E 2C 6C 33 E9 9D 38 B4 AD 5F 24 03 20 12 31 5F 34 01 01 9A 03 07 11 21 9B 02 00 00 9C 01 00 9F 06 07 A0 00 00 00 03 10 10 9F 09 02 00 02 9F 1E 08 31 54 31 32 33 34 35 36 9F 21 03 10 15 20 9F 33 03 00 08 E8 9F 41 04 00 00 00 03 9F 5D 06 00 00 00 01 00 00 9F 39 01 07 9F 6C 02 20 00 5F 2D 04 65 73 65 6E 9F 35 01 22 FF EE 01 0C DF 52 01 00 DF 30 01 00 DF 5B 01 08 DF EF 7F 01 00 DF EF 4C 06 00 27 00 00 00 00 DF EF 4D 28 DD F8 6F E7 B8 17 51 34 AB 8F C5 16 05 E2 8D 58 71 0C EA 1F 3E 58 32 BC 14 0B 55 77 8B A4 0A C7 66 5D F6 5D D5 62 B6 0B DF EE 26 01 C1 61 AB 00 00 00 00 00 00 00 00 00 00 00 00 00 00 00 00 00 00 00 00 00 00 00 00 00 00 00 00 00 00 00 00 00 00 00 00 00  Erase All Keys...

2020/9/28 10:48:57.066 [TX] - 56 69 56 4F 74 65 63 68 32 00 83 00 00 00 03 22 
2020/9/28 10:48:57.072 [RX] - 56 69 56 4F 74 65 63 68 32 00 83 00 00 00 22 03 00 00 00 00 00 00 00 00 00 00 00 00 00 00 00 00 00 00 00 00 00 00 00 00 00 00 00 00 00 00 00 00 00 00 00 00 00 00 00 00 00 00 00 00 00 00 00  

 Set DUKPT Key Encryption Type...

2020/9/28 10:48:57.584 [TX] - 56 69 56 4F 74 65 63 68 32 00 C7 32 00 01 00 6D FE 
2020/9/28 10:48:57.592 [RX] - 56 69 56 4F 74 65 63 68 32 00 C7 00 00 00 86 6E 00 00 00 00 00 00 00 00 00 00 00 00 00 00 00 00 00 00 00 00 00 00 00 00 00 00 00 00 00 00 00 00 00 00 00 00 00 00 00 00 00 00 00 00 00 00 00  

 Get DUKPT Key Encryption Type...

2020/9/28 10:48:58.103 [TX] - 56 69 56 4F 74 65 63 68 32 00 C7 33 00 00 1A 9B 
2020/9/28 10:48:58.112 [RX] - 56 69 56 4F 74 65 63 68 32 00 C7 00 00 01 00 AC 7F 00 00 00 00 00 00 00 00 00 00 00 00 00 00 00 00 00 00 00 00 00 00 00 00 00 00 00 00 00 00 00 00 00 00 00 00 00 00 00 00 00 00 00 00 00 00  
OK!
 

 Loading DUKPT key...

2020/9/28 10:48:58.627 [TX] - 56 69 56 4F 74 65 63 68 32 00 80 00 00 65 30 43 46 35 35 34 43 32 46 30 45 45 41 41 30 30 38 38 4B 30 54 44 30 30 4E 30 30 30 30 30 30 38 30 32 41 38 34 46 44 44 36 33 39 31 35 44 43 41 45 42 46 38 37 37 35 34 33 32 32 44 32 36 37 42 41 33 34 34 31 38 33 41 42 39 41 32 35 36 37 39 30 32 33 34 39 38 37 31 32 30 32 33 34 30 30 30 30 30 30 30 30 C2 98 
2020/9/28 10:48:58.636 [RX] - 56 69 56 4F 74 65 63 68 32 00 80 00 00 00 B9 DF 00 00 00 00 00 00 00 00 00 00 00 00 00 00 00 00 00 00 00 00 00 00 00 00 00 00 00 00 00 00 00 00 00 00 00 00 00 00 00 00 00 00 00 00 00 00 00 
2020/9/28 10:48:59.141 [TX] - 56 69 56 4F 74 65 63 68 32 00 80 00 00 65 31 35 43 44 42 38 31 32 46 30 45 45 41 41 30 30 38 38 4B 30 54 44 30 30 4E 30 30 30 30 30 30 38 30 39 32 36 39 41 34 33 36 39 42 36 43 37 45 33 42 35 36 37 32 39 38 33 41 36 36 32 46 36 31 30 33 32 35 37 32 39 32 33 36 33 37 38 33 30 33 33 36 32 33 41 39 39 37 31 32 36 32 33 34 30 30 30 30 30 30 30 30 AA E9 
2020/9/28 10:48:59.152 [RX] - 56 69 56 4F 74 65 63 68 32 00 80 00 00 00 B9 DF 00 00 00 00 00 00 00 00 00 00 00 00 00 00 00 00 00 00 00 00 00 00 00 00 00 00 00 00 00 00 00 00 00 00 00 00 00 00 00 00 00 00 00 00 00 00 00 
2020/9/28 10:48:59.657 [TX] - 56 69 56 4F 74 65 63 68 32 00 80 01 00 58 41 30 30 38 38 4B 30 54 44 30 30 4E 30 30 30 30 42 39 34 38 46 37 42 33 34 43 41 44 37 32 36 42 41 37 37 43 39 43 34 41 38 30 37 37 39 42 42 38 36 42 42 43 33 37 34 30 31 31 42 42 45 33 39 45 30 36 46 34 46 36 41 37 44 44 36 46 37 32 30 45 37 31 33 44 45 39 34 41 A0 6B 
2020/9/28 10:48:59.668 [RX] - 56 69 56 4F 74 65 63 68 32 00 80 00 00 00 B9 DF 00 00 00 00 00 00 00 00 00 00 00 00 00 00 00 00 00 00 00 00 00 00 00 00 00 00 00 00 00 00 00 00 00 00 00 00 00 00 00 00 00 00 00 00 00 00 00 
2020/9/28 10:49:00.173 [TX] - 56 69 56 4F 74 65 63 68 32 00 81 00 00 71 05 41 30 31 31 32 44 30 54 45 30 30 4E 30 31 30 30 4B 53 31 38 46 46 46 46 39 38 37 36 35 34 33 32 31 30 45 30 30 30 30 30 37 43 45 37 34 45 39 30 30 35 33 43 41 38 45 45 42 43 33 37 42 35 37 30 36 38 31 45 35 42 32 37 36 31 34 38 43 33 45 37 34 34 41 42 43 44 36 44 34 43 35 33 36 43 37 46 34 46 36 37 44 37 46 32 32 44 33 39 34 45 44 42 A8 31 
2020/9/28 10:49:00.196 [RX] - 56 69 56 4F 74 65 63 68 32 00 81 00 00 00 CF 6B 00 00 00 00 00 00 00 00 00 00 00 00 00 00 00 00 00 00 00 00 00 00 00 00 00 00 00 00 00 00 00 00 00 00 00 00 00 00 00 00 00 00 00 00 00 00 00  
OK!
 

 --- 02-40 Activate Transaction

2020/9/28 10:49:01.480 [TX] - 56 69 56 4F 74 65 63 68 32 00 02 40 00 15 0A 9F 02 06 00 00 00 00 10 00 9A 03 07 11 21 9F 21 03 10 15 20 5E 34 
2020/9/28 10:49:02.884 [RX] - 56 69 56 4F 74 65 63 68 32 00 02 23 01 84 C1 FF EE 12 0A FF FF 98 76 54 32 10 E0 00 01 E1 81 91 4F 07 A0 00 00 00 03 10 10 9F 66 04 20 00 40 00 82 02 20 00 95 05 00 00 00 00 00 5F 2A 02 08 40 50 0C 56 49 53 41 20 54 45 53 54 20 30 31 9F 26 08 AA BB CC DD EE FF 11 22 9F 27 01 40 9F 02 06 00 00 00 00 10 00 9F 03 06 00 00 00 00 00 00 9F 10 07 06 01 11 03 90 00 00 9F 1A 02 08 40 9F 36 02 00 03 9F 37 04 60 49 09 70 5A A1 08 47 61 CC CC CC CC 00 10 5A C1 10 88 55 30 C1 CB 5A 93 7F 5C FC B6 55 C2 56 68 1D 84 07 A0 00 00 00 03 10 10 57 A1 13 47 61 CC CC CC CC 00 10 D2 01 21 20 CC CC CC CC CC CC CC 57 C1 18 9D 93 A4 EA B7 6B 0E 6A D5 57 67 C1 E6 85 1A 0E 2C 6C 33 E9 9D 38 B4 AD 5F 24 03 20 12 31 5F 34 01 01 9A 03 07 11 21 9B 02 00 00 9C 01 00 9F 06 07 A0 00 00 00 03 10 10 9F 09 02 00 02 9F 1E 08 31 54 31 32 33 34 35 36 9F 21 03 10 15 20 9F 33 03 00 08 E8 9F 41 04 00 00 00 04 9F 5D 06 00 00 00 01 00 00 9F 39 01 07 9F 6C 02 20 00 5F 2D 04 65 73 65 6E 9F 35 01 22 FF EE 01 0C DF 52 01 00 DF 30 01 00 DF 5B 01 08 DF EF 7F 01 00 DF EF 4C 06 00 27 00 00 00 00 DF EF 4D 28 DD F8 6F E7 B8 17 51 34 AB 8F C5 16 05 E2 8D 58 71 0C EA 1F 3E 58 32 BC 14 0B 55 77 8B A4 0A C7 66 5D F6 5D D5 62 B6 0B DF EE 26 01 C1 78 2D 00 00 00 00 00 00 00 00 00 00 00 00 00 00 00 00 00 00 00 00 00 00 00 00 00 00 00 00 00 00 00 00 00 00 00 00 00  
---------- END OF TEST ----------

 Result = PASSED
 

 MASTER RESULT = PASSED


Docklight Log File (HEX) - Stopped 2020/9/28 10:49:07.504 

