Docklight Log File (HEX) - Started 2026/4/2 15:05:28.060 
 TEST CASE: MF020002

 --- Set POS COM PORT Settings
 Set POS COM PORT...
 POS operating on COM90 @ 9600 baud...
 Set POS COM PORT - COMPLETE

 --- Poll on Demand

2026/4/2 15:05:29.228 [TX] - 56 69 56 4F 74 65 63 68 32 00 01 01 00 01 01 D7 34 
2026/4/2 15:05:29.237 [RX] - 56 69 56 4F 74 65 63 68 32 00 01 00 00 00 12 53 00 00 00 00 00 00 00 00 00 00 00 00 00 00 00 00 00 00 00 00 00 00 00 00 00 00 00 00 00 00 00 00 00 00 00 00 00 00 00 00 00 00 00 00 00 00 00  

 --- Burst Off

2026/4/2 15:05:29.768 [TX] - 56 69 56 4F 74 65 63 68 32 00 04 00 00 04 FF F7 01 00 B9 2E 
2026/4/2 15:05:29.777 [RX] - 56 69 56 4F 74 65 63 68 32 00 04 00 00 00 AE 16 00 00 00 00 00 00 00 00 00 00 00 00 00 00 00 00 00 00 00 00 00 00 00 00 00 00 00 00 00 00 00 00 00 00 00 00 00 00 00 00 00 00 00 00 00 00 00  

 --- 02-40 (#TS-23561)

2026/4/2 15:05:41.574 [TX] - 56 69 56 4F 74 65 63 68 32 00 02 40 00 22 1E 9C 01 00 9F 02 06 00 00 00 00 01 00 9F 03 06 00 00 00 00 00 00 FF EE 0E 08 DF ED 3A 04 01 03 07 09 8F 32 
2026/4/2 15:05:42.813 [RX] - 56 69 56 4F 74 65 63 68 32 00 02 23 01 47 11 9A 03 26 04 02 9F 21 03 15 05 42 9F 37 04 BC AF 7D 20 9F 6A 04 00 00 09 57 9C 01 00 9F 39 01 91 FF EE 01 04 DF 30 01 00 9F 1E 08 32 33 34 35 36 37 38 39 DF 81 16 16 1E 04 00 00 00 00 00 00 00 00 00 00 00 00 00 00 00 00 00 00 00 00 DF 81 29 08 30 F0 F0 00 30 F0 FF 00 FF 81 06 2F DF 81 15 06 00 00 00 00 00 FF DF 81 2A 16 30 30 30 30 30 30 30 30 30 30 30 30 30 30 30 30 30 30 30 30 30 30 DF 81 2B 07 90 00 99 00 00 00 0F FF 81 05 7C 9F 02 06 00 00 00 00 01 00 9F 6D 02 00 01 50 0F 50 50 43 20 4D 43 44 20 30 31 20 20 76 32 30 84 07 A0 00 00 00 04 10 10 56 3C 42 35 34 31 33 33 33 30 30 38 39 36 30 30 30 31 30 5E 45 54 45 43 2F 50 41 59 50 41 53 53 5E 31 34 31 32 32 30 31 34 37 36 30 30 30 30 30 32 30 30 30 30 30 39 35 37 30 30 30 30 33 9F 6B 13 54 13 33 00 89 60 00 10 D1 41 22 01 90 02 99 95 74 53 3F DF EF 4C 06 00 27 00 00 00 00 DF EF 4D 27 3B 35 34 31 33 33 33 30 30 38 39 36 30 30 30 31 30 3D 31 34 31 32 32 30 31 39 30 30 32 39 39 39 35 37 34 35 33 33 3F DF EE 26 01 11 37 16 00 00 00 00 00 00 00 00 00 00 00 00 00 00 00 00 00 00 00 00 00 00 00 00 00 00 00 00 00 00 00 00 00 00 00  

 --- 02-40 (#TS-23561)

2026/4/2 15:05:46.968 [TX] - 56 69 56 4F 74 65 63 68 32 00 02 40 00 22 1E 9C 01 00 9F 02 06 00 00 00 00 01 00 9F 03 06 00 00 00 00 00 00 FF EE 0E 08 DF ED 3A 04 01 03 07 09 8F 32 
2026/4/2 15:05:48.577 [RX] - 56 69 56 4F 74 65 63 68 32 00 02 00 00 75 11 FF EE 0E 56 E0 03 DF ED 44 04 FE 67 D9 F9 01 66 66 66 66 66 66 66 66 66 66 66 66 66 66 66 66 0D 0A 03 00 00 00 00 00 00 FF 07 80 69 FF FF FF FF FF FF 0D 0A 07 00 00 00 00 00 00 FF 07 80 69 FF FF FF FF FF FF 0D 0A 09 99 99 99 99 99 99 99 99 99 99 99 99 99 99 99 99 0D 0A 9F 41 04 00 00 00 01 DF EE 26 01 11 DF EF 4C 06 00 00 00 00 00 00 DF EF 4D 00 58 0E 00 00 00 00 00 00 00 00 00 00 00 00 00 00 00 00 00 00 00 00 00 00 00 00 00 00 00 00 00 00 00 00 00 00 00 00 00 00 00 00 00 00 00 00 00 00 00 00 00 00 00 00 00 00 00 00  

 --- 02-40 (#TS-23561)

2026/4/2 15:05:52.091 [TX] - 56 69 56 4F 74 65 63 68 32 00 02 40 00 22 1E 9C 01 00 9F 02 06 00 00 00 00 01 00 9F 03 06 00 00 00 00 00 00 FF EE 0E 08 DF ED 3A 04 01 03 07 09 8F 32 
2026/4/2 15:05:54.369 [RX] - 56 69 56 4F 74 65 63 68 32 00 02 00 01 2E 08 DF EE 25 02 00 11 DF EE 23 81 F9 02 F3 00 83 3F 4F 28 6B 87 00 25 54 52 41 43 4B 31 37 36 37 36 37 36 30 37 30 37 30 37 37 36 37 36 37 36 30 37 30 37 30 37 37 36 37 36 37 36 30 37 30 37 30 37 37 36 37 36 37 36 30 37 30 37 30 37 37 36 37 36 37 36 30 37 30 37 30 37 37 36 37 36 37 36 30 37 30 37 3F 43 3B 32 31 32 31 32 31 32 31 32 31 37 36 37 36 37 36 30 37 30 37 30 37 37 36 37 36 37 36 37 36 32 31 32 31 32 31 32 3F 30 3B 33 33 33 33 33 33 33 33 33 33 37 36 37 36 37 36 30 37 30 37 30 37 37 36 37 36 37 36 33 33 33 33 33 33 33 33 33 33 37 36 37 36 37 36 30 37 30 37 30 37 37 36 37 36 37 36 33 33 33 33 33 33 33 33 33 33 37 36 37 36 37 36 30 37 30 37 30 37 37 36 37 36 37 36 33 33 33 33 33 33 33 33 33 33 37 36 37 36 37 36 30 37 30 37 3F 32 54 31 32 33 34 35 36 37 38 39 42 50 03 9F 39 01 90 FF EE 01 04 DF 30 01 0C DF EE 26 01 08 9F 02 06 00 00 00 00 01 00 DF 5B 01 08 9A 03 26 04 02 9F 21 03 15 05 53 A5 8C 00 00 00 00 00 00 00 00 00 00 00 00 00 00 00 00 00 00 00 00 00 00 00 00 00 00 00 00 00 00 00 00 00 00 00 00 00 00 00 00 00 00 00 00 00 00 00 00 00 00 00 00 00 00 00 00 00 00 00 00  

 ---------- END OF TEST ----------

 Result = PASSED


Docklight Log File (HEX) - Stopped 2026/4/2 15:05:55.483 

