Docklight Log File (HEX) - Started 2021/12/28 14:57:07.223 
 TEST CASE: EMA0508

 --- Set POS COM PORT Settings
 Set POS COM PORT...
 POS operating on COM1 @ 9600 baud...
 Set POS COM PORT - COMPLETE

 
--- Tag FFEE1D = 04 04 7E 0C 31

2021/12/28 14:57:08.443 [TX] - 56 69 56 4F 74 65 63 68 32 00 04 00 00 09 FF EE 1D 05 04 04 7E 0C 31 CC EC 
2021/12/28 14:57:08.520 [RX] - 55 55 55 55 55 55 55 55 55 55 55 55 55 55 55 55 55 55 55 55 55 55 55 55 55 55 55 55 55 55 66 56 69 56 4F 74 65 63 68 32 00 04 00 00 00 AE 16  pass pass  


2021/12/28 14:57:08.613 [TX] - 56 69 56 4F 74 65 63 68 32 00 01 01 00 01 01 D7 34 
2021/12/28 14:57:08.671 [RX] - 55 55 55 55 55 55 55 55 55 55 55 55 55 55 55 55 55 55 55 55 55 55 55 55 55 55 55 55 55 55 66 56 69 56 4F 74 65 63 68 32 00 01 00 00 00 12 53  pass  

--- Erase all Key

2021/12/28 14:57:08.765 [TX] - 56 69 56 4F 74 65 63 68 32 00 83 00 00 00 03 22 
2021/12/28 14:57:08.821 [RX] - 55 55 55 55 55 55 55 55 55 55 55 55 55 55 55 55 55 55 55 55 55 55 55 55 55 55 55 55 55 55 66 56 69 56 4F 74 65 63 68 32 00 83 00 00 00 22 03  pass  

--- Encryption type = AES 

2021/12/28 14:57:09.416 [TX] - 56 69 56 4F 74 65 63 68 32 00 C7 32 00 01 01 7D DF 
2021/12/28 14:57:09.474 [RX] - 55 55 55 55 55 55 55 55 55 55 55 55 55 55 55 55 55 55 55 55 55 55 55 55 55 55 55 55 55 55 66 56 69 56 4F 74 65 63 68 32 00 C7 00 00 00 86 6E  pass pass pass pass  

--- Check encryption

2021/12/28 14:57:10.071 [TX] - 56 69 56 4F 74 65 63 68 32 00 C7 33 00 00 1A 9B 
2021/12/28 14:57:10.127 [RX] - 55 55 55 55 55 55 55 55 55 55 55 55 55 55 55 55 55 55 55 55 55 55 55 55 55 55 55 55 55 55 66 56 69 56 4F 74 65 63 68 32 00 C7 00 00 01 01 BC 5E  pass  

--- Load Plaintext Key - command 1 (80-00)

2021/12/28 14:57:10.723 [TX] - 56 69 56 4F 74 65 63 68 32 00 80 00 00 65 30 45 43 36 30 46 33 35 31 34 37 45 43 41 30 30 38 38 4B 30 54 44 30 30 4E 30 30 30 30 30 30 38 30 39 43 30 37 41 39 39 31 44 43 38 30 33 34 45 43 31 32 45 31 36 39 43 30 44 35 34 35 35 44 45 41 32 39 34 35 31 34 32 34 37 38 30 38 30 35 36 38 32 33 34 39 38 37 31 32 30 32 33 34 30 30 30 30 30 30 30 30 12 43 
2021/12/28 14:57:11.010 [RX] - 55 55 55 55 55 55 55 55 55 55 55 55 55 55 55 55 55 55 55 55 55 55 55 55 55 55 55 55 55 55 66 56 69 56 4F 74 65 63 68 32 00 80 00 00 00 B9 DF  pass  

--- Load Plaintext Key - command 2  (80-00)

2021/12/28 14:57:11.609 [TX] - 56 69 56 4F 74 65 63 68 32 00 80 00 00 65 31 34 43 45 32 35 35 35 31 34 37 45 43 41 30 30 38 38 4B 30 54 44 30 30 4E 30 30 30 30 30 30 38 30 46 35 30 36 46 36 41 33 44 34 30 38 39 39 45 30 35 35 42 42 35 42 39 45 33 41 44 44 36 30 30 42 38 38 35 33 32 37 37 39 32 32 34 36 30 39 32 36 32 33 41 39 39 37 31 32 36 32 33 34 30 30 30 30 30 30 30 30 35 7F 
2021/12/28 14:57:11.897 [RX] - 55 55 55 55 55 55 55 55 55 55 55 55 55 55 55 55 55 55 55 55 55 55 55 55 55 55 55 55 55 55 66 56 69 56 4F 74 65 63 68 32 00 80 00 00 00 B9 DF  pass  

--- Load Encrypted KPK (80-01)

2021/12/28 14:57:12.121 [TX] - 56 69 56 4F 74 65 63 68 32 00 80 01 00 58 41 30 30 38 38 4B 30 54 44 30 30 4E 30 30 30 30 43 44 32 46 43 43 36 44 37 39 32 44 33 42 32 34 46 30 38 33 37 42 30 33 32 44 30 38 36 38 46 45 43 39 46 44 44 43 39 43 32 36 33 31 31 35 46 30 44 43 43 34 42 44 42 35 37 43 36 30 33 43 34 32 46 34 41 35 30 34 34 39 97 D5 
2021/12/28 14:57:12.381 [RX] - 55 55 55 55 55 55 55 55 55 55 55 55 55 55 55 55 55 55 55 55 55 55 55 55 55 55 55 55 55 55 66 56 69 56 4F 74 65 63 68 32 00 80 00 00 00 B9 DF  pass  

--- Enter DUKPT Key (81-00)

2021/12/28 14:57:12.636 [TX] - 56 69 56 4F 74 65 63 68 32 00 81 00 00 71 05 41 30 31 31 32 44 30 54 45 30 30 4E 30 31 30 30 4B 53 31 38 36 32 39 39 34 39 30 31 32 43 30 30 30 34 36 30 30 30 30 31 39 34 34 38 36 43 33 31 36 38 43 41 31 46 42 34 41 38 30 39 45 36 33 39 46 46 39 43 33 42 37 32 36 45 32 34 37 43 35 39 30 42 32 32 38 43 35 44 32 32 36 35 30 46 36 36 39 37 45 38 34 37 41 32 46 38 41 32 37 33 39 33 47 AE 
2021/12/28 14:57:12.962 [RX] - 55 55 55 55 55 55 55 55 55 55 55 55 55 55 55 55 55 55 55 55 55 55 55 55 55 55 55 55 55 55 66 56 69 56 4F 74 65 63 68 32 00 81 00 00 00 CF 6B  pass  

--- Enable Data Encryption  (C7-36)

2021/12/28 14:57:13.565 [TX] - 56 69 56 4F 74 65 63 68 32 00 C7 36 00 01 03 6C 97 
2021/12/28 14:57:13.623 [RX] - 55 55 55 55 55 55 55 55 55 55 55 55 55 55 55 55 55 55 55 55 55 55 55 55 55 55 55 55 55 55 66 56 69 56 4F 74 65 63 68 32 00 C7 00 00 00 86 6E  pass pass pass pass  
--- Set MSR Secure Parameters (C7-38)- 08 (Default)

2021/12/28 14:57:14.079 [TX] - 56 69 56 4F 74 65 63 68 32 00 C7 38 00 05 DF DE 04 01 08 61 39 
2021/12/28 14:57:14.146 [RX] - 55 55 55 55 55 55 55 55 55 55 55 55 55 55 55 55 55 55 55 55 55 55 55 55 55 55 55 55 55 55 66 56 69 56 4F 74 65 63 68 32 00 C7 00 00 00 86 6E  pass pass pass pass  


***Poll on Demand + Activate Transaction***
 

1. Poll on Demand

2021/12/28 14:57:14.400 [TX] - 56 69 56 4F 74 65 63 68 32 00 01 01 00 01 01 D7 34 
2021/12/28 14:57:14.458 [RX] - 55 55 55 55 55 55 55 55 55 55 55 55 55 55 55 55 55 55 55 55 55 55 55 55 55 55 55 55 55 55 66 56 69 56 4F 74 65 63 68 32 00 01 00 00 00 12 53  pass  

2. Burst Off

2021/12/28 14:57:14.859 [TX] - 56 69 56 4F 74 65 63 68 32 00 04 00 00 04 FF F7 01 00 B9 2E 
2021/12/28 14:57:14.924 [RX] - 55 55 55 55 55 55 55 55 55 55 55 55 55 55 55 55 55 55 55 55 55 55 55 55 55 55 55 55 55 55 66 56 69 56 4F 74 65 63 68 32 00 04 00 00 00 AE 16  pass pass  

3. Activate Transaction

2021/12/28 14:57:15.325 [TX] - 56 69 56 4F 74 65 63 68 32 00 02 40 00 0A 0A 9F 02 06 00 00 00 00 10 00 18 73  

4. Please swipe Card

2021/12/28 14:57:16.151 [RX] - 55 55 55 55 55 55 55 55 55 55 55 55 55 55 55 55 55 55 55 55 55 55 55 55 55 55 55 55 55 55 66 56 69 56 4F 74 65 63 68 32 00 02 00 01 A9 CA DF EE 25 02 00 11 DF EE 23 82 01 35 02 2F 01 80 1F 44 28 00 B3 9B 25 7E 36 35 31 30 7E 7E 7E 7E 7E 7E 7E 7E 30 30 32 36 5E 43 41 52 44 2F 49 4D 41 47 45 20 30 33 20 20 20 20 20 20 20 20 20 20 20 20 20 5E 31 37 31 32 7E 7E 7E 7E 7E 7E 7E 7E 7E 7E 7E 7E 7E 7E 7E 7E 3F 7E 3B 36 35 31 30 7E 7E 7E 7E 7E 7E 7E 7E 30 30 32 36 3D 31 37 31 32 7E 7E 7E 7E 7E 7E 7E 7E 7E 7E 7E 7E 7E 7E 7E 7E 3F 7E EB AB 97 04 89 00 E7 C6 5D BC FB BC F9 B3 B5 CA FC 1F 2C A0 AF 39 EC D2 C0 84 15 E4 E9 B9 9D 06 A3 BB B0 91 70 E1 76 B2 C2 17 90 88 84 22 A8 3C D7 12 EA B5 DC A4 A7 0B 5D A0 65 9B C1 73 09 31 92 1F 7B 23 2E F6 FA 1D A4 0A 65 19 BB E1 39 4D 80 EC E5 50 73 BB BD 82 99 65 D2 EF E2 91 26 97 BA 56 C4 62 C8 18 70 F2 DE 1C AC 97 95 6C 0E 48 5E 8C 9F BB 62 EE 55 E7 47 B1 43 94 B2 D7 F4 31 51 48 AB 78 7E 8B 8D 05 DC 8A C9 07 9E FC 98 53 27 0B ED B9 10 02 52 D6 AA D8 46 CB 85 69 24 FE 7C 93 52 0B 36 DA D9 25 31 32 33 54 31 32 33 34 35 36 62 99 49 01 2C 00 04 60 00 01 4E 64 03 9F 39 01 90 FF EE 01 04 DF 30 01 0C DF EE 26 01 CA 9F 02 06 00 00 00 00 10 00 DF 5B 01 08 9A 03 01 01 01 9F 21 03 12 12 52 DF EF 4C 06 00 27 00 00 00 00 DF EF 4D 30 80 EC E5 50 73 BB BD 82 99 65 D2 EF E2 91 26 97 BA 56 C4 62 C8 18 70 F2 DE 1C AC 97 95 6C 0E 48 B7 1A B8 7F AC E6 E2 4A C3 20  

--- Erase all Key

2021/12/28 14:57:17.118 [TX] - 56 69 56 4F 74 65 63 68 32 00 83 00 00 00 03 22 
2021/12/28 14:57:17.118 [RX] - 46 B2 D2 5A 73 9F 82 E2 55 55 55 55 55 55 55 55 55 55 55 55 55 55 55 55 55 55 55 55 55 55 55 55 55 55 55 55 55 55 66 56 69 56 4F 74 65 63 68 32 00 83 00 00 00 22 03  pass  

--- Encryption type = AES 

2021/12/28 14:57:17.775 [TX] - 56 69 56 4F 74 65 63 68 32 00 C7 32 00 01 01 7D DF 
2021/12/28 14:57:17.834 [RX] - 55 55 55 55 55 55 55 55 55 55 55 55 55 55 55 55 55 55 55 55 55 55 55 55 55 55 55 55 55 55 66 56 69 56 4F 74 65 63 68 32 00 C7 00 00 00 86 6E  pass pass pass pass  

--- Check encryption

2021/12/28 14:57:18.433 [TX] - 56 69 56 4F 74 65 63 68 32 00 C7 33 00 00 1A 9B 
2021/12/28 14:57:18.489 [RX] - 55 55 55 55 55 55 55 55 55 55 55 55 55 55 55 55 55 55 55 55 55 55 55 55 55 55 55 55 55 55 66 56 69 56 4F 74 65 63 68 32 00 C7 00 00 01 01 BC 5E  pass  

--- Load Plaintext Key - command 1 (80-00)

2021/12/28 14:57:19.085 [TX] - 56 69 56 4F 74 65 63 68 32 00 80 00 00 65 30 45 43 36 30 46 33 35 31 34 37 45 43 41 30 30 38 38 4B 30 54 44 30 30 4E 30 30 30 30 30 30 38 30 39 43 30 37 41 39 39 31 44 43 38 30 33 34 45 43 31 32 45 31 36 39 43 30 44 35 34 35 35 44 45 41 32 39 34 35 31 34 32 34 37 38 30 38 30 35 36 38 32 33 34 39 38 37 31 32 30 32 33 34 30 30 30 30 30 30 30 30 12 43 
2021/12/28 14:57:19.373 [RX] - 55 55 55 55 55 55 55 55 55 55 55 55 55 55 55 55 55 55 55 55 55 55 55 55 55 55 55 55 55 55 66 56 69 56 4F 74 65 63 68 32 00 80 00 00 00 B9 DF  pass  

--- Load Plaintext Key - command 2  (80-00)

2021/12/28 14:57:19.973 [TX] - 56 69 56 4F 74 65 63 68 32 00 80 00 00 65 31 34 43 45 32 35 35 35 31 34 37 45 43 41 30 30 38 38 4B 30 54 44 30 30 4E 30 30 30 30 30 30 38 30 46 35 30 36 46 36 41 33 44 34 30 38 39 39 45 30 35 35 42 42 35 42 39 45 33 41 44 44 36 30 30 42 38 38 35 33 32 37 37 39 32 32 34 36 30 39 32 36 32 33 41 39 39 37 31 32 36 32 33 34 30 30 30 30 30 30 30 30 35 7F 
2021/12/28 14:57:20.261 [RX] - 55 55 55 55 55 55 55 55 55 55 55 55 55 55 55 55 55 55 55 55 55 55 55 55 55 55 55 55 55 55 66 56 69 56 4F 74 65 63 68 32 00 80 00 00 00 B9 DF  pass  

--- Load Encrypted KPK (80-01)

2021/12/28 14:57:20.487 [TX] - 56 69 56 4F 74 65 63 68 32 00 80 01 00 58 41 30 30 38 38 4B 30 54 44 30 30 4E 30 30 30 30 43 44 32 46 43 43 36 44 37 39 32 44 33 42 32 34 46 30 38 33 37 42 30 33 32 44 30 38 36 38 46 45 43 39 46 44 44 43 39 43 32 36 33 31 31 35 46 30 44 43 43 34 42 44 42 35 37 43 36 30 33 43 34 32 46 34 41 35 30 34 34 39 97 D5 
2021/12/28 14:57:20.747 [RX] - 55 55 55 55 55 55 55 55 55 55 55 55 55 55 55 55 55 55 55 55 55 55 55 55 55 55 55 55 55 55 66 56 69 56 4F 74 65 63 68 32 00 80 00 00 00 B9 DF  pass  

--- Enter DUKPT Key (81-00)

2021/12/28 14:57:21.001 [TX] - 56 69 56 4F 74 65 63 68 32 00 81 00 00 71 05 41 30 31 31 32 44 30 54 45 30 30 4E 30 31 30 30 4B 53 31 38 36 32 39 39 34 39 30 31 32 43 30 30 30 34 36 30 30 30 30 31 39 34 34 38 36 43 33 31 36 38 43 41 31 46 42 34 41 38 30 39 45 36 33 39 46 46 39 43 33 42 37 32 36 45 32 34 37 43 35 39 30 42 32 32 38 43 35 44 32 32 36 35 30 46 36 36 39 37 45 38 34 37 41 32 46 38 41 32 37 33 39 33 47 AE 
2021/12/28 14:57:21.328 [RX] - 55 55 55 55 55 55 55 55 55 55 55 55 55 55 55 55 55 55 55 55 55 55 55 55 55 55 55 55 55 55 66 56 69 56 4F 74 65 63 68 32 00 81 00 00 00 CF 6B  pass  

--- Enable Data Encryption  (C7-36)

2021/12/28 14:57:21.930 [TX] - 56 69 56 4F 74 65 63 68 32 00 C7 36 00 01 03 6C 97 
2021/12/28 14:57:21.988 [RX] - 55 55 55 55 55 55 55 55 55 55 55 55 55 55 55 55 55 55 55 55 55 55 55 55 55 55 55 55 55 55 66 56 69 56 4F 74 65 63 68 32 00 C7 00 00 00 86 6E  pass pass pass pass  
--- Set MSR Secure Parameters (C7-38)- 08 (Default)

2021/12/28 14:57:22.444 [TX] - 56 69 56 4F 74 65 63 68 32 00 C7 38 00 05 DF DE 04 01 08 61 39 
2021/12/28 14:57:22.512 [RX] - 55 55 55 55 55 55 55 55 55 55 55 55 55 55 55 55 55 55 55 55 55 55 55 55 55 55 55 55 55 55 66 56 69 56 4F 74 65 63 68 32 00 C7 00 00 00 86 6E  pass pass pass pass  

---Auto poll + burst mode off ---
 

1. Auto poll

2021/12/28 14:57:22.765 [TX] - 56 69 56 4F 74 65 63 68 32 00 01 01 00 01 00 F6 24 
2021/12/28 14:57:22.824 [RX] - 55 55 55 55 55 55 55 55 55 55 55 55 55 55 55 55 55 55 55 55 55 55 55 55 55 55 55 55 55 55 66 56 69 56 4F 74 65 63 68 32 00 01 00 00 00 12 53  pass  

2. Burst Off

2021/12/28 14:57:23.225 [TX] - 56 69 56 4F 74 65 63 68 32 00 04 00 00 04 FF F7 01 00 B9 2E 
2021/12/28 14:57:23.290 [RX] - 55 55 55 55 55 55 55 55 55 55 55 55 55 55 55 55 55 55 55 55 55 55 55 55 55 55 55 55 55 55 66 56 69 56 4F 74 65 63 68 32 00 04 00 00 00 AE 16  pass pass  

3. Please swipe Card
 

4. Get transaction result in AutoPoll

2021/12/28 14:57:26.699 [TX] - 56 69 56 4F 74 65 63 68 32 00 03 40 00 00 96 E2 
2021/12/28 14:57:26.755 [RX] - 55 55 55 55 55 55 55 55 55 55 55 55 55 55 55 55 55 55 55 55 55 55 55 55 55 55 55 55 55 55 66 56 69 56 4F 74 65 63 68 32 00 03 00 01 A9 CA DF EE 25 02 00 11 DF EE 23 82 01 35 02 2F 01 80 1F 44 28 00 B3 9B 25 7E 36 35 31 30 7E 7E 7E 7E 7E 7E 7E 7E 30 30 32 36 5E 43 41 52 44 2F 49 4D 41 47 45 20 30 33 20 20 20 20 20 20 20 20 20 20 20 20 20 5E 31 37 31 32 7E 7E 7E 7E 7E 7E 7E 7E 7E 7E 7E 7E 7E 7E 7E 7E 3F 7E 3B 36 35 31 30 7E 7E 7E 7E 7E 7E 7E 7E 30 30 32 36 3D 31 37 31 32 7E 7E 7E 7E 7E 7E 7E 7E 7E 7E 7E 7E 7E 7E 7E 7E 3F 7E EB AB 97 04 89 00 E7 C6 5D BC FB BC F9 B3 B5 CA FC 1F 2C A0 AF 39 EC D2 C0 84 15 E4 E9 B9 9D 06 A3 BB B0 91 70 E1 76 B2 C2 17 90 88 84 22 A8 3C D7 12 EA B5 DC A4 A7 0B 5D A0 65 9B C1 73 09 31 92 1F 7B 23 2E F6 FA 1D A4 0A 65 19 BB E1 39 4D 80 EC E5 50 73 BB BD 82 99 65 D2 EF E2 91 26 97 BA 56 C4 62 C8 18 70 F2 DE 1C AC 97 95 6C 0E 48 5E 8C 9F BB 62 EE 55 E7 47 B1 43 94 B2 D7 F4 31 51 48 AB 78 7E 8B 8D 05 DC 8A C9 07 9E FC 98 53 27 0B ED B9 10 02 52 D6 AA D8 46 CB 85 69 24 FE 7C 93 52 0B 36 DA D9 25 31 32 33 54 31 32 33 34 35 36 62 99 49 01 2C 00 04 60 00 01 4E 64 03 9F  

--- PrePAN 04 04 2A 0C(Default)

2021/12/28 14:57:27.515 [TX] - 56 69 56 4F 74 65 63 68 32 00 04 00 00 09 FF EE 1D 05 04 04 2A 0C 31 C2 6E 
2021/12/28 14:57:27.523 [RX] - 39 01 90 FF EE 01 04 DF 30 01 0C DF EE 26 01 CA 9F 02 06 00 00 00 00 10 00 DF 5B 01 08 9A 03 01 01 01 9F 21 03 12 13 01 DF EF 4C 06 00 27 00 00 00 00 DF EF 4D 30 80 EC E5 50 73 BB BD 82 99 65 D2 EF E2 91 26 97 BA 56 C4 62 C8 18 70 F2 DE 1C AC 97 95 6C 0E 48 B7 1A B8 7F AC E6 E2 4A C3 20 46 B2 D2 5A 73 9F 88 72 55 55 55 55 55 55 55 55 55 55 55 55 55 55 55 55 55 55 55 55 55 55 55 55 55 55 55 55 55 55 66 56 69 56 4F 74 65 63 68 32  

 ---------- END OF TEST ----------

 Result = PASSED
00 04 00 00 00 AE 16  pass pass  

 MASTER RESULT = PASSED


Docklight Log File (HEX) - Stopped 2021/12/28 14:57:28.929 

