Docklight Log File (HEX) - Started 2021/9/24 14:36:22.533 
 TEST CASE: EMA0413

 --- Set POS COM PORT Settings
 Set POS COM PORT...
 POS operating on COM1 @ 9600 baud...
 Set POS COM PORT - COMPLETE

 

Set MSR Secure Parameters (C7-38)- 0D

2021/9/24 14:36:23.691 [TX] - 56 69 56 4F 74 65 63 68 32 00 C7 38 00 05 DF DE 04 01 0D C4 69 
2021/9/24 14:36:23.721 [RX] - 56 69 56 4F 74 65 63 68 32 00 C7 00 00 00 86 6E  pass pass pass  

Get MSR Secure Parameters (C7-39)

2021/9/24 14:36:23.737 [TX] - 56 69 56 4F 74 65 63 68 32 00 C7 39 00 03 DF DE 04 64 62 
2021/9/24 14:36:23.765 [RX] - 56 69 56 4F 74 65 63 68 32 00 C7 00 00 05 DF DE 04 01 0D 31 C2  pass  

Burst mode Off

2021/9/24 14:36:23.791 [TX] - 56 69 56 4F 74 65 63 68 32 00 04 00 00 04 FF F7 01 00 B9 2E 
2021/9/24 14:36:23.820 [RX] - 56 69 56 4F 74 65 63 68 32 00 04 00 00 00 AE 16  pass pass  

Poll on Demand

2021/9/24 14:36:23.837 [TX] - 56 69 56 4F 74 65 63 68 32 00 01 01 00 01 01 D7 34 
2021/9/24 14:36:23.864 [RX] - 56 69 56 4F 74 65 63 68 32 00 01 00 00 00 12 53  pass  

Poll on Demand

2021/9/24 14:36:23.882 [TX] - 56 69 56 4F 74 65 63 68 32 00 01 01 00 01 01 D7 34 
2021/9/24 14:36:23.908 [RX] - 56 69 56 4F 74 65 63 68 32 00 01 00 00 00 12 53  pass  

 Erase All Keys...

2021/9/24 14:36:23.923 [TX] - 56 69 56 4F 74 65 63 68 32 00 83 00 00 00 03 22 
2021/9/24 14:36:23.949 [RX] - 56 69 56 4F 74 65 63 68 32 00 83 00 00 00 22 03  pass  

 Set DUKPT Key Encryption Type...

2021/9/24 14:36:24.166 [TX] - 56 69 56 4F 74 65 63 68 32 00 C7 32 00 01 01 7D DF 
2021/9/24 14:36:24.193 [RX] - 56 69 56 4F 74 65 63 68 32 00 C7 00 00 00 86 6E  pass pass pass  

 Get DUKPT Key Encryption Type...

2021/9/24 14:36:24.411 [TX] - 56 69 56 4F 74 65 63 68 32 00 C7 33 00 00 1A 9B 
2021/9/24 14:36:24.436 [RX] - 56 69 56 4F 74 65 63 68 32 00 C7 00 00 01 01 BC 5E  pass  

 Loading DUKPT key...

2021/9/24 14:36:24.661 [TX] - 56 69 56 4F 74 65 63 68 32 00 80 00 00 65 30 45 43 36 30 46 33 35 31 34 37 45 43 41 30 30 38 38 4B 30 54 44 30 30 4E 30 30 30 30 30 30 38 30 39 43 30 37 41 39 39 31 44 43 38 30 33 34 45 43 31 32 45 31 36 39 43 30 44 35 34 35 35 44 45 41 32 39 34 35 31 34 32 34 37 38 30 38 30 35 36 38 32 33 34 39 38 37 31 32 30 32 33 34 30 30 30 30 30 30 30 30 12 43 
2021/9/24 14:36:24.791 [RX] - 56 69 56 4F 74 65 63 68 32 00 80 00 00 00 B9 DF  pass 
2021/9/24 14:36:25.006 [TX] - 56 69 56 4F 74 65 63 68 32 00 80 00 00 65 31 34 43 45 32 35 35 35 31 34 37 45 43 41 30 30 38 38 4B 30 54 44 30 30 4E 30 30 30 30 30 30 38 30 46 35 30 36 46 36 41 33 44 34 30 38 39 39 45 30 35 35 42 42 35 42 39 45 33 41 44 44 36 30 30 42 38 38 35 33 32 37 37 39 32 32 34 36 30 39 32 36 32 33 41 39 39 37 31 32 36 32 33 34 30 30 30 30 30 30 30 30 35 7F 
2021/9/24 14:36:25.137 [RX] - 56 69 56 4F 74 65 63 68 32 00 80 00 00 00 B9 DF  pass 
2021/9/24 14:36:25.353 [TX] - 56 69 56 4F 74 65 63 68 32 00 80 01 00 58 41 30 30 38 38 4B 30 54 44 30 30 4E 30 30 30 30 43 44 32 46 43 43 36 44 37 39 32 44 33 42 32 34 46 30 38 33 37 42 30 33 32 44 30 38 36 38 46 45 43 39 46 44 44 43 39 43 32 36 33 31 31 35 46 30 44 43 43 34 42 44 42 35 37 43 36 30 33 43 34 32 46 34 41 35 30 34 34 39 97 D5 
2021/9/24 14:36:25.473 [RX] - 56 69 56 4F 74 65 63 68 32 00 80 00 00 00 B9 DF  pass 
2021/9/24 14:36:25.688 [TX] - 56 69 56 4F 74 65 63 68 32 00 81 00 00 71 05 41 30 31 31 32 44 30 54 45 30 30 4E 30 31 30 30 4B 53 31 38 36 32 39 39 34 39 30 31 32 43 30 30 30 34 36 30 30 30 30 31 39 34 34 38 36 43 33 31 36 38 43 41 31 46 42 34 41 38 30 39 45 36 33 39 46 46 39 43 33 42 37 32 36 45 32 34 37 43 35 39 30 42 32 32 38 43 35 44 32 32 36 35 30 46 36 36 39 37 45 38 34 37 41 32 46 38 41 32 37 33 39 33 47 AE 
2021/9/24 14:36:25.845 [RX] - 56 69 56 4F 74 65 63 68 32 00 81 00 00 00 CF 6B  pass 
2021/9/24 14:36:26.061 [TX] - 56 69 56 4F 74 65 63 68 32 00 C7 36 00 01 03 6C 97 
2021/9/24 14:36:26.087 [RX] - 56 69 56 4F 74 65 63 68 32 00 C7 00 00 00 86 6E  pass pass pass  

--- IDT

2021/9/24 14:36:26.312 [TX] - 56 69 56 4F 74 65 63 68 32 00 02 40 00 0A 0A 9F 02 06 00 00 00 00 10 00 18 73 
2021/9/24 14:36:27.702 [RX] - 56 69 56 4F 74 65 63 68 32 00 02 00 00 CA CA DF EE 25 02 00 11 DF EE 23 81 AD 02 A7 00 83 1F 4F 28 00 92 89 3B 32 31 32 31 32 31 32 31 32 31 37 36 37 36 37 36 30 37 30 37 30 37 37 36 37 36 37 36 37 36 32 31 32 31 32 31 32 3F 30 FD 3C 22 B8 2C 4E 86 67 DF C1 94 6D AB 96 0F A7 CC 13 3E 4A 0A 69 DF C8 66 86 BC E9 76 33 27 86 3A E4 A7 89 A3 0C 15 D6 1A 86 B0 95 C0 D6 AF 17 72 F5 7E 00 D5 83 6A 68 51 FA 16 42 71 A1 3B 70 41 8D 6F D1 07 1E 57 90 4F 0C B3 02 EE 8B 23 C8 58 78 7F 9D EB 10 29 7D F1 08 DE 4F C8 BC 7C DA 57 A9 E4 54 31 33 37 54 38 30 31 39 36 30 62 99 49 01 2C 00 04 60 00 01 52 BA 03 9F 39 01 90 FF EE 01 04 DF 30 01 0C DF EE 26 01 CA 98 A5  

 Erase All Keys...

2021/9/24 14:36:28.436 [TX] - 56 69 56 4F 74 65 63 68 32 00 83 00 00 00 03 22 
2021/9/24 14:36:28.462 [RX] - 56 69 56 4F 74 65 63 68 32 00 83 00 00 00 22 03  pass  

 Set DUKPT Key Encryption Type...

2021/9/24 14:36:28.679 [TX] - 56 69 56 4F 74 65 63 68 32 00 C7 32 00 01 01 7D DF 
2021/9/24 14:36:28.706 [RX] - 56 69 56 4F 74 65 63 68 32 00 C7 00 00 00 86 6E  pass pass pass  

 Get DUKPT Key Encryption Type...

2021/9/24 14:36:28.925 [TX] - 56 69 56 4F 74 65 63 68 32 00 C7 33 00 00 1A 9B 
2021/9/24 14:36:28.950 [RX] - 56 69 56 4F 74 65 63 68 32 00 C7 00 00 01 01 BC 5E  pass  

 Loading DUKPT key...

2021/9/24 14:36:29.175 [TX] - 56 69 56 4F 74 65 63 68 32 00 80 00 00 65 30 45 43 36 30 46 33 35 31 34 37 45 43 41 30 30 38 38 4B 30 54 44 30 30 4E 30 30 30 30 30 30 38 30 39 43 30 37 41 39 39 31 44 43 38 30 33 34 45 43 31 32 45 31 36 39 43 30 44 35 34 35 35 44 45 41 32 39 34 35 31 34 32 34 37 38 30 38 30 35 36 38 32 33 34 39 38 37 31 32 30 32 33 34 30 30 30 30 30 30 30 30 12 43 
2021/9/24 14:36:29.305 [RX] - 56 69 56 4F 74 65 63 68 32 00 80 00 00 00 B9 DF  pass 
2021/9/24 14:36:29.520 [TX] - 56 69 56 4F 74 65 63 68 32 00 80 00 00 65 31 34 43 45 32 35 35 35 31 34 37 45 43 41 30 30 38 38 4B 30 54 44 30 30 4E 30 30 30 30 30 30 38 30 46 35 30 36 46 36 41 33 44 34 30 38 39 39 45 30 35 35 42 42 35 42 39 45 33 41 44 44 36 30 30 42 38 38 35 33 32 37 37 39 32 32 34 36 30 39 32 36 32 33 41 39 39 37 31 32 36 32 33 34 30 30 30 30 30 30 30 30 35 7F 
2021/9/24 14:36:29.652 [RX] - 56 69 56 4F 74 65 63 68 32 00 80 00 00 00 B9 DF  pass 
2021/9/24 14:36:29.867 [TX] - 56 69 56 4F 74 65 63 68 32 00 80 01 00 58 41 30 30 38 38 4B 30 54 44 30 30 4E 30 30 30 30 43 44 32 46 43 43 36 44 37 39 32 44 33 42 32 34 46 30 38 33 37 42 30 33 32 44 30 38 36 38 46 45 43 39 46 44 44 43 39 43 32 36 33 31 31 35 46 30 44 43 43 34 42 44 42 35 37 43 36 30 33 43 34 32 46 34 41 35 30 34 34 39 97 D5 
2021/9/24 14:36:29.987 [RX] - 56 69 56 4F 74 65 63 68 32 00 80 00 00 00 B9 DF  pass 
2021/9/24 14:36:30.202 [TX] - 56 69 56 4F 74 65 63 68 32 00 81 00 00 71 05 41 30 31 31 32 44 30 54 45 30 30 4E 30 31 30 30 4B 53 31 38 36 32 39 39 34 39 30 31 32 43 30 30 30 34 36 30 30 30 30 31 39 34 34 38 36 43 33 31 36 38 43 41 31 46 42 34 41 38 30 39 45 36 33 39 46 46 39 43 33 42 37 32 36 45 32 34 37 43 35 39 30 42 32 32 38 43 35 44 32 32 36 35 30 46 36 36 39 37 45 38 34 37 41 32 46 38 41 32 37 33 39 33 47 AE 
2021/9/24 14:36:30.359 [RX] - 56 69 56 4F 74 65 63 68 32 00 81 00 00 00 CF 6B  pass 
2021/9/24 14:36:30.574 [TX] - 56 69 56 4F 74 65 63 68 32 00 C7 36 00 01 03 6C 97 
2021/9/24 14:36:30.601 [RX] - 56 69 56 4F 74 65 63 68 32 00 C7 00 00 00 86 6E  pass pass pass  

--- Discover

2021/9/24 14:36:30.822 [TX] - 56 69 56 4F 74 65 63 68 32 00 02 40 00 0A 0A 9F 02 06 00 00 00 00 10 00 18 73 
2021/9/24 14:36:32.393 [RX] - 56 69 56 4F 74 65 63 68 32 00 02 00 01 4C CA DF EE 25 02 00 11 DF EE 23 81 F1 02 EB 00 80 1F 44 28 00 B2 9B 3B 36 35 31 30 2A 2A 2A 2A 2A 2A 2A 2A 30 30 32 36 3D 31 37 31 32 2A 2A 2A 2A 2A 2A 2A 2A 2A 2A 2A 2A 2A 2A 2A 2A 3F 2A EB AB 97 04 89 00 E7 C6 5D BC FB BC F9 B3 B5 CA FC 1F 2C A0 AF 39 EC D2 C0 84 15 E4 E9 B9 9D 06 A3 BB B0 91 70 E1 76 B2 C2 17 90 88 84 22 A8 3C D7 12 EA B5 DC A4 A7 0B 5D A0 65 9B C1 73 09 31 92 1F 7B 23 2E F6 FA 1D A4 0A 65 19 BB E1 39 4D 80 EC E5 50 73 BB BD 82 99 65 D2 EF E2 91 26 97 BA 56 C4 62 C8 18 70 F2 DE 1C AC 97 95 6C 0E 48 5E 8C 9F BB 62 EE 55 E7 47 B1 43 94 B2 D7 F4 31 51 48 AB 78 7E 8B 8D 05 DC 8A C9 07 9E FC 98 53 27 0B ED B9 10 02 52 D6 AA D8 46 CB 85 69 24 FE 7C 93 52 0B 36 DA D9 25 31 33 37 54 38 30 31 39 36 30 62 99 49 01 2C 00 04 60 00 01 79 1D 03 9F 39 01 90 FF EE 01 04 DF 30 01 0C DF EE 26 01 CA DF EF  Discover MagStripe card - pass 4C 06 00 27 00 00 00 00 DF EF 4D 30 80 EC E5 50 73 BB BD 82 99 65 D2 EF E2 91 26 97 BA 56 C4 62 C8 18 70 F2 DE 1C AC 97 95 6C 0E 48 B7 1A B8 7F AC E6 E2 4A C3 20 46 B2 D2 5A 73 9F D6 46  

 Erase All Keys...

2021/9/24 14:36:33.263 [TX] - 56 69 56 4F 74 65 63 68 32 00 83 00 00 00 03 22 
2021/9/24 14:36:33.289 [RX] - 56 69 56 4F 74 65 63 68 32 00 83 00 00 00 22 03  pass  

 Set DUKPT Key Encryption Type...

2021/9/24 14:36:33.507 [TX] - 56 69 56 4F 74 65 63 68 32 00 C7 32 00 01 01 7D DF 
2021/9/24 14:36:33.534 [RX] - 56 69 56 4F 74 65 63 68 32 00 C7 00 00 00 86 6E  pass pass pass  

 Get DUKPT Key Encryption Type...

2021/9/24 14:36:33.752 [TX] - 56 69 56 4F 74 65 63 68 32 00 C7 33 00 00 1A 9B 
2021/9/24 14:36:33.778 [RX] - 56 69 56 4F 74 65 63 68 32 00 C7 00 00 01 01 BC 5E  pass  

 Loading DUKPT key...

2021/9/24 14:36:34.002 [TX] - 56 69 56 4F 74 65 63 68 32 00 80 00 00 65 30 45 43 36 30 46 33 35 31 34 37 45 43 41 30 30 38 38 4B 30 54 44 30 30 4E 30 30 30 30 30 30 38 30 39 43 30 37 41 39 39 31 44 43 38 30 33 34 45 43 31 32 45 31 36 39 43 30 44 35 34 35 35 44 45 41 32 39 34 35 31 34 32 34 37 38 30 38 30 35 36 38 32 33 34 39 38 37 31 32 30 32 33 34 30 30 30 30 30 30 30 30 12 43 
2021/9/24 14:36:34.133 [RX] - 56 69 56 4F 74 65 63 68 32 00 80 00 00 00 B9 DF  pass 
2021/9/24 14:36:34.348 [TX] - 56 69 56 4F 74 65 63 68 32 00 80 00 00 65 31 34 43 45 32 35 35 35 31 34 37 45 43 41 30 30 38 38 4B 30 54 44 30 30 4E 30 30 30 30 30 30 38 30 46 35 30 36 46 36 41 33 44 34 30 38 39 39 45 30 35 35 42 42 35 42 39 45 33 41 44 44 36 30 30 42 38 38 35 33 32 37 37 39 32 32 34 36 30 39 32 36 32 33 41 39 39 37 31 32 36 32 33 34 30 30 30 30 30 30 30 30 35 7F 
2021/9/24 14:36:34.480 [RX] - 56 69 56 4F 74 65 63 68 32 00 80 00 00 00 B9 DF  pass 
2021/9/24 14:36:34.694 [TX] - 56 69 56 4F 74 65 63 68 32 00 80 01 00 58 41 30 30 38 38 4B 30 54 44 30 30 4E 30 30 30 30 43 44 32 46 43 43 36 44 37 39 32 44 33 42 32 34 46 30 38 33 37 42 30 33 32 44 30 38 36 38 46 45 43 39 46 44 44 43 39 43 32 36 33 31 31 35 46 30 44 43 43 34 42 44 42 35 37 43 36 30 33 43 34 32 46 34 41 35 30 34 34 39 97 D5 
2021/9/24 14:36:34.814 [RX] - 56 69 56 4F 74 65 63 68 32 00 80 00 00 00 B9 DF  pass 
2021/9/24 14:36:35.028 [TX] - 56 69 56 4F 74 65 63 68 32 00 81 00 00 71 05 41 30 31 31 32 44 30 54 45 30 30 4E 30 31 30 30 4B 53 31 38 36 32 39 39 34 39 30 31 32 43 30 30 30 34 36 30 30 30 30 31 39 34 34 38 36 43 33 31 36 38 43 41 31 46 42 34 41 38 30 39 45 36 33 39 46 46 39 43 33 42 37 32 36 45 32 34 37 43 35 39 30 42 32 32 38 43 35 44 32 32 36 35 30 46 36 36 39 37 45 38 34 37 41 32 46 38 41 32 37 33 39 33 47 AE 
2021/9/24 14:36:35.185 [RX] - 56 69 56 4F 74 65 63 68 32 00 81 00 00 00 CF 6B  pass 
2021/9/24 14:36:35.400 [TX] - 56 69 56 4F 74 65 63 68 32 00 C7 36 00 01 03 6C 97 
2021/9/24 14:36:35.427 [RX] - 56 69 56 4F 74 65 63 68 32 00 C7 00 00 00 86 6E  pass pass pass  

--- JIS1

2021/9/24 14:36:35.649 [TX] - 56 69 56 4F 74 65 63 68 32 00 02 40 00 0A 0A 9F 02 06 00 00 00 00 10 00 18 73 
2021/9/24 14:36:37.033 [RX] - 56 69 56 4F 74 65 63 68 32 00 02 00 00 CA CA DF EE 25 02 00 11 DF EE 23 81 AD 02 A7 00 86 1F 48 28 00 92 89 3B 34 33 32 32 30 36 31 30 30 30 38 37 32 38 33 33 3D 31 31 30 38 32 30 31 38 38 36 34 30 38 32 35 31 30 30 30 30 3F 3B AD 3C 22 E2 C6 2F 85 92 BC 92 E0 02 49 84 BF 76 01 B7 56 66 82 79 1E 13 A9 8C E7 D5 80 D3 5E DB BE 08 75 39 E5 B4 56 B8 AF BC 64 19 0C 41 86 84 AB CA 43 D6 3C BB 07 34 CE E5 C2 2D 4E 01 1E AD 31 3D E0 85 16 26 87 CA 3B 0F 45 BD 6D BB 78 CC 22 53 BB 7F 5A 95 59 55 40 72 53 C1 06 B4 33 86 42 44 BF EC 31 33 37 54 38 30 31 39 36 30 62 99 49 01 2C 00 04 60 00 01 8B 33 03 9F 39 01 90 FF EE 01 04 DF 30 01 0C DF EE 26 01 CA 1F F1  

 Erase All Keys...

2021/9/24 14:36:37.765 [TX] - 56 69 56 4F 74 65 63 68 32 00 83 00 00 00 03 22 
2021/9/24 14:36:37.791 [RX] - 56 69 56 4F 74 65 63 68 32 00 83 00 00 00 22 03  pass  

 Set DUKPT Key Encryption Type...

2021/9/24 14:36:38.007 [TX] - 56 69 56 4F 74 65 63 68 32 00 C7 32 00 01 01 7D DF 
2021/9/24 14:36:38.034 [RX] - 56 69 56 4F 74 65 63 68 32 00 C7 00 00 00 86 6E  pass pass pass  

 Get DUKPT Key Encryption Type...

2021/9/24 14:36:38.252 [TX] - 56 69 56 4F 74 65 63 68 32 00 C7 33 00 00 1A 9B 
2021/9/24 14:36:38.277 [RX] - 56 69 56 4F 74 65 63 68 32 00 C7 00 00 01 01 BC 5E  pass  

 Loading DUKPT key...

2021/9/24 14:36:38.501 [TX] - 56 69 56 4F 74 65 63 68 32 00 80 00 00 65 30 45 43 36 30 46 33 35 31 34 37 45 43 41 30 30 38 38 4B 30 54 44 30 30 4E 30 30 30 30 30 30 38 30 39 43 30 37 41 39 39 31 44 43 38 30 33 34 45 43 31 32 45 31 36 39 43 30 44 35 34 35 35 44 45 41 32 39 34 35 31 34 32 34 37 38 30 38 30 35 36 38 32 33 34 39 38 37 31 32 30 32 33 34 30 30 30 30 30 30 30 30 12 43 
2021/9/24 14:36:38.631 [RX] - 56 69 56 4F 74 65 63 68 32 00 80 00 00 00 B9 DF  pass 
2021/9/24 14:36:38.845 [TX] - 56 69 56 4F 74 65 63 68 32 00 80 00 00 65 31 34 43 45 32 35 35 35 31 34 37 45 43 41 30 30 38 38 4B 30 54 44 30 30 4E 30 30 30 30 30 30 38 30 46 35 30 36 46 36 41 33 44 34 30 38 39 39 45 30 35 35 42 42 35 42 39 45 33 41 44 44 36 30 30 42 38 38 35 33 32 37 37 39 32 32 34 36 30 39 32 36 32 33 41 39 39 37 31 32 36 32 33 34 30 30 30 30 30 30 30 30 35 7F 
2021/9/24 14:36:38.977 [RX] - 56 69 56 4F 74 65 63 68 32 00 80 00 00 00 B9 DF  pass 
2021/9/24 14:36:39.191 [TX] - 56 69 56 4F 74 65 63 68 32 00 80 01 00 58 41 30 30 38 38 4B 30 54 44 30 30 4E 30 30 30 30 43 44 32 46 43 43 36 44 37 39 32 44 33 42 32 34 46 30 38 33 37 42 30 33 32 44 30 38 36 38 46 45 43 39 46 44 44 43 39 43 32 36 33 31 31 35 46 30 44 43 43 34 42 44 42 35 37 43 36 30 33 43 34 32 46 34 41 35 30 34 34 39 97 D5 
2021/9/24 14:36:39.311 [RX] - 56 69 56 4F 74 65 63 68 32 00 80 00 00 00 B9 DF  pass 
2021/9/24 14:36:39.526 [TX] - 56 69 56 4F 74 65 63 68 32 00 81 00 00 71 05 41 30 31 31 32 44 30 54 45 30 30 4E 30 31 30 30 4B 53 31 38 36 32 39 39 34 39 30 31 32 43 30 30 30 34 36 30 30 30 30 31 39 34 34 38 36 43 33 31 36 38 43 41 31 46 42 34 41 38 30 39 45 36 33 39 46 46 39 43 33 42 37 32 36 45 32 34 37 43 35 39 30 42 32 32 38 43 35 44 32 32 36 35 30 46 36 36 39 37 45 38 34 37 41 32 46 38 41 32 37 33 39 33 47 AE 
2021/9/24 14:36:39.683 [RX] - 56 69 56 4F 74 65 63 68 32 00 81 00 00 00 CF 6B  pass 
2021/9/24 14:36:39.898 [TX] - 56 69 56 4F 74 65 63 68 32 00 C7 36 00 01 03 6C 97 
2021/9/24 14:36:39.925 [RX] - 56 69 56 4F 74 65 63 68 32 00 C7 00 00 00 86 6E  pass pass pass  

--- JIS2

2021/9/24 14:36:40.150 [TX] - 56 69 56 4F 74 65 63 68 32 00 02 40 00 0A 0A 9F 02 06 00 00 00 00 10 00 18 73 
2021/9/24 14:36:41.499 [RX] - 56 69 56 4F 74 65 63 68 32 00 02 00 00 7B CA DF EE 25 02 00 11 DF EE 23 5F 02 59 00 85 17 00 48 00 92 00 7F 61 39 30 30 30 30 30 30 30 32 31 31 31 31 31 32 33 34 35 36 37 38 39 30 31 32 32 32 32 32 33 33 33 33 33 34 34 34 34 34 35 35 35 35 35 36 36 36 36 36 37 37 37 37 37 38 38 38 38 38 39 39 39 39 39 30 30 30 30 7F 15 31 33 37 54 38 30 31 39 36 30 50 EA 03 9F 39 01 90 FF EE 01 04 DF 30 01 0C DF EE 26 01 CA 43 41  

 Erase All Keys...

2021/9/24 14:36:42.149 [TX] - 56 69 56 4F 74 65 63 68 32 00 83 00 00 00 03 22 
2021/9/24 14:36:42.175 [RX] - 56 69 56 4F 74 65 63 68 32 00 83 00 00 00 22 03  pass  

 Set DUKPT Key Encryption Type...

2021/9/24 14:36:42.392 [TX] - 56 69 56 4F 74 65 63 68 32 00 C7 32 00 01 01 7D DF 
2021/9/24 14:36:42.419 [RX] - 56 69 56 4F 74 65 63 68 32 00 C7 00 00 00 86 6E  pass pass pass  

 Get DUKPT Key Encryption Type...

2021/9/24 14:36:42.638 [TX] - 56 69 56 4F 74 65 63 68 32 00 C7 33 00 00 1A 9B 
2021/9/24 14:36:42.664 [RX] - 56 69 56 4F 74 65 63 68 32 00 C7 00 00 01 01 BC 5E  pass  

 Loading DUKPT key...

2021/9/24 14:36:42.888 [TX] - 56 69 56 4F 74 65 63 68 32 00 80 00 00 65 30 45 43 36 30 46 33 35 31 34 37 45 43 41 30 30 38 38 4B 30 54 44 30 30 4E 30 30 30 30 30 30 38 30 39 43 30 37 41 39 39 31 44 43 38 30 33 34 45 43 31 32 45 31 36 39 43 30 44 35 34 35 35 44 45 41 32 39 34 35 31 34 32 34 37 38 30 38 30 35 36 38 32 33 34 39 38 37 31 32 30 32 33 34 30 30 30 30 30 30 30 30 12 43 
2021/9/24 14:36:43.019 [RX] - 56 69 56 4F 74 65 63 68 32 00 80 00 00 00 B9 DF  pass 
2021/9/24 14:36:43.233 [TX] - 56 69 56 4F 74 65 63 68 32 00 80 00 00 65 31 34 43 45 32 35 35 35 31 34 37 45 43 41 30 30 38 38 4B 30 54 44 30 30 4E 30 30 30 30 30 30 38 30 46 35 30 36 46 36 41 33 44 34 30 38 39 39 45 30 35 35 42 42 35 42 39 45 33 41 44 44 36 30 30 42 38 38 35 33 32 37 37 39 32 32 34 36 30 39 32 36 32 33 41 39 39 37 31 32 36 32 33 34 30 30 30 30 30 30 30 30 35 7F 
2021/9/24 14:36:43.365 [RX] - 56 69 56 4F 74 65 63 68 32 00 80 00 00 00 B9 DF  pass 
2021/9/24 14:36:43.579 [TX] - 56 69 56 4F 74 65 63 68 32 00 80 01 00 58 41 30 30 38 38 4B 30 54 44 30 30 4E 30 30 30 30 43 44 32 46 43 43 36 44 37 39 32 44 33 42 32 34 46 30 38 33 37 42 30 33 32 44 30 38 36 38 46 45 43 39 46 44 44 43 39 43 32 36 33 31 31 35 46 30 44 43 43 34 42 44 42 35 37 43 36 30 33 43 34 32 46 34 41 35 30 34 34 39 97 D5 
2021/9/24 14:36:43.699 [RX] - 56 69 56 4F 74 65 63 68 32 00 80 00 00 00 B9 DF  pass 
2021/9/24 14:36:43.915 [TX] - 56 69 56 4F 74 65 63 68 32 00 81 00 00 71 05 41 30 31 31 32 44 30 54 45 30 30 4E 30 31 30 30 4B 53 31 38 36 32 39 39 34 39 30 31 32 43 30 30 30 34 36 30 30 30 30 31 39 34 34 38 36 43 33 31 36 38 43 41 31 46 42 34 41 38 30 39 45 36 33 39 46 46 39 43 33 42 37 32 36 45 32 34 37 43 35 39 30 42 32 32 38 43 35 44 32 32 36 35 30 46 36 36 39 37 45 38 34 37 41 32 46 38 41 32 37 33 39 33 47 AE 
2021/9/24 14:36:44.071 [RX] - 56 69 56 4F 74 65 63 68 32 00 81 00 00 00 CF 6B  pass 
2021/9/24 14:36:44.287 [TX] - 56 69 56 4F 74 65 63 68 32 00 C7 36 00 01 03 6C 97 
2021/9/24 14:36:44.313 [RX] - 56 69 56 4F 74 65 63 68 32 00 C7 00 00 00 86 6E  pass pass pass  

--- AAMVA

2021/9/24 14:36:44.535 [TX] - 56 69 56 4F 74 65 63 68 32 00 02 40 00 0A 0A 9F 02 06 00 00 00 00 10 00 18 73 
2021/9/24 14:36:45.882 [RX] - 56 69 56 4F 74 65 63 68 32 00 02 00 00 A5 CA DF EE 25 02 00 11 DF EE 23 81 88 02 82 00 81 1F 30 23 00 92 89 3B 33 35 35 35 35 35 31 31 31 31 31 31 31 31 31 31 31 31 31 3D 30 30 30 39 31 39 37 37 30 33 30 33 3F 3F E0 64 C1 3E 9F 37 1A AB 3E B8 63 C3 9B A4 60 3F 64 5E FA 1A 8F 70 94 36 5A A3 9D 95 8A 93 A2 54 AB 58 A5 33 62 A3 BC C1 04 6C 62 B5 8D 96 E8 F1 48 80 A5 D4 6A 04 91 15 D9 C8 47 40 6B FB C6 3B F4 BD 57 4F 31 33 37 54 38 30 31 39 36 30 62 99 49 01 2C 00 04 60 00 01 9B F5 03 9F 39 01 90 FF EE 01 04 DF 30 01 0C DF EE 26 01 CA 48 A3  

 Erase All Keys...

2021/9/24 14:36:46.576 [TX] - 56 69 56 4F 74 65 63 68 32 00 83 00 00 00 03 22 
2021/9/24 14:36:46.602 [RX] - 56 69 56 4F 74 65 63 68 32 00 83 00 00 00 22 03  pass  

 Set DUKPT Key Encryption Type...

2021/9/24 14:36:46.819 [TX] - 56 69 56 4F 74 65 63 68 32 00 C7 32 00 01 01 7D DF 
2021/9/24 14:36:46.846 [RX] - 56 69 56 4F 74 65 63 68 32 00 C7 00 00 00 86 6E  pass pass pass  

 Get DUKPT Key Encryption Type...

2021/9/24 14:36:47.064 [TX] - 56 69 56 4F 74 65 63 68 32 00 C7 33 00 00 1A 9B 
2021/9/24 14:36:47.090 [RX] - 56 69 56 4F 74 65 63 68 32 00 C7 00 00 01 01 BC 5E  pass  

 Loading DUKPT key...

2021/9/24 14:36:47.314 [TX] - 56 69 56 4F 74 65 63 68 32 00 80 00 00 65 30 45 43 36 30 46 33 35 31 34 37 45 43 41 30 30 38 38 4B 30 54 44 30 30 4E 30 30 30 30 30 30 38 30 39 43 30 37 41 39 39 31 44 43 38 30 33 34 45 43 31 32 45 31 36 39 43 30 44 35 34 35 35 44 45 41 32 39 34 35 31 34 32 34 37 38 30 38 30 35 36 38 32 33 34 39 38 37 31 32 30 32 33 34 30 30 30 30 30 30 30 30 12 43 
2021/9/24 14:36:47.445 [RX] - 56 69 56 4F 74 65 63 68 32 00 80 00 00 00 B9 DF  pass 
2021/9/24 14:36:47.659 [TX] - 56 69 56 4F 74 65 63 68 32 00 80 00 00 65 31 34 43 45 32 35 35 35 31 34 37 45 43 41 30 30 38 38 4B 30 54 44 30 30 4E 30 30 30 30 30 30 38 30 46 35 30 36 46 36 41 33 44 34 30 38 39 39 45 30 35 35 42 42 35 42 39 45 33 41 44 44 36 30 30 42 38 38 35 33 32 37 37 39 32 32 34 36 30 39 32 36 32 33 41 39 39 37 31 32 36 32 33 34 30 30 30 30 30 30 30 30 35 7F 
2021/9/24 14:36:47.790 [RX] - 56 69 56 4F 74 65 63 68 32 00 80 00 00 00 B9 DF  pass 
2021/9/24 14:36:48.005 [TX] - 56 69 56 4F 74 65 63 68 32 00 80 01 00 58 41 30 30 38 38 4B 30 54 44 30 30 4E 30 30 30 30 43 44 32 46 43 43 36 44 37 39 32 44 33 42 32 34 46 30 38 33 37 42 30 33 32 44 30 38 36 38 46 45 43 39 46 44 44 43 39 43 32 36 33 31 31 35 46 30 44 43 43 34 42 44 42 35 37 43 36 30 33 43 34 32 46 34 41 35 30 34 34 39 97 D5 
2021/9/24 14:36:48.125 [RX] - 56 69 56 4F 74 65 63 68 32 00 80 00 00 00 B9 DF  pass 
2021/9/24 14:36:48.340 [TX] - 56 69 56 4F 74 65 63 68 32 00 81 00 00 71 05 41 30 31 31 32 44 30 54 45 30 30 4E 30 31 30 30 4B 53 31 38 36 32 39 39 34 39 30 31 32 43 30 30 30 34 36 30 30 30 30 31 39 34 34 38 36 43 33 31 36 38 43 41 31 46 42 34 41 38 30 39 45 36 33 39 46 46 39 43 33 42 37 32 36 45 32 34 37 43 35 39 30 42 32 32 38 43 35 44 32 32 36 35 30 46 36 36 39 37 45 38 34 37 41 32 46 38 41 32 37 33 39 33 47 AE 
2021/9/24 14:36:48.496 [RX] - 56 69 56 4F 74 65 63 68 32 00 81 00 00 00 CF 6B  pass 
2021/9/24 14:36:48.713 [TX] - 56 69 56 4F 74 65 63 68 32 00 C7 36 00 01 03 6C 97 
2021/9/24 14:36:48.739 [RX] - 56 69 56 4F 74 65 63 68 32 00 C7 00 00 00 86 6E  pass pass pass  

--- Gift card

2021/9/24 14:36:48.964 [TX] - 56 69 56 4F 74 65 63 68 32 00 02 40 00 0A 0A 9F 02 06 00 00 00 00 10 00 18 73 
2021/9/24 14:36:50.307 [RX] - 56 69 56 4F 74 65 63 68 32 00 02 00 01 3A CA DF EE 25 02 00 11 DF EE 23 81 DF 02 D9 00 80 1F 3D 26 00 92 9B 3B 36 30 30 36 2A 2A 2A 2A 2A 2A 2A 2A 2A 2A 2A 37 31 34 37 3D 38 30 31 32 2A 2A 2A 2A 2A 2A 2A 2A 2A 2A 2A 3F 2A E0 4D 8F BE B3 93 13 D2 2C 08 74 3D A8 CE 58 33 B7 78 FC 72 B7 25 08 0F 5E 8C 6F 1C 76 C8 39 DA 3C E5 1F E5 54 C5 F1 84 54 2D 58 6B 7B CC 70 A9 B7 5C 96 BE 0B 1F B9 A6 6A 5C 98 19 79 36 C9 F4 F3 5B 62 F8 16 11 B5 DE B1 1E 8B 5F 66 A1 3E 68 3E D5 52 15 E3 A7 46 0E 15 C4 20 92 B0 9C 85 3C 9C 8B B6 6E 9E B2 28 FE D6 F8 FA 04 D4 1A D6 E9 4F 96 8D 11 4A 72 0C 4F 3F 7F 90 8C E8 2E DC 54 F5 7D EE DF F5 7B 99 7B D5 25 11 FE 3A 50 34 80 4E 98 D6 B4 D6 2C C9 45 31 33 37 54 38 30 31 39 36 30 62 99 49 01 2C 00 04 60 00 01 DA 54 03 9F 39 01 90 FF EE 01 04 DF 30 01 0C DF EE 26 01 CA DF EF 4C 06 00 25 00 00 00 00 DF EF 4D 30 F3 5B 62 F8 16 11 B5 DE B1 1E 8B 5F 66 A1 3E 68 3E D5 52 15 E3 A7 46 0E 15 C4 20 92 B0 9C 85 3C 6B C0 1C 66 91 2B EB 34 3F D4 2F 6D 65 61 32 23 96 DA  

 Erase All Keys...

2021/9/24 14:36:51.093 [TX] - 56 69 56 4F 74 65 63 68 32 00 83 00 00 00 03 22 
2021/9/24 14:36:51.119 [RX] - 56 69 56 4F 74 65 63 68 32 00 83 00 00 00 22 03  pass  

 Set DUKPT Key Encryption Type...

2021/9/24 14:36:51.336 [TX] - 56 69 56 4F 74 65 63 68 32 00 C7 32 00 01 01 7D DF 
2021/9/24 14:36:51.362 [RX] - 56 69 56 4F 74 65 63 68 32 00 C7 00 00 00 86 6E  pass pass pass  

 Get DUKPT Key Encryption Type...

2021/9/24 14:36:51.581 [TX] - 56 69 56 4F 74 65 63 68 32 00 C7 33 00 00 1A 9B 
2021/9/24 14:36:51.606 [RX] - 56 69 56 4F 74 65 63 68 32 00 C7 00 00 01 01 BC 5E  pass  

 Loading DUKPT key...

2021/9/24 14:36:51.830 [TX] - 56 69 56 4F 74 65 63 68 32 00 80 00 00 65 30 45 43 36 30 46 33 35 31 34 37 45 43 41 30 30 38 38 4B 30 54 44 30 30 4E 30 30 30 30 30 30 38 30 39 43 30 37 41 39 39 31 44 43 38 30 33 34 45 43 31 32 45 31 36 39 43 30 44 35 34 35 35 44 45 41 32 39 34 35 31 34 32 34 37 38 30 38 30 35 36 38 32 33 34 39 38 37 31 32 30 32 33 34 30 30 30 30 30 30 30 30 12 43 
2021/9/24 14:36:51.961 [RX] - 56 69 56 4F 74 65 63 68 32 00 80 00 00 00 B9 DF  pass 
2021/9/24 14:36:52.176 [TX] - 56 69 56 4F 74 65 63 68 32 00 80 00 00 65 31 34 43 45 32 35 35 35 31 34 37 45 43 41 30 30 38 38 4B 30 54 44 30 30 4E 30 30 30 30 30 30 38 30 46 35 30 36 46 36 41 33 44 34 30 38 39 39 45 30 35 35 42 42 35 42 39 45 33 41 44 44 36 30 30 42 38 38 35 33 32 37 37 39 32 32 34 36 30 39 32 36 32 33 41 39 39 37 31 32 36 32 33 34 30 30 30 30 30 30 30 30 35 7F 
2021/9/24 14:36:52.307 [RX] - 56 69 56 4F 74 65 63 68 32 00 80 00 00 00 B9 DF  pass 
2021/9/24 14:36:52.523 [TX] - 56 69 56 4F 74 65 63 68 32 00 80 01 00 58 41 30 30 38 38 4B 30 54 44 30 30 4E 30 30 30 30 43 44 32 46 43 43 36 44 37 39 32 44 33 42 32 34 46 30 38 33 37 42 30 33 32 44 30 38 36 38 46 45 43 39 46 44 44 43 39 43 32 36 33 31 31 35 46 30 44 43 43 34 42 44 42 35 37 43 36 30 33 43 34 32 46 34 41 35 30 34 34 39 97 D5 
2021/9/24 14:36:52.643 [RX] - 56 69 56 4F 74 65 63 68 32 00 80 00 00 00 B9 DF  pass 
2021/9/24 14:36:52.858 [TX] - 56 69 56 4F 74 65 63 68 32 00 81 00 00 71 05 41 30 31 31 32 44 30 54 45 30 30 4E 30 31 30 30 4B 53 31 38 36 32 39 39 34 39 30 31 32 43 30 30 30 34 36 30 30 30 30 31 39 34 34 38 36 43 33 31 36 38 43 41 31 46 42 34 41 38 30 39 45 36 33 39 46 46 39 43 33 42 37 32 36 45 32 34 37 43 35 39 30 42 32 32 38 43 35 44 32 32 36 35 30 46 36 36 39 37 45 38 34 37 41 32 46 38 41 32 37 33 39 33 47 AE 
2021/9/24 14:36:53.065 [RX] - 56 69 56 4F 74 65 63 68 32 00 81 00 00 00 CF 6B  pass 
2021/9/24 14:36:53.280 [TX] - 56 69 56 4F 74 65 63 68 32 00 C7 36 00 01 03 6C 97 
2021/9/24 14:36:53.306 [RX] - 56 69 56 4F 74 65 63 68 32 00 C7 00 00 00 86 6E  pass pass pass  

--- Real card (PAN=11)

2021/9/24 14:36:53.531 [TX] - 56 69 56 4F 74 65 63 68 32 00 02 40 00 0A 0A 9F 02 06 00 00 00 00 10 00 18 73 
2021/9/24 14:36:55.307 [RX] - 56 69 56 4F 74 65 63 68 32 00 02 00 00 91 CA DF EE 25 02 00 11 DF EE 23 75 02 6F 00 83 0F 3B 00 00 90 89 77 C6 18 7B AE 21 2D E4 17 68 02 54 32 40 74 1E CA 52 AD A7 10 24 4F 6A ED 32 1B 5A A1 8A BE 49 A9 E2 90 63 3F D1 F0 3D 6E 30 5B 5D BB 18 6A F2 CF 46 DB 07 B0 83 E1 56 0F 75 A4 D7 D9 E0 CC 70 A7 DA 3C 9C FD 62 17 EE B3 DB 63 2A 08 93 7B 4C 53 89 78 D3 31 33 37 54 38 30 31 39 36 30 62 99 49 01 2C 00 04 60 00 01 B5 85 03 9F 39 01 90 FF EE 01 04 DF 30 01 0C DF EE 26 01 CA 32 9C  

 Erase All Keys...

2021/9/24 14:36:55.980 [TX] - 56 69 56 4F 74 65 63 68 32 00 83 00 00 00 03 22 
2021/9/24 14:36:56.006 [RX] - 56 69 56 4F 74 65 63 68 32 00 83 00 00 00 22 03  pass  

 Set DUKPT Key Encryption Type...

2021/9/24 14:36:56.223 [TX] - 56 69 56 4F 74 65 63 68 32 00 C7 32 00 01 01 7D DF 
2021/9/24 14:36:56.250 [RX] - 56 69 56 4F 74 65 63 68 32 00 C7 00 00 00 86 6E  pass pass pass  

 Get DUKPT Key Encryption Type...

2021/9/24 14:36:56.469 [TX] - 56 69 56 4F 74 65 63 68 32 00 C7 33 00 00 1A 9B 
2021/9/24 14:36:56.494 [RX] - 56 69 56 4F 74 65 63 68 32 00 C7 00 00 01 01 BC 5E  pass  

 Loading DUKPT key...

2021/9/24 14:36:56.719 [TX] - 56 69 56 4F 74 65 63 68 32 00 80 00 00 65 30 45 43 36 30 46 33 35 31 34 37 45 43 41 30 30 38 38 4B 30 54 44 30 30 4E 30 30 30 30 30 30 38 30 39 43 30 37 41 39 39 31 44 43 38 30 33 34 45 43 31 32 45 31 36 39 43 30 44 35 34 35 35 44 45 41 32 39 34 35 31 34 32 34 37 38 30 38 30 35 36 38 32 33 34 39 38 37 31 32 30 32 33 34 30 30 30 30 30 30 30 30 12 43 
2021/9/24 14:36:56.850 [RX] - 56 69 56 4F 74 65 63 68 32 00 80 00 00 00 B9 DF  pass 
2021/9/24 14:36:57.064 [TX] - 56 69 56 4F 74 65 63 68 32 00 80 00 00 65 31 34 43 45 32 35 35 35 31 34 37 45 43 41 30 30 38 38 4B 30 54 44 30 30 4E 30 30 30 30 30 30 38 30 46 35 30 36 46 36 41 33 44 34 30 38 39 39 45 30 35 35 42 42 35 42 39 45 33 41 44 44 36 30 30 42 38 38 35 33 32 37 37 39 32 32 34 36 30 39 32 36 32 33 41 39 39 37 31 32 36 32 33 34 30 30 30 30 30 30 30 30 35 7F 
2021/9/24 14:36:57.196 [RX] - 56 69 56 4F 74 65 63 68 32 00 80 00 00 00 B9 DF  pass 
2021/9/24 14:36:57.418 [TX] - 56 69 56 4F 74 65 63 68 32 00 80 01 00 58 41 30 30 38 38 4B 30 54 44 30 30 4E 30 30 30 30 43 44 32 46 43 43 36 44 37 39 32 44 33 42 32 34 46 30 38 33 37 42 30 33 32 44 30 38 36 38 46 45 43 39 46 44 44 43 39 43 32 36 33 31 31 35 46 30 44 43 43 34 42 44 42 35 37 43 36 30 33 43 34 32 46 34 41 35 30 34 34 39 97 D5 
2021/9/24 14:36:57.538 [RX] - 56 69 56 4F 74 65 63 68 32 00 80 00 00 00 B9 DF  pass 
2021/9/24 14:36:57.752 [TX] - 56 69 56 4F 74 65 63 68 32 00 81 00 00 71 05 41 30 31 31 32 44 30 54 45 30 30 4E 30 31 30 30 4B 53 31 38 36 32 39 39 34 39 30 31 32 43 30 30 30 34 36 30 30 30 30 31 39 34 34 38 36 43 33 31 36 38 43 41 31 46 42 34 41 38 30 39 45 36 33 39 46 46 39 43 33 42 37 32 36 45 32 34 37 43 35 39 30 42 32 32 38 43 35 44 32 32 36 35 30 46 36 36 39 37 45 38 34 37 41 32 46 38 41 32 37 33 39 33 47 AE 
2021/9/24 14:36:57.909 [RX] - 56 69 56 4F 74 65 63 68 32 00 81 00 00 00 CF 6B  pass 
2021/9/24 14:36:58.124 [TX] - 56 69 56 4F 74 65 63 68 32 00 C7 36 00 01 03 6C 97 
2021/9/24 14:36:58.151 [RX] - 56 69 56 4F 74 65 63 68 32 00 C7 00 00 00 86 6E  pass pass pass  

--- Real card (PAN=12)

2021/9/24 14:36:58.372 [TX] - 56 69 56 4F 74 65 63 68 32 00 02 40 00 0A 0A 9F 02 06 00 00 00 00 10 00 18 73 
2021/9/24 14:36:59.714 [RX] - 56 69 56 4F 74 65 63 68 32 00 02 00 00 9F CA DF EE 25 02 00 11 DF EE 23 75 02 6F 00 80 0F 3A 00 00 90 89 F0 0E FF E6 79 1D 1A E1 DB C2 A6 AE FF 6A E1 B5 B1 9F AD DA 2C 90 CD 5B 71 AC EA CC AD 6F 05 1B C0 C9 15 01 B2 6E B3 29 18 44 51 C5 9E 6B 65 1F 50 55 55 75 8C D8 26 E9 4D 70 7B AF 8E E1 FF 11 2C D5 16 64 84 CA B1 DF 2A 0A 61 CB CB 1A 0C 82 05 67 C2 64 31 33 37 54 38 30 31 39 36 30 62 99 49 01 2C 00 04 60 00 01 BD AD 03 9F 39 01 90 FF EE 01 04 DF 30 01 0C DF EE 26 01 CA DF EF 4C 06 00 00 00 00 00 00 DF EF 4D 00 1C 2D  

 Erase All Keys...

2021/9/24 14:37:00.390 [TX] - 56 69 56 4F 74 65 63 68 32 00 83 00 00 00 03 22 
2021/9/24 14:37:00.416 [RX] - 56 69 56 4F 74 65 63 68 32 00 83 00 00 00 22 03  pass  

 Set DUKPT Key Encryption Type...

2021/9/24 14:37:00.633 [TX] - 56 69 56 4F 74 65 63 68 32 00 C7 32 00 01 01 7D DF 
2021/9/24 14:37:00.660 [RX] - 56 69 56 4F 74 65 63 68 32 00 C7 00 00 00 86 6E  pass pass pass  

 Get DUKPT Key Encryption Type...

2021/9/24 14:37:00.878 [TX] - 56 69 56 4F 74 65 63 68 32 00 C7 33 00 00 1A 9B 
2021/9/24 14:37:00.903 [RX] - 56 69 56 4F 74 65 63 68 32 00 C7 00 00 01 01 BC 5E  pass  

 Loading DUKPT key...

2021/9/24 14:37:01.127 [TX] - 56 69 56 4F 74 65 63 68 32 00 80 00 00 65 30 45 43 36 30 46 33 35 31 34 37 45 43 41 30 30 38 38 4B 30 54 44 30 30 4E 30 30 30 30 30 30 38 30 39 43 30 37 41 39 39 31 44 43 38 30 33 34 45 43 31 32 45 31 36 39 43 30 44 35 34 35 35 44 45 41 32 39 34 35 31 34 32 34 37 38 30 38 30 35 36 38 32 33 34 39 38 37 31 32 30 32 33 34 30 30 30 30 30 30 30 30 12 43 
2021/9/24 14:37:01.258 [RX] - 56 69 56 4F 74 65 63 68 32 00 80 00 00 00 B9 DF  pass 
2021/9/24 14:37:01.471 [TX] - 56 69 56 4F 74 65 63 68 32 00 80 00 00 65 31 34 43 45 32 35 35 35 31 34 37 45 43 41 30 30 38 38 4B 30 54 44 30 30 4E 30 30 30 30 30 30 38 30 46 35 30 36 46 36 41 33 44 34 30 38 39 39 45 30 35 35 42 42 35 42 39 45 33 41 44 44 36 30 30 42 38 38 35 33 32 37 37 39 32 32 34 36 30 39 32 36 32 33 41 39 39 37 31 32 36 32 33 34 30 30 30 30 30 30 30 30 35 7F 
2021/9/24 14:37:01.603 [RX] - 56 69 56 4F 74 65 63 68 32 00 80 00 00 00 B9 DF  pass 
2021/9/24 14:37:01.817 [TX] - 56 69 56 4F 74 65 63 68 32 00 80 01 00 58 41 30 30 38 38 4B 30 54 44 30 30 4E 30 30 30 30 43 44 32 46 43 43 36 44 37 39 32 44 33 42 32 34 46 30 38 33 37 42 30 33 32 44 30 38 36 38 46 45 43 39 46 44 44 43 39 43 32 36 33 31 31 35 46 30 44 43 43 34 42 44 42 35 37 43 36 30 33 43 34 32 46 34 41 35 30 34 34 39 97 D5 
2021/9/24 14:37:01.937 [RX] - 56 69 56 4F 74 65 63 68 32 00 80 00 00 00 B9 DF  pass 
2021/9/24 14:37:02.151 [TX] - 56 69 56 4F 74 65 63 68 32 00 81 00 00 71 05 41 30 31 31 32 44 30 54 45 30 30 4E 30 31 30 30 4B 53 31 38 36 32 39 39 34 39 30 31 32 43 30 30 30 34 36 30 30 30 30 31 39 34 34 38 36 43 33 31 36 38 43 41 31 46 42 34 41 38 30 39 45 36 33 39 46 46 39 43 33 42 37 32 36 45 32 34 37 43 35 39 30 42 32 32 38 43 35 44 32 32 36 35 30 46 36 36 39 37 45 38 34 37 41 32 46 38 41 32 37 33 39 33 47 AE 
2021/9/24 14:37:02.308 [RX] - 56 69 56 4F 74 65 63 68 32 00 81 00 00 00 CF 6B  pass 
2021/9/24 14:37:02.523 [TX] - 56 69 56 4F 74 65 63 68 32 00 C7 36 00 01 03 6C 97 
2021/9/24 14:37:02.550 [RX] - 56 69 56 4F 74 65 63 68 32 00 C7 00 00 00 86 6E  pass pass pass  

--- Real card (PAN=20)

2021/9/24 14:37:02.775 [TX] - 56 69 56 4F 74 65 63 68 32 00 02 40 00 0A 0A 9F 02 06 00 00 00 00 10 00 18 73 
2021/9/24 14:37:04.039 [RX] - 56 69 56 4F 74 65 63 68 32 00 02 00 00 A2 CA DF EE 25 02 00 11 DF EE 23 81 85 02 7F 00 83 0F 42 00 00 90 89 A2 30 89 65 0E 16 38 28 51 BC 9A 54 64 E4 2C EA 69 8E AC 58 58 9E FA 3B 8C 30 C8 BD 32 DE EA 35 74 B1 9C 31 5F 9E 21 4D EE D4 F1 CE 6D 76 3C 52 7C AD E9 42 74 6A 36 11 32 1C 0F 17 FA 05 FF 80 19 4F D9 B8 14 6F D2 32 D7 C5 88 0A 0C A3 70 4D 1C 8E 29 3B 13 1A 8A 3C 85 EC 1A FA E3 65 12 05 0F CE 51 84 31 33 37 54 38 30 31 39 36 30 62 99 49 01 2C 00 04 60 00 01 6A 88 03 9F 39 01 90 FF EE 01 04 DF 30 01 0C DF EE 26 01 CA 8C 14  

 Erase All Keys...

2021/9/24 14:37:04.730 [TX] - 56 69 56 4F 74 65 63 68 32 00 83 00 00 00 03 22 
2021/9/24 14:37:04.756 [RX] - 56 69 56 4F 74 65 63 68 32 00 83 00 00 00 22 03  pass  

 Set DUKPT Key Encryption Type...

2021/9/24 14:37:04.973 [TX] - 56 69 56 4F 74 65 63 68 32 00 C7 32 00 01 01 7D DF 
2021/9/24 14:37:05.000 [RX] - 56 69 56 4F 74 65 63 68 32 00 C7 00 00 00 86 6E  pass pass pass  

 Get DUKPT Key Encryption Type...

2021/9/24 14:37:05.219 [TX] - 56 69 56 4F 74 65 63 68 32 00 C7 33 00 00 1A 9B 
2021/9/24 14:37:05.245 [RX] - 56 69 56 4F 74 65 63 68 32 00 C7 00 00 01 01 BC 5E  pass  

 Loading DUKPT key...

2021/9/24 14:37:05.468 [TX] - 56 69 56 4F 74 65 63 68 32 00 80 00 00 65 30 45 43 36 30 46 33 35 31 34 37 45 43 41 30 30 38 38 4B 30 54 44 30 30 4E 30 30 30 30 30 30 38 30 39 43 30 37 41 39 39 31 44 43 38 30 33 34 45 43 31 32 45 31 36 39 43 30 44 35 34 35 35 44 45 41 32 39 34 35 31 34 32 34 37 38 30 38 30 35 36 38 32 33 34 39 38 37 31 32 30 32 33 34 30 30 30 30 30 30 30 30 12 43 
2021/9/24 14:37:05.599 [RX] - 56 69 56 4F 74 65 63 68 32 00 80 00 00 00 B9 DF  pass 
2021/9/24 14:37:05.814 [TX] - 56 69 56 4F 74 65 63 68 32 00 80 00 00 65 31 34 43 45 32 35 35 35 31 34 37 45 43 41 30 30 38 38 4B 30 54 44 30 30 4E 30 30 30 30 30 30 38 30 46 35 30 36 46 36 41 33 44 34 30 38 39 39 45 30 35 35 42 42 35 42 39 45 33 41 44 44 36 30 30 42 38 38 35 33 32 37 37 39 32 32 34 36 30 39 32 36 32 33 41 39 39 37 31 32 36 32 33 34 30 30 30 30 30 30 30 30 35 7F 
2021/9/24 14:37:05.945 [RX] - 56 69 56 4F 74 65 63 68 32 00 80 00 00 00 B9 DF  pass 
2021/9/24 14:37:06.160 [TX] - 56 69 56 4F 74 65 63 68 32 00 80 01 00 58 41 30 30 38 38 4B 30 54 44 30 30 4E 30 30 30 30 43 44 32 46 43 43 36 44 37 39 32 44 33 42 32 34 46 30 38 33 37 42 30 33 32 44 30 38 36 38 46 45 43 39 46 44 44 43 39 43 32 36 33 31 31 35 46 30 44 43 43 34 42 44 42 35 37 43 36 30 33 43 34 32 46 34 41 35 30 34 34 39 97 D5 
2021/9/24 14:37:06.279 [RX] - 56 69 56 4F 74 65 63 68 32 00 80 00 00 00 B9 DF  pass 
2021/9/24 14:37:06.495 [TX] - 56 69 56 4F 74 65 63 68 32 00 81 00 00 71 05 41 30 31 31 32 44 30 54 45 30 30 4E 30 31 30 30 4B 53 31 38 36 32 39 39 34 39 30 31 32 43 30 30 30 34 36 30 30 30 30 31 39 34 34 38 36 43 33 31 36 38 43 41 31 46 42 34 41 38 30 39 45 36 33 39 46 46 39 43 33 42 37 32 36 45 32 34 37 43 35 39 30 42 32 32 38 43 35 44 32 32 36 35 30 46 36 36 39 37 45 38 34 37 41 32 46 38 41 32 37 33 39 33 47 AE 
2021/9/24 14:37:06.651 [RX] - 56 69 56 4F 74 65 63 68 32 00 81 00 00 00 CF 6B  pass 
2021/9/24 14:37:06.867 [TX] - 56 69 56 4F 74 65 63 68 32 00 C7 36 00 01 03 6C 97 
2021/9/24 14:37:06.893 [RX] - 56 69 56 4F 74 65 63 68 32 00 C7 00 00 00 86 6E  pass pass pass  

--- ISO4909

2021/9/24 14:37:07.117 [TX] - 56 69 56 4F 74 65 63 68 32 00 02 40 00 0A 0A 9F 02 06 00 00 00 00 10 00 18 73 
2021/9/24 14:37:08.458 [RX] - 56 69 56 4F 74 65 63 68 32 00 02 00 01 4B CA DF EE 25 02 00 11 DF EE 23 81 F0 02 EA 00 80 1F 4D 27 00 92 9B 3B 34 35 34 37 2A 2A 2A 2A 2A 2A 2A 2A 30 30 30 30 3D 31 31 30 32 2A 2A 2A 2A 2A 2A 2A 2A 2A 2A 2A 2A 2A 2A 2A 3F 2A 0A AF 41 FC AC B1 35 DC 25 D9 3B 4B 5B CB 73 B4 ED EE BD F3 AB 37 E6 39 9F 4F 17 F2 76 F8 DE 8D 59 93 BA 43 29 4C 5B 52 DC 92 7D 1D 9D ED 14 F8 51 58 0C 07 96 07 AB 28 01 80 18 BC D3 B7 0F 65 29 71 BD 69 3E DC 75 07 E5 E5 D8 6F 5B 39 E9 C1 AC 2A 4C 6E 5F EE A7 69 00 B1 4F B0 91 7E 68 83 82 84 EB 2B 4A 1F CD E3 89 DD 5E 4C BB F0 A7 E8 1C 29 C6 D8 A4 23 CB 79 F6 45 29 36 E8 4D 0B E6 BC 6D B0 09 54 4A 8E 4D B4 6B E2 83 32 3D 79 6E B0 13 AF 65 DF AF 57 85 96 18 2E D3 93 78 61 C2 BD 7D 77 E1 44 D2 BE 7C 31 33 37 54 38 30 31 39 36 30 62 99 49 01 2C 00 04 60 00 01 CB 93 03 9F 39 01 90 FF EE 01 04 DF 30 01 0C DF EE 26 01 CA DF EF  pass 4C 06 00 26 00 00 00 00 DF EF 4D 30 AC 2A 4C 6E 5F EE A7 69 00 B1 4F B0 91 7E 68 83 82 84 EB 2B 4A 1F CD E3 89 DD 5E 4C BB F0 A7 E8 C6 74 07 E1 E7 5A 26 0C 84 30 70 6F 77 B9 7A 45 CD 24  

Poll on Demand

2021/9/24 14:37:09.258 [TX] - 56 69 56 4F 74 65 63 68 32 00 01 01 00 01 01 D7 34 
2021/9/24 14:37:09.285 [RX] - 56 69 56 4F 74 65 63 68 32 00 01 00 00 00 12 53  pass  

 Erase All Keys...

2021/9/24 14:37:09.302 [TX] - 56 69 56 4F 74 65 63 68 32 00 83 00 00 00 03 22 
2021/9/24 14:37:09.327 [RX] - 56 69 56 4F 74 65 63 68 32 00 83 00 00 00 22 03  pass  

 Set DUKPT Key Encryption Type...

2021/9/24 14:37:09.542 [TX] - 56 69 56 4F 74 65 63 68 32 00 C7 32 00 01 01 7D DF 
2021/9/24 14:37:09.569 [RX] - 56 69 56 4F 74 65 63 68 32 00 C7 00 00 00 86 6E  pass pass pass  

 Get DUKPT Key Encryption Type...

2021/9/24 14:37:09.787 [TX] - 56 69 56 4F 74 65 63 68 32 00 C7 33 00 00 1A 9B 
2021/9/24 14:37:09.813 [RX] - 56 69 56 4F 74 65 63 68 32 00 C7 00 00 01 01 BC 5E  pass  

 Loading DUKPT key...

2021/9/24 14:37:10.037 [TX] - 56 69 56 4F 74 65 63 68 32 00 80 00 00 65 30 45 43 36 30 46 33 35 31 34 37 45 43 41 30 30 38 38 4B 30 54 44 30 30 4E 30 30 30 30 30 30 38 30 39 43 30 37 41 39 39 31 44 43 38 30 33 34 45 43 31 32 45 31 36 39 43 30 44 35 34 35 35 44 45 41 32 39 34 35 31 34 32 34 37 38 30 38 30 35 36 38 32 33 34 39 38 37 31 32 30 32 33 34 30 30 30 30 30 30 30 30 12 43 
2021/9/24 14:37:10.168 [RX] - 56 69 56 4F 74 65 63 68 32 00 80 00 00 00 B9 DF  pass 
2021/9/24 14:37:10.383 [TX] - 56 69 56 4F 74 65 63 68 32 00 80 00 00 65 31 34 43 45 32 35 35 35 31 34 37 45 43 41 30 30 38 38 4B 30 54 44 30 30 4E 30 30 30 30 30 30 38 30 46 35 30 36 46 36 41 33 44 34 30 38 39 39 45 30 35 35 42 42 35 42 39 45 33 41 44 44 36 30 30 42 38 38 35 33 32 37 37 39 32 32 34 36 30 39 32 36 32 33 41 39 39 37 31 32 36 32 33 34 30 30 30 30 30 30 30 30 35 7F 
2021/9/24 14:37:10.514 [RX] - 56 69 56 4F 74 65 63 68 32 00 80 00 00 00 B9 DF  pass 
2021/9/24 14:37:10.730 [TX] - 56 69 56 4F 74 65 63 68 32 00 80 01 00 58 41 30 30 38 38 4B 30 54 44 30 30 4E 30 30 30 30 43 44 32 46 43 43 36 44 37 39 32 44 33 42 32 34 46 30 38 33 37 42 30 33 32 44 30 38 36 38 46 45 43 39 46 44 44 43 39 43 32 36 33 31 31 35 46 30 44 43 43 34 42 44 42 35 37 43 36 30 33 43 34 32 46 34 41 35 30 34 34 39 97 D5 
2021/9/24 14:37:10.850 [RX] - 56 69 56 4F 74 65 63 68 32 00 80 00 00 00 B9 DF  pass 
2021/9/24 14:37:11.065 [TX] - 56 69 56 4F 74 65 63 68 32 00 81 00 00 71 05 41 30 31 31 32 44 30 54 45 30 30 4E 30 31 30 30 4B 53 31 38 36 32 39 39 34 39 30 31 32 43 30 30 30 34 36 30 30 30 30 31 39 34 34 38 36 43 33 31 36 38 43 41 31 46 42 34 41 38 30 39 45 36 33 39 46 46 39 43 33 42 37 32 36 45 32 34 37 43 35 39 30 42 32 32 38 43 35 44 32 32 36 35 30 46 36 36 39 37 45 38 34 37 41 32 46 38 41 32 37 33 39 33 47 AE 
2021/9/24 14:37:11.222 [RX] - 56 69 56 4F 74 65 63 68 32 00 81 00 00 00 CF 6B  pass 
2021/9/24 14:37:11.438 [TX] - 56 69 56 4F 74 65 63 68 32 00 C7 36 00 01 03 6C 97 
2021/9/24 14:37:11.464 [RX] - 56 69 56 4F 74 65 63 68 32 00 C7 00 00 00 86 6E  pass pass pass  

Auto Poll

2021/9/24 14:37:11.688 [TX] - 56 69 56 4F 74 65 63 68 32 00 01 01 00 01 00 F6 24 
2021/9/24 14:37:11.715 [RX] - 56 69 56 4F 74 65 63 68 32 00 01 00 00 00 12 53  pass  

---  IDT

2021/9/24 14:37:15.737 [TX] - 56 69 56 4F 74 65 63 68 32 00 03 40 00 00 96 E2 
2021/9/24 14:37:15.770 [RX] - 56 69 56 4F 74 65 63 68 32 00 03 00 00 CA CA DF EE 25 02 00 11 DF EE 23 81 AD 02 A7 00 83 1F 4F 28 00 92 89 3B 32 31 32 31 32 31 32 31 32 31 37 36 37 36 37 36 30 37 30 37 30 37 37 36 37 36 37 36 37 36 32 31 32 31 32 31 32 3F 30 FD 3C 22 B8 2C 4E 86 67 DF C1 94 6D AB 96 0F A7 CC 13 3E 4A 0A 69 DF C8 66 86 BC E9 76 33 27 86 3A E4 A7 89 A3 0C 15 D6 1A 86 B0 95 C0 D6 AF 17 72 F5 7E 00 D5 83 6A 68 51 FA 16 42 71 A1 3B 70 41 8D 6F D1 07 1E 57 90 4F 0C B3 02 EE 8B 23 C8 58 78 7F 9D EB 10 29 7D F1 08 DE 4F C8 BC 7C DA 57 A9 E4 54 31 33 37 54 38 30 31 39 36 30 62 99 49 01 2C 00 04 60 00 01 52 BA 03 9F 39 01 90 FF EE 01 04 DF 30 01 0C DF EE 26 01 CA 36 F3  

Poll on Demand

2021/9/24 14:37:16.501 [TX] - 56 69 56 4F 74 65 63 68 32 00 01 01 00 01 01 D7 34 
2021/9/24 14:37:16.528 [RX] - 56 69 56 4F 74 65 63 68 32 00 01 00 00 00 12 53  pass  

 Erase All Keys...

2021/9/24 14:37:16.544 [TX] - 56 69 56 4F 74 65 63 68 32 00 83 00 00 00 03 22 
2021/9/24 14:37:16.570 [RX] - 56 69 56 4F 74 65 63 68 32 00 83 00 00 00 22 03  pass  

 Set DUKPT Key Encryption Type...

2021/9/24 14:37:16.788 [TX] - 56 69 56 4F 74 65 63 68 32 00 C7 32 00 01 01 7D DF 
2021/9/24 14:37:16.815 [RX] - 56 69 56 4F 74 65 63 68 32 00 C7 00 00 00 86 6E  pass pass pass  

 Get DUKPT Key Encryption Type...

2021/9/24 14:37:17.034 [TX] - 56 69 56 4F 74 65 63 68 32 00 C7 33 00 00 1A 9B 
2021/9/24 14:37:17.060 [RX] - 56 69 56 4F 74 65 63 68 32 00 C7 00 00 01 01 BC 5E  pass  

 Loading DUKPT key...

2021/9/24 14:37:17.292 [TX] - 56 69 56 4F 74 65 63 68 32 00 80 00 00 65 30 45 43 36 30 46 33 35 31 34 37 45 43 41 30 30 38 38 4B 30 54 44 30 30 4E 30 30 30 30 30 30 38 30 39 43 30 37 41 39 39 31 44 43 38 30 33 34 45 43 31 32 45 31 36 39 43 30 44 35 34 35 35 44 45 41 32 39 34 35 31 34 32 34 37 38 30 38 30 35 36 38 32 33 34 39 38 37 31 32 30 32 33 34 30 30 30 30 30 30 30 30 12 43 
2021/9/24 14:37:17.422 [RX] - 56 69 56 4F 74 65 63 68 32 00 80 00 00 00 B9 DF  pass 
2021/9/24 14:37:17.637 [TX] - 56 69 56 4F 74 65 63 68 32 00 80 00 00 65 31 34 43 45 32 35 35 35 31 34 37 45 43 41 30 30 38 38 4B 30 54 44 30 30 4E 30 30 30 30 30 30 38 30 46 35 30 36 46 36 41 33 44 34 30 38 39 39 45 30 35 35 42 42 35 42 39 45 33 41 44 44 36 30 30 42 38 38 35 33 32 37 37 39 32 32 34 36 30 39 32 36 32 33 41 39 39 37 31 32 36 32 33 34 30 30 30 30 30 30 30 30 35 7F 
2021/9/24 14:37:17.769 [RX] - 56 69 56 4F 74 65 63 68 32 00 80 00 00 00 B9 DF  pass 
2021/9/24 14:37:17.983 [TX] - 56 69 56 4F 74 65 63 68 32 00 80 01 00 58 41 30 30 38 38 4B 30 54 44 30 30 4E 30 30 30 30 43 44 32 46 43 43 36 44 37 39 32 44 33 42 32 34 46 30 38 33 37 42 30 33 32 44 30 38 36 38 46 45 43 39 46 44 44 43 39 43 32 36 33 31 31 35 46 30 44 43 43 34 42 44 42 35 37 43 36 30 33 43 34 32 46 34 41 35 30 34 34 39 97 D5 
2021/9/24 14:37:18.103 [RX] - 56 69 56 4F 74 65 63 68 32 00 80 00 00 00 B9 DF  pass 
2021/9/24 14:37:18.317 [TX] - 56 69 56 4F 74 65 63 68 32 00 81 00 00 71 05 41 30 31 31 32 44 30 54 45 30 30 4E 30 31 30 30 4B 53 31 38 36 32 39 39 34 39 30 31 32 43 30 30 30 34 36 30 30 30 30 31 39 34 34 38 36 43 33 31 36 38 43 41 31 46 42 34 41 38 30 39 45 36 33 39 46 46 39 43 33 42 37 32 36 45 32 34 37 43 35 39 30 42 32 32 38 43 35 44 32 32 36 35 30 46 36 36 39 37 45 38 34 37 41 32 46 38 41 32 37 33 39 33 47 AE 
2021/9/24 14:37:18.474 [RX] - 56 69 56 4F 74 65 63 68 32 00 81 00 00 00 CF 6B  pass 
2021/9/24 14:37:18.690 [TX] - 56 69 56 4F 74 65 63 68 32 00 C7 36 00 01 03 6C 97 
2021/9/24 14:37:18.717 [RX] - 56 69 56 4F 74 65 63 68 32 00 C7 00 00 00 86 6E  pass pass pass  

Auto Poll

2021/9/24 14:37:18.942 [TX] - 56 69 56 4F 74 65 63 68 32 00 01 01 00 01 00 F6 24 
2021/9/24 14:37:18.969 [RX] - 56 69 56 4F 74 65 63 68 32 00 01 00 00 00 12 53  pass  

--- Discover

2021/9/24 14:37:22.989 [TX] - 56 69 56 4F 74 65 63 68 32 00 03 40 00 00 96 E2 
2021/9/24 14:37:23.023 [RX] - 56 69 56 4F 74 65 63 68 32 00 03 00 01 4C CA DF EE 25 02 00 11 DF EE 23 81 F1 02 EB 00 80 1F 44 28 00 B2 9B 3B 36 35 31 30 2A 2A 2A 2A 2A 2A 2A 2A 30 30 32 36 3D 31 37 31 32 2A 2A 2A 2A 2A 2A 2A 2A 2A 2A 2A 2A 2A 2A 2A 2A 3F 2A EB AB 97 04 89 00 E7 C6 5D BC FB BC F9 B3 B5 CA FC 1F 2C A0 AF 39 EC D2 C0 84 15 E4 E9 B9 9D 06 A3 BB B0 91 70 E1 76 B2 C2 17 90 88 84 22 A8 3C D7 12 EA B5 DC A4 A7 0B 5D A0 65 9B C1 73 09 31 92 1F 7B 23 2E F6 FA 1D A4 0A 65 19 BB E1 39 4D 80 EC E5 50 73 BB BD 82 99 65 D2 EF E2 91 26 97 BA 56 C4 62 C8 18 70 F2 DE 1C AC 97 95 6C 0E 48 5E 8C 9F BB 62 EE 55 E7 47 B1 43 94 B2 D7 F4 31 51 48 AB 78 7E 8B 8D 05 DC 8A C9 07 9E FC 98 53 27 0B ED B9 10 02 52 D6 AA D8 46 CB 85 69 24 FE 7C 93 52 0B 36 DA D9 25 31 33 37 54 38 30 31 39 36 30 62 99 49 01 2C 00 04 60 00 01 79 1D 03 9F 39 01 90 FF EE 01 04 DF 30 01 0C DF EE 26 01 CA DF EF 4C 06 00 27 00 00 00 00 DF EF 4D 30 80 EC E5 50 73 BB BD 82 99 65 D2 EF E2 91 26 97 BA 56 C4 62 C8 18 70 F2 DE 1C AC 97 95 6C 0E 48 B7 1A B8 7F AC E6 E2 4A C3 20 46 B2 D2 5A 73 9F B1 75  

Poll on Demand

2021/9/24 14:37:23.890 [TX] - 56 69 56 4F 74 65 63 68 32 00 01 01 00 01 01 D7 34 
2021/9/24 14:37:23.917 [RX] - 56 69 56 4F 74 65 63 68 32 00 01 00 00 00 12 53  pass  

 Erase All Keys...

2021/9/24 14:37:23.934 [TX] - 56 69 56 4F 74 65 63 68 32 00 83 00 00 00 03 22 
2021/9/24 14:37:23.960 [RX] - 56 69 56 4F 74 65 63 68 32 00 83 00 00 00 22 03  pass  

 Set DUKPT Key Encryption Type...

2021/9/24 14:37:24.178 [TX] - 56 69 56 4F 74 65 63 68 32 00 C7 32 00 01 01 7D DF 
2021/9/24 14:37:24.205 [RX] - 56 69 56 4F 74 65 63 68 32 00 C7 00 00 00 86 6E  pass pass pass  

 Get DUKPT Key Encryption Type...

2021/9/24 14:37:24.425 [TX] - 56 69 56 4F 74 65 63 68 32 00 C7 33 00 00 1A 9B 
2021/9/24 14:37:24.450 [RX] - 56 69 56 4F 74 65 63 68 32 00 C7 00 00 01 01 BC 5E  pass  

 Loading DUKPT key...

2021/9/24 14:37:24.676 [TX] - 56 69 56 4F 74 65 63 68 32 00 80 00 00 65 30 45 43 36 30 46 33 35 31 34 37 45 43 41 30 30 38 38 4B 30 54 44 30 30 4E 30 30 30 30 30 30 38 30 39 43 30 37 41 39 39 31 44 43 38 30 33 34 45 43 31 32 45 31 36 39 43 30 44 35 34 35 35 44 45 41 32 39 34 35 31 34 32 34 37 38 30 38 30 35 36 38 32 33 34 39 38 37 31 32 30 32 33 34 30 30 30 30 30 30 30 30 12 43 
2021/9/24 14:37:24.807 [RX] - 56 69 56 4F 74 65 63 68 32 00 80 00 00 00 B9 DF  pass 
2021/9/24 14:37:25.021 [TX] - 56 69 56 4F 74 65 63 68 32 00 80 00 00 65 31 34 43 45 32 35 35 35 31 34 37 45 43 41 30 30 38 38 4B 30 54 44 30 30 4E 30 30 30 30 30 30 38 30 46 35 30 36 46 36 41 33 44 34 30 38 39 39 45 30 35 35 42 42 35 42 39 45 33 41 44 44 36 30 30 42 38 38 35 33 32 37 37 39 32 32 34 36 30 39 32 36 32 33 41 39 39 37 31 32 36 32 33 34 30 30 30 30 30 30 30 30 35 7F 
2021/9/24 14:37:25.152 [RX] - 56 69 56 4F 74 65 63 68 32 00 80 00 00 00 B9 DF  pass 
2021/9/24 14:37:25.368 [TX] - 56 69 56 4F 74 65 63 68 32 00 80 01 00 58 41 30 30 38 38 4B 30 54 44 30 30 4E 30 30 30 30 43 44 32 46 43 43 36 44 37 39 32 44 33 42 32 34 46 30 38 33 37 42 30 33 32 44 30 38 36 38 46 45 43 39 46 44 44 43 39 43 32 36 33 31 31 35 46 30 44 43 43 34 42 44 42 35 37 43 36 30 33 43 34 32 46 34 41 35 30 34 34 39 97 D5 
2021/9/24 14:37:25.487 [RX] - 56 69 56 4F 74 65 63 68 32 00 80 00 00 00 B9 DF  pass 
2021/9/24 14:37:25.703 [TX] - 56 69 56 4F 74 65 63 68 32 00 81 00 00 71 05 41 30 31 31 32 44 30 54 45 30 30 4E 30 31 30 30 4B 53 31 38 36 32 39 39 34 39 30 31 32 43 30 30 30 34 36 30 30 30 30 31 39 34 34 38 36 43 33 31 36 38 43 41 31 46 42 34 41 38 30 39 45 36 33 39 46 46 39 43 33 42 37 32 36 45 32 34 37 43 35 39 30 42 32 32 38 43 35 44 32 32 36 35 30 46 36 36 39 37 45 38 34 37 41 32 46 38 41 32 37 33 39 33 47 AE 
2021/9/24 14:37:25.859 [RX] - 56 69 56 4F 74 65 63 68 32 00 81 00 00 00 CF 6B  pass 
2021/9/24 14:37:26.077 [TX] - 56 69 56 4F 74 65 63 68 32 00 C7 36 00 01 03 6C 97 
2021/9/24 14:37:26.103 [RX] - 56 69 56 4F 74 65 63 68 32 00 C7 00 00 00 86 6E  pass pass pass  

Auto Poll

2021/9/24 14:37:26.327 [TX] - 56 69 56 4F 74 65 63 68 32 00 01 01 00 01 00 F6 24 
2021/9/24 14:37:26.354 [RX] - 56 69 56 4F 74 65 63 68 32 00 01 00 00 00 12 53  pass  

--- JIS1

2021/9/24 14:37:30.376 [TX] - 56 69 56 4F 74 65 63 68 32 00 03 40 00 00 96 E2 
2021/9/24 14:37:30.409 [RX] - 56 69 56 4F 74 65 63 68 32 00 03 00 00 CA CA DF EE 25 02 00 11 DF EE 23 81 AD 02 A7 00 86 1F 48 28 00 92 89 3B 34 33 32 32 30 36 31 30 30 30 38 37 32 38 33 33 3D 31 31 30 38 32 30 31 38 38 36 34 30 38 32 35 31 30 30 30 30 3F 3B AD 3C 22 E2 C6 2F 85 92 BC 92 E0 02 49 84 BF 76 01 B7 56 66 82 79 1E 13 A9 8C E7 D5 80 D3 5E DB BE 08 75 39 E5 B4 56 B8 AF BC 64 19 0C 41 86 84 AB CA 43 D6 3C BB 07 34 CE E5 C2 2D 4E 01 1E AD 31 3D E0 85 16 26 87 CA 3B 0F 45 BD 6D BB 78 CC 22 53 BB 7F 5A 95 59 55 40 72 53 C1 06 B4 33 86 42 44 BF EC 31 33 37 54 38 30 31 39 36 30 62 99 49 01 2C 00 04 60 00 01 8B 33 03 9F 39 01 90 FF EE 01 04 DF 30 01 0C DF EE 26 01 CA B1 A7  

Poll on Demand

2021/9/24 14:37:31.139 [TX] - 56 69 56 4F 74 65 63 68 32 00 01 01 00 01 01 D7 34 
2021/9/24 14:37:31.166 [RX] - 56 69 56 4F 74 65 63 68 32 00 01 00 00 00 12 53  pass  

 Erase All Keys...

2021/9/24 14:37:31.183 [TX] - 56 69 56 4F 74 65 63 68 32 00 83 00 00 00 03 22 
2021/9/24 14:37:31.208 [RX] - 56 69 56 4F 74 65 63 68 32 00 83 00 00 00 22 03  pass  

 Set DUKPT Key Encryption Type...

2021/9/24 14:37:31.428 [TX] - 56 69 56 4F 74 65 63 68 32 00 C7 32 00 01 01 7D DF 
2021/9/24 14:37:31.454 [RX] - 56 69 56 4F 74 65 63 68 32 00 C7 00 00 00 86 6E  pass pass pass  

 Get DUKPT Key Encryption Type...

2021/9/24 14:37:31.674 [TX] - 56 69 56 4F 74 65 63 68 32 00 C7 33 00 00 1A 9B 
2021/9/24 14:37:31.700 [RX] - 56 69 56 4F 74 65 63 68 32 00 C7 00 00 01 01 BC 5E  pass  

 Loading DUKPT key...

2021/9/24 14:37:31.923 [TX] - 56 69 56 4F 74 65 63 68 32 00 80 00 00 65 30 45 43 36 30 46 33 35 31 34 37 45 43 41 30 30 38 38 4B 30 54 44 30 30 4E 30 30 30 30 30 30 38 30 39 43 30 37 41 39 39 31 44 43 38 30 33 34 45 43 31 32 45 31 36 39 43 30 44 35 34 35 35 44 45 41 32 39 34 35 31 34 32 34 37 38 30 38 30 35 36 38 32 33 34 39 38 37 31 32 30 32 33 34 30 30 30 30 30 30 30 30 12 43 
2021/9/24 14:37:32.053 [RX] - 56 69 56 4F 74 65 63 68 32 00 80 00 00 00 B9 DF  pass 
2021/9/24 14:37:32.268 [TX] - 56 69 56 4F 74 65 63 68 32 00 80 00 00 65 31 34 43 45 32 35 35 35 31 34 37 45 43 41 30 30 38 38 4B 30 54 44 30 30 4E 30 30 30 30 30 30 38 30 46 35 30 36 46 36 41 33 44 34 30 38 39 39 45 30 35 35 42 42 35 42 39 45 33 41 44 44 36 30 30 42 38 38 35 33 32 37 37 39 32 32 34 36 30 39 32 36 32 33 41 39 39 37 31 32 36 32 33 34 30 30 30 30 30 30 30 30 35 7F 
2021/9/24 14:37:32.400 [RX] - 56 69 56 4F 74 65 63 68 32 00 80 00 00 00 B9 DF  pass 
2021/9/24 14:37:32.615 [TX] - 56 69 56 4F 74 65 63 68 32 00 80 01 00 58 41 30 30 38 38 4B 30 54 44 30 30 4E 30 30 30 30 43 44 32 46 43 43 36 44 37 39 32 44 33 42 32 34 46 30 38 33 37 42 30 33 32 44 30 38 36 38 46 45 43 39 46 44 44 43 39 43 32 36 33 31 31 35 46 30 44 43 43 34 42 44 42 35 37 43 36 30 33 43 34 32 46 34 41 35 30 34 34 39 97 D5 
2021/9/24 14:37:32.735 [RX] - 56 69 56 4F 74 65 63 68 32 00 80 00 00 00 B9 DF  pass 
2021/9/24 14:37:32.950 [TX] - 56 69 56 4F 74 65 63 68 32 00 81 00 00 71 05 41 30 31 31 32 44 30 54 45 30 30 4E 30 31 30 30 4B 53 31 38 36 32 39 39 34 39 30 31 32 43 30 30 30 34 36 30 30 30 30 31 39 34 34 38 36 43 33 31 36 38 43 41 31 46 42 34 41 38 30 39 45 36 33 39 46 46 39 43 33 42 37 32 36 45 32 34 37 43 35 39 30 42 32 32 38 43 35 44 32 32 36 35 30 46 36 36 39 37 45 38 34 37 41 32 46 38 41 32 37 33 39 33 47 AE 
2021/9/24 14:37:33.107 [RX] - 56 69 56 4F 74 65 63 68 32 00 81 00 00 00 CF 6B  pass 
2021/9/24 14:37:33.323 [TX] - 56 69 56 4F 74 65 63 68 32 00 C7 36 00 01 03 6C 97 
2021/9/24 14:37:33.350 [RX] - 56 69 56 4F 74 65 63 68 32 00 C7 00 00 00 86 6E  pass pass pass  

Auto Poll

2021/9/24 14:37:33.573 [TX] - 56 69 56 4F 74 65 63 68 32 00 01 01 00 01 00 F6 24 
2021/9/24 14:37:33.600 [RX] - 56 69 56 4F 74 65 63 68 32 00 01 00 00 00 12 53  pass  

--- JIS2

2021/9/24 14:37:37.619 [TX] - 56 69 56 4F 74 65 63 68 32 00 03 40 00 00 96 E2 
2021/9/24 14:37:37.652 [RX] - 56 69 56 4F 74 65 63 68 32 00 03 00 00 7B CA DF EE 25 02 00 11 DF EE 23 5F 02 59 00 85 17 00 48 00 92 00 7F 61 39 30 30 30 30 30 30 30 32 31 31 31 31 31 32 33 34 35 36 37 38 39 30 31 32 32 32 32 32 33 33 33 33 33 34 34 34 34 34 35 35 35 35 35 36 36 36 36 36 37 37 37 37 37 38 38 38 38 38 39 39 39 39 39 30 30 30 30 7F 15 31 33 37 54 38 30 31 39 36 30 50 EA 03 9F 39 01 90 FF EE 01 04 DF 30 01 0C DF EE 26 01 CA 75 85  

Poll on Demand

2021/9/24 14:37:38.298 [TX] - 56 69 56 4F 74 65 63 68 32 00 01 01 00 01 01 D7 34 
2021/9/24 14:37:38.324 [RX] - 56 69 56 4F 74 65 63 68 32 00 01 00 00 00 12 53  pass  

 Erase All Keys...

2021/9/24 14:37:38.336 [TX] - 56 69 56 4F 74 65 63 68 32 00 83 00 00 00 03 22 
2021/9/24 14:37:38.362 [RX] - 56 69 56 4F 74 65 63 68 32 00 83 00 00 00 22 03  pass  

 Set DUKPT Key Encryption Type...

2021/9/24 14:37:38.583 [TX] - 56 69 56 4F 74 65 63 68 32 00 C7 32 00 01 01 7D DF 
2021/9/24 14:37:38.610 [RX] - 56 69 56 4F 74 65 63 68 32 00 C7 00 00 00 86 6E  pass pass pass  

 Get DUKPT Key Encryption Type...

2021/9/24 14:37:38.830 [TX] - 56 69 56 4F 74 65 63 68 32 00 C7 33 00 00 1A 9B 
2021/9/24 14:37:38.855 [RX] - 56 69 56 4F 74 65 63 68 32 00 C7 00 00 01 01 BC 5E  pass  

 Loading DUKPT key...

2021/9/24 14:37:39.081 [TX] - 56 69 56 4F 74 65 63 68 32 00 80 00 00 65 30 45 43 36 30 46 33 35 31 34 37 45 43 41 30 30 38 38 4B 30 54 44 30 30 4E 30 30 30 30 30 30 38 30 39 43 30 37 41 39 39 31 44 43 38 30 33 34 45 43 31 32 45 31 36 39 43 30 44 35 34 35 35 44 45 41 32 39 34 35 31 34 32 34 37 38 30 38 30 35 36 38 32 33 34 39 38 37 31 32 30 32 33 34 30 30 30 30 30 30 30 30 12 43 
2021/9/24 14:37:39.211 [RX] - 56 69 56 4F 74 65 63 68 32 00 80 00 00 00 B9 DF  pass 
2021/9/24 14:37:39.425 [TX] - 56 69 56 4F 74 65 63 68 32 00 80 00 00 65 31 34 43 45 32 35 35 35 31 34 37 45 43 41 30 30 38 38 4B 30 54 44 30 30 4E 30 30 30 30 30 30 38 30 46 35 30 36 46 36 41 33 44 34 30 38 39 39 45 30 35 35 42 42 35 42 39 45 33 41 44 44 36 30 30 42 38 38 35 33 32 37 37 39 32 32 34 36 30 39 32 36 32 33 41 39 39 37 31 32 36 32 33 34 30 30 30 30 30 30 30 30 35 7F 
2021/9/24 14:37:39.557 [RX] - 56 69 56 4F 74 65 63 68 32 00 80 00 00 00 B9 DF  pass 
2021/9/24 14:37:39.772 [TX] - 56 69 56 4F 74 65 63 68 32 00 80 01 00 58 41 30 30 38 38 4B 30 54 44 30 30 4E 30 30 30 30 43 44 32 46 43 43 36 44 37 39 32 44 33 42 32 34 46 30 38 33 37 42 30 33 32 44 30 38 36 38 46 45 43 39 46 44 44 43 39 43 32 36 33 31 31 35 46 30 44 43 43 34 42 44 42 35 37 43 36 30 33 43 34 32 46 34 41 35 30 34 34 39 97 D5 
2021/9/24 14:37:39.891 [RX] - 56 69 56 4F 74 65 63 68 32 00 80 00 00 00 B9 DF  pass 
2021/9/24 14:37:40.107 [TX] - 56 69 56 4F 74 65 63 68 32 00 81 00 00 71 05 41 30 31 31 32 44 30 54 45 30 30 4E 30 31 30 30 4B 53 31 38 36 32 39 39 34 39 30 31 32 43 30 30 30 34 36 30 30 30 30 31 39 34 34 38 36 43 33 31 36 38 43 41 31 46 42 34 41 38 30 39 45 36 33 39 46 46 39 43 33 42 37 32 36 45 32 34 37 43 35 39 30 42 32 32 38 43 35 44 32 32 36 35 30 46 36 36 39 37 45 38 34 37 41 32 46 38 41 32 37 33 39 33 47 AE 
2021/9/24 14:37:40.263 [RX] - 56 69 56 4F 74 65 63 68 32 00 81 00 00 00 CF 6B  pass 
2021/9/24 14:37:40.481 [TX] - 56 69 56 4F 74 65 63 68 32 00 C7 36 00 01 03 6C 97 
2021/9/24 14:37:40.507 [RX] - 56 69 56 4F 74 65 63 68 32 00 C7 00 00 00 86 6E  pass pass pass  

Auto Poll

2021/9/24 14:37:40.731 [TX] - 56 69 56 4F 74 65 63 68 32 00 01 01 00 01 00 F6 24 
2021/9/24 14:37:40.758 [RX] - 56 69 56 4F 74 65 63 68 32 00 01 00 00 00 12 53  pass  

--- AAMVA

2021/9/24 14:37:44.780 [TX] - 56 69 56 4F 74 65 63 68 32 00 03 40 00 00 96 E2 
2021/9/24 14:37:44.813 [RX] - 56 69 56 4F 74 65 63 68 32 00 03 00 00 A5 CA DF EE 25 02 00 11 DF EE 23 81 88 02 82 00 81 1F 30 23 00 92 89 3B 33 35 35 35 35 35 31 31 31 31 31 31 31 31 31 31 31 31 31 3D 30 30 30 39 31 39 37 37 30 33 30 33 3F 3F E0 64 C1 3E 9F 37 1A AB 3E B8 63 C3 9B A4 60 3F 64 5E FA 1A 8F 70 94 36 5A A3 9D 95 8A 93 A2 54 AB 58 A5 33 62 A3 BC C1 04 6C 62 B5 8D 96 E8 F1 48 80 A5 D4 6A 04 91 15 D9 C8 47 40 6B FB C6 3B F4 BD 57 4F 31 33 37 54 38 30 31 39 36 30 62 99 49 01 2C 00 04 60 00 01 9B F5 03 9F 39 01 90 FF EE 01 04 DF 30 01 0C DF EE 26 01 CA CE F9  

Poll on Demand

2021/9/24 14:37:45.505 [TX] - 56 69 56 4F 74 65 63 68 32 00 01 01 00 01 01 D7 34 
2021/9/24 14:37:45.532 [RX] - 56 69 56 4F 74 65 63 68 32 00 01 00 00 00 12 53  pass  

 Erase All Keys...

2021/9/24 14:37:45.549 [TX] - 56 69 56 4F 74 65 63 68 32 00 83 00 00 00 03 22 
2021/9/24 14:37:45.574 [RX] - 56 69 56 4F 74 65 63 68 32 00 83 00 00 00 22 03  pass  

 Set DUKPT Key Encryption Type...

2021/9/24 14:37:45.792 [TX] - 56 69 56 4F 74 65 63 68 32 00 C7 32 00 01 01 7D DF 
2021/9/24 14:37:45.819 [RX] - 56 69 56 4F 74 65 63 68 32 00 C7 00 00 00 86 6E  pass pass pass  

 Get DUKPT Key Encryption Type...

2021/9/24 14:37:46.039 [TX] - 56 69 56 4F 74 65 63 68 32 00 C7 33 00 00 1A 9B 
2021/9/24 14:37:46.065 [RX] - 56 69 56 4F 74 65 63 68 32 00 C7 00 00 01 01 BC 5E  pass  

 Loading DUKPT key...

2021/9/24 14:37:46.290 [TX] - 56 69 56 4F 74 65 63 68 32 00 80 00 00 65 30 45 43 36 30 46 33 35 31 34 37 45 43 41 30 30 38 38 4B 30 54 44 30 30 4E 30 30 30 30 30 30 38 30 39 43 30 37 41 39 39 31 44 43 38 30 33 34 45 43 31 32 45 31 36 39 43 30 44 35 34 35 35 44 45 41 32 39 34 35 31 34 32 34 37 38 30 38 30 35 36 38 32 33 34 39 38 37 31 32 30 32 33 34 30 30 30 30 30 30 30 30 12 43 
2021/9/24 14:37:46.421 [RX] - 56 69 56 4F 74 65 63 68 32 00 80 00 00 00 B9 DF  pass 
2021/9/24 14:37:46.635 [TX] - 56 69 56 4F 74 65 63 68 32 00 80 00 00 65 31 34 43 45 32 35 35 35 31 34 37 45 43 41 30 30 38 38 4B 30 54 44 30 30 4E 30 30 30 30 30 30 38 30 46 35 30 36 46 36 41 33 44 34 30 38 39 39 45 30 35 35 42 42 35 42 39 45 33 41 44 44 36 30 30 42 38 38 35 33 32 37 37 39 32 32 34 36 30 39 32 36 32 33 41 39 39 37 31 32 36 32 33 34 30 30 30 30 30 30 30 30 35 7F 
2021/9/24 14:37:46.766 [RX] - 56 69 56 4F 74 65 63 68 32 00 80 00 00 00 B9 DF  pass 
2021/9/24 14:37:46.982 [TX] - 56 69 56 4F 74 65 63 68 32 00 80 01 00 58 41 30 30 38 38 4B 30 54 44 30 30 4E 30 30 30 30 43 44 32 46 43 43 36 44 37 39 32 44 33 42 32 34 46 30 38 33 37 42 30 33 32 44 30 38 36 38 46 45 43 39 46 44 44 43 39 43 32 36 33 31 31 35 46 30 44 43 43 34 42 44 42 35 37 43 36 30 33 43 34 32 46 34 41 35 30 34 34 39 97 D5 
2021/9/24 14:37:47.102 [RX] - 56 69 56 4F 74 65 63 68 32 00 80 00 00 00 B9 DF  pass 
2021/9/24 14:37:47.317 [TX] - 56 69 56 4F 74 65 63 68 32 00 81 00 00 71 05 41 30 31 31 32 44 30 54 45 30 30 4E 30 31 30 30 4B 53 31 38 36 32 39 39 34 39 30 31 32 43 30 30 30 34 36 30 30 30 30 31 39 34 34 38 36 43 33 31 36 38 43 41 31 46 42 34 41 38 30 39 45 36 33 39 46 46 39 43 33 42 37 32 36 45 32 34 37 43 35 39 30 42 32 32 38 43 35 44 32 32 36 35 30 46 36 36 39 37 45 38 34 37 41 32 46 38 41 32 37 33 39 33 47 AE 
2021/9/24 14:37:47.474 [RX] - 56 69 56 4F 74 65 63 68 32 00 81 00 00 00 CF 6B  pass 
2021/9/24 14:37:47.691 [TX] - 56 69 56 4F 74 65 63 68 32 00 C7 36 00 01 03 6C 97 
2021/9/24 14:37:47.718 [RX] - 56 69 56 4F 74 65 63 68 32 00 C7 00 00 00 86 6E  pass pass pass  

Auto Poll

2021/9/24 14:37:47.941 [TX] - 56 69 56 4F 74 65 63 68 32 00 01 01 00 01 00 F6 24 
2021/9/24 14:37:47.968 [RX] - 56 69 56 4F 74 65 63 68 32 00 01 00 00 00 12 53  pass  

--- Gift card

2021/9/24 14:37:51.984 [TX] - 56 69 56 4F 74 65 63 68 32 00 03 40 00 00 96 E2 
2021/9/24 14:37:52.017 [RX] - 56 69 56 4F 74 65 63 68 32 00 03 00 01 3A CA DF EE 25 02 00 11 DF EE 23 81 DF 02 D9 00 80 1F 3D 26 00 92 9B 3B 36 30 30 36 2A 2A 2A 2A 2A 2A 2A 2A 2A 2A 2A 37 31 34 37 3D 38 30 31 32 2A 2A 2A 2A 2A 2A 2A 2A 2A 2A 2A 3F 2A E0 4D 8F BE B3 93 13 D2 2C 08 74 3D A8 CE 58 33 B7 78 FC 72 B7 25 08 0F 5E 8C 6F 1C 76 C8 39 DA 3C E5 1F E5 54 C5 F1 84 54 2D 58 6B 7B CC 70 A9 B7 5C 96 BE 0B 1F B9 A6 6A 5C 98 19 79 36 C9 F4 F3 5B 62 F8 16 11 B5 DE B1 1E 8B 5F 66 A1 3E 68 3E D5 52 15 E3 A7 46 0E 15 C4 20 92 B0 9C 85 3C 9C 8B B6 6E 9E B2 28 FE D6 F8 FA 04 D4 1A D6 E9 4F 96 8D 11 4A 72 0C 4F 3F 7F 90 8C E8 2E DC 54 F5 7D EE DF F5 7B 99 7B D5 25 11 FE 3A 50 34 80 4E 98 D6 B4 D6 2C C9 45 31 33 37 54 38 30 31 39 36 30 62 99 49 01 2C 00 04 60 00 01 DA 54 03 9F 39 01 90 FF EE 01 04 DF 30 01 0C DF EE 26 01 CA DF EF 4C 06 00 25 00 00 00 00 DF EF 4D 30 F3 5B 62 F8 16 11 B5 DE B1 1E 8B 5F 66 A1 3E 68 3E D5 52 15 E3 A7 46 0E 15 C4 20 92 B0 9C 85 3C 6B C0 1C 66 91 2B EB 34 3F D4 2F 6D 65 61 32 23 3C 60  

Poll on Demand

2021/9/24 14:37:52.800 [TX] - 56 69 56 4F 74 65 63 68 32 00 01 01 00 01 01 D7 34 
2021/9/24 14:37:52.827 [RX] - 56 69 56 4F 74 65 63 68 32 00 01 00 00 00 12 53  pass  

 Erase All Keys...

2021/9/24 14:37:52.843 [TX] - 56 69 56 4F 74 65 63 68 32 00 83 00 00 00 03 22 
2021/9/24 14:37:52.869 [RX] - 56 69 56 4F 74 65 63 68 32 00 83 00 00 00 22 03  pass  

 Set DUKPT Key Encryption Type...

2021/9/24 14:37:53.087 [TX] - 56 69 56 4F 74 65 63 68 32 00 C7 32 00 01 01 7D DF 
2021/9/24 14:37:53.114 [RX] - 56 69 56 4F 74 65 63 68 32 00 C7 00 00 00 86 6E  pass pass pass  

 Get DUKPT Key Encryption Type...

2021/9/24 14:37:53.333 [TX] - 56 69 56 4F 74 65 63 68 32 00 C7 33 00 00 1A 9B 
2021/9/24 14:37:53.358 [RX] - 56 69 56 4F 74 65 63 68 32 00 C7 00 00 01 01 BC 5E  pass  

 Loading DUKPT key...

2021/9/24 14:37:53.583 [TX] - 56 69 56 4F 74 65 63 68 32 00 80 00 00 65 30 45 43 36 30 46 33 35 31 34 37 45 43 41 30 30 38 38 4B 30 54 44 30 30 4E 30 30 30 30 30 30 38 30 39 43 30 37 41 39 39 31 44 43 38 30 33 34 45 43 31 32 45 31 36 39 43 30 44 35 34 35 35 44 45 41 32 39 34 35 31 34 32 34 37 38 30 38 30 35 36 38 32 33 34 39 38 37 31 32 30 32 33 34 30 30 30 30 30 30 30 30 12 43 
2021/9/24 14:37:53.713 [RX] - 56 69 56 4F 74 65 63 68 32 00 80 00 00 00 B9 DF  pass 
2021/9/24 14:37:53.928 [TX] - 56 69 56 4F 74 65 63 68 32 00 80 00 00 65 31 34 43 45 32 35 35 35 31 34 37 45 43 41 30 30 38 38 4B 30 54 44 30 30 4E 30 30 30 30 30 30 38 30 46 35 30 36 46 36 41 33 44 34 30 38 39 39 45 30 35 35 42 42 35 42 39 45 33 41 44 44 36 30 30 42 38 38 35 33 32 37 37 39 32 32 34 36 30 39 32 36 32 33 41 39 39 37 31 32 36 32 33 34 30 30 30 30 30 30 30 30 35 7F 
2021/9/24 14:37:54.060 [RX] - 56 69 56 4F 74 65 63 68 32 00 80 00 00 00 B9 DF  pass 
2021/9/24 14:37:54.274 [TX] - 56 69 56 4F 74 65 63 68 32 00 80 01 00 58 41 30 30 38 38 4B 30 54 44 30 30 4E 30 30 30 30 43 44 32 46 43 43 36 44 37 39 32 44 33 42 32 34 46 30 38 33 37 42 30 33 32 44 30 38 36 38 46 45 43 39 46 44 44 43 39 43 32 36 33 31 31 35 46 30 44 43 43 34 42 44 42 35 37 43 36 30 33 43 34 32 46 34 41 35 30 34 34 39 97 D5 
2021/9/24 14:37:54.394 [RX] - 56 69 56 4F 74 65 63 68 32 00 80 00 00 00 B9 DF  pass 
2021/9/24 14:37:54.614 [TX] - 56 69 56 4F 74 65 63 68 32 00 81 00 00 71 05 41 30 31 31 32 44 30 54 45 30 30 4E 30 31 30 30 4B 53 31 38 36 32 39 39 34 39 30 31 32 43 30 30 30 34 36 30 30 30 30 31 39 34 34 38 36 43 33 31 36 38 43 41 31 46 42 34 41 38 30 39 45 36 33 39 46 46 39 43 33 42 37 32 36 45 32 34 37 43 35 39 30 42 32 32 38 43 35 44 32 32 36 35 30 46 36 36 39 37 45 38 34 37 41 32 46 38 41 32 37 33 39 33 47 AE 
2021/9/24 14:37:54.771 [RX] - 56 69 56 4F 74 65 63 68 32 00 81 00 00 00 CF 6B  pass 
2021/9/24 14:37:54.988 [TX] - 56 69 56 4F 74 65 63 68 32 00 C7 36 00 01 03 6C 97 
2021/9/24 14:37:55.015 [RX] - 56 69 56 4F 74 65 63 68 32 00 C7 00 00 00 86 6E  pass pass pass  

Auto Poll

2021/9/24 14:37:55.240 [TX] - 56 69 56 4F 74 65 63 68 32 00 01 01 00 01 00 F6 24 
2021/9/24 14:37:55.267 [RX] - 56 69 56 4F 74 65 63 68 32 00 01 00 00 00 12 53  pass  

--- Real card (PAN=11)

2021/9/24 14:37:59.286 [TX] - 56 69 56 4F 74 65 63 68 32 00 03 40 00 00 96 E2 
2021/9/24 14:37:59.320 [RX] - 56 69 56 4F 74 65 63 68 32 00 03 00 00 91 CA DF EE 25 02 00 11 DF EE 23 75 02 6F 00 83 0F 3B 00 00 90 89 77 C6 18 7B AE 21 2D E4 17 68 02 54 32 40 74 1E CA 52 AD A7 10 24 4F 6A ED 32 1B 5A A1 8A BE 49 A9 E2 90 63 3F D1 F0 3D 6E 30 5B 5D BB 18 6A F2 CF 46 DB 07 B0 83 E1 56 0F 75 A4 D7 D9 E0 CC 70 A7 DA 3C 9C FD 62 17 EE B3 DB 63 2A 08 93 7B 4C 53 89 78 D3 31 33 37 54 38 30 31 39 36 30 62 99 49 01 2C 00 04 60 00 01 B5 85 03 9F 39 01 90 FF EE 01 04 DF 30 01 0C DF EE 26 01 CA D3 A7  

Poll on Demand

2021/9/24 14:37:59.991 [TX] - 56 69 56 4F 74 65 63 68 32 00 01 01 00 01 01 D7 34 
2021/9/24 14:38:00.018 [RX] - 56 69 56 4F 74 65 63 68 32 00 01 00 00 00 12 53  pass  

 Erase All Keys...

2021/9/24 14:38:00.035 [TX] - 56 69 56 4F 74 65 63 68 32 00 83 00 00 00 03 22 
2021/9/24 14:38:00.060 [RX] - 56 69 56 4F 74 65 63 68 32 00 83 00 00 00 22 03  pass  

 Set DUKPT Key Encryption Type...

2021/9/24 14:38:00.278 [TX] - 56 69 56 4F 74 65 63 68 32 00 C7 32 00 01 01 7D DF 
2021/9/24 14:38:00.305 [RX] - 56 69 56 4F 74 65 63 68 32 00 C7 00 00 00 86 6E  pass pass pass  

 Get DUKPT Key Encryption Type...

2021/9/24 14:38:00.525 [TX] - 56 69 56 4F 74 65 63 68 32 00 C7 33 00 00 1A 9B 
2021/9/24 14:38:00.551 [RX] - 56 69 56 4F 74 65 63 68 32 00 C7 00 00 01 01 BC 5E  pass  

 Loading DUKPT key...

2021/9/24 14:38:00.776 [TX] - 56 69 56 4F 74 65 63 68 32 00 80 00 00 65 30 45 43 36 30 46 33 35 31 34 37 45 43 41 30 30 38 38 4B 30 54 44 30 30 4E 30 30 30 30 30 30 38 30 39 43 30 37 41 39 39 31 44 43 38 30 33 34 45 43 31 32 45 31 36 39 43 30 44 35 34 35 35 44 45 41 32 39 34 35 31 34 32 34 37 38 30 38 30 35 36 38 32 33 34 39 38 37 31 32 30 32 33 34 30 30 30 30 30 30 30 30 12 43 
2021/9/24 14:38:00.907 [RX] - 56 69 56 4F 74 65 63 68 32 00 80 00 00 00 B9 DF  pass 
2021/9/24 14:38:01.122 [TX] - 56 69 56 4F 74 65 63 68 32 00 80 00 00 65 31 34 43 45 32 35 35 35 31 34 37 45 43 41 30 30 38 38 4B 30 54 44 30 30 4E 30 30 30 30 30 30 38 30 46 35 30 36 46 36 41 33 44 34 30 38 39 39 45 30 35 35 42 42 35 42 39 45 33 41 44 44 36 30 30 42 38 38 35 33 32 37 37 39 32 32 34 36 30 39 32 36 32 33 41 39 39 37 31 32 36 32 33 34 30 30 30 30 30 30 30 30 35 7F 
2021/9/24 14:38:01.253 [RX] - 56 69 56 4F 74 65 63 68 32 00 80 00 00 00 B9 DF  pass 
2021/9/24 14:38:01.469 [TX] - 56 69 56 4F 74 65 63 68 32 00 80 01 00 58 41 30 30 38 38 4B 30 54 44 30 30 4E 30 30 30 30 43 44 32 46 43 43 36 44 37 39 32 44 33 42 32 34 46 30 38 33 37 42 30 33 32 44 30 38 36 38 46 45 43 39 46 44 44 43 39 43 32 36 33 31 31 35 46 30 44 43 43 34 42 44 42 35 37 43 36 30 33 43 34 32 46 34 41 35 30 34 34 39 97 D5 
2021/9/24 14:38:01.589 [RX] - 56 69 56 4F 74 65 63 68 32 00 80 00 00 00 B9 DF  pass 
2021/9/24 14:38:01.804 [TX] - 56 69 56 4F 74 65 63 68 32 00 81 00 00 71 05 41 30 31 31 32 44 30 54 45 30 30 4E 30 31 30 30 4B 53 31 38 36 32 39 39 34 39 30 31 32 43 30 30 30 34 36 30 30 30 30 31 39 34 34 38 36 43 33 31 36 38 43 41 31 46 42 34 41 38 30 39 45 36 33 39 46 46 39 43 33 42 37 32 36 45 32 34 37 43 35 39 30 42 32 32 38 43 35 44 32 32 36 35 30 46 36 36 39 37 45 38 34 37 41 32 46 38 41 32 37 33 39 33 47 AE 
2021/9/24 14:38:01.961 [RX] - 56 69 56 4F 74 65 63 68 32 00 81 00 00 00 CF 6B  pass 
2021/9/24 14:38:02.178 [TX] - 56 69 56 4F 74 65 63 68 32 00 C7 36 00 01 03 6C 97 
2021/9/24 14:38:02.204 [RX] - 56 69 56 4F 74 65 63 68 32 00 C7 00 00 00 86 6E  pass pass pass  

Auto Poll

2021/9/24 14:38:02.428 [TX] - 56 69 56 4F 74 65 63 68 32 00 01 01 00 01 00 F6 24 
2021/9/24 14:38:02.455 [RX] - 56 69 56 4F 74 65 63 68 32 00 01 00 00 00 12 53  pass  

--- Real card (PAN=12)

2021/9/24 14:38:06.476 [TX] - 56 69 56 4F 74 65 63 68 32 00 03 40 00 00 96 E2 
2021/9/24 14:38:06.509 [RX] - 56 69 56 4F 74 65 63 68 32 00 03 00 00 9F CA DF EE 25 02 00 11 DF EE 23 75 02 6F 00 80 0F 3A 00 00 90 89 F0 0E FF E6 79 1D 1A E1 DB C2 A6 AE FF 6A E1 B5 B1 9F AD DA 2C 90 CD 5B 71 AC EA CC AD 6F 05 1B C0 C9 15 01 B2 6E B3 29 18 44 51 C5 9E 6B 65 1F 50 55 55 75 8C D8 26 E9 4D 70 7B AF 8E E1 FF 11 2C D5 16 64 84 CA B1 DF 2A 0A 61 CB CB 1A 0C 82 05 67 C2 64 31 33 37 54 38 30 31 39 36 30 62 99 49 01 2C 00 04 60 00 01 BD AD 03 9F 39 01 90 FF EE 01 04 DF 30 01 0C DF EE 26 01 CA DF EF 4C 06 00 00 00 00 00 00 DF EF 4D 00 79 61  

Poll on Demand

2021/9/24 14:38:07.184 [TX] - 56 69 56 4F 74 65 63 68 32 00 01 01 00 01 01 D7 34 
2021/9/24 14:38:07.211 [RX] - 56 69 56 4F 74 65 63 68 32 00 01 00 00 00 12 53  pass  

 Erase All Keys...

2021/9/24 14:38:07.228 [TX] - 56 69 56 4F 74 65 63 68 32 00 83 00 00 00 03 22 
2021/9/24 14:38:07.254 [RX] - 56 69 56 4F 74 65 63 68 32 00 83 00 00 00 22 03  pass  

 Set DUKPT Key Encryption Type...

2021/9/24 14:38:07.473 [TX] - 56 69 56 4F 74 65 63 68 32 00 C7 32 00 01 01 7D DF 
2021/9/24 14:38:07.499 [RX] - 56 69 56 4F 74 65 63 68 32 00 C7 00 00 00 86 6E  pass pass pass  

 Get DUKPT Key Encryption Type...

2021/9/24 14:38:07.720 [TX] - 56 69 56 4F 74 65 63 68 32 00 C7 33 00 00 1A 9B 
2021/9/24 14:38:07.745 [RX] - 56 69 56 4F 74 65 63 68 32 00 C7 00 00 01 01 BC 5E  pass  

 Loading DUKPT key...

2021/9/24 14:38:07.972 [TX] - 56 69 56 4F 74 65 63 68 32 00 80 00 00 65 30 45 43 36 30 46 33 35 31 34 37 45 43 41 30 30 38 38 4B 30 54 44 30 30 4E 30 30 30 30 30 30 38 30 39 43 30 37 41 39 39 31 44 43 38 30 33 34 45 43 31 32 45 31 36 39 43 30 44 35 34 35 35 44 45 41 32 39 34 35 31 34 32 34 37 38 30 38 30 35 36 38 32 33 34 39 38 37 31 32 30 32 33 34 30 30 30 30 30 30 30 30 12 43 
2021/9/24 14:38:08.102 [RX] - 56 69 56 4F 74 65 63 68 32 00 80 00 00 00 B9 DF  pass 
2021/9/24 14:38:08.317 [TX] - 56 69 56 4F 74 65 63 68 32 00 80 00 00 65 31 34 43 45 32 35 35 35 31 34 37 45 43 41 30 30 38 38 4B 30 54 44 30 30 4E 30 30 30 30 30 30 38 30 46 35 30 36 46 36 41 33 44 34 30 38 39 39 45 30 35 35 42 42 35 42 39 45 33 41 44 44 36 30 30 42 38 38 35 33 32 37 37 39 32 32 34 36 30 39 32 36 32 33 41 39 39 37 31 32 36 32 33 34 30 30 30 30 30 30 30 30 35 7F 
2021/9/24 14:38:08.449 [RX] - 56 69 56 4F 74 65 63 68 32 00 80 00 00 00 B9 DF  pass 
2021/9/24 14:38:08.663 [TX] - 56 69 56 4F 74 65 63 68 32 00 80 01 00 58 41 30 30 38 38 4B 30 54 44 30 30 4E 30 30 30 30 43 44 32 46 43 43 36 44 37 39 32 44 33 42 32 34 46 30 38 33 37 42 30 33 32 44 30 38 36 38 46 45 43 39 46 44 44 43 39 43 32 36 33 31 31 35 46 30 44 43 43 34 42 44 42 35 37 43 36 30 33 43 34 32 46 34 41 35 30 34 34 39 97 D5 
2021/9/24 14:38:08.783 [RX] - 56 69 56 4F 74 65 63 68 32 00 80 00 00 00 B9 DF  pass 
2021/9/24 14:38:08.998 [TX] - 56 69 56 4F 74 65 63 68 32 00 81 00 00 71 05 41 30 31 31 32 44 30 54 45 30 30 4E 30 31 30 30 4B 53 31 38 36 32 39 39 34 39 30 31 32 43 30 30 30 34 36 30 30 30 30 31 39 34 34 38 36 43 33 31 36 38 43 41 31 46 42 34 41 38 30 39 45 36 33 39 46 46 39 43 33 42 37 32 36 45 32 34 37 43 35 39 30 42 32 32 38 43 35 44 32 32 36 35 30 46 36 36 39 37 45 38 34 37 41 32 46 38 41 32 37 33 39 33 47 AE 
2021/9/24 14:38:09.155 [RX] - 56 69 56 4F 74 65 63 68 32 00 81 00 00 00 CF 6B  pass 
2021/9/24 14:38:09.371 [TX] - 56 69 56 4F 74 65 63 68 32 00 C7 36 00 01 03 6C 97 
2021/9/24 14:38:09.398 [RX] - 56 69 56 4F 74 65 63 68 32 00 C7 00 00 00 86 6E  pass pass pass  

Auto Poll

2021/9/24 14:38:09.625 [TX] - 56 69 56 4F 74 65 63 68 32 00 01 01 00 01 00 F6 24 
2021/9/24 14:38:09.652 [RX] - 56 69 56 4F 74 65 63 68 32 00 01 00 00 00 12 53  pass  

--- Real card (PAN=20)

2021/9/24 14:38:13.672 [TX] - 56 69 56 4F 74 65 63 68 32 00 03 40 00 00 96 E2 
2021/9/24 14:38:13.705 [RX] - 56 69 56 4F 74 65 63 68 32 00 03 00 00 A2 CA DF EE 25 02 00 11 DF EE 23 81 85 02 7F 00 83 0F 42 00 00 90 89 A2 30 89 65 0E 16 38 28 51 BC 9A 54 64 E4 2C EA 69 8E AC 58 58 9E FA 3B 8C 30 C8 BD 32 DE EA 35 74 B1 9C 31 5F 9E 21 4D EE D4 F1 CE 6D 76 3C 52 7C AD E9 42 74 6A 36 11 32 1C 0F 17 FA 05 FF 80 19 4F D9 B8 14 6F D2 32 D7 C5 88 0A 0C A3 70 4D 1C 8E 29 3B 13 1A 8A 3C 85 EC 1A FA E3 65 12 05 0F CE 51 84 31 33 37 54 38 30 31 39 36 30 62 99 49 01 2C 00 04 60 00 01 6A 88 03 9F 39 01 90 FF EE 01 04 DF 30 01 0C DF EE 26 01 CA B4 2E  

Poll on Demand

2021/9/24 14:38:14.394 [TX] - 56 69 56 4F 74 65 63 68 32 00 01 01 00 01 01 D7 34 
2021/9/24 14:38:14.421 [RX] - 56 69 56 4F 74 65 63 68 32 00 01 00 00 00 12 53  pass  

 Erase All Keys...

2021/9/24 14:38:14.437 [TX] - 56 69 56 4F 74 65 63 68 32 00 83 00 00 00 03 22 
2021/9/24 14:38:14.463 [RX] - 56 69 56 4F 74 65 63 68 32 00 83 00 00 00 22 03  pass  

 Set DUKPT Key Encryption Type...

2021/9/24 14:38:14.687 [TX] - 56 69 56 4F 74 65 63 68 32 00 C7 32 00 01 01 7D DF 
2021/9/24 14:38:14.714 [RX] - 56 69 56 4F 74 65 63 68 32 00 C7 00 00 00 86 6E  pass pass pass  

 Get DUKPT Key Encryption Type...

2021/9/24 14:38:14.934 [TX] - 56 69 56 4F 74 65 63 68 32 00 C7 33 00 00 1A 9B 
2021/9/24 14:38:14.959 [RX] - 56 69 56 4F 74 65 63 68 32 00 C7 00 00 01 01 BC 5E  pass  

 Loading DUKPT key...

2021/9/24 14:38:15.184 [TX] - 56 69 56 4F 74 65 63 68 32 00 80 00 00 65 30 45 43 36 30 46 33 35 31 34 37 45 43 41 30 30 38 38 4B 30 54 44 30 30 4E 30 30 30 30 30 30 38 30 39 43 30 37 41 39 39 31 44 43 38 30 33 34 45 43 31 32 45 31 36 39 43 30 44 35 34 35 35 44 45 41 32 39 34 35 31 34 32 34 37 38 30 38 30 35 36 38 32 33 34 39 38 37 31 32 30 32 33 34 30 30 30 30 30 30 30 30 12 43 
2021/9/24 14:38:15.315 [RX] - 56 69 56 4F 74 65 63 68 32 00 80 00 00 00 B9 DF  pass 
2021/9/24 14:38:15.530 [TX] - 56 69 56 4F 74 65 63 68 32 00 80 00 00 65 31 34 43 45 32 35 35 35 31 34 37 45 43 41 30 30 38 38 4B 30 54 44 30 30 4E 30 30 30 30 30 30 38 30 46 35 30 36 46 36 41 33 44 34 30 38 39 39 45 30 35 35 42 42 35 42 39 45 33 41 44 44 36 30 30 42 38 38 35 33 32 37 37 39 32 32 34 36 30 39 32 36 32 33 41 39 39 37 31 32 36 32 33 34 30 30 30 30 30 30 30 30 35 7F 
2021/9/24 14:38:15.661 [RX] - 56 69 56 4F 74 65 63 68 32 00 80 00 00 00 B9 DF  pass 
2021/9/24 14:38:15.877 [TX] - 56 69 56 4F 74 65 63 68 32 00 80 01 00 58 41 30 30 38 38 4B 30 54 44 30 30 4E 30 30 30 30 43 44 32 46 43 43 36 44 37 39 32 44 33 42 32 34 46 30 38 33 37 42 30 33 32 44 30 38 36 38 46 45 43 39 46 44 44 43 39 43 32 36 33 31 31 35 46 30 44 43 43 34 42 44 42 35 37 43 36 30 33 43 34 32 46 34 41 35 30 34 34 39 97 D5 
2021/9/24 14:38:15.996 [RX] - 56 69 56 4F 74 65 63 68 32 00 80 00 00 00 B9 DF  pass 
2021/9/24 14:38:16.212 [TX] - 56 69 56 4F 74 65 63 68 32 00 81 00 00 71 05 41 30 31 31 32 44 30 54 45 30 30 4E 30 31 30 30 4B 53 31 38 36 32 39 39 34 39 30 31 32 43 30 30 30 34 36 30 30 30 30 31 39 34 34 38 36 43 33 31 36 38 43 41 31 46 42 34 41 38 30 39 45 36 33 39 46 46 39 43 33 42 37 32 36 45 32 34 37 43 35 39 30 42 32 32 38 43 35 44 32 32 36 35 30 46 36 36 39 37 45 38 34 37 41 32 46 38 41 32 37 33 39 33 47 AE 
2021/9/24 14:38:16.368 [RX] - 56 69 56 4F 74 65 63 68 32 00 81 00 00 00 CF 6B  pass 
2021/9/24 14:38:16.587 [TX] - 56 69 56 4F 74 65 63 68 32 00 C7 36 00 01 03 6C 97 
2021/9/24 14:38:16.613 [RX] - 56 69 56 4F 74 65 63 68 32 00 C7 00 00 00 86 6E  pass pass pass  

Auto Poll

2021/9/24 14:38:16.837 [TX] - 56 69 56 4F 74 65 63 68 32 00 01 01 00 01 00 F6 24 
2021/9/24 14:38:16.864 [RX] - 56 69 56 4F 74 65 63 68 32 00 01 00 00 00 12 53  pass  

--- ISO4909

2021/9/24 14:38:20.886 [TX] - 56 69 56 4F 74 65 63 68 32 00 03 40 00 00 96 E2 
2021/9/24 14:38:20.919 [RX] - 56 69 56 4F 74 65 63 68 32 00 03 00 01 4B CA DF EE 25 02 00 11 DF EE 23 81 F0 02 EA 00 80 1F 4D 27 00 92 9B 3B 34 35 34 37 2A 2A 2A 2A 2A 2A 2A 2A 30 30 30 30 3D 31 31 30 32 2A 2A 2A 2A 2A 2A 2A 2A 2A 2A 2A 2A 2A 2A 2A 3F 2A 0A AF 41 FC AC B1 35 DC 25 D9 3B 4B 5B CB 73 B4 ED EE BD F3 AB 37 E6 39 9F 4F 17 F2 76 F8 DE 8D 59 93 BA 43 29 4C 5B 52 DC 92 7D 1D 9D ED 14 F8 51 58 0C 07 96 07 AB 28 01 80 18 BC D3 B7 0F 65 29 71 BD 69 3E DC 75 07 E5 E5 D8 6F 5B 39 E9 C1 AC 2A 4C 6E 5F EE A7 69 00 B1 4F B0 91 7E 68 83 82 84 EB 2B 4A 1F CD E3 89 DD 5E 4C BB F0 A7 E8 1C 29 C6 D8 A4 23 CB 79 F6 45 29 36 E8 4D 0B E6 BC 6D B0 09 54 4A 8E 4D B4 6B E2 83 32 3D 79 6E B0 13 AF 65 DF AF 57 85 96 18 2E D3 93 78 61 C2 BD 7D 77 E1 44 D2 BE 7C 31 33 37 54 38 30 31 39 36 30 62 99 49 01 2C 00 04 60 00 01 CB 93 03 9F 39 01 90 FF EE 01 04 DF 30 01 0C DF EE 26 01 CA DF EF  pass 4C 06 00 26 00 00 00 00 DF EF 4D 30 AC 2A 4C 6E 5F EE A7 69 00 B1 4F B0 91 7E 68 83 82 84 EB 2B 4A 1F CD E3 89 DD 5E 4C BB F0 A7 E8 C6 74 07 E1 E7 5A 26 0C 84 30 70 6F 77 B9 7A 45 9B 79  

 ---------- END OF TEST ----------

 Result = PASSED
 

 MASTER RESULT = PASSED


Docklight Log File (HEX) - Stopped 2021/9/24 14:38:22.819 

