Docklight Log File (HEX) - Started 2021/5/3 11:03:45.054 
 TEST CASE: EDCT02-3

 --- Set POS COM PORT Settings
 Set POS COM PORT...
 POS operating on COM1 @ 9600 baud...
 Set POS COM PORT - COMPLETE

 

 --- Data Encryption: Enable

2021/5/3 11:03:46.209 [TX] - 56 69 56 4F 74 65 63 68 32 00 C7 36 00 01 03 6C 97 
2021/5/3 11:03:46.267 [RX] - 55 55 55 55 55 55 55 55 55 55 55 55 55 55 55 55 55 55 55 55 55 55 55 55 55 55 55 55 55 55 66 56 69 56 4F 74 65 63 68 32 00 C7 00 00 00 86 6E  

 --- Burst mode Off

2021/5/3 11:03:46.364 [TX] - 56 69 56 4F 74 65 63 68 32 00 04 00 00 04 FF F7 01 00 B9 2E 
2021/5/3 11:03:46.429 [RX] - 55 55 55 55 55 55 55 55 55 55 55 55 55 55 55 55 55 55 55 55 55 55 55 55 55 55 55 55 55 55 66 56 69 56 4F 74 65 63 68 32 00 04 00 00 00 AE 16  

 --- 04-00-----DFEF4B = 24 T1+T1 Sentinel

2021/5/3 11:03:47.028 [TX] - 56 69 56 4F 74 65 63 68 32 00 04 00 00 07 DF EF 4B 03 24 00 00 0B 1E 
2021/5/3 11:03:47.101 [RX] - 55 55 55 55 55 55 55 55 55 55 55 55 55 55 55 55 55 55 55 55 55 55 55 55 55 55 55 55 55 55 66 56 69 56 4F 74 65 63 68 32 00 04 00 00 00 AE 16  

 Erase All Keys...

2021/5/3 11:03:47.196 [TX] - 56 69 56 4F 74 65 63 68 32 00 83 00 00 00 03 22 
2021/5/3 11:03:47.252 [RX] - 55 55 55 55 55 55 55 55 55 55 55 55 55 55 55 55 55 55 55 55 55 55 55 55 55 55 55 55 55 55 66 56 69 56 4F 74 65 63 68 32 00 83 00 00 00 22 03  

 Set DUKPT Key Encryption Type...

2021/5/3 11:03:47.848 [TX] - 56 69 56 4F 74 65 63 68 32 00 C7 32 00 01 00 FE 6D 
2021/5/3 11:03:47.907 [RX] - 55 55 55 55 55 55 55 55 55 55 55 55 55 55 55 55 55 55 55 55 55 55 55 55 55 55 55 55 55 55 66 56 69 56 4F 74 65 63 68 32 00 C7 00 00 00 86 6E  

 Get DUKPT Key Encryption Type...

2021/5/3 11:03:48.504 [TX] - 56 69 56 4F 74 65 63 68 32 00 C7 33 00 00 9B 1A 
2021/5/3 11:03:48.560 [RX] - 55 55 55 55 55 55 55 55 55 55 55 55 55 55 55 55 55 55 55 55 55 55 55 55 55 55 55 55 55 55 66 56 69 56 4F 74 65 63 68 32 00 C7 00 00 01 00 AC 7F  
OK!
 

 Loading DUKPT key...

2021/5/3 11:03:49.162 [TX] - 56 69 56 4F 74 65 63 68 32 00 80 00 00 65 30 39 36 46 31 35 35 37 37 45 39 41 44 41 30 30 38 38 4B 30 54 44 30 30 4E 30 30 30 30 30 30 38 30 45 30 39 46 43 39 35 35 45 36 33 43 32 45 43 43 30 42 34 39 44 42 46 35 31 37 36 36 42 32 41 39 34 34 33 37 32 37 35 39 30 32 33 30 32 32 30 32 32 33 34 39 38 37 31 32 30 32 33 34 30 30 30 30 30 30 30 30 9C 1B 
2021/5/3 11:03:49.449 [RX] - 55 55 55 55 55 55 55 55 55 55 55 55 55 55 55 55 55 55 55 55 55 55 55 55 55 55 55 55 55 55 66 56 69 56 4F 74 65 63 68 32 00 80 00 00 00 B9 DF 
2021/5/3 11:03:50.043 [TX] - 56 69 56 4F 74 65 63 68 32 00 80 00 00 65 31 32 45 43 36 30 30 37 37 45 39 41 44 41 30 30 38 38 4B 30 54 44 30 30 4E 30 30 30 30 30 30 38 30 31 44 31 45 36 30 44 36 45 32 46 38 44 31 44 36 32 34 42 44 34 34 36 42 43 39 33 31 34 33 33 41 30 33 33 36 33 31 30 34 35 36 37 38 32 37 37 30 32 33 41 39 39 37 31 32 36 32 33 34 30 30 30 30 30 30 30 30 30 E6 
2021/5/3 11:03:50.331 [RX] - 55 55 55 55 55 55 55 55 55 55 55 55 55 55 55 55 55 55 55 55 55 55 55 55 55 55 55 55 55 55 66 56 69 56 4F 74 65 63 68 32 00 80 00 00 00 B9 DF 
2021/5/3 11:03:50.926 [TX] - 56 69 56 4F 74 65 63 68 32 00 80 01 00 58 41 30 30 38 38 4B 30 54 44 30 30 4E 30 30 30 30 46 41 42 44 39 44 34 32 37 34 31 30 42 36 46 41 35 45 44 33 42 37 36 41 44 37 46 41 45 38 45 33 31 36 30 32 31 33 42 46 44 38 31 31 38 32 32 33 38 31 38 41 45 43 46 30 43 44 41 44 42 31 39 41 42 45 39 37 41 41 32 43 B8 FE 
2021/5/3 11:03:51.186 [RX] - 55 55 55 55 55 55 55 55 55 55 55 55 55 55 55 55 55 55 55 55 55 55 55 55 55 55 55 55 55 55 66 56 69 56 4F 74 65 63 68 32 00 80 00 00 00 B9 DF 
2021/5/3 11:03:51.790 [TX] - 56 69 56 4F 74 65 63 68 32 00 81 00 00 71 05 41 30 31 31 32 44 30 54 45 30 30 4E 30 31 30 30 4B 53 31 38 36 32 39 39 34 39 30 31 32 43 30 30 30 34 36 30 30 30 30 31 37 39 46 43 30 31 36 44 31 34 46 34 35 42 39 41 33 37 46 37 32 42 44 35 41 35 37 37 41 43 35 33 34 37 36 42 31 35 35 34 32 45 39 42 39 30 46 35 36 32 46 36 37 36 35 30 45 46 35 33 43 34 44 39 45 42 41 36 39 35 39 46 76 88 
2021/5/3 11:03:52.117 [RX] - 55 55 55 55 55 55 55 55 55 55 55 55 55 55 55 55 55 55 55 55 55 55 55 55 55 55 55 55 55 55 66 56 69 56 4F 74 65 63 68 32 00 81 00 00 00 CF 6B  
OK!
 

 --- Poll on Demand

2021/5/3 11:03:52.727 [TX] - 56 69 56 4F 74 65 63 68 32 00 01 01 00 01 01 D7 34 
2021/5/3 11:03:52.786 [RX] - 55 55 55 55 55 55 55 55 55 55 55 55 55 55 55 55 55 55 55 55 55 55 55 55 55 55 55 55 55 55 66 56 69 56 4F 74 65 63 68 32 00 01 00 00 00 12 53  

 --- 02-40 Activate Transaction

2021/5/3 11:03:54.694 [TX] - 56 69 56 4F 74 65 63 68 32 00 02 40 00 15 0A 9F 02 06 00 00 00 00 10 00 9A 03 07 11 21 9F 21 03 10 15 20 5E 34 
2021/5/3 11:03:55.810 [RX] - 55 55 55 55 55 55 55 55 55 55 55 55 55 55 55 55 55 55 55 55 55 55 55 55 55 55 55 55 55 55 66 56 69 56 4F 74 65 63 68 32 00 02 23 01 CC D1 FF EE 12 0A 62 99 49 01 2C 00 04 60 00 01 9A 03 07 11 21 9F 21 03 10 15 20 9F 37 04 40 AE 96 A5 9F 6A 04 00 00 00 60 9C 01 00 9F 39 01 91 FF EE 01 04 DF 30 01 00 9F 1E 08 32 33 34 35 36 37 38 39 DF 81 16 16 1E 04 00 00 00 65 6E 00 00 00 00 00 00 00 00 00 00 00 00 00 00 00 DF 81 29 08 30 F0 F0 00 30 F0 FF 00 FF 81 06 46 DF 81 15 06 00 00 00 00 00 FF 9F 6E 07 08 40 00 00 30 30 00 DF 81 2A C1 18 F9 33 57 81 E9 D1 21 06 AD 17 55 32 6C 0B 52 19 14 37 CE F3 19 6C 9E 24 DF 81 2B C1 10 79 5F EF A6 2D 5C 88 9A 41 DF 3C 21 F0 C4 49 06 FF 81 05 81 D2 9F 02 06 00 00 00 00 10 00 9F 6D 02 00 01 50 10 44 65 62 69 74 20 4D 61 73 74 65 72 43 61 72 64 9F 12 10 44 65 62 69 74 20 4D 61 73 74 65 72 43 61 72 64 84 07 A0 00 00 00 04 10 10 9F 11 01 01 56 A1 29 2A 35 31 32 38 2A 2A 2A 2A 2A 2A 2A 2A 38 31 37 31 5E 20 2F 5E 31 38 30 33 36 32 32 2A 2A 2A 2A 2A 2A 2A 2A 2A 2A 2A 2A 2A 56 C1 30 5C 45 F6 54 E8 3C 4E F1 B8 E3 60 57 E5 12 CF BC 29 50 1B F8 DC 76 66 76 C8 F9 6A B5 5A 98 79 56 97 76 FC E8 FC 3A B4 7B 7F D4 F8 62 4A 0F BD 2A  Tag 56 9F 6B A1 13 51 28 CC CC CC CC 81 71 D1 80 36 22 CC CC CC CC CC CC CC 9F 6B C1 18 05 45 45 AB 99 64 F1 1F B1 6E 95 FD 9F 72 69 01 94 30 FC 0C 7B C2 84 6A  Tag 9F6B DF EF 4C 06 2B 00 00 00 00 00 DF EF 4D 30 BB 51 32 DD D2 DE E0 DB EB 40 7D 90 1C 15 A6 6D 4C CA F1 38 11 60 40 A0 04 F7 27 5A 1C D0 08 2F 60 6D 2C 8E DD FC 73 20 AE BF 06 CE 02 6B DA FB DF EE 26 01 D1 B5 EC  

 Erase All Keys...

2021/5/3 11:03:57.358 [TX] - 56 69 56 4F 74 65 63 68 32 00 83 00 00 00 03 22 
2021/5/3 11:03:57.414 [RX] - 55 55 55 55 55 55 55 55 55 55 55 55 55 55 55 55 55 55 55 55 55 55 55 55 55 55 55 55 55 55 66 56 69 56 4F 74 65 63 68 32 00 83 00 00 00 22 03  

 Set DUKPT Key Encryption Type...

2021/5/3 11:03:58.009 [TX] - 56 69 56 4F 74 65 63 68 32 00 C7 32 00 01 00 FE 6D 
2021/5/3 11:03:58.068 [RX] - 55 55 55 55 55 55 55 55 55 55 55 55 55 55 55 55 55 55 55 55 55 55 55 55 55 55 55 55 55 55 66 56 69 56 4F 74 65 63 68 32 00 C7 00 00 00 86 6E  

 Get DUKPT Key Encryption Type...

2021/5/3 11:03:58.664 [TX] - 56 69 56 4F 74 65 63 68 32 00 C7 33 00 00 9B 1A 
2021/5/3 11:03:58.720 [RX] - 55 55 55 55 55 55 55 55 55 55 55 55 55 55 55 55 55 55 55 55 55 55 55 55 55 55 55 55 55 55 66 56 69 56 4F 74 65 63 68 32 00 C7 00 00 01 00 AC 7F  
OK!
 

 Loading DUKPT key...

2021/5/3 11:03:59.321 [TX] - 56 69 56 4F 74 65 63 68 32 00 80 00 00 65 30 39 36 46 31 35 35 37 37 45 39 41 44 41 30 30 38 38 4B 30 54 44 30 30 4E 30 30 30 30 30 30 38 30 45 30 39 46 43 39 35 35 45 36 33 43 32 45 43 43 30 42 34 39 44 42 46 35 31 37 36 36 42 32 41 39 34 34 33 37 32 37 35 39 30 32 33 30 32 32 30 32 32 33 34 39 38 37 31 32 30 32 33 34 30 30 30 30 30 30 30 30 9C 1B 
2021/5/3 11:03:59.609 [RX] - 55 55 55 55 55 55 55 55 55 55 55 55 55 55 55 55 55 55 55 55 55 55 55 55 55 55 55 55 55 55 66 56 69 56 4F 74 65 63 68 32 00 80 00 00 00 B9 DF 
2021/5/3 11:04:00.202 [TX] - 56 69 56 4F 74 65 63 68 32 00 80 00 00 65 31 32 45 43 36 30 30 37 37 45 39 41 44 41 30 30 38 38 4B 30 54 44 30 30 4E 30 30 30 30 30 30 38 30 31 44 31 45 36 30 44 36 45 32 46 38 44 31 44 36 32 34 42 44 34 34 36 42 43 39 33 31 34 33 33 41 30 33 33 36 33 31 30 34 35 36 37 38 32 37 37 30 32 33 41 39 39 37 31 32 36 32 33 34 30 30 30 30 30 30 30 30 30 E6 
2021/5/3 11:04:00.491 [RX] - 55 55 55 55 55 55 55 55 55 55 55 55 55 55 55 55 55 55 55 55 55 55 55 55 55 55 55 55 55 55 66 56 69 56 4F 74 65 63 68 32 00 80 00 00 00 B9 DF 
2021/5/3 11:04:01.085 [TX] - 56 69 56 4F 74 65 63 68 32 00 80 01 00 58 41 30 30 38 38 4B 30 54 44 30 30 4E 30 30 30 30 46 41 42 44 39 44 34 32 37 34 31 30 42 36 46 41 35 45 44 33 42 37 36 41 44 37 46 41 45 38 45 33 31 36 30 32 31 33 42 46 44 38 31 31 38 32 32 33 38 31 38 41 45 43 46 30 43 44 41 44 42 31 39 41 42 45 39 37 41 41 32 43 B8 FE 
2021/5/3 11:04:01.346 [RX] - 55 55 55 55 55 55 55 55 55 55 55 55 55 55 55 55 55 55 55 55 55 55 55 55 55 55 55 55 55 55 66 56 69 56 4F 74 65 63 68 32 00 80 00 00 00 B9 DF 
2021/5/3 11:04:01.939 [TX] - 56 69 56 4F 74 65 63 68 32 00 81 00 00 71 05 41 30 31 31 32 44 30 54 45 30 30 4E 30 31 30 30 4B 53 31 38 36 32 39 39 34 39 30 31 32 43 30 30 30 34 36 30 30 30 30 31 37 39 46 43 30 31 36 44 31 34 46 34 35 42 39 41 33 37 46 37 32 42 44 35 41 35 37 37 41 43 35 33 34 37 36 42 31 35 35 34 32 45 39 42 39 30 46 35 36 32 46 36 37 36 35 30 45 46 35 33 43 34 44 39 45 42 41 36 39 35 39 46 76 88 
2021/5/3 11:04:02.266 [RX] - 55 55 55 55 55 55 55 55 55 55 55 55 55 55 55 55 55 55 55 55 55 55 55 55 55 55 55 55 55 55 66 56 69 56 4F 74 65 63 68 32 00 81 00 00 00 CF 6B  
OK!
 

 --- Auto poll

2021/5/3 11:04:02.875 [TX] - 56 69 56 4F 74 65 63 68 32 00 01 01 00 01 00 F6 24 
2021/5/3 11:04:02.934 [RX] - 55 55 55 55 55 55 55 55 55 55 55 55 55 55 55 55 55 55 55 55 55 55 55 55 55 55 55 55 55 55 66 56 69 56 4F 74 65 63 68 32 00 01 00 00 00 12 53  

 --- 03-40

2021/5/3 11:04:10.261 [TX] - 56 69 56 4F 74 65 63 68 32 00 03 40 00 00 96 E2 
2021/5/3 11:04:10.317 [RX] - 55 55 55 55 55 55 55 55 55 55 55 55 55 55 55 55 55 55 55 55 55 55 55 55 55 55 55 55 55 55 66 56 69 56 4F 74 65 63 68 32 00 03 23 01 CC D1 FF EE 12 0A 62 99 49 01 2C 00 04 60 00 01 9A 03 14 08 10 9F 21 03 12 31 59 9F 37 04 BF 52 E6 FE 9F 6A 04 00 00 00 69 9C 01 00 9F 39 01 91 FF EE 01 04 DF 30 01 00 9F 1E 08 32 33 34 35 36 37 38 39 DF 81 16 16 1E 04 00 00 00 65 6E 00 00 00 00 00 00 00 00 00 00 00 00 00 00 00 DF 81 29 08 30 F0 F0 00 30 F0 FF 00 FF 81 06 46 DF 81 15 06 00 00 00 00 00 FF 9F 6E 07 08 40 00 00 30 30 00 DF 81 2A C1 18 F9 33 57 81 E9 D1 21 06 AD 17 55 32 6C 0B 52 19 14 37 CE F3 19 6C 9E 24 DF 81 2B C1 10 79 5F EF A6 2D 5C 88 9A 41 DF 3C 21 F0 C4 49 06 FF 81 05 81 D2 9F 02 06 00 00 00 00 00 01 9F 6D 02 00 01 50 10 44 65 62 69 74 20 4D 61 73 74 65 72 43 61 72 64 9F 12 10 44 65 62 69 74 20 4D 61 73 74 65 72 43 61 72 64 84 07 A0 00 00 00 04 10 10 9F 11 01 01 56 A1 29 2A 35 31 32 38 2A 2A 2A 2A 2A 2A 2A 2A 38 31 37 31 5E 20 2F 5E 31 38 30 33 36 32 32 2A 2A 2A 2A 2A 2A 2A 2A 2A 2A 2A 2A 2A 56 C1 30 5C 45 F6 54 E8 3C 4E F1 B8 E3 60 57 E5 12 CF BC 29 50 1B F8 DC 76 66 76 C8 F9 6A B5 5A 98 79 56 62 A0 70 2A 21 1A E0 5B 41 97 6A 97 CE 65 20 43  Tag 56 9F 6B A1 13 51 28 CC CC CC CC 81 71 D1 80 36 22 CC CC CC CC CC CC CC 9F 6B C1 18 05 45 45 AB 99 64 F1 1F B1 6E 95 FD 9F 72 69 01 84 D0 8E A6 5D 69 2A 48  Tag 9F6B DF EF 4C 06 2B 00 00 00 00 00 DF EF 4D 30 BB 51 32 DD D2 DE E0 DB EB 40 7D 90 1C 15 A6 6D 4C CA F1 38 11 60 40 A0 04 F7 27 5A 1C D0 08 2F 0F 86 8F 2E E7 81 46 28 C4 F2 0F 9C 6F 51 50 29 DF EE 26 01 D1 41 23  

 --- 04-00-----DFEF4B = 12 T2+T2 Sentinel(Default)

2021/5/3 11:04:11.870 [TX] - 56 69 56 4F 74 65 63 68 32 00 04 00 00 07 DF EF 4B 03 12 00 00 0E 69 
2021/5/3 11:04:11.943 [RX] - 55 55 55 55 55 55 55 55 55 55 55 55 55 55 55 55 55 55 55 55 55 55 55 55 55 55 55 55 55 55 66 56 69 56 4F 74 65 63 68 32 00 04 00 00 00 AE 16  

 Erase All Keys...

2021/5/3 11:04:12.038 [TX] - 56 69 56 4F 74 65 63 68 32 00 83 00 00 00 03 22 
2021/5/3 11:04:12.095 [RX] - 55 55 55 55 55 55 55 55 55 55 55 55 55 55 55 55 55 55 55 55 55 55 55 55 55 55 55 55 55 55 66 56 69 56 4F 74 65 63 68 32 00 83 00 00 00 22 03  

 Set DUKPT Key Encryption Type...

2021/5/3 11:04:12.690 [TX] - 56 69 56 4F 74 65 63 68 32 00 C7 32 00 01 00 FE 6D 
2021/5/3 11:04:12.748 [RX] - 55 55 55 55 55 55 55 55 55 55 55 55 55 55 55 55 55 55 55 55 55 55 55 55 55 55 55 55 55 55 66 56 69 56 4F 74 65 63 68 32 00 C7 00 00 00 86 6E  

 Get DUKPT Key Encryption Type...

2021/5/3 11:04:13.346 [TX] - 56 69 56 4F 74 65 63 68 32 00 C7 33 00 00 9B 1A 
2021/5/3 11:04:13.402 [RX] - 55 55 55 55 55 55 55 55 55 55 55 55 55 55 55 55 55 55 55 55 55 55 55 55 55 55 55 55 55 55 66 56 69 56 4F 74 65 63 68 32 00 C7 00 00 01 00 AC 7F  
OK!
 

 Loading DUKPT key...

2021/5/3 11:04:14.003 [TX] - 56 69 56 4F 74 65 63 68 32 00 80 00 00 65 30 39 36 46 31 35 35 37 37 45 39 41 44 41 30 30 38 38 4B 30 54 44 30 30 4E 30 30 30 30 30 30 38 30 45 30 39 46 43 39 35 35 45 36 33 43 32 45 43 43 30 42 34 39 44 42 46 35 31 37 36 36 42 32 41 39 34 34 33 37 32 37 35 39 30 32 33 30 32 32 30 32 32 33 34 39 38 37 31 32 30 32 33 34 30 30 30 30 30 30 30 30 9C 1B 
2021/5/3 11:04:14.290 [RX] - 55 55 55 55 55 55 55 55 55 55 55 55 55 55 55 55 55 55 55 55 55 55 55 55 55 55 55 55 55 55 66 56 69 56 4F 74 65 63 68 32 00 80 00 00 00 B9 DF 
2021/5/3 11:04:14.884 [TX] - 56 69 56 4F 74 65 63 68 32 00 80 00 00 65 31 32 45 43 36 30 30 37 37 45 39 41 44 41 30 30 38 38 4B 30 54 44 30 30 4E 30 30 30 30 30 30 38 30 31 44 31 45 36 30 44 36 45 32 46 38 44 31 44 36 32 34 42 44 34 34 36 42 43 39 33 31 34 33 33 41 30 33 33 36 33 31 30 34 35 36 37 38 32 37 37 30 32 33 41 39 39 37 31 32 36 32 33 34 30 30 30 30 30 30 30 30 30 E6 
2021/5/3 11:04:15.172 [RX] - 55 55 55 55 55 55 55 55 55 55 55 55 55 55 55 55 55 55 55 55 55 55 55 55 55 55 55 55 55 55 66 56 69 56 4F 74 65 63 68 32 00 80 00 00 00 B9 DF 
2021/5/3 11:04:15.767 [TX] - 56 69 56 4F 74 65 63 68 32 00 80 01 00 58 41 30 30 38 38 4B 30 54 44 30 30 4E 30 30 30 30 46 41 42 44 39 44 34 32 37 34 31 30 42 36 46 41 35 45 44 33 42 37 36 41 44 37 46 41 45 38 45 33 31 36 30 32 31 33 42 46 44 38 31 31 38 32 32 33 38 31 38 41 45 43 46 30 43 44 41 44 42 31 39 41 42 45 39 37 41 41 32 43 B8 FE 
2021/5/3 11:04:16.027 [RX] - 55 55 55 55 55 55 55 55 55 55 55 55 55 55 55 55 55 55 55 55 55 55 55 55 55 55 55 55 55 55 66 56 69 56 4F 74 65 63 68 32 00 80 00 00 00 B9 DF 
2021/5/3 11:04:16.618 [TX] - 56 69 56 4F 74 65 63 68 32 00 81 00 00 71 05 41 30 31 31 32 44 30 54 45 30 30 4E 30 31 30 30 4B 53 31 38 36 32 39 39 34 39 30 31 32 43 30 30 30 34 36 30 30 30 30 31 37 39 46 43 30 31 36 44 31 34 46 34 35 42 39 41 33 37 46 37 32 42 44 35 41 35 37 37 41 43 35 33 34 37 36 42 31 35 35 34 32 45 39 42 39 30 46 35 36 32 46 36 37 36 35 30 45 46 35 33 43 34 44 39 45 42 41 36 39 35 39 46 76 88 
2021/5/3 11:04:16.945 [RX] - 55 55 55 55 55 55 55 55 55 55 55 55 55 55 55 55 55 55 55 55 55 55 55 55 55 55 55 55 55 55 66 56 69 56 4F 74 65 63 68 32 00 81 00 00 00 CF 6B  
OK!
 

 --- Poll on Demand

2021/5/3 11:04:17.554 [TX] - 56 69 56 4F 74 65 63 68 32 00 01 01 00 01 01 D7 34 
2021/5/3 11:04:17.613 [RX] - 55 55 55 55 55 55 55 55 55 55 55 55 55 55 55 55 55 55 55 55 55 55 55 55 55 55 55 55 55 55 66 56 69 56 4F 74 65 63 68 32 00 01 00 00 00 12 53  

 --- 02-40 Activate Transaction

2021/5/3 11:04:19.044 [TX] - 56 69 56 4F 74 65 63 68 32 00 02 40 00 15 0A 9F 02 06 00 00 00 00 10 00 9A 03 07 11 21 9F 21 03 10 15 20 5E 34 
2021/5/3 11:04:20.008 [RX] - 55 55 55 55 55 55 55 55 55 55 55 55 55 55 55 55 55 55 55 55 55 55 55 55 55 55 55 55 55 55 66 56 69 56 4F 74 65 63 68 32 00 02 23 01 C4 D1 FF EE 12 0A 62 99 49 01 2C 00 04 60 00 01 9A 03 07 11 21 9F 21 03 10 15 20 9F 37 04 8C 37 C5 79 9F 6A 04 00 00 00 91 9C 01 00 9F 39 01 91 FF EE 01 04 DF 30 01 00 9F 1E 08 32 33 34 35 36 37 38 39 DF 81 16 16 1E 04 00 00 00 65 6E 00 00 00 00 00 00 00 00 00 00 00 00 00 00 00 DF 81 29 08 30 F0 F0 00 30 F0 FF 00 FF 81 06 46 DF 81 15 06 00 00 00 00 00 FF 9F 6E 07 08 40 00 00 30 30 00 DF 81 2A C1 18 F9 33 57 81 E9 D1 21 06 AD 17 55 32 6C 0B 52 19 14 37 CE F3 19 6C 9E 24 DF 81 2B C1 10 79 5F EF A6 2D 5C 88 9A 41 DF 3C 21 F0 C4 49 06 FF 81 05 81 D2 9F 02 06 00 00 00 00 10 00 9F 6D 02 00 01 50 10 44 65 62 69 74 20 4D 61 73 74 65 72 43 61 72 64 9F 12 10 44 65 62 69 74 20 4D 61 73 74 65 72 43 61 72 64 84 07 A0 00 00 00 04 10 10 9F 11 01 01 56 A1 29 2A 35 31 32 38 2A 2A 2A 2A 2A 2A 2A 2A 38 31 37 31 5E 20 2F 5E 31 38 30 33 36 32 32 2A 2A 2A 2A 2A 2A 2A 2A 2A 2A 2A 2A 2A 56 C1 30 5C 45 F6 54 E8 3C 4E F1 B8 E3 60 57 E5 12 CF BC 29 50 1B F8 DC 76 66 76 C8 F9 6A B5 5A 98 79 56 CE 54 23 DF 89 A9 03 52 39 AC DC 4D EC 16 19 B7  Tag 56 9F 6B A1 13 51 28 CC CC CC CC 81 71 D1 80 36 22 CC CC CC CC CC CC CC 9F 6B C1 18 05 45 45 AB 99 64 F1 1F B1 6E 95 FD 9F 72 69 01 B6 3B 45 42 6A 6B 5A 59  Tag 9F6B DF EF 4C 06 00 27 00 00 00 00 DF EF 4D 28 11 29 5D 7F AB D9 98 D3 59 B8 36 FC 2A 38 24 75 EF 2B A0 CD 4D 59 DE E2 10 22 80 B6 51 D2 15 56 2C 29 6F 60 97 59 69 A3 DF EE 26 01 D1 3C 14  

 Erase All Keys...

2021/5/3 11:04:21.540 [TX] - 56 69 56 4F 74 65 63 68 32 00 83 00 00 00 03 22 
2021/5/3 11:04:21.596 [RX] - 55 55 55 55 55 55 55 55 55 55 55 55 55 55 55 55 55 55 55 55 55 55 55 55 55 55 55 55 55 55 66 56 69 56 4F 74 65 63 68 32 00 83 00 00 00 22 03  

 Set DUKPT Key Encryption Type...

2021/5/3 11:04:22.192 [TX] - 56 69 56 4F 74 65 63 68 32 00 C7 32 00 01 00 FE 6D 
2021/5/3 11:04:22.251 [RX] - 55 55 55 55 55 55 55 55 55 55 55 55 55 55 55 55 55 55 55 55 55 55 55 55 55 55 55 55 55 55 66 56 69 56 4F 74 65 63 68 32 00 C7 00 00 00 86 6E  

 Get DUKPT Key Encryption Type...

2021/5/3 11:04:22.848 [TX] - 56 69 56 4F 74 65 63 68 32 00 C7 33 00 00 9B 1A 
2021/5/3 11:04:22.904 [RX] - 55 55 55 55 55 55 55 55 55 55 55 55 55 55 55 55 55 55 55 55 55 55 55 55 55 55 55 55 55 55 66 56 69 56 4F 74 65 63 68 32 00 C7 00 00 01 00 AC 7F  
OK!
 

 Loading DUKPT key...

2021/5/3 11:04:23.505 [TX] - 56 69 56 4F 74 65 63 68 32 00 80 00 00 65 30 39 36 46 31 35 35 37 37 45 39 41 44 41 30 30 38 38 4B 30 54 44 30 30 4E 30 30 30 30 30 30 38 30 45 30 39 46 43 39 35 35 45 36 33 43 32 45 43 43 30 42 34 39 44 42 46 35 31 37 36 36 42 32 41 39 34 34 33 37 32 37 35 39 30 32 33 30 32 32 30 32 32 33 34 39 38 37 31 32 30 32 33 34 30 30 30 30 30 30 30 30 9C 1B 
2021/5/3 11:04:23.793 [RX] - 55 55 55 55 55 55 55 55 55 55 55 55 55 55 55 55 55 55 55 55 55 55 55 55 55 55 55 55 55 55 66 56 69 56 4F 74 65 63 68 32 00 80 00 00 00 B9 DF 
2021/5/3 11:04:24.386 [TX] - 56 69 56 4F 74 65 63 68 32 00 80 00 00 65 31 32 45 43 36 30 30 37 37 45 39 41 44 41 30 30 38 38 4B 30 54 44 30 30 4E 30 30 30 30 30 30 38 30 31 44 31 45 36 30 44 36 45 32 46 38 44 31 44 36 32 34 42 44 34 34 36 42 43 39 33 31 34 33 33 41 30 33 33 36 33 31 30 34 35 36 37 38 32 37 37 30 32 33 41 39 39 37 31 32 36 32 33 34 30 30 30 30 30 30 30 30 30 E6 
2021/5/3 11:04:24.675 [RX] - 55 55 55 55 55 55 55 55 55 55 55 55 55 55 55 55 55 55 55 55 55 55 55 55 55 55 55 55 55 55 66 56 69 56 4F 74 65 63 68 32 00 80 00 00 00 B9 DF 
2021/5/3 11:04:25.269 [TX] - 56 69 56 4F 74 65 63 68 32 00 80 01 00 58 41 30 30 38 38 4B 30 54 44 30 30 4E 30 30 30 30 46 41 42 44 39 44 34 32 37 34 31 30 42 36 46 41 35 45 44 33 42 37 36 41 44 37 46 41 45 38 45 33 31 36 30 32 31 33 42 46 44 38 31 31 38 32 32 33 38 31 38 41 45 43 46 30 43 44 41 44 42 31 39 41 42 45 39 37 41 41 32 43 B8 FE 
2021/5/3 11:04:25.529 [RX] - 55 55 55 55 55 55 55 55 55 55 55 55 55 55 55 55 55 55 55 55 55 55 55 55 55 55 55 55 55 55 66 56 69 56 4F 74 65 63 68 32 00 80 00 00 00 B9 DF 
2021/5/3 11:04:26.124 [TX] - 56 69 56 4F 74 65 63 68 32 00 81 00 00 71 05 41 30 31 31 32 44 30 54 45 30 30 4E 30 31 30 30 4B 53 31 38 36 32 39 39 34 39 30 31 32 43 30 30 30 34 36 30 30 30 30 31 37 39 46 43 30 31 36 44 31 34 46 34 35 42 39 41 33 37 46 37 32 42 44 35 41 35 37 37 41 43 35 33 34 37 36 42 31 35 35 34 32 45 39 42 39 30 46 35 36 32 46 36 37 36 35 30 45 46 35 33 43 34 44 39 45 42 41 36 39 35 39 46 76 88 
2021/5/3 11:04:26.450 [RX] - 55 55 55 55 55 55 55 55 55 55 55 55 55 55 55 55 55 55 55 55 55 55 55 55 55 55 55 55 55 55 66 56 69 56 4F 74 65 63 68 32 00 81 00 00 00 CF 6B  
OK!
 

 --- Auto poll

2021/5/3 11:04:27.060 [TX] - 56 69 56 4F 74 65 63 68 32 00 01 01 00 01 00 F6 24 
2021/5/3 11:04:27.118 [RX] - 55 55 55 55 55 55 55 55 55 55 55 55 55 55 55 55 55 55 55 55 55 55 55 55 55 55 55 55 55 55 66 56 69 56 4F 74 65 63 68 32 00 01 00 00 00 12 53  

 --- 03-40

2021/5/3 11:04:29.396 [TX] - 56 69 56 4F 74 65 63 68 32 00 03 40 00 00 96 E2 
2021/5/3 11:04:29.452 [RX] - 55 55 55 55 55 55 55 55 55 55 55 55 55 55 55 55 55 55 55 55 55 55 55 55 55 55 55 55 55 55 66 56 69 56 4F 74 65 63 68 32 00 03 23 01 C4 D1 FF EE 12 0A 62 99 49 01 2C 00 04 60 00 01 9A 03 14 08 10 9F 21 03 12 32 18 9F 37 04 1B 3F BB 12 9F 6A 04 00 00 00 42 9C 01 00 9F 39 01 91 FF EE 01 04 DF 30 01 00 9F 1E 08 32 33 34 35 36 37 38 39 DF 81 16 16 1E 04 00 00 00 65 6E 00 00 00 00 00 00 00 00 00 00 00 00 00 00 00 DF 81 29 08 30 F0 F0 00 30 F0 FF 00 FF 81 06 46 DF 81 15 06 00 00 00 00 00 FF 9F 6E 07 08 40 00 00 30 30 00 DF 81 2A C1 18 F9 33 57 81 E9 D1 21 06 AD 17 55 32 6C 0B 52 19 14 37 CE F3 19 6C 9E 24 DF 81 2B C1 10 79 5F EF A6 2D 5C 88 9A 41 DF 3C 21 F0 C4 49 06 FF 81 05 81 D2 9F 02 06 00 00 00 00 00 01 9F 6D 02 00 01 50 10 44 65 62 69 74 20 4D 61 73 74 65 72 43 61 72 64 9F 12 10 44 65 62 69 74 20 4D 61 73 74 65 72 43 61 72 64 84 07 A0 00 00 00 04 10 10 9F 11 01 01 56 A1 29 2A 35 31 32 38 2A 2A 2A 2A 2A 2A 2A 2A 38 31 37 31 5E 20 2F 5E 31 38 30 33 36 32 32 2A 2A 2A 2A 2A 2A 2A 2A 2A 2A 2A 2A 2A 56 C1 30 5C 45 F6 54 E8 3C 4E F1 B8 E3 60 57 E5 12 CF BC 29 50 1B F8 DC 76 66 76 C8 F9 6A B5 5A 98 79 56 F7 CC 53 F4 10 73 07 67 0B 22 23 F2 C9 81 8C 63  Tag 56 9F 6B A1 13 51 28 CC CC CC CC 81 71 D1 80 36 22 CC CC CC CC CC CC CC 9F 6B C1 18 05 45 45 AB 99 64 F1 1F B1 6E 95 FD 9F 72 69 01 F5 F7 42 CB 2D CE 8C 65  Tag 9F6B DF EF 4C 06 00 27 00 00 00 00 DF EF 4D 28 11 29 5D 7F AB D9 98 D3 59 B8 36 FC 2A 38 24 75 EF 2B A0 CD 4D 59 DE E2 57 A0 DB D6 73 F5 CD CE 9D D8 69 67 88 4E 11 BF DF EE 26 01 D1 A3 9C  

 --- 04-00-----DFEF4B = 09 T3+T3 Sentinel

2021/5/3 11:04:30.984 [TX] - 56 69 56 4F 74 65 63 68 32 00 04 00 00 07 DF EF 4B 03 09 00 00 9C DA 
2021/5/3 11:04:31.056 [RX] - 55 55 55 55 55 55 55 55 55 55 55 55 55 55 55 55 55 55 55 55 55 55 55 55 55 55 55 55 55 55 66 56 69 56 4F 74 65 63 68 32 00 04 00 00 00 AE 16  

 Erase All Keys...

2021/5/3 11:04:31.152 [TX] - 56 69 56 4F 74 65 63 68 32 00 83 00 00 00 03 22 
2021/5/3 11:04:31.208 [RX] - 55 55 55 55 55 55 55 55 55 55 55 55 55 55 55 55 55 55 55 55 55 55 55 55 55 55 55 55 55 55 66 56 69 56 4F 74 65 63 68 32 00 83 00 00 00 22 03  

 Set DUKPT Key Encryption Type...

2021/5/3 11:04:31.804 [TX] - 56 69 56 4F 74 65 63 68 32 00 C7 32 00 01 00 FE 6D 
2021/5/3 11:04:31.862 [RX] - 55 55 55 55 55 55 55 55 55 55 55 55 55 55 55 55 55 55 55 55 55 55 55 55 55 55 55 55 55 55 66 56 69 56 4F 74 65 63 68 32 00 C7 00 00 00 86 6E  

 Get DUKPT Key Encryption Type...

2021/5/3 11:04:32.460 [TX] - 56 69 56 4F 74 65 63 68 32 00 C7 33 00 00 9B 1A 
2021/5/3 11:04:32.516 [RX] - 55 55 55 55 55 55 55 55 55 55 55 55 55 55 55 55 55 55 55 55 55 55 55 55 55 55 55 55 55 55 66 56 69 56 4F 74 65 63 68 32 00 C7 00 00 01 00 AC 7F  
OK!
 

 Loading DUKPT key...

2021/5/3 11:04:33.118 [TX] - 56 69 56 4F 74 65 63 68 32 00 80 00 00 65 30 39 36 46 31 35 35 37 37 45 39 41 44 41 30 30 38 38 4B 30 54 44 30 30 4E 30 30 30 30 30 30 38 30 45 30 39 46 43 39 35 35 45 36 33 43 32 45 43 43 30 42 34 39 44 42 46 35 31 37 36 36 42 32 41 39 34 34 33 37 32 37 35 39 30 32 33 30 32 32 30 32 32 33 34 39 38 37 31 32 30 32 33 34 30 30 30 30 30 30 30 30 9C 1B 
2021/5/3 11:04:33.405 [RX] - 55 55 55 55 55 55 55 55 55 55 55 55 55 55 55 55 55 55 55 55 55 55 55 55 55 55 55 55 55 55 66 56 69 56 4F 74 65 63 68 32 00 80 00 00 00 B9 DF 
2021/5/3 11:04:33.999 [TX] - 56 69 56 4F 74 65 63 68 32 00 80 00 00 65 31 32 45 43 36 30 30 37 37 45 39 41 44 41 30 30 38 38 4B 30 54 44 30 30 4E 30 30 30 30 30 30 38 30 31 44 31 45 36 30 44 36 45 32 46 38 44 31 44 36 32 34 42 44 34 34 36 42 43 39 33 31 34 33 33 41 30 33 33 36 33 31 30 34 35 36 37 38 32 37 37 30 32 33 41 39 39 37 31 32 36 32 33 34 30 30 30 30 30 30 30 30 30 E6 
2021/5/3 11:04:34.287 [RX] - 55 55 55 55 55 55 55 55 55 55 55 55 55 55 55 55 55 55 55 55 55 55 55 55 55 55 55 55 55 55 66 56 69 56 4F 74 65 63 68 32 00 80 00 00 00 B9 DF 
2021/5/3 11:04:34.880 [TX] - 56 69 56 4F 74 65 63 68 32 00 80 01 00 58 41 30 30 38 38 4B 30 54 44 30 30 4E 30 30 30 30 46 41 42 44 39 44 34 32 37 34 31 30 42 36 46 41 35 45 44 33 42 37 36 41 44 37 46 41 45 38 45 33 31 36 30 32 31 33 42 46 44 38 31 31 38 32 32 33 38 31 38 41 45 43 46 30 43 44 41 44 42 31 39 41 42 45 39 37 41 41 32 43 B8 FE 
2021/5/3 11:04:35.140 [RX] - 55 55 55 55 55 55 55 55 55 55 55 55 55 55 55 55 55 55 55 55 55 55 55 55 55 55 55 55 55 55 66 56 69 56 4F 74 65 63 68 32 00 80 00 00 00 B9 DF 
2021/5/3 11:04:35.735 [TX] - 56 69 56 4F 74 65 63 68 32 00 81 00 00 71 05 41 30 31 31 32 44 30 54 45 30 30 4E 30 31 30 30 4B 53 31 38 36 32 39 39 34 39 30 31 32 43 30 30 30 34 36 30 30 30 30 31 37 39 46 43 30 31 36 44 31 34 46 34 35 42 39 41 33 37 46 37 32 42 44 35 41 35 37 37 41 43 35 33 34 37 36 42 31 35 35 34 32 45 39 42 39 30 46 35 36 32 46 36 37 36 35 30 45 46 35 33 43 34 44 39 45 42 41 36 39 35 39 46 76 88 
2021/5/3 11:04:36.061 [RX] - 55 55 55 55 55 55 55 55 55 55 55 55 55 55 55 55 55 55 55 55 55 55 55 55 55 55 55 55 55 55 66 56 69 56 4F 74 65 63 68 32 00 81 00 00 00 CF 6B  
OK!
 

 --- Poll on Demand

2021/5/3 11:04:36.672 [TX] - 56 69 56 4F 74 65 63 68 32 00 01 01 00 01 01 D7 34 
2021/5/3 11:04:36.731 [RX] - 55 55 55 55 55 55 55 55 55 55 55 55 55 55 55 55 55 55 55 55 55 55 55 55 55 55 55 55 55 55 66 56 69 56 4F 74 65 63 68 32 00 01 00 00 00 12 53  

 --- 02-40 Activate Transaction

2021/5/3 11:04:38.532 [TX] - 56 69 56 4F 74 65 63 68 32 00 02 40 00 15 0A 9F 02 06 00 00 00 00 10 00 9A 03 07 11 21 9F 21 03 10 15 20 5E 34 
2021/5/3 11:04:39.486 [RX] - 55 55 55 55 55 55 55 55 55 55 55 55 55 55 55 55 55 55 55 55 55 55 55 55 55 55 55 55 55 55 66 56 69 56 4F 74 65 63 68 32 00 02 23 01 9C D1 FF EE 12 0A 62 99 49 01 2C 00 04 60 00 01 9A 03 07 11 21 9F 21 03 10 15 20 9F 37 04 7C 36 BD 07 9F 6A 04 00 00 00 60 9C 01 00 9F 39 01 91 FF EE 01 04 DF 30 01 00 9F 1E 08 32 33 34 35 36 37 38 39 DF 81 16 16 1E 04 00 00 00 65 6E 00 00 00 00 00 00 00 00 00 00 00 00 00 00 00 DF 81 29 08 30 F0 F0 00 30 F0 FF 00 FF 81 06 46 DF 81 15 06 00 00 00 00 00 FF 9F 6E 07 08 40 00 00 30 30 00 DF 81 2A C1 18 F9 33 57 81 E9 D1 21 06 AD 17 55 32 6C 0B 52 19 14 37 CE F3 19 6C 9E 24 DF 81 2B C1 10 79 5F EF A6 2D 5C 88 9A 41 DF 3C 21 F0 C4 49 06 FF 81 05 81 D2 9F 02 06 00 00 00 00 10 00 9F 6D 02 00 01 50 10 44 65 62 69 74 20 4D 61 73 74 65 72 43 61 72 64 9F 12 10 44 65 62 69 74 20 4D 61 73 74 65 72 43 61 72 64 84 07 A0 00 00 00 04 10 10 9F 11 01 01 56 A1 29 2A 35 31 32 38 2A 2A 2A 2A 2A 2A 2A 2A 38 31 37 31 5E 20 2F 5E 31 38 30 33 36 32 32 2A 2A 2A 2A 2A 2A 2A 2A 2A 2A 2A 2A 2A 56 C1 30 5C 45 F6 54 E8 3C 4E F1 B8 E3 60 57 E5 12 CF BC 29 50 1B F8 DC 76 66 76 C8 F9 6A B5 5A 98 79 56 64 2D 2E C3 9F FE 1E 2D 7C 19 92 58 77 D3 FA 33  Tag 56 9F 6B A1 13 51 28 CC CC CC CC 81 71 D1 80 36 22 CC CC CC CC CC CC CC 9F 6B C1 18 05 45 45 AB 99 64 F1 1F B1 6E 95 FD 9F 72 69 01 FE DF 47 14 51 94 4D 63  Tag 9F6B DF EF 4C 06 00 00 00 00 00 00 DF EF 4D 00 DF EE 26 01 D1 83 38  

 Erase All Keys...

2021/5/3 11:04:40.936 [TX] - 56 69 56 4F 74 65 63 68 32 00 83 00 00 00 03 22 
2021/5/3 11:04:40.992 [RX] - 55 55 55 55 55 55 55 55 55 55 55 55 55 55 55 55 55 55 55 55 55 55 55 55 55 55 55 55 55 55 66 56 69 56 4F 74 65 63 68 32 00 83 00 00 00 22 03  

 Set DUKPT Key Encryption Type...

2021/5/3 11:04:41.586 [TX] - 56 69 56 4F 74 65 63 68 32 00 C7 32 00 01 00 FE 6D 
2021/5/3 11:04:41.645 [RX] - 55 55 55 55 55 55 55 55 55 55 55 55 55 55 55 55 55 55 55 55 55 55 55 55 55 55 55 55 55 55 66 56 69 56 4F 74 65 63 68 32 00 C7 00 00 00 86 6E  

 Get DUKPT Key Encryption Type...

2021/5/3 11:04:42.241 [TX] - 56 69 56 4F 74 65 63 68 32 00 C7 33 00 00 9B 1A 
2021/5/3 11:04:42.297 [RX] - 55 55 55 55 55 55 55 55 55 55 55 55 55 55 55 55 55 55 55 55 55 55 55 55 55 55 55 55 55 55 66 56 69 56 4F 74 65 63 68 32 00 C7 00 00 01 00 AC 7F  
OK!
 

 Loading DUKPT key...

2021/5/3 11:04:42.904 [TX] - 56 69 56 4F 74 65 63 68 32 00 80 00 00 65 30 39 36 46 31 35 35 37 37 45 39 41 44 41 30 30 38 38 4B 30 54 44 30 30 4E 30 30 30 30 30 30 38 30 45 30 39 46 43 39 35 35 45 36 33 43 32 45 43 43 30 42 34 39 44 42 46 35 31 37 36 36 42 32 41 39 34 34 33 37 32 37 35 39 30 32 33 30 32 32 30 32 32 33 34 39 38 37 31 32 30 32 33 34 30 30 30 30 30 30 30 30 9C 1B 
2021/5/3 11:04:43.192 [RX] - 55 55 55 55 55 55 55 55 55 55 55 55 55 55 55 55 55 55 55 55 55 55 55 55 55 55 55 55 55 55 66 56 69 56 4F 74 65 63 68 32 00 80 00 00 00 B9 DF 
2021/5/3 11:04:43.785 [TX] - 56 69 56 4F 74 65 63 68 32 00 80 00 00 65 31 32 45 43 36 30 30 37 37 45 39 41 44 41 30 30 38 38 4B 30 54 44 30 30 4E 30 30 30 30 30 30 38 30 31 44 31 45 36 30 44 36 45 32 46 38 44 31 44 36 32 34 42 44 34 34 36 42 43 39 33 31 34 33 33 41 30 33 33 36 33 31 30 34 35 36 37 38 32 37 37 30 32 33 41 39 39 37 31 32 36 32 33 34 30 30 30 30 30 30 30 30 30 E6 
2021/5/3 11:04:44.074 [RX] - 55 55 55 55 55 55 55 55 55 55 55 55 55 55 55 55 55 55 55 55 55 55 55 55 55 55 55 55 55 55 66 56 69 56 4F 74 65 63 68 32 00 80 00 00 00 B9 DF 
2021/5/3 11:04:44.668 [TX] - 56 69 56 4F 74 65 63 68 32 00 80 01 00 58 41 30 30 38 38 4B 30 54 44 30 30 4E 30 30 30 30 46 41 42 44 39 44 34 32 37 34 31 30 42 36 46 41 35 45 44 33 42 37 36 41 44 37 46 41 45 38 45 33 31 36 30 32 31 33 42 46 44 38 31 31 38 32 32 33 38 31 38 41 45 43 46 30 43 44 41 44 42 31 39 41 42 45 39 37 41 41 32 43 B8 FE 
2021/5/3 11:04:44.928 [RX] - 55 55 55 55 55 55 55 55 55 55 55 55 55 55 55 55 55 55 55 55 55 55 55 55 55 55 55 55 55 55 66 56 69 56 4F 74 65 63 68 32 00 80 00 00 00 B9 DF 
2021/5/3 11:04:45.524 [TX] - 56 69 56 4F 74 65 63 68 32 00 81 00 00 71 05 41 30 31 31 32 44 30 54 45 30 30 4E 30 31 30 30 4B 53 31 38 36 32 39 39 34 39 30 31 32 43 30 30 30 34 36 30 30 30 30 31 37 39 46 43 30 31 36 44 31 34 46 34 35 42 39 41 33 37 46 37 32 42 44 35 41 35 37 37 41 43 35 33 34 37 36 42 31 35 35 34 32 45 39 42 39 30 46 35 36 32 46 36 37 36 35 30 45 46 35 33 43 34 44 39 45 42 41 36 39 35 39 46 76 88 
2021/5/3 11:04:45.850 [RX] - 55 55 55 55 55 55 55 55 55 55 55 55 55 55 55 55 55 55 55 55 55 55 55 55 55 55 55 55 55 55 66 56 69 56 4F 74 65 63 68 32 00 81 00 00 00 CF 6B  
OK!
 

 --- Auto poll

2021/5/3 11:04:46.459 [TX] - 56 69 56 4F 74 65 63 68 32 00 01 01 00 01 00 F6 24 
2021/5/3 11:04:46.518 [RX] - 55 55 55 55 55 55 55 55 55 55 55 55 55 55 55 55 55 55 55 55 55 55 55 55 55 55 55 55 55 55 66 56 69 56 4F 74 65 63 68 32 00 01 00 00 00 12 53  

 --- 03-40

2021/5/3 11:04:48.740 [TX] - 56 69 56 4F 74 65 63 68 32 00 03 40 00 00 96 E2 
2021/5/3 11:04:48.796 [RX] - 55 55 55 55 55 55 55 55 55 55 55 55 55 55 55 55 55 55 55 55 55 55 55 55 55 55 55 55 55 55 66 56 69 56 4F 74 65 63 68 32 00 03 23 01 9C D1 FF EE 12 0A 62 99 49 01 2C 00 04 60 00 01 9A 03 14 08 10 9F 21 03 12 32 37 9F 37 04 FC 73 72 5C 9F 6A 04 00 00 00 77 9C 01 00 9F 39 01 91 FF EE 01 04 DF 30 01 00 9F 1E 08 32 33 34 35 36 37 38 39 DF 81 16 16 1E 04 00 00 00 65 6E 00 00 00 00 00 00 00 00 00 00 00 00 00 00 00 DF 81 29 08 30 F0 F0 00 30 F0 FF 00 FF 81 06 46 DF 81 15 06 00 00 00 00 00 FF 9F 6E 07 08 40 00 00 30 30 00 DF 81 2A C1 18 F9 33 57 81 E9 D1 21 06 AD 17 55 32 6C 0B 52 19 14 37 CE F3 19 6C 9E 24 DF 81 2B C1 10 79 5F EF A6 2D 5C 88 9A 41 DF 3C 21 F0 C4 49 06 FF 81 05 81 D2 9F 02 06 00 00 00 00 00 01 9F 6D 02 00 01 50 10 44 65 62 69 74 20 4D 61 73 74 65 72 43 61 72 64 9F 12 10 44 65 62 69 74 20 4D 61 73 74 65 72 43 61 72 64 84 07 A0 00 00 00 04 10 10 9F 11 01 01 56 A1 29 2A 35 31 32 38 2A 2A 2A 2A 2A 2A 2A 2A 38 31 37 31 5E 20 2F 5E 31 38 30 33 36 32 32 2A 2A 2A 2A 2A 2A 2A 2A 2A 2A 2A 2A 2A 56 C1 30 5C 45 F6 54 E8 3C 4E F1 B8 E3 60 57 E5 12 CF BC 29 50 1B F8 DC 76 66 76 C8 F9 6A B5 5A 98 79 56 6A 0A FE 6D 6D 5D AC C8 95 88 A4 E3 88 BB 3C 38  Tag 56 9F 6B A1 13 51 28 CC CC CC CC 81 71 D1 80 36 22 CC CC CC CC CC CC CC 9F 6B C1 18 05 45 45 AB 99 64 F1 1F B1 6E 95 FD 9F 72 69 01 CB D2 3A 2A D7 DB A9 EB  Tag 9F6B DF EF 4C 06 00 00 00 00 00 00 DF EF 4D 00 DF EE 26 01 D1 99 EA  

 --- 04-00-----DFEF4B = 36 T1+T2+T1 Sentinel+T2 Sentinel

2021/5/3 11:04:50.245 [TX] - 56 69 56 4F 74 65 63 68 32 00 04 00 00 07 DF EF 4B 03 36 00 00 08 33 
2021/5/3 11:04:50.317 [RX] - 55 55 55 55 55 55 55 55 55 55 55 55 55 55 55 55 55 55 55 55 55 55 55 55 55 55 55 55 55 55 66 56 69 56 4F 74 65 63 68 32 00 04 00 00 00 AE 16  

 Erase All Keys...

2021/5/3 11:04:50.412 [TX] - 56 69 56 4F 74 65 63 68 32 00 83 00 00 00 03 22 
2021/5/3 11:04:50.468 [RX] - 55 55 55 55 55 55 55 55 55 55 55 55 55 55 55 55 55 55 55 55 55 55 55 55 55 55 55 55 55 55 66 56 69 56 4F 74 65 63 68 32 00 83 00 00 00 22 03  

 Set DUKPT Key Encryption Type...

2021/5/3 11:04:51.064 [TX] - 56 69 56 4F 74 65 63 68 32 00 C7 32 00 01 00 FE 6D 
2021/5/3 11:04:51.122 [RX] - 55 55 55 55 55 55 55 55 55 55 55 55 55 55 55 55 55 55 55 55 55 55 55 55 55 55 55 55 55 55 66 56 69 56 4F 74 65 63 68 32 00 C7 00 00 00 86 6E  

 Get DUKPT Key Encryption Type...

2021/5/3 11:04:51.720 [TX] - 56 69 56 4F 74 65 63 68 32 00 C7 33 00 00 9B 1A 
2021/5/3 11:04:51.776 [RX] - 55 55 55 55 55 55 55 55 55 55 55 55 55 55 55 55 55 55 55 55 55 55 55 55 55 55 55 55 55 55 66 56 69 56 4F 74 65 63 68 32 00 C7 00 00 01 00 AC 7F  
OK!
 

 Loading DUKPT key...

2021/5/3 11:04:52.377 [TX] - 56 69 56 4F 74 65 63 68 32 00 80 00 00 65 30 39 36 46 31 35 35 37 37 45 39 41 44 41 30 30 38 38 4B 30 54 44 30 30 4E 30 30 30 30 30 30 38 30 45 30 39 46 43 39 35 35 45 36 33 43 32 45 43 43 30 42 34 39 44 42 46 35 31 37 36 36 42 32 41 39 34 34 33 37 32 37 35 39 30 32 33 30 32 32 30 32 32 33 34 39 38 37 31 32 30 32 33 34 30 30 30 30 30 30 30 30 9C 1B 
2021/5/3 11:04:52.665 [RX] - 55 55 55 55 55 55 55 55 55 55 55 55 55 55 55 55 55 55 55 55 55 55 55 55 55 55 55 55 55 55 66 56 69 56 4F 74 65 63 68 32 00 80 00 00 00 B9 DF 
2021/5/3 11:04:53.259 [TX] - 56 69 56 4F 74 65 63 68 32 00 80 00 00 65 31 32 45 43 36 30 30 37 37 45 39 41 44 41 30 30 38 38 4B 30 54 44 30 30 4E 30 30 30 30 30 30 38 30 31 44 31 45 36 30 44 36 45 32 46 38 44 31 44 36 32 34 42 44 34 34 36 42 43 39 33 31 34 33 33 41 30 33 33 36 33 31 30 34 35 36 37 38 32 37 37 30 32 33 41 39 39 37 31 32 36 32 33 34 30 30 30 30 30 30 30 30 30 E6 
2021/5/3 11:04:53.547 [RX] - 55 55 55 55 55 55 55 55 55 55 55 55 55 55 55 55 55 55 55 55 55 55 55 55 55 55 55 55 55 55 66 56 69 56 4F 74 65 63 68 32 00 80 00 00 00 B9 DF 
2021/5/3 11:04:54.142 [TX] - 56 69 56 4F 74 65 63 68 32 00 80 01 00 58 41 30 30 38 38 4B 30 54 44 30 30 4E 30 30 30 30 46 41 42 44 39 44 34 32 37 34 31 30 42 36 46 41 35 45 44 33 42 37 36 41 44 37 46 41 45 38 45 33 31 36 30 32 31 33 42 46 44 38 31 31 38 32 32 33 38 31 38 41 45 43 46 30 43 44 41 44 42 31 39 41 42 45 39 37 41 41 32 43 B8 FE 
2021/5/3 11:04:54.402 [RX] - 55 55 55 55 55 55 55 55 55 55 55 55 55 55 55 55 55 55 55 55 55 55 55 55 55 55 55 55 55 55 66 56 69 56 4F 74 65 63 68 32 00 80 00 00 00 B9 DF 
2021/5/3 11:04:54.997 [TX] - 56 69 56 4F 74 65 63 68 32 00 81 00 00 71 05 41 30 31 31 32 44 30 54 45 30 30 4E 30 31 30 30 4B 53 31 38 36 32 39 39 34 39 30 31 32 43 30 30 30 34 36 30 30 30 30 31 37 39 46 43 30 31 36 44 31 34 46 34 35 42 39 41 33 37 46 37 32 42 44 35 41 35 37 37 41 43 35 33 34 37 36 42 31 35 35 34 32 45 39 42 39 30 46 35 36 32 46 36 37 36 35 30 45 46 35 33 43 34 44 39 45 42 41 36 39 35 39 46 76 88 
2021/5/3 11:04:55.370 [RX] - 55 55 55 55 55 55 55 55 55 55 55 55 55 55 55 55 55 55 55 55 55 55 55 55 55 55 55 55 55 55 66 56 69 56 4F 74 65 63 68 32 00 81 00 00 00 CF 6B  
OK!
 

 --- Poll on Demand

2021/5/3 11:04:55.980 [TX] - 56 69 56 4F 74 65 63 68 32 00 01 01 00 01 01 D7 34 
2021/5/3 11:04:56.039 [RX] - 55 55 55 55 55 55 55 55 55 55 55 55 55 55 55 55 55 55 55 55 55 55 55 55 55 55 55 55 55 55 66 56 69 56 4F 74 65 63 68 32 00 01 00 00 00 12 53  

 --- 02-40 Activate Transaction

2021/5/3 11:04:57.092 [TX] - 56 69 56 4F 74 65 63 68 32 00 02 40 00 15 0A 9F 02 06 00 00 00 00 10 00 9A 03 07 11 21 9F 21 03 10 15 20 5E 34 
2021/5/3 11:04:57.993 [RX] - 55 55 55 55 55 55 55 55 55 55 55 55 55 55 55 55 55 55 55 55 55 55 55 55 55 55 55 55 55 55 66 56 69 56 4F 74 65 63 68 32 00 02 23 01 F4 D1 FF EE 12 0A 62 99 49 01 2C 00 04 60 00 01 9A 03 07 11 21 9F 21 03 10 15 20 9F 37 04 86 D4 56 0B 9F 6A 04 00 00 00 03 9C 01 00 9F 39 01 91 FF EE 01 04 DF 30 01 00 9F 1E 08 32 33 34 35 36 37 38 39 DF 81 16 16 1E 04 00 00 00 65 6E 00 00 00 00 00 00 00 00 00 00 00 00 00 00 00 DF 81 29 08 30 F0 F0 00 30 F0 FF 00 FF 81 06 46 DF 81 15 06 00 00 00 00 00 FF 9F 6E 07 08 40 00 00 30 30 00 DF 81 2A C1 18 F9 33 57 81 E9 D1 21 06 AD 17 55 32 6C 0B 52 19 14 37 CE F3 19 6C 9E 24 DF 81 2B C1 10 79 5F EF A6 2D 5C 88 9A 41 DF 3C 21 F0 C4 49 06 FF 81 05 81 D2 9F 02 06 00 00 00 00 10 00 9F 6D 02 00 01 50 10 44 65 62 69 74 20 4D 61 73 74 65 72 43 61 72 64 9F 12 10 44 65 62 69 74 20 4D 61 73 74 65 72 43 61 72 64 84 07 A0 00 00 00 04 10 10 9F 11 01 01 56 A1 29 2A 35 31 32 38 2A 2A 2A 2A 2A 2A 2A 2A 38 31 37 31 5E 20 2F 5E 31 38 30 33 36 32 32 2A 2A 2A 2A 2A 2A 2A 2A 2A 2A 2A 2A 2A 56 C1 30 5C 45 F6 54 E8 3C 4E F1 B8 E3 60 57 E5 12 CF BC 29 50 1B F8 DC 76 66 76 C8 F9 6A B5 5A 98 79 56 EF F5 F5 66 70 1B 0E 0D 2E 04 7A 71 97 F7 9D 33  Tag 56 9F 6B A1 13 51 28 CC CC CC CC 81 71 D1 80 36 22 CC CC CC CC CC CC CC 9F 6B C1 18 05 45 45 AB 99 64 F1 1F B1 6E 95 FD 9F 72 69 01 F2 0C 33 63 87 89 5E 0E  Tag 9F6B DF EF 4C 06 2B 27 00 00 00 00 DF EF 4D 58 BB 51 32 DD D2 DE E0 DB EB 40 7D 90 1C 15 A6 6D 4C CA F1 38 11 60 40 A0 04 F7 27 5A 1C D0 08 2F 90 14 34 51 3B 2C 58 A5 C0 13 F0 AE BF 43 EA EF CF 62 70 25 DA 87 F6 68 3B BD 06 9A 8A 30 99 F3 7D EE C7 54 3B C8 63 0E C2 6C AB EC 96 95 97 42 AC 7B B5 0B 68 7C AD CD DF EE 26 01 D1 63 DD  

 Erase All Keys...

2021/5/3 11:04:59.626 [TX] - 56 69 56 4F 74 65 63 68 32 00 83 00 00 00 03 22 
2021/5/3 11:04:59.682 [RX] - 55 55 55 55 55 55 55 55 55 55 55 55 55 55 55 55 55 55 55 55 55 55 55 55 55 55 55 55 55 55 66 56 69 56 4F 74 65 63 68 32 00 83 00 00 00 22 03  

 Set DUKPT Key Encryption Type...

2021/5/3 11:05:00.277 [TX] - 56 69 56 4F 74 65 63 68 32 00 C7 32 00 01 00 FE 6D 
2021/5/3 11:05:00.336 [RX] - 55 55 55 55 55 55 55 55 55 55 55 55 55 55 55 55 55 55 55 55 55 55 55 55 55 55 55 55 55 55 66 56 69 56 4F 74 65 63 68 32 00 C7 00 00 00 86 6E  

 Get DUKPT Key Encryption Type...

2021/5/3 11:05:00.933 [TX] - 56 69 56 4F 74 65 63 68 32 00 C7 33 00 00 9B 1A 
2021/5/3 11:05:00.989 [RX] - 55 55 55 55 55 55 55 55 55 55 55 55 55 55 55 55 55 55 55 55 55 55 55 55 55 55 55 55 55 55 66 56 69 56 4F 74 65 63 68 32 00 C7 00 00 01 00 AC 7F  
OK!
 

 Loading DUKPT key...

2021/5/3 11:05:01.590 [TX] - 56 69 56 4F 74 65 63 68 32 00 80 00 00 65 30 39 36 46 31 35 35 37 37 45 39 41 44 41 30 30 38 38 4B 30 54 44 30 30 4E 30 30 30 30 30 30 38 30 45 30 39 46 43 39 35 35 45 36 33 43 32 45 43 43 30 42 34 39 44 42 46 35 31 37 36 36 42 32 41 39 34 34 33 37 32 37 35 39 30 32 33 30 32 32 30 32 32 33 34 39 38 37 31 32 30 32 33 34 30 30 30 30 30 30 30 30 9C 1B 
2021/5/3 11:05:01.878 [RX] - 55 55 55 55 55 55 55 55 55 55 55 55 55 55 55 55 55 55 55 55 55 55 55 55 55 55 55 55 55 55 66 56 69 56 4F 74 65 63 68 32 00 80 00 00 00 B9 DF 
2021/5/3 11:05:02.471 [TX] - 56 69 56 4F 74 65 63 68 32 00 80 00 00 65 31 32 45 43 36 30 30 37 37 45 39 41 44 41 30 30 38 38 4B 30 54 44 30 30 4E 30 30 30 30 30 30 38 30 31 44 31 45 36 30 44 36 45 32 46 38 44 31 44 36 32 34 42 44 34 34 36 42 43 39 33 31 34 33 33 41 30 33 33 36 33 31 30 34 35 36 37 38 32 37 37 30 32 33 41 39 39 37 31 32 36 32 33 34 30 30 30 30 30 30 30 30 30 E6 
2021/5/3 11:05:02.760 [RX] - 55 55 55 55 55 55 55 55 55 55 55 55 55 55 55 55 55 55 55 55 55 55 55 55 55 55 55 55 55 55 66 56 69 56 4F 74 65 63 68 32 00 80 00 00 00 B9 DF 
2021/5/3 11:05:03.354 [TX] - 56 69 56 4F 74 65 63 68 32 00 80 01 00 58 41 30 30 38 38 4B 30 54 44 30 30 4E 30 30 30 30 46 41 42 44 39 44 34 32 37 34 31 30 42 36 46 41 35 45 44 33 42 37 36 41 44 37 46 41 45 38 45 33 31 36 30 32 31 33 42 46 44 38 31 31 38 32 32 33 38 31 38 41 45 43 46 30 43 44 41 44 42 31 39 41 42 45 39 37 41 41 32 43 B8 FE 
2021/5/3 11:05:03.614 [RX] - 55 55 55 55 55 55 55 55 55 55 55 55 55 55 55 55 55 55 55 55 55 55 55 55 55 55 55 55 55 55 66 56 69 56 4F 74 65 63 68 32 00 80 00 00 00 B9 DF 
2021/5/3 11:05:04.209 [TX] - 56 69 56 4F 74 65 63 68 32 00 81 00 00 71 05 41 30 31 31 32 44 30 54 45 30 30 4E 30 31 30 30 4B 53 31 38 36 32 39 39 34 39 30 31 32 43 30 30 30 34 36 30 30 30 30 31 37 39 46 43 30 31 36 44 31 34 46 34 35 42 39 41 33 37 46 37 32 42 44 35 41 35 37 37 41 43 35 33 34 37 36 42 31 35 35 34 32 45 39 42 39 30 46 35 36 32 46 36 37 36 35 30 45 46 35 33 43 34 44 39 45 42 41 36 39 35 39 46 76 88 
2021/5/3 11:05:04.535 [RX] - 55 55 55 55 55 55 55 55 55 55 55 55 55 55 55 55 55 55 55 55 55 55 55 55 55 55 55 55 55 55 66 56 69 56 4F 74 65 63 68 32 00 81 00 00 00 CF 6B  
OK!
 

 --- Auto poll

2021/5/3 11:05:05.145 [TX] - 56 69 56 4F 74 65 63 68 32 00 01 01 00 01 00 F6 24 
2021/5/3 11:05:05.204 [RX] - 55 55 55 55 55 55 55 55 55 55 55 55 55 55 55 55 55 55 55 55 55 55 55 55 55 55 55 55 55 55 66 56 69 56 4F 74 65 63 68 32 00 01 00 00 00 12 53  

 --- 03-40

2021/5/3 11:05:07.396 [TX] - 56 69 56 4F 74 65 63 68 32 00 03 40 00 00 96 E2 
2021/5/3 11:05:07.452 [RX] - 55 55 55 55 55 55 55 55 55 55 55 55 55 55 55 55 55 55 55 55 55 55 55 55 55 55 55 55 55 55 66 56 69 56 4F 74 65 63 68 32 00 03 23 01 F4 D1 FF EE 12 0A 62 99 49 01 2C 00 04 60 00 01 9A 03 14 08 10 9F 21 03 12 32 56 9F 37 04 E6 97 67 EC 9F 6A 04 00 00 00 82 9C 01 00 9F 39 01 91 FF EE 01 04 DF 30 01 00 9F 1E 08 32 33 34 35 36 37 38 39 DF 81 16 16 1E 04 00 00 00 65 6E 00 00 00 00 00 00 00 00 00 00 00 00 00 00 00 DF 81 29 08 30 F0 F0 00 30 F0 FF 00 FF 81 06 46 DF 81 15 06 00 00 00 00 00 FF 9F 6E 07 08 40 00 00 30 30 00 DF 81 2A C1 18 F9 33 57 81 E9 D1 21 06 AD 17 55 32 6C 0B 52 19 14 37 CE F3 19 6C 9E 24 DF 81 2B C1 10 79 5F EF A6 2D 5C 88 9A 41 DF 3C 21 F0 C4 49 06 FF 81 05 81 D2 9F 02 06 00 00 00 00 00 01 9F 6D 02 00 01 50 10 44 65 62 69 74 20 4D 61 73 74 65 72 43 61 72 64 9F 12 10 44 65 62 69 74 20 4D 61 73 74 65 72 43 61 72 64 84 07 A0 00 00 00 04 10 10 9F 11 01 01 56 A1 29 2A 35 31 32 38 2A 2A 2A 2A 2A 2A 2A 2A 38 31 37 31 5E 20 2F 5E 31 38 30 33 36 32 32 2A 2A 2A 2A 2A 2A 2A 2A 2A 2A 2A 2A 2A 56 C1 30 5C 45 F6 54 E8 3C 4E F1 B8 E3 60 57 E5 12 CF BC 29 50 1B F8 DC 76 66 76 C8 F9 6A B5 5A 98 79 56 3E 9B 77 FE 04 99 85 B9 6C FD E6 E5 5A EE DA DB  Tag 56 9F 6B A1 13 51 28 CC CC CC CC 81 71 D1 80 36 22 CC CC CC CC CC CC CC 9F 6B C1 18 05 45 45 AB 99 64 F1 1F B1 6E 95 FD 9F 72 69 01 06 CE EE 49 28 C1 1E 96  Tag 9F6B DF EF 4C 06 2B 27 00 00 00 00 DF EF 4D 58 BB 51 32 DD D2 DE E0 DB EB 40 7D 90 1C 15 A6 6D 4C CA F1 38 11 60 40 A0 04 F7 27 5A 1C D0 08 2F FF 41 F0 07 B3 97 12 47 4E 6C CB 90 DD DC 3F AD A8 86 2B 8B BA 6E 09 B8 80 2A B8 D4 B2 9B 6E AB 83 AF E9 A4 09 8D 11 A8 75 92 B5 5D 41 ED 8F CD 18 C6 38 D5 F4 07 2B A9 DF EE 26 01 D1 A8 0E  

 --- 04-00-----DFEF4B = 2D T1+T3+T1 Sentinel+T3 Sentinel

2021/5/3 11:05:09.082 [TX] - 56 69 56 4F 74 65 63 68 32 00 04 00 00 07 DF EF 4B 03 2D 00 00 9A 80 
2021/5/3 11:05:09.155 [RX] - 55 55 55 55 55 55 55 55 55 55 55 55 55 55 55 55 55 55 55 55 55 55 55 55 55 55 55 55 55 55 66 56 69 56 4F 74 65 63 68 32 00 04 00 00 00 AE 16  

 Erase All Keys...

2021/5/3 11:05:09.250 [TX] - 56 69 56 4F 74 65 63 68 32 00 83 00 00 00 03 22 
2021/5/3 11:05:09.306 [RX] - 55 55 55 55 55 55 55 55 55 55 55 55 55 55 55 55 55 55 55 55 55 55 55 55 55 55 55 55 55 55 66 56 69 56 4F 74 65 63 68 32 00 83 00 00 00 22 03  

 Set DUKPT Key Encryption Type...

2021/5/3 11:05:09.900 [TX] - 56 69 56 4F 74 65 63 68 32 00 C7 32 00 01 00 FE 6D 
2021/5/3 11:05:09.958 [RX] - 55 55 55 55 55 55 55 55 55 55 55 55 55 55 55 55 55 55 55 55 55 55 55 55 55 55 55 55 55 55 66 56 69 56 4F 74 65 63 68 32 00 C7 00 00 00 86 6E  

 Get DUKPT Key Encryption Type...

2021/5/3 11:05:10.556 [TX] - 56 69 56 4F 74 65 63 68 32 00 C7 33 00 00 9B 1A 
2021/5/3 11:05:10.612 [RX] - 55 55 55 55 55 55 55 55 55 55 55 55 55 55 55 55 55 55 55 55 55 55 55 55 55 55 55 55 55 55 66 56 69 56 4F 74 65 63 68 32 00 C7 00 00 01 00 AC 7F  
OK!
 

 Loading DUKPT key...

2021/5/3 11:05:11.212 [TX] - 56 69 56 4F 74 65 63 68 32 00 80 00 00 65 30 39 36 46 31 35 35 37 37 45 39 41 44 41 30 30 38 38 4B 30 54 44 30 30 4E 30 30 30 30 30 30 38 30 45 30 39 46 43 39 35 35 45 36 33 43 32 45 43 43 30 42 34 39 44 42 46 35 31 37 36 36 42 32 41 39 34 34 33 37 32 37 35 39 30 32 33 30 32 32 30 32 32 33 34 39 38 37 31 32 30 32 33 34 30 30 30 30 30 30 30 30 9C 1B 
2021/5/3 11:05:11.500 [RX] - 55 55 55 55 55 55 55 55 55 55 55 55 55 55 55 55 55 55 55 55 55 55 55 55 55 55 55 55 55 55 66 56 69 56 4F 74 65 63 68 32 00 80 00 00 00 B9 DF 
2021/5/3 11:05:12.098 [TX] - 56 69 56 4F 74 65 63 68 32 00 80 00 00 65 31 32 45 43 36 30 30 37 37 45 39 41 44 41 30 30 38 38 4B 30 54 44 30 30 4E 30 30 30 30 30 30 38 30 31 44 31 45 36 30 44 36 45 32 46 38 44 31 44 36 32 34 42 44 34 34 36 42 43 39 33 31 34 33 33 41 30 33 33 36 33 31 30 34 35 36 37 38 32 37 37 30 32 33 41 39 39 37 31 32 36 32 33 34 30 30 30 30 30 30 30 30 30 E6 
2021/5/3 11:05:12.386 [RX] - 55 55 55 55 55 55 55 55 55 55 55 55 55 55 55 55 55 55 55 55 55 55 55 55 55 55 55 55 55 55 66 56 69 56 4F 74 65 63 68 32 00 80 00 00 00 B9 DF 
2021/5/3 11:05:12.982 [TX] - 56 69 56 4F 74 65 63 68 32 00 80 01 00 58 41 30 30 38 38 4B 30 54 44 30 30 4E 30 30 30 30 46 41 42 44 39 44 34 32 37 34 31 30 42 36 46 41 35 45 44 33 42 37 36 41 44 37 46 41 45 38 45 33 31 36 30 32 31 33 42 46 44 38 31 31 38 32 32 33 38 31 38 41 45 43 46 30 43 44 41 44 42 31 39 41 42 45 39 37 41 41 32 43 B8 FE 
2021/5/3 11:05:13.242 [RX] - 55 55 55 55 55 55 55 55 55 55 55 55 55 55 55 55 55 55 55 55 55 55 55 55 55 55 55 55 55 55 66 56 69 56 4F 74 65 63 68 32 00 80 00 00 00 B9 DF 
2021/5/3 11:05:13.836 [TX] - 56 69 56 4F 74 65 63 68 32 00 81 00 00 71 05 41 30 31 31 32 44 30 54 45 30 30 4E 30 31 30 30 4B 53 31 38 36 32 39 39 34 39 30 31 32 43 30 30 30 34 36 30 30 30 30 31 37 39 46 43 30 31 36 44 31 34 46 34 35 42 39 41 33 37 46 37 32 42 44 35 41 35 37 37 41 43 35 33 34 37 36 42 31 35 35 34 32 45 39 42 39 30 46 35 36 32 46 36 37 36 35 30 45 46 35 33 43 34 44 39 45 42 41 36 39 35 39 46 76 88 
2021/5/3 11:05:14.163 [RX] - 55 55 55 55 55 55 55 55 55 55 55 55 55 55 55 55 55 55 55 55 55 55 55 55 55 55 55 55 55 55 66 56 69 56 4F 74 65 63 68 32 00 81 00 00 00 CF 6B  
OK!
 

 --- Poll on Demand

2021/5/3 11:05:14.772 [TX] - 56 69 56 4F 74 65 63 68 32 00 01 01 00 01 01 D7 34 
2021/5/3 11:05:14.831 [RX] - 55 55 55 55 55 55 55 55 55 55 55 55 55 55 55 55 55 55 55 55 55 55 55 55 55 55 55 55 55 55 66 56 69 56 4F 74 65 63 68 32 00 01 00 00 00 12 53  

 --- 02-40 Activate Transaction

2021/5/3 11:05:15.924 [TX] - 56 69 56 4F 74 65 63 68 32 00 02 40 00 15 0A 9F 02 06 00 00 00 00 10 00 9A 03 07 11 21 9F 21 03 10 15 20 5E 34 
2021/5/3 11:05:16.927 [RX] - 55 55 55 55 55 55 55 55 55 55 55 55 55 55 55 55 55 55 55 55 55 55 55 55 55 55 55 55 55 55 66 56 69 56 4F 74 65 63 68 32 00 02 23 01 CC D1 FF EE 12 0A 62 99 49 01 2C 00 04 60 00 01 9A 03 07 11 21 9F 21 03 10 15 20 9F 37 04 DB EA 82 0E 9F 6A 04 00 00 00 06 9C 01 00 9F 39 01 91 FF EE 01 04 DF 30 01 00 9F 1E 08 32 33 34 35 36 37 38 39 DF 81 16 16 1E 04 00 00 00 65 6E 00 00 00 00 00 00 00 00 00 00 00 00 00 00 00 DF 81 29 08 30 F0 F0 00 30 F0 FF 00 FF 81 06 46 DF 81 15 06 00 00 00 00 00 FF 9F 6E 07 08 40 00 00 30 30 00 DF 81 2A C1 18 F9 33 57 81 E9 D1 21 06 AD 17 55 32 6C 0B 52 19 14 37 CE F3 19 6C 9E 24 DF 81 2B C1 10 79 5F EF A6 2D 5C 88 9A 41 DF 3C 21 F0 C4 49 06 FF 81 05 81 D2 9F 02 06 00 00 00 00 10 00 9F 6D 02 00 01 50 10 44 65 62 69 74 20 4D 61 73 74 65 72 43 61 72 64 9F 12 10 44 65 62 69 74 20 4D 61 73 74 65 72 43 61 72 64 84 07 A0 00 00 00 04 10 10 9F 11 01 01 56 A1 29 2A 35 31 32 38 2A 2A 2A 2A 2A 2A 2A 2A 38 31 37 31 5E 20 2F 5E 31 38 30 33 36 32 32 2A 2A 2A 2A 2A 2A 2A 2A 2A 2A 2A 2A 2A 56 C1 30 5C 45 F6 54 E8 3C 4E F1 B8 E3 60 57 E5 12 CF BC 29 50 1B F8 DC 76 66 76 C8 F9 6A B5 5A 98 79 56 0B 78 26 A0 C6 4F 67 55 30 90 7A 86 A1 00 C2 79  Tag 56 9F 6B A1 13 51 28 CC CC CC CC 81 71 D1 80 36 22 CC CC CC CC CC CC CC 9F 6B C1 18 05 45 45 AB 99 64 F1 1F B1 6E 95 FD 9F 72 69 01 1C 72 0D 88 E3 D1 F2 74  Tag 9F6B DF EF 4C 06 2B 00 00 00 00 00 DF EF 4D 30 BB 51 32 DD D2 DE E0 DB EB 40 7D 90 1C 15 A6 6D 4C CA F1 38 11 60 40 A0 04 F7 27 5A 1C D0 08 2F 11 E5 16 A1 FC F1 D5 96 F6 7F FE D4 FD 19 08 CD DF EE 26 01 D1 A5 D4  

 Erase All Keys...

2021/5/3 11:05:18.476 [TX] - 56 69 56 4F 74 65 63 68 32 00 83 00 00 00 03 22 
2021/5/3 11:05:18.532 [RX] - 55 55 55 55 55 55 55 55 55 55 55 55 55 55 55 55 55 55 55 55 55 55 55 55 55 55 55 55 55 55 66 56 69 56 4F 74 65 63 68 32 00 83 00 00 00 22 03  

 Set DUKPT Key Encryption Type...

2021/5/3 11:05:19.128 [TX] - 56 69 56 4F 74 65 63 68 32 00 C7 32 00 01 00 FE 6D 
2021/5/3 11:05:19.187 [RX] - 55 55 55 55 55 55 55 55 55 55 55 55 55 55 55 55 55 55 55 55 55 55 55 55 55 55 55 55 55 55 66 56 69 56 4F 74 65 63 68 32 00 C7 00 00 00 86 6E  

 Get DUKPT Key Encryption Type...

2021/5/3 11:05:19.783 [TX] - 56 69 56 4F 74 65 63 68 32 00 C7 33 00 00 9B 1A 
2021/5/3 11:05:19.839 [RX] - 55 55 55 55 55 55 55 55 55 55 55 55 55 55 55 55 55 55 55 55 55 55 55 55 55 55 55 55 55 55 66 56 69 56 4F 74 65 63 68 32 00 C7 00 00 01 00 AC 7F  
OK!
 

 Loading DUKPT key...

2021/5/3 11:05:20.440 [TX] - 56 69 56 4F 74 65 63 68 32 00 80 00 00 65 30 39 36 46 31 35 35 37 37 45 39 41 44 41 30 30 38 38 4B 30 54 44 30 30 4E 30 30 30 30 30 30 38 30 45 30 39 46 43 39 35 35 45 36 33 43 32 45 43 43 30 42 34 39 44 42 46 35 31 37 36 36 42 32 41 39 34 34 33 37 32 37 35 39 30 32 33 30 32 32 30 32 32 33 34 39 38 37 31 32 30 32 33 34 30 30 30 30 30 30 30 30 9C 1B 
2021/5/3 11:05:20.727 [RX] - 55 55 55 55 55 55 55 55 55 55 55 55 55 55 55 55 55 55 55 55 55 55 55 55 55 55 55 55 55 55 66 56 69 56 4F 74 65 63 68 32 00 80 00 00 00 B9 DF 
2021/5/3 11:05:21.322 [TX] - 56 69 56 4F 74 65 63 68 32 00 80 00 00 65 31 32 45 43 36 30 30 37 37 45 39 41 44 41 30 30 38 38 4B 30 54 44 30 30 4E 30 30 30 30 30 30 38 30 31 44 31 45 36 30 44 36 45 32 46 38 44 31 44 36 32 34 42 44 34 34 36 42 43 39 33 31 34 33 33 41 30 33 33 36 33 31 30 34 35 36 37 38 32 37 37 30 32 33 41 39 39 37 31 32 36 32 33 34 30 30 30 30 30 30 30 30 30 E6 
2021/5/3 11:05:21.611 [RX] - 55 55 55 55 55 55 55 55 55 55 55 55 55 55 55 55 55 55 55 55 55 55 55 55 55 55 55 55 55 55 66 56 69 56 4F 74 65 63 68 32 00 80 00 00 00 B9 DF 
2021/5/3 11:05:22.205 [TX] - 56 69 56 4F 74 65 63 68 32 00 80 01 00 58 41 30 30 38 38 4B 30 54 44 30 30 4E 30 30 30 30 46 41 42 44 39 44 34 32 37 34 31 30 42 36 46 41 35 45 44 33 42 37 36 41 44 37 46 41 45 38 45 33 31 36 30 32 31 33 42 46 44 38 31 31 38 32 32 33 38 31 38 41 45 43 46 30 43 44 41 44 42 31 39 41 42 45 39 37 41 41 32 43 B8 FE 
2021/5/3 11:05:22.465 [RX] - 55 55 55 55 55 55 55 55 55 55 55 55 55 55 55 55 55 55 55 55 55 55 55 55 55 55 55 55 55 55 66 56 69 56 4F 74 65 63 68 32 00 80 00 00 00 B9 DF 
2021/5/3 11:05:23.061 [TX] - 56 69 56 4F 74 65 63 68 32 00 81 00 00 71 05 41 30 31 31 32 44 30 54 45 30 30 4E 30 31 30 30 4B 53 31 38 36 32 39 39 34 39 30 31 32 43 30 30 30 34 36 30 30 30 30 31 37 39 46 43 30 31 36 44 31 34 46 34 35 42 39 41 33 37 46 37 32 42 44 35 41 35 37 37 41 43 35 33 34 37 36 42 31 35 35 34 32 45 39 42 39 30 46 35 36 32 46 36 37 36 35 30 45 46 35 33 43 34 44 39 45 42 41 36 39 35 39 46 76 88 
2021/5/3 11:05:23.387 [RX] - 55 55 55 55 55 55 55 55 55 55 55 55 55 55 55 55 55 55 55 55 55 55 55 55 55 55 55 55 55 55 66 56 69 56 4F 74 65 63 68 32 00 81 00 00 00 CF 6B  
OK!
 

 --- Auto poll

2021/5/3 11:05:23.996 [TX] - 56 69 56 4F 74 65 63 68 32 00 01 01 00 01 00 F6 24 
2021/5/3 11:05:24.055 [RX] - 55 55 55 55 55 55 55 55 55 55 55 55 55 55 55 55 55 55 55 55 55 55 55 55 55 55 55 55 55 55 66 56 69 56 4F 74 65 63 68 32 00 01 00 00 00 12 53  

 --- 03-40

2021/5/3 11:05:26.723 [TX] - 56 69 56 4F 74 65 63 68 32 00 03 40 00 00 96 E2 
2021/5/3 11:05:26.779 [RX] - 55 55 55 55 55 55 55 55 55 55 55 55 55 55 55 55 55 55 55 55 55 55 55 55 55 55 55 55 55 55 66 56 69 56 4F 74 65 63 68 32 00 03 23 01 CC D1 FF EE 12 0A 62 99 49 01 2C 00 04 60 00 01 9A 03 14 08 10 9F 21 03 12 33 15 9F 37 04 99 1F AE E8 9F 6A 04 00 00 00 43 9C 01 00 9F 39 01 91 FF EE 01 04 DF 30 01 00 9F 1E 08 32 33 34 35 36 37 38 39 DF 81 16 16 1E 04 00 00 00 65 6E 00 00 00 00 00 00 00 00 00 00 00 00 00 00 00 DF 81 29 08 30 F0 F0 00 30 F0 FF 00 FF 81 06 46 DF 81 15 06 00 00 00 00 00 FF 9F 6E 07 08 40 00 00 30 30 00 DF 81 2A C1 18 F9 33 57 81 E9 D1 21 06 AD 17 55 32 6C 0B 52 19 14 37 CE F3 19 6C 9E 24 DF 81 2B C1 10 79 5F EF A6 2D 5C 88 9A 41 DF 3C 21 F0 C4 49 06 FF 81 05 81 D2 9F 02 06 00 00 00 00 00 01 9F 6D 02 00 01 50 10 44 65 62 69 74 20 4D 61 73 74 65 72 43 61 72 64 9F 12 10 44 65 62 69 74 20 4D 61 73 74 65 72 43 61 72 64 84 07 A0 00 00 00 04 10 10 9F 11 01 01 56 A1 29 2A 35 31 32 38 2A 2A 2A 2A 2A 2A 2A 2A 38 31 37 31 5E 20 2F 5E 31 38 30 33 36 32 32 2A 2A 2A 2A 2A 2A 2A 2A 2A 2A 2A 2A 2A 56 C1 30 5C 45 F6 54 E8 3C 4E F1 B8 E3 60 57 E5 12 CF BC 29 50 1B F8 DC 76 66 76 C8 F9 6A B5 5A 98 79 56 B4 A9 55 53 72 97 34 2A 2F 18 D5 5D C1 16 AA BC  Tag 56 9F 6B A1 13 51 28 CC CC CC CC 81 71 D1 80 36 22 CC CC CC CC CC CC CC 9F 6B C1 18 05 45 45 AB 99 64 F1 1F B1 6E 95 FD 9F 72 69 01 E3 D1 6F 5A BE 34 52 65  Tag 9F6B DF EF 4C 06 2B 00 00 00 00 00 DF EF 4D 30 BB 51 32 DD D2 DE E0 DB EB 40 7D 90 1C 15 A6 6D 4C CA F1 38 11 60 40 A0 04 F7 27 5A 1C D0 08 2F 59 64 E3 B2 4B 93 41 41 85 1F 68 04 A7 B6 CC FF DF EE 26 01 D1 94 7E  

 --- 04-00-----DFEF4B = 1B T2+T3+T2 Sentinel+T3 Sentinel

2021/5/3 11:05:28.329 [TX] - 56 69 56 4F 74 65 63 68 32 00 04 00 00 07 DF EF 4B 03 1B 00 00 9F F7 
2021/5/3 11:05:28.402 [RX] - 55 55 55 55 55 55 55 55 55 55 55 55 55 55 55 55 55 55 55 55 55 55 55 55 55 55 55 55 55 55 66 56 69 56 4F 74 65 63 68 32 00 04 00 00 00 AE 16  

 Erase All Keys...

2021/5/3 11:05:28.498 [TX] - 56 69 56 4F 74 65 63 68 32 00 83 00 00 00 03 22 
2021/5/3 11:05:28.554 [RX] - 55 55 55 55 55 55 55 55 55 55 55 55 55 55 55 55 55 55 55 55 55 55 55 55 55 55 55 55 55 55 66 56 69 56 4F 74 65 63 68 32 00 83 00 00 00 22 03  

 Set DUKPT Key Encryption Type...

2021/5/3 11:05:29.150 [TX] - 56 69 56 4F 74 65 63 68 32 00 C7 32 00 01 00 FE 6D 
2021/5/3 11:05:29.208 [RX] - 55 55 55 55 55 55 55 55 55 55 55 55 55 55 55 55 55 55 55 55 55 55 55 55 55 55 55 55 55 55 66 56 69 56 4F 74 65 63 68 32 00 C7 00 00 00 86 6E  

 Get DUKPT Key Encryption Type...

2021/5/3 11:05:29.806 [TX] - 56 69 56 4F 74 65 63 68 32 00 C7 33 00 00 9B 1A 
2021/5/3 11:05:29.862 [RX] - 55 55 55 55 55 55 55 55 55 55 55 55 55 55 55 55 55 55 55 55 55 55 55 55 55 55 55 55 55 55 66 56 69 56 4F 74 65 63 68 32 00 C7 00 00 01 00 AC 7F  
OK!
 

 Loading DUKPT key...

2021/5/3 11:05:30.464 [TX] - 56 69 56 4F 74 65 63 68 32 00 80 00 00 65 30 39 36 46 31 35 35 37 37 45 39 41 44 41 30 30 38 38 4B 30 54 44 30 30 4E 30 30 30 30 30 30 38 30 45 30 39 46 43 39 35 35 45 36 33 43 32 45 43 43 30 42 34 39 44 42 46 35 31 37 36 36 42 32 41 39 34 34 33 37 32 37 35 39 30 32 33 30 32 32 30 32 32 33 34 39 38 37 31 32 30 32 33 34 30 30 30 30 30 30 30 30 9C 1B 
2021/5/3 11:05:30.752 [RX] - 55 55 55 55 55 55 55 55 55 55 55 55 55 55 55 55 55 55 55 55 55 55 55 55 55 55 55 55 55 55 66 56 69 56 4F 74 65 63 68 32 00 80 00 00 00 B9 DF 
2021/5/3 11:05:31.345 [TX] - 56 69 56 4F 74 65 63 68 32 00 80 00 00 65 31 32 45 43 36 30 30 37 37 45 39 41 44 41 30 30 38 38 4B 30 54 44 30 30 4E 30 30 30 30 30 30 38 30 31 44 31 45 36 30 44 36 45 32 46 38 44 31 44 36 32 34 42 44 34 34 36 42 43 39 33 31 34 33 33 41 30 33 33 36 33 31 30 34 35 36 37 38 32 37 37 30 32 33 41 39 39 37 31 32 36 32 33 34 30 30 30 30 30 30 30 30 30 E6 
2021/5/3 11:05:31.633 [RX] - 55 55 55 55 55 55 55 55 55 55 55 55 55 55 55 55 55 55 55 55 55 55 55 55 55 55 55 55 55 55 66 56 69 56 4F 74 65 63 68 32 00 80 00 00 00 B9 DF 
2021/5/3 11:05:32.227 [TX] - 56 69 56 4F 74 65 63 68 32 00 80 01 00 58 41 30 30 38 38 4B 30 54 44 30 30 4E 30 30 30 30 46 41 42 44 39 44 34 32 37 34 31 30 42 36 46 41 35 45 44 33 42 37 36 41 44 37 46 41 45 38 45 33 31 36 30 32 31 33 42 46 44 38 31 31 38 32 32 33 38 31 38 41 45 43 46 30 43 44 41 44 42 31 39 41 42 45 39 37 41 41 32 43 B8 FE 
2021/5/3 11:05:32.487 [RX] - 55 55 55 55 55 55 55 55 55 55 55 55 55 55 55 55 55 55 55 55 55 55 55 55 55 55 55 55 55 55 66 56 69 56 4F 74 65 63 68 32 00 80 00 00 00 B9 DF 
2021/5/3 11:05:33.081 [TX] - 56 69 56 4F 74 65 63 68 32 00 81 00 00 71 05 41 30 31 31 32 44 30 54 45 30 30 4E 30 31 30 30 4B 53 31 38 36 32 39 39 34 39 30 31 32 43 30 30 30 34 36 30 30 30 30 31 37 39 46 43 30 31 36 44 31 34 46 34 35 42 39 41 33 37 46 37 32 42 44 35 41 35 37 37 41 43 35 33 34 37 36 42 31 35 35 34 32 45 39 42 39 30 46 35 36 32 46 36 37 36 35 30 45 46 35 33 43 34 44 39 45 42 41 36 39 35 39 46 76 88 
2021/5/3 11:05:33.408 [RX] - 55 55 55 55 55 55 55 55 55 55 55 55 55 55 55 55 55 55 55 55 55 55 55 55 55 55 55 55 55 55 66 56 69 56 4F 74 65 63 68 32 00 81 00 00 00 CF 6B  
OK!
 

 --- Poll on Demand

2021/5/3 11:05:34.017 [TX] - 56 69 56 4F 74 65 63 68 32 00 01 01 00 01 01 D7 34 
2021/5/3 11:05:34.076 [RX] - 55 55 55 55 55 55 55 55 55 55 55 55 55 55 55 55 55 55 55 55 55 55 55 55 55 55 55 55 55 55 66 56 69 56 4F 74 65 63 68 32 00 01 00 00 00 12 53  

 --- 02-40 Activate Transaction

2021/5/3 11:05:35.268 [TX] - 56 69 56 4F 74 65 63 68 32 00 02 40 00 15 0A 9F 02 06 00 00 00 00 10 00 9A 03 07 11 21 9F 21 03 10 15 20 5E 34 
2021/5/3 11:05:36.240 [RX] - 55 55 55 55 55 55 55 55 55 55 55 55 55 55 55 55 55 55 55 55 55 55 55 55 55 55 55 55 55 55 66 56 69 56 4F 74 65 63 68 32 00 02 23 01 C4 D1 FF EE 12 0A 62 99 49 01 2C 00 04 60 00 01 9A 03 07 11 21 9F 21 03 10 15 20 9F 37 04 74 64 84 1C 9F 6A 04 00 00 00 46 9C 01 00 9F 39 01 91 FF EE 01 04 DF 30 01 00 9F 1E 08 32 33 34 35 36 37 38 39 DF 81 16 16 1E 04 00 00 00 65 6E 00 00 00 00 00 00 00 00 00 00 00 00 00 00 00 DF 81 29 08 30 F0 F0 00 30 F0 FF 00 FF 81 06 46 DF 81 15 06 00 00 00 00 00 FF 9F 6E 07 08 40 00 00 30 30 00 DF 81 2A C1 18 F9 33 57 81 E9 D1 21 06 AD 17 55 32 6C 0B 52 19 14 37 CE F3 19 6C 9E 24 DF 81 2B C1 10 79 5F EF A6 2D 5C 88 9A 41 DF 3C 21 F0 C4 49 06 FF 81 05 81 D2 9F 02 06 00 00 00 00 10 00 9F 6D 02 00 01 50 10 44 65 62 69 74 20 4D 61 73 74 65 72 43 61 72 64 9F 12 10 44 65 62 69 74 20 4D 61 73 74 65 72 43 61 72 64 84 07 A0 00 00 00 04 10 10 9F 11 01 01 56 A1 29 2A 35 31 32 38 2A 2A 2A 2A 2A 2A 2A 2A 38 31 37 31 5E 20 2F 5E 31 38 30 33 36 32 32 2A 2A 2A 2A 2A 2A 2A 2A 2A 2A 2A 2A 2A 56 C1 30 5C 45 F6 54 E8 3C 4E F1 B8 E3 60 57 E5 12 CF BC 29 50 1B F8 DC 76 66 76 C8 F9 6A B5 5A 98 79 56 0E 7E 41 31 B9 79 71 57 11 DB 5E 4E 3A 2E FA C7  Tag 56 9F 6B A1 13 51 28 CC CC CC CC 81 71 D1 80 36 22 CC CC CC CC CC CC CC 9F 6B C1 18 05 45 45 AB 99 64 F1 1F B1 6E 95 FD 9F 72 69 01 33 9F 18 6F 39 8F BE 7F  Tag 9F6B DF EF 4C 06 00 27 00 00 00 00 DF EF 4D 28 11 29 5D 7F AB D9 98 D3 59 B8 36 FC 2A 38 24 75 EF 2B A0 CD 4D 59 DE E2 7F 53 0C C6 90 D8 52 02 11 59 CF 6C A5 47 26 20 DF EE 26 01 D1 11 01  

 Erase All Keys...

2021/5/3 11:05:37.771 [TX] - 56 69 56 4F 74 65 63 68 32 00 83 00 00 00 03 22 
2021/5/3 11:05:37.828 [RX] - 55 55 55 55 55 55 55 55 55 55 55 55 55 55 55 55 55 55 55 55 55 55 55 55 55 55 55 55 55 55 66 56 69 56 4F 74 65 63 68 32 00 83 00 00 00 22 03  

 Set DUKPT Key Encryption Type...

2021/5/3 11:05:38.423 [TX] - 56 69 56 4F 74 65 63 68 32 00 C7 32 00 01 00 FE 6D 
2021/5/3 11:05:38.482 [RX] - 55 55 55 55 55 55 55 55 55 55 55 55 55 55 55 55 55 55 55 55 55 55 55 55 55 55 55 55 55 55 66 56 69 56 4F 74 65 63 68 32 00 C7 00 00 00 86 6E  

 Get DUKPT Key Encryption Type...

2021/5/3 11:05:39.079 [TX] - 56 69 56 4F 74 65 63 68 32 00 C7 33 00 00 9B 1A 
2021/5/3 11:05:39.135 [RX] - 55 55 55 55 55 55 55 55 55 55 55 55 55 55 55 55 55 55 55 55 55 55 55 55 55 55 55 55 55 55 66 56 69 56 4F 74 65 63 68 32 00 C7 00 00 01 00 AC 7F  
OK!
 

 Loading DUKPT key...

2021/5/3 11:05:39.735 [TX] - 56 69 56 4F 74 65 63 68 32 00 80 00 00 65 30 39 36 46 31 35 35 37 37 45 39 41 44 41 30 30 38 38 4B 30 54 44 30 30 4E 30 30 30 30 30 30 38 30 45 30 39 46 43 39 35 35 45 36 33 43 32 45 43 43 30 42 34 39 44 42 46 35 31 37 36 36 42 32 41 39 34 34 33 37 32 37 35 39 30 32 33 30 32 32 30 32 32 33 34 39 38 37 31 32 30 32 33 34 30 30 30 30 30 30 30 30 9C 1B 
2021/5/3 11:05:40.023 [RX] - 55 55 55 55 55 55 55 55 55 55 55 55 55 55 55 55 55 55 55 55 55 55 55 55 55 55 55 55 55 55 66 56 69 56 4F 74 65 63 68 32 00 80 00 00 00 B9 DF 
2021/5/3 11:05:40.617 [TX] - 56 69 56 4F 74 65 63 68 32 00 80 00 00 65 31 32 45 43 36 30 30 37 37 45 39 41 44 41 30 30 38 38 4B 30 54 44 30 30 4E 30 30 30 30 30 30 38 30 31 44 31 45 36 30 44 36 45 32 46 38 44 31 44 36 32 34 42 44 34 34 36 42 43 39 33 31 34 33 33 41 30 33 33 36 33 31 30 34 35 36 37 38 32 37 37 30 32 33 41 39 39 37 31 32 36 32 33 34 30 30 30 30 30 30 30 30 30 E6 
2021/5/3 11:05:40.905 [RX] - 55 55 55 55 55 55 55 55 55 55 55 55 55 55 55 55 55 55 55 55 55 55 55 55 55 55 55 55 55 55 66 56 69 56 4F 74 65 63 68 32 00 80 00 00 00 B9 DF 
2021/5/3 11:05:41.500 [TX] - 56 69 56 4F 74 65 63 68 32 00 80 01 00 58 41 30 30 38 38 4B 30 54 44 30 30 4E 30 30 30 30 46 41 42 44 39 44 34 32 37 34 31 30 42 36 46 41 35 45 44 33 42 37 36 41 44 37 46 41 45 38 45 33 31 36 30 32 31 33 42 46 44 38 31 31 38 32 32 33 38 31 38 41 45 43 46 30 43 44 41 44 42 31 39 41 42 45 39 37 41 41 32 43 B8 FE 
2021/5/3 11:05:41.759 [RX] - 55 55 55 55 55 55 55 55 55 55 55 55 55 55 55 55 55 55 55 55 55 55 55 55 55 55 55 55 55 55 66 56 69 56 4F 74 65 63 68 32 00 80 00 00 00 B9 DF 
2021/5/3 11:05:42.355 [TX] - 56 69 56 4F 74 65 63 68 32 00 81 00 00 71 05 41 30 31 31 32 44 30 54 45 30 30 4E 30 31 30 30 4B 53 31 38 36 32 39 39 34 39 30 31 32 43 30 30 30 34 36 30 30 30 30 31 37 39 46 43 30 31 36 44 31 34 46 34 35 42 39 41 33 37 46 37 32 42 44 35 41 35 37 37 41 43 35 33 34 37 36 42 31 35 35 34 32 45 39 42 39 30 46 35 36 32 46 36 37 36 35 30 45 46 35 33 43 34 44 39 45 42 41 36 39 35 39 46 76 88 
2021/5/3 11:05:42.681 [RX] - 55 55 55 55 55 55 55 55 55 55 55 55 55 55 55 55 55 55 55 55 55 55 55 55 55 55 55 55 55 55 66 56 69 56 4F 74 65 63 68 32 00 81 00 00 00 CF 6B  
OK!
 

 --- Auto poll

2021/5/3 11:05:43.291 [TX] - 56 69 56 4F 74 65 63 68 32 00 01 01 00 01 00 F6 24 
2021/5/3 11:05:43.350 [RX] - 55 55 55 55 55 55 55 55 55 55 55 55 55 55 55 55 55 55 55 55 55 55 55 55 55 55 55 55 55 55 66 56 69 56 4F 74 65 63 68 32 00 01 00 00 00 12 53  

 --- 03-40

2021/5/3 11:05:46.100 [TX] - 56 69 56 4F 74 65 63 68 32 00 03 40 00 00 96 E2 
2021/5/3 11:05:46.155 [RX] - 55 55 55 55 55 55 55 55 55 55 55 55 55 55 55 55 55 55 55 55 55 55 55 55 55 55 55 55 55 55 66 56 69 56 4F 74 65 63 68 32 00 03 23 01 C4 D1 FF EE 12 0A 62 99 49 01 2C 00 04 60 00 01 9A 03 14 08 10 9F 21 03 12 33 35 9F 37 04 E2 C8 53 51 9F 6A 04 00 00 00 45 9C 01 00 9F 39 01 91 FF EE 01 04 DF 30 01 00 9F 1E 08 32 33 34 35 36 37 38 39 DF 81 16 16 1E 04 00 00 00 65 6E 00 00 00 00 00 00 00 00 00 00 00 00 00 00 00 DF 81 29 08 30 F0 F0 00 30 F0 FF 00 FF 81 06 46 DF 81 15 06 00 00 00 00 00 FF 9F 6E 07 08 40 00 00 30 30 00 DF 81 2A C1 18 F9 33 57 81 E9 D1 21 06 AD 17 55 32 6C 0B 52 19 14 37 CE F3 19 6C 9E 24 DF 81 2B C1 10 79 5F EF A6 2D 5C 88 9A 41 DF 3C 21 F0 C4 49 06 FF 81 05 81 D2 9F 02 06 00 00 00 00 00 01 9F 6D 02 00 01 50 10 44 65 62 69 74 20 4D 61 73 74 65 72 43 61 72 64 9F 12 10 44 65 62 69 74 20 4D 61 73 74 65 72 43 61 72 64 84 07 A0 00 00 00 04 10 10 9F 11 01 01 56 A1 29 2A 35 31 32 38 2A 2A 2A 2A 2A 2A 2A 2A 38 31 37 31 5E 20 2F 5E 31 38 30 33 36 32 32 2A 2A 2A 2A 2A 2A 2A 2A 2A 2A 2A 2A 2A 56 C1 30 5C 45 F6 54 E8 3C 4E F1 B8 E3 60 57 E5 12 CF BC 29 50 1B F8 DC 76 66 76 C8 F9 6A B5 5A 98 79 56 49 68 06 72 4A 94 9C BE AD 95 CF 57 17 7C 98 37  Tag 56 9F 6B A1 13 51 28 CC CC CC CC 81 71 D1 80 36 22 CC CC CC CC CC CC CC 9F 6B C1 18 05 45 45 AB 99 64 F1 1F B1 6E 95 FD 9F 72 69 01 08 08 27 25 FC FC 78 7B  Tag 9F6B DF EF 4C 06 00 27 00 00 00 00 DF EF 4D 28 11 29 5D 7F AB D9 98 D3 59 B8 36 FC 2A 38 24 75 EF 2B A0 CD 4D 59 DE E2 A1 26 D5 9F 7E 76 3D 10 DA 70 B4 BD 09 2C C5 42 DF EE 26 01 D1 09 0B  

 --- 04-00-----DFEF4B = 3F T1+T2+T3+T1 Sentinel+T2 Sentinel+T3 Sentinel

2021/5/3 11:05:47.684 [TX] - 56 69 56 4F 74 65 63 68 32 00 04 00 00 07 DF EF 4B 03 3F 00 00 99 AD 
2021/5/3 11:05:47.757 [RX] - 55 55 55 55 55 55 55 55 55 55 55 55 55 55 55 55 55 55 55 55 55 55 55 55 55 55 55 55 55 55 66 56 69 56 4F 74 65 63 68 32 00 04 00 00 00 AE 16  

 Erase All Keys...

2021/5/3 11:05:47.852 [TX] - 56 69 56 4F 74 65 63 68 32 00 83 00 00 00 03 22 
2021/5/3 11:05:47.908 [RX] - 55 55 55 55 55 55 55 55 55 55 55 55 55 55 55 55 55 55 55 55 55 55 55 55 55 55 55 55 55 55 66 56 69 56 4F 74 65 63 68 32 00 83 00 00 00 22 03  

 Set DUKPT Key Encryption Type...

2021/5/3 11:05:48.503 [TX] - 56 69 56 4F 74 65 63 68 32 00 C7 32 00 01 00 FE 6D 
2021/5/3 11:05:48.562 [RX] - 55 55 55 55 55 55 55 55 55 55 55 55 55 55 55 55 55 55 55 55 55 55 55 55 55 55 55 55 55 55 66 56 69 56 4F 74 65 63 68 32 00 C7 00 00 00 86 6E  

 Get DUKPT Key Encryption Type...

2021/5/3 11:05:49.158 [TX] - 56 69 56 4F 74 65 63 68 32 00 C7 33 00 00 9B 1A 
2021/5/3 11:05:49.214 [RX] - 55 55 55 55 55 55 55 55 55 55 55 55 55 55 55 55 55 55 55 55 55 55 55 55 55 55 55 55 55 55 66 56 69 56 4F 74 65 63 68 32 00 C7 00 00 01 00 AC 7F  
OK!
 

 Loading DUKPT key...

2021/5/3 11:05:49.814 [TX] - 56 69 56 4F 74 65 63 68 32 00 80 00 00 65 30 39 36 46 31 35 35 37 37 45 39 41 44 41 30 30 38 38 4B 30 54 44 30 30 4E 30 30 30 30 30 30 38 30 45 30 39 46 43 39 35 35 45 36 33 43 32 45 43 43 30 42 34 39 44 42 46 35 31 37 36 36 42 32 41 39 34 34 33 37 32 37 35 39 30 32 33 30 32 32 30 32 32 33 34 39 38 37 31 32 30 32 33 34 30 30 30 30 30 30 30 30 9C 1B 
2021/5/3 11:05:50.101 [RX] - 55 55 55 55 55 55 55 55 55 55 55 55 55 55 55 55 55 55 55 55 55 55 55 55 55 55 55 55 55 55 66 56 69 56 4F 74 65 63 68 32 00 80 00 00 00 B9 DF 
2021/5/3 11:05:50.695 [TX] - 56 69 56 4F 74 65 63 68 32 00 80 00 00 65 31 32 45 43 36 30 30 37 37 45 39 41 44 41 30 30 38 38 4B 30 54 44 30 30 4E 30 30 30 30 30 30 38 30 31 44 31 45 36 30 44 36 45 32 46 38 44 31 44 36 32 34 42 44 34 34 36 42 43 39 33 31 34 33 33 41 30 33 33 36 33 31 30 34 35 36 37 38 32 37 37 30 32 33 41 39 39 37 31 32 36 32 33 34 30 30 30 30 30 30 30 30 30 E6 
2021/5/3 11:05:50.983 [RX] - 55 55 55 55 55 55 55 55 55 55 55 55 55 55 55 55 55 55 55 55 55 55 55 55 55 55 55 55 55 55 66 56 69 56 4F 74 65 63 68 32 00 80 00 00 00 B9 DF 
2021/5/3 11:05:51.577 [TX] - 56 69 56 4F 74 65 63 68 32 00 80 01 00 58 41 30 30 38 38 4B 30 54 44 30 30 4E 30 30 30 30 46 41 42 44 39 44 34 32 37 34 31 30 42 36 46 41 35 45 44 33 42 37 36 41 44 37 46 41 45 38 45 33 31 36 30 32 31 33 42 46 44 38 31 31 38 32 32 33 38 31 38 41 45 43 46 30 43 44 41 44 42 31 39 41 42 45 39 37 41 41 32 43 B8 FE 
2021/5/3 11:05:51.837 [RX] - 55 55 55 55 55 55 55 55 55 55 55 55 55 55 55 55 55 55 55 55 55 55 55 55 55 55 55 55 55 55 66 56 69 56 4F 74 65 63 68 32 00 80 00 00 00 B9 DF 
2021/5/3 11:05:52.431 [TX] - 56 69 56 4F 74 65 63 68 32 00 81 00 00 71 05 41 30 31 31 32 44 30 54 45 30 30 4E 30 31 30 30 4B 53 31 38 36 32 39 39 34 39 30 31 32 43 30 30 30 34 36 30 30 30 30 31 37 39 46 43 30 31 36 44 31 34 46 34 35 42 39 41 33 37 46 37 32 42 44 35 41 35 37 37 41 43 35 33 34 37 36 42 31 35 35 34 32 45 39 42 39 30 46 35 36 32 46 36 37 36 35 30 45 46 35 33 43 34 44 39 45 42 41 36 39 35 39 46 76 88 
2021/5/3 11:05:52.758 [RX] - 55 55 55 55 55 55 55 55 55 55 55 55 55 55 55 55 55 55 55 55 55 55 55 55 55 55 55 55 55 55 66 56 69 56 4F 74 65 63 68 32 00 81 00 00 00 CF 6B  
OK!
 

 --- Poll on Demand

2021/5/3 11:05:53.367 [TX] - 56 69 56 4F 74 65 63 68 32 00 01 01 00 01 01 D7 34 
2021/5/3 11:05:53.426 [RX] - 55 55 55 55 55 55 55 55 55 55 55 55 55 55 55 55 55 55 55 55 55 55 55 55 55 55 55 55 55 55 66 56 69 56 4F 74 65 63 68 32 00 01 00 00 00 12 53  

 --- 02-40 Activate Transaction

2021/5/3 11:05:54.947 [TX] - 56 69 56 4F 74 65 63 68 32 00 02 40 00 15 0A 9F 02 06 00 00 00 00 10 00 9A 03 07 11 21 9F 21 03 10 15 20 5E 34 
2021/5/3 11:05:55.829 [RX] - 55 55 55 55 55 55 55 55 55 55 55 55 55 55 55 55 55 55 55 55 55 55 55 55 55 55 55 55 55 55 66 56 69 56 4F 74 65 63 68 32 00 02 23 01 F4 D1 FF EE 12 0A 62 99 49 01 2C 00 04 60 00 01 9A 03 07 11 21 9F 21 03 10 15 20 9F 37 04 B1 DB EE 4A 9F 6A 04 00 00 00 35 9C 01 00 9F 39 01 91 FF EE 01 04 DF 30 01 00 9F 1E 08 32 33 34 35 36 37 38 39 DF 81 16 16 1E 04 00 00 00 65 6E 00 00 00 00 00 00 00 00 00 00 00 00 00 00 00 DF 81 29 08 30 F0 F0 00 30 F0 FF 00 FF 81 06 46 DF 81 15 06 00 00 00 00 00 FF 9F 6E 07 08 40 00 00 30 30 00 DF 81 2A C1 18 F9 33 57 81 E9 D1 21 06 AD 17 55 32 6C 0B 52 19 14 37 CE F3 19 6C 9E 24 DF 81 2B C1 10 79 5F EF A6 2D 5C 88 9A 41 DF 3C 21 F0 C4 49 06 FF 81 05 81 D2 9F 02 06 00 00 00 00 10 00 9F 6D 02 00 01 50 10 44 65 62 69 74 20 4D 61 73 74 65 72 43 61 72 64 9F 12 10 44 65 62 69 74 20 4D 61 73 74 65 72 43 61 72 64 84 07 A0 00 00 00 04 10 10 9F 11 01 01 56 A1 29 2A 35 31 32 38 2A 2A 2A 2A 2A 2A 2A 2A 38 31 37 31 5E 20 2F 5E 31 38 30 33 36 32 32 2A 2A 2A 2A 2A 2A 2A 2A 2A 2A 2A 2A 2A 56 C1 30 5C 45 F6 54 E8 3C 4E F1 B8 E3 60 57 E5 12 CF BC 29 50 1B F8 DC 76 66 76 C8 F9 6A B5 5A 98 79 56 0C C5 34 93 C7 CA FB 29 E2 E5 16 6D 97 63 9B 63  Tag 56 9F 6B A1 13 51 28 CC CC CC CC 81 71 D1 80 36 22 CC CC CC CC CC CC CC 9F 6B C1 18 05 45 45 AB 99 64 F1 1F B1 6E 95 FD 9F 72 69 01 EB D8 41 2B 1A D8 7A 44  Tag 9F6B DF EF 4C 06 2B 27 00 00 00 00 DF EF 4D 58 BB 51 32 DD D2 DE E0 DB EB 40 7D 90 1C 15 A6 6D 4C CA F1 38 11 60 40 A0 04 F7 27 5A 1C D0 08 2F 5E AA E1 04 3F 86 0F 48 E2 3D F8 9E 62 3D D6 D0 87 12 98 AF DB D5 F2 D6 E8 12 7E 3E 67 2D FF 43 A4 2F BB 42 0F E1 CD 1A 8D 1D 8C 47 27 6B 52 BB 8C 2C 06 77 8F EF F5 DF DF EE 26 01 D1 C6 57  

 Erase All Keys...

2021/5/3 11:05:57.461 [TX] - 56 69 56 4F 74 65 63 68 32 00 83 00 00 00 03 22 
2021/5/3 11:05:57.517 [RX] - 55 55 55 55 55 55 55 55 55 55 55 55 55 55 55 55 55 55 55 55 55 55 55 55 55 55 55 55 55 55 66 56 69 56 4F 74 65 63 68 32 00 83 00 00 00 22 03  

 Set DUKPT Key Encryption Type...

2021/5/3 11:05:58.113 [TX] - 56 69 56 4F 74 65 63 68 32 00 C7 32 00 01 00 FE 6D 
2021/5/3 11:05:58.171 [RX] - 55 55 55 55 55 55 55 55 55 55 55 55 55 55 55 55 55 55 55 55 55 55 55 55 55 55 55 55 55 55 66 56 69 56 4F 74 65 63 68 32 00 C7 00 00 00 86 6E  

 Get DUKPT Key Encryption Type...

2021/5/3 11:05:58.769 [TX] - 56 69 56 4F 74 65 63 68 32 00 C7 33 00 00 9B 1A 
2021/5/3 11:05:58.825 [RX] - 55 55 55 55 55 55 55 55 55 55 55 55 55 55 55 55 55 55 55 55 55 55 55 55 55 55 55 55 55 55 66 56 69 56 4F 74 65 63 68 32 00 C7 00 00 01 00 AC 7F  
OK!
 

 Loading DUKPT key...

2021/5/3 11:05:59.427 [TX] - 56 69 56 4F 74 65 63 68 32 00 80 00 00 65 30 39 36 46 31 35 35 37 37 45 39 41 44 41 30 30 38 38 4B 30 54 44 30 30 4E 30 30 30 30 30 30 38 30 45 30 39 46 43 39 35 35 45 36 33 43 32 45 43 43 30 42 34 39 44 42 46 35 31 37 36 36 42 32 41 39 34 34 33 37 32 37 35 39 30 32 33 30 32 32 30 32 32 33 34 39 38 37 31 32 30 32 33 34 30 30 30 30 30 30 30 30 9C 1B 
2021/5/3 11:05:59.714 [RX] - 55 55 55 55 55 55 55 55 55 55 55 55 55 55 55 55 55 55 55 55 55 55 55 55 55 55 55 55 55 55 66 56 69 56 4F 74 65 63 68 32 00 80 00 00 00 B9 DF 
2021/5/3 11:06:00.308 [TX] - 56 69 56 4F 74 65 63 68 32 00 80 00 00 65 31 32 45 43 36 30 30 37 37 45 39 41 44 41 30 30 38 38 4B 30 54 44 30 30 4E 30 30 30 30 30 30 38 30 31 44 31 45 36 30 44 36 45 32 46 38 44 31 44 36 32 34 42 44 34 34 36 42 43 39 33 31 34 33 33 41 30 33 33 36 33 31 30 34 35 36 37 38 32 37 37 30 32 33 41 39 39 37 31 32 36 32 33 34 30 30 30 30 30 30 30 30 30 E6 
2021/5/3 11:06:00.596 [RX] - 55 55 55 55 55 55 55 55 55 55 55 55 55 55 55 55 55 55 55 55 55 55 55 55 55 55 55 55 55 55 66 56 69 56 4F 74 65 63 68 32 00 80 00 00 00 B9 DF 
2021/5/3 11:06:01.192 [TX] - 56 69 56 4F 74 65 63 68 32 00 80 01 00 58 41 30 30 38 38 4B 30 54 44 30 30 4E 30 30 30 30 46 41 42 44 39 44 34 32 37 34 31 30 42 36 46 41 35 45 44 33 42 37 36 41 44 37 46 41 45 38 45 33 31 36 30 32 31 33 42 46 44 38 31 31 38 32 32 33 38 31 38 41 45 43 46 30 43 44 41 44 42 31 39 41 42 45 39 37 41 41 32 43 B8 FE 
2021/5/3 11:06:01.452 [RX] - 55 55 55 55 55 55 55 55 55 55 55 55 55 55 55 55 55 55 55 55 55 55 55 55 55 55 55 55 55 55 66 56 69 56 4F 74 65 63 68 32 00 80 00 00 00 B9 DF 
2021/5/3 11:06:02.047 [TX] - 56 69 56 4F 74 65 63 68 32 00 81 00 00 71 05 41 30 31 31 32 44 30 54 45 30 30 4E 30 31 30 30 4B 53 31 38 36 32 39 39 34 39 30 31 32 43 30 30 30 34 36 30 30 30 30 31 37 39 46 43 30 31 36 44 31 34 46 34 35 42 39 41 33 37 46 37 32 42 44 35 41 35 37 37 41 43 35 33 34 37 36 42 31 35 35 34 32 45 39 42 39 30 46 35 36 32 46 36 37 36 35 30 45 46 35 33 43 34 44 39 45 42 41 36 39 35 39 46 76 88 
2021/5/3 11:06:02.373 [RX] - 55 55 55 55 55 55 55 55 55 55 55 55 55 55 55 55 55 55 55 55 55 55 55 55 55 55 55 55 55 55 66 56 69 56 4F 74 65 63 68 32 00 81 00 00 00 CF 6B  
OK!
 

 --- Auto poll

2021/5/3 11:06:02.983 [TX] - 56 69 56 4F 74 65 63 68 32 00 01 01 00 01 00 F6 24 
2021/5/3 11:06:03.042 [RX] - 55 55 55 55 55 55 55 55 55 55 55 55 55 55 55 55 55 55 55 55 55 55 55 55 55 55 55 55 55 55 66 56 69 56 4F 74 65 63 68 32 00 01 00 00 00 12 53  

 --- 03-40

2021/5/3 11:06:05.331 [TX] - 56 69 56 4F 74 65 63 68 32 00 03 40 00 00 96 E2 
2021/5/3 11:06:05.387 [RX] - 55 55 55 55 55 55 55 55 55 55 55 55 55 55 55 55 55 55 55 55 55 55 55 55 55 55 55 55 55 55 66 56 69 56 4F 74 65 63 68 32 00 03 23 01 F4 D1 FF EE 12 0A 62 99 49 01 2C 00 04 60 00 01 9A 03 14 08 10 9F 21 03 12 33 54 9F 37 04 6B 38 53 51 9F 6A 04 00 00 00 11 9C 01 00 9F 39 01 91 FF EE 01 04 DF 30 01 00 9F 1E 08 32 33 34 35 36 37 38 39 DF 81 16 16 1E 04 00 00 00 65 6E 00 00 00 00 00 00 00 00 00 00 00 00 00 00 00 DF 81 29 08 30 F0 F0 00 30 F0 FF 00 FF 81 06 46 DF 81 15 06 00 00 00 00 00 FF 9F 6E 07 08 40 00 00 30 30 00 DF 81 2A C1 18 F9 33 57 81 E9 D1 21 06 AD 17 55 32 6C 0B 52 19 14 37 CE F3 19 6C 9E 24 DF 81 2B C1 10 79 5F EF A6 2D 5C 88 9A 41 DF 3C 21 F0 C4 49 06 FF 81 05 81 D2 9F 02 06 00 00 00 00 00 01 9F 6D 02 00 01 50 10 44 65 62 69 74 20 4D 61 73 74 65 72 43 61 72 64 9F 12 10 44 65 62 69 74 20 4D 61 73 74 65 72 43 61 72 64 84 07 A0 00 00 00 04 10 10 9F 11 01 01 56 A1 29 2A 35 31 32 38 2A 2A 2A 2A 2A 2A 2A 2A 38 31 37 31 5E 20 2F 5E 31 38 30 33 36 32 32 2A 2A 2A 2A 2A 2A 2A 2A 2A 2A 2A 2A 2A 56 C1 30 5C 45 F6 54 E8 3C 4E F1 B8 E3 60 57 E5 12 CF BC 29 50 1B F8 DC 76 66 76 C8 F9 6A B5 5A 98 79 56 F6 14 C2 4A 77 A7 19 28 68 17 3E 5C FD B4 2E 21  Tag 56 9F 6B A1 13 51 28 CC CC CC CC 81 71 D1 80 36 22 CC CC CC CC CC CC CC 9F 6B C1 18 05 45 45 AB 99 64 F1 1F B1 6E 95 FD 9F 72 69 01 8B F9 F4 41 94 28 DF 9C  Tag 9F6B DF EF 4C 06 2B 27 00 00 00 00 DF EF 4D 58 BB 51 32 DD D2 DE E0 DB EB 40 7D 90 1C 15 A6 6D 4C CA F1 38 11 60 40 A0 04 F7 27 5A 1C D0 08 2F E2 D2 5E F0 E4 E9 1F 0E AD 80 29 17 49 12 75 9F EB EB 6D 3B 13 53 CD 06 65 D2 58 8C C6 73 0D 19 A2 3A 28 AF 5C 41 7B A3 03 8D 2F 92 F0 5E 9C 1E A4 07 D3 44 91 0F 44 5B DF EE 26 01 D1 1B 17  
---------- END OF TEST ----------

 Result = PASSED
 

 MASTER RESULT = PASSED


Docklight Log File (HEX) - Stopped 2021/5/3 11:06:07.118 

