Docklight Log File (HEX) - Started 6/22/2009 11:07:47.16 
 TEST CASE: UI_Flow8

 --- Set POS COM PORT Settings
 Set POS COM PORT...
 POS operating on COM1 @ 19200 baud...
 Set POS COM PORT - COMPLETE


6/22/2009 11:07:48.62 [TX] - 56 69 56 4F 74 65 63 68 32 00 83 03 00 10 00 00 31 00 34 00 35 00 57 45 4C 43 4F 4D 45 00 06 B3 
6/22/2009 11:07:48.91 [RX] - 56 69 56 4F 74 65 63 68 32 00 83 00 00 00 22 03 
6/22/2009 11:07:49.63 [TX] - 56 69 56 4F 74 65 63 68 32 00 83 03 00 17 00 00 31 00 33 00 35 00 50 6C 65 61 73 65 20 77 61 69 74 2E 2E 2E 00 46 44 
6/22/2009 11:07:49.95 [RX] - 56 69 56 4F 74 65 63 68 32 00 83 00 00 00 22 03 
6/22/2009 11:07:53.18 [TX] - 56 69 56 4F 74 65 63 68 32 00 02 01 00 01 07 C3 BA 
6/22/2009 11:07:57.67 [RX] - 56 69 56 4F 74 65 63 68 32 00 02 00 00 6A 39 42 36 32 37 39 32 35 37 37 34 39 31 33 32 33 34 33 5E 54 45 53 54 20 43 41 52 44 2F 56 49 56 4F 54 45 43 48 5E 31 30 31 32 38 31 33 30 30 37 32 31 30 34 33 35 30 30 30 30 25 36 32 37 39 32 35 37 37 34 39 31 33 32 33 34 33 3D 31 30 31 32 38 31 
6/22/2009 11:07:57.73 [TX] - 56 69 56 4F 74 65 63 68 32 00 81 01 00 0F 1E 34 30 31 32 33 34 35 36 37 38 39 30 39 00 85 91 
6/22/2009 11:07:57.72 [RX] - 33 30 30 37 32 31 30 34 33 35 30 30 30 30 00 00 FF EE 01 04 DF 30 01 00 B7 14 56 69 56 4F 74 65 63 68 32 00 81 00 00 20 45 37 45 34 46 37 41 43 30 39 38 30 45 43 34 44 39 38 37 36 35 34 33 32 31 30 45 30 30 30 30 38 15 E3 
6/22/2009 11:08:03.22 [TX] - 56 69 56 4F 74 65 63 68 32 00 83 03 00 16 00 00 31 00 33 00 35 00 50 72 6F 63 65 73 73 69 6E 67 2E 2E 2E 00 61 FE 
6/22/2009 11:08:03.53 [RX] - 56 69 56 4F 74 65 63 68 32 00 83 00 00 00 22 03 
6/22/2009 11:08:04.78 [TX] - 56 69 56 4F 74 65 63 68 32 00 83 03 00 11 00 00 31 00 33 00 35 00 41 70 70 72 6F 76 65 64 00 35 B6 
6/22/2009 11:08:05.08 [RX] - 56 69 56 4F 74 65 63 68 32 00 83 00 00 00 22 03 
6/22/2009 11:08:05.32 [TX] - 56 69 56 4F 74 65 63 68 32 00 83 03 00 12 00 00 31 00 34 00 35 00 54 68 61 6E 6B 20 59 6F 75 00 1B 79 
6/22/2009 11:08:05.63 [RX] - 56 69 56 4F 74 65 63 68 32 00 83 00 00 00 22 03  

 Result = PASSED
 ---------- END OF TEST ----------

 Result = PASSED
 

 MASTER RESULT = PASSED


Docklight Log File (HEX) - Stopped 6/22/2009 11:08:08.04 

