Docklight Log File (HEX) - Started 2022/1/11 10:00:17.587 
 TEST CASE: CR046

 --- Set POS COM PORT Settings
 Set POS COM PORT...
 POS operating on COM1 @ 9600 baud...
 Set POS COM PORT - COMPLETE

 --- 04-09

2022/1/11 10:00:18.863 [TX] - 56 69 56 4F 74 65 63 68 32 00 04 09 00 00 87 30 
2022/1/11 10:00:21.180 [RX] - 55 55 55 55 55 55 55 55 55 55 55 55 55 55 55 55 55 55 55 55 55 55 55 55 55 55 55 55 55 55 66 56 69 56 4F 74 65 63 68 32 00 04 00 00 00 AE 16  

 --- 60-10 Contact Start Transaction (support FallBack) *** GR

2022/1/11 10:00:21.278 [TX] - 56 69 56 4F 74 65 63 68 32 00 60 10 00 23 01 00 78 00 78 9C 01 00 5F 57 01 00 9F 02 06 00 00 00 00 02 00 9F 03 06 00 00 00 00 00 00 5F 2A 02 08 40 F0 8F 
2022/1/11 10:00:21.414 [RX] - 55 55 55 55 55 55 55 55 55 55 55 55 55 55 55 55 55 55 55 55 55 55 55 55 55 55 55 55 55 55 66 56 69 56 4F 74 65 63 68 32 00 60 63 00 00 FF 0E 55 55 55 55 55 55 55 55 55 55 55 55 55 55 55 55 55 55 55 55 55 55 55 55 55 55 55 55 55 55 66 56 69 56 4F 74 65 63 68 32 00 61 01 00 10 03 00 00 02 00 45 4E 03 00 81 0B 1C 02 00 00 00 34 C9 55 55 55 55 55 55 55 55 55 55 55 55 55 55 55 55 55 55 55 55 55 55 55 55 55 55 55 55 55 55 66 56 69 56 4F 74 65 63 68 32 00 61 01 00 10 03 00 00 02 00 45 4E 03 00 81 11 1C 02 00 00 00 A8 4F 55 55 55 55 55 55 55 55 55 55 55 55 55 55 55 55 55 55 55 55 55 55 55 55 55 55 55 55 55 55 66 56 69 56 4F 74 65 63 68 32 00 61 01 00 10 03 00 00 02 00 45 4E 03 00 81 42 1C 02 00 00 00 16 3B 55 55 55 55 55 55 55 55 55 55 55 55 55 55 55 55 55 55 55 55 55 55 55 55 55 55 55 55 55 55 66 56 69 56 4F 74 65 63 68 32 00 61 01 00 10 03 00 00 02 00 45 4E 03 00 81 11 1C 02 00 00 00 A8 4F 55 55 55 55 55 55 55 55 55 55 55 55 55 55 55 55 55 55 55 55 55 55 55 55 55 55 55 55 55 55 66 56 69 56 4F 74 65 63 68 32 00 61 01 00 10 03 00 00 02 00 45 4E 03 00 81 42 1C 02 00 00 00 16 3B 55 55 55 55 55 55 55 55 55 55 55 55 55 55 55 55 55 55 55 55 55 55 55 55 55 55 55 55 55 55 66 56 69 56 4F 74 65 63 68 32 00 61 01 00 10 03 00 00 02 00 45 4E 03 00 81 11 1C 02 00 00 00 A8 4F 55 55 55 55 55 55 55 55 55 55 55 55 55 55 55 55 55 55 55 55 55 55 55 55 55 55 55 55 55 55 66 56 69 56 4F 74 65 63 68 32 00 61 01 00 10 03 00 00 02 00 45 4E 03 00 81 13 1C 02 00 00 00 23 0F 55 55 55 55 55 55 55 55 55 55 55 55 55 55 55 55 55 55 55 55 55 55 55 55 55 55 55 55 55 55 66 56 69 56 4F 74 65 63 68 32 00 61 01 00 10 03 00 00 02 00 45 4E 03 00 81 03 1C 02 00 00 00 39 8B 55 55 55 55 55 55 55 55 55 55 55 55 55 55 55 55 55 55 55 55 55 55 55 55 55 55 55 55 55 55 66 56 69 56 4F 74 65 63 68 32 00 60 00 00 FC 08 DF EE 25 02 00 07 57 00 5A 00 5F 34 00 5F 20 00 5F 24 00 9F 20 00 5F 25 00 5F 2D 00 50 00 4F 00 84 00 DF EE 23 81 83 02 7D 00 80 1F 44 28 00 A3 00 25 42 36 35 31 30 30 30 30 30 30 30 30 30 30 31 32 35 5E 43 41 52 44 2F 49 4D 41 47 45 20 30 38 20 20 20 20 20 20 20 20 20 20 20 20 20 5E 31 37 31 32 32 30 31 31 30 30 30 30 39 35 30 30 30 30 30 30 3F 23 3B 36 35 31 30 30 30 30 30 30 30 30 30 30 31 32 35 3D 31 37 31 32 32 30 31 31 30 30 30 30 39 35 30 30 30 30 30 30 3F 36 37 33 39 54 30 32 35 37 39 33 33 07 03 9F 39 01 80 FF F2 08 54 65 72 6D 69 6E 61 6C FF EE 01 04 DF 30 01 0C DF EE 26 01 08 DF EF 4C 06 00 27 00 00 00 00 DF EF 4D 27 3B 36 35 31 30 30 30 30 30 30 30 30 30 30 31 32 35 3D 31 37 31 32 32 30 31 31 30 30 30 30 39 35 30 30 30 30 30 30 3F 17 A3  

 --- 60-13 Contact Retrieve Transaction Result

2022/1/11 10:00:39.655 [TX] - 56 69 56 4F 74 65 63 68 32 00 60 13 00 16 57 5A 5F 34 5F 20 5F 24 9F 20 5F 25 5F 2D 50 4F 84 DF EE 23 9F 39 01 A0 
2022/1/11 10:00:39.761 [RX] - 55 55 55 55 55 55 55 55 55 55 55 55 55 55 55 55 55 55 55 55 55 55 55 55 55 55 55 55 55 55 66 56 69 56 4F 74 65 63 68 32 00 60 05 00 00 D6 C5  

 ---------- END OF TEST ----------

 Result = PASSED


Docklight Log File (HEX) - Stopped 2022/1/11 10:00:40.517 

