Docklight Log File (HEX) - Started 2026/4/28 10:02:23.722 
 TEST CASE: ULTR100

 --- Set POS COM PORT Settings
 Set POS COM PORT...
 POS operating on COM90 @ 9600 baud...
 Set POS COM PORT - COMPLETE

 

 --- Poll on Demand

2026/4/28 10:02:25.041 [TX] - 56 69 56 4F 74 65 63 68 32 00 01 01 00 01 01 34 D7 
2026/4/28 10:02:25.046 [RX] - 56 69 56 4F 74 65 63 68 32 00 01 00 00 00 12 53 00 00 00 00 00 00 00 00 00 00 00 00 00 00 00 00 00 00 00 00 00 00 00 00 00 00 00 00 00 00 00 00 00 00 00 00 00 00 00 00 00 00 00 00 00 00 00  

 --- Burst OFF

2026/4/28 10:02:25.580 [TX] - 56 69 56 4F 74 65 63 68 32 00 04 00 00 05 DF EE 7E 01 00 1E 60 
2026/4/28 10:02:25.636 [RX] - 56 69 56 4F 74 65 63 68 32 00 04 00 00 00 AE 16 00 00 00 00 00 00 00 00 00 00 00 00 00 00 00 00 00 00 00 00 00 00 00 00 00 00 00 00 00 00 00 00 00 00 00 00 00 00 00 00 00 00 00 00 00 00 00  

 --- PT Start

2026/4/28 10:02:26.161 [TX] - 56 69 56 4F 74 65 63 68 32 00 2C 01 00 01 01 1D 19 
2026/4/28 10:02:26.174 [RX] - 56 69 56 4F 74 65 63 68 32 00 2C 00 00 00 1C 9B 00 00 00 00 00 00 00 00 00 00 00 00 00 00 00 00 00 00 00 00 00 00 00 00 00 00 00 00 00 00 00 00 00 00 00 00 00 00 00 00 00 00 00 00 00 00 00  

 --- Poll for Token (10 sec)

2026/4/28 10:02:29.007 [TX] - 56 69 56 4F 74 65 63 68 32 00 2C 02 00 02 0A 00 B1 E4 
2026/4/28 10:02:29.156 [RX] - 56 69 56 4F 74 65 63 68 32 00 2C 00 00 08 04 04 21 53 9A 67 34 80 7F A4 00 00 00 00 00 00 00 00 00 00 00 00 00 00 00 00 00 00 00 00 00 00 00 00 00 00 00 00 00 00 00 00 00 00 00 00 00 00 00  

 --- 2C-07 Mifare Read Page 0-7

2026/4/28 10:02:29.689 [TX] - 56 69 56 4F 74 65 63 68 32 00 2C 07 00 02 42 00 16 D6 
2026/4/28 10:02:29.700 [RX] - 56 69 56 4F 74 65 63 68 32 00 2C 00 00 20 04 21 53 FE 9A 67 34 80 49 48 11 11 11 11 11 11 00 00 00 00 00 00 00 00 00 00 00 00 00 00 00 00 6D AA 00 00 00 00 00 00 00 00 00 00 00 00 00 00 00  

 --- 2C-07 Mifare Read Page 24-2B

2026/4/28 10:02:30.243 [TX] - 56 69 56 4F 74 65 63 68 32 00 2C 07 00 02 42 24 72 30 
2026/4/28 10:02:30.344 [RX] - 56 69 56 4F 74 65 63 68 32 00 2C 0A 00 00 DB 5A 00 00 00 00 00 00 00 00 00 00 00 00 00 00 00 00 00 00 00 00 00 00 00 00 00 00 00 00 00 00 00 00 00 00 00 00 00 00 00 00 00 00 00 00 00 00 00  

 --- Poll for Token (10 sec)

2026/4/28 10:02:30.885 [TX] - 56 69 56 4F 74 65 63 68 32 00 2C 02 00 02 0A 00 B1 E4 
2026/4/28 10:02:31.035 [RX] - 56 69 56 4F 74 65 63 68 32 00 2C 00 00 08 04 04 21 53 9A 67 34 80 7F A4 00 00 00 00 00 00 00 00 00 00 00 00 00 00 00 00 00 00 00 00 00 00 00 00 00 00 00 00 00 00 00 00 00 00 00 00 00 00 00  

 --- 2C-06 Mifare 3DES Authentication

2026/4/28 10:02:31.579 [TX] - 56 69 56 4F 74 65 63 68 32 00 2C 06 00 10 49 45 4D 4B 41 45 52 42 21 4E 41 43 55 4F 59 46 B1 11 
2026/4/28 10:02:31.584 [RX] - 56 69 56 4F 74 65 63 68 32 00 2C 05 00 00 F7 6B 00 00 00 00 00 00 00 00 00 00 00 00 00 00 00 00 00 00 00 00 00 00 00 00 00 00 00 00 00 00 00 00 00 00 00 00 00 00 00 00 00 00 00 00 00 00 00  

 --- PT Stop

2026/4/28 10:02:35.116 [TX] - 56 69 56 4F 74 65 63 68 32 00 2C 01 00 01 00 0D 38 
2026/4/28 10:02:35.150 [RX] - 56 69 56 4F 74 65 63 68 32 00 2C 00 00 00 1C 9B 00 00 00 00 00 00 00 00 00 00 00 00 00 00 00 00 00 00 00 00 00 00 00 00 00 00 00 00 00 00 00 00 00 00 00 00 00 00 00 00 00 00 00 00 00 00 00  

 ---------- END OF TEST ----------

 Result = FAILED


Docklight Log File (HEX) - Stopped 2026/4/28 10:02:35.763 

