Docklight Log File (HEX) - Started 2015/6/10 11:23:30.097 
 TEST CASE: SAT003-4

 --- Set POS COM PORT Settings
 Set POS COM PORT...
 POS operating on COM1 @ 9600 baud...
 Set POS COM PORT - COMPLETE

 Loading DUKPT key...

2015/6/10 11:23:31.538 [TX] - 56 69 56 4F 74 65 63 68 32 00 83 00 00 00 03 22 
2015/6/10 11:23:31.597 [RX] - 56 69 56 4F 74 65 63 68 32 00 83 00 00 00 22 03 
2015/6/10 11:23:32.129 [TX] - 56 69 56 4F 74 65 63 68 32 00 80 00 00 65 30 43 46 35 35 34 43 32 46 30 45 45 41 41 30 30 38 38 4B 30 54 44 30 30 4E 30 30 30 30 30 30 38 30 32 41 38 34 46 44 44 36 33 39 31 35 44 43 41 45 42 46 38 37 37 35 34 33 32 32 44 32 36 37 42 41 33 34 34 31 38 33 41 42 39 41 32 35 36 37 39 30 32 33 34 39 38 37 31 32 30 32 33 34 30 30 30 30 30 30 30 30 C2 98 
2015/6/10 11:23:32.299 [RX] - 56 69 56 4F 74 65 63 68 32 00 80 00 00 00 B9 DF 
2015/6/10 11:23:32.827 [TX] - 56 69 56 4F 74 65 63 68 32 00 80 00 00 65 31 35 43 44 42 38 31 32 46 30 45 45 41 41 30 30 38 38 4B 30 54 44 30 30 4E 30 30 30 30 30 30 38 30 39 32 36 39 41 34 33 36 39 42 36 43 37 45 33 42 35 36 37 32 39 38 33 41 36 36 32 46 36 31 30 33 32 35 37 32 39 32 33 36 33 37 38 33 30 33 33 36 32 33 41 39 39 37 31 32 36 32 33 34 30 30 30 30 30 30 30 30 AA E9 
2015/6/10 11:23:32.994 [RX] - 56 69 56 4F 74 65 63 68 32 00 80 00 00 00 B9 DF 
2015/6/10 11:23:33.527 [TX] - 56 69 56 4F 74 65 63 68 32 00 80 01 00 58 41 30 30 38 38 4B 30 54 44 30 30 4E 30 30 30 30 42 39 34 38 46 37 42 33 34 43 41 44 37 32 36 42 41 37 37 43 39 43 34 41 38 30 37 37 39 42 42 38 36 42 42 43 33 37 34 30 31 31 42 42 45 33 39 45 30 36 46 34 46 36 41 37 44 44 36 46 37 32 30 45 37 31 33 44 45 39 34 41 A0 6B 
2015/6/10 11:23:33.662 [RX] - 56 69 56 4F 74 65 63 68 32 00 80 00 00 00 B9 DF 
2015/6/10 11:23:34.198 [TX] - 56 69 56 4F 74 65 63 68 32 00 81 00 00 71 05 41 30 31 31 32 44 30 54 45 30 30 4E 30 31 30 30 4B 53 31 38 46 46 46 46 39 38 37 36 35 34 33 32 31 30 45 30 30 30 30 30 37 43 45 37 34 45 39 30 30 35 33 43 41 38 45 45 42 43 33 37 42 35 37 30 36 38 31 45 35 42 32 37 36 31 34 38 43 33 45 37 34 34 41 42 43 44 36 44 34 43 35 33 36 43 37 46 34 46 36 37 44 37 46 32 32 44 33 39 34 45 44 42 A8 31 
2015/6/10 11:23:34.384 [RX] - 56 69 56 4F 74 65 63 68 32 00 81 00 00 00 CF 6B 
2015/6/10 11:23:34.918 [TX] - 56 69 56 4F 74 65 63 68 32 00 81 09 00 01 05 40 D3 
2015/6/10 11:23:34.954 [RX] - 56 69 56 4F 74 65 63 68 32 00 81 00 00 00 CF 6B  
OK!
 

 Loading Master key...

2015/6/10 11:23:35.523 [TX] - 56 69 56 4F 74 65 63 68 32 00 80 03 00 59 05 41 30 30 38 38 4B 30 54 44 30 30 4E 30 30 30 30 38 45 33 43 43 38 36 45 38 39 33 35 37 34 43 30 44 31 38 36 30 44 34 36 43 39 39 35 35 45 43 33 31 37 43 30 33 32 30 46 35 32 42 38 30 46 37 35 38 35 46 32 37 45 37 31 46 36 41 36 33 44 42 39 43 45 44 46 31 37 30 32 A3 22 
2015/6/10 11:23:35.674 [RX] - 56 69 56 4F 74 65 63 68 32 00 80 00 00 00 B9 DF 
2015/6/10 11:23:36.208 [TX] - 56 69 56 4F 74 65 63 68 32 00 80 09 00 01 05 11 79 
2015/6/10 11:23:36.244 [RX] - 56 69 56 4F 74 65 63 68 32 00 80 00 00 00 B9 DF  
OK!
 

 --- GR Backward Compatibility: OFF

2015/6/10 11:23:36.807 [TX] - 56 69 56 4F 74 65 63 68 32 00 04 00 00 04 DF 59 01 00 6A BF 
2015/6/10 11:23:37.094 [RX] - 56 69 56 4F 74 65 63 68 32 00 04 00 00 00 AE 16  

 --- Poll on Demand

2015/6/10 11:23:37.658 [TX] - 56 69 56 4F 74 65 63 68 32 00 01 01 00 01 01 D7 34 
2015/6/10 11:23:37.700 [RX] - 56 69 56 4F 74 65 63 68 32 00 01 02 00 00 7C 33  

 --- Clear Event Queue

2015/6/10 11:23:45.378 [TX] - 56 69 56 4F 74 65 63 68 32 00 83 0C 00 00 62 57 
2015/6/10 11:23:45.428 [RX] - 56 69 56 4F 74 65 63 68 32 00 83 00 00 00 22 03  

 --- 02-0A DUKPT/ contactless/ Non-Event

2015/6/10 11:23:45.475 [TX] - 56 69 56 4F 74 65 63 68 32 00 02 0A 00 27 00 0A 41 00 00 00 9F 02 06 00 00 00 00 00 01 5F 2A 02 08 40 9A 03 12 01 02 9F 1A 02 08 40 9C 01 00 9F 21 03 11 22 33 6D C5 
2015/6/10 11:23:48.882 [RX] - 56 69 56 4F 74 65 63 68 32 00 02 23 01 25 00 92 00 00 00 00 00 00 9F 06 07 A0 00 00 00 04 10 10 DF 81 29 08 30 F0 F0 00 30 F0 FF 00 DF 76 05 04 30 00 00 00 FF 81 06 82 00 19 9F 42 02 08 40 DF 81 15 06 00 00 00 00 00 FF 9F 6E 07 08 40 00 00 30 30 00 FF 81 05 81 DB 9F 02 06 00 00 00 00 00 01 9F 03 06 00 00 00 00 00 00 9F 26 08 C1 91 25 EA FE 01 C3 0D 5F 24 03 18 03 31 82 02 19 80 50 10 44 65 62 69 74 20 4D 61 73 74 65 72 43 61 72 64 5A 08 51 28 57 01 00 03 81 71 5F 34 01 00 9F 12 10 44 65 62 69 74 20 4D 61 73 74 65 72 43 61 72 64 9F 36 02 00 42 9F 09 02 00 02 84 07 A0 00 00 00 04 10 10 9F 1E 08 30 30 30 30 30 30 30 30 9F 11 01 01 9F 27 01 80 9F 34 03 1F 03 02 9F 10 12 01 10 A0 00 05 24 00 00 00 00 00 00 00 00 00 00 00 FF 9F 33 03 00 08 08 9F 1A 02 00 56 9F 35 01 22 95 05 04 30 00 00 00 57 10 51 28 57 01 00 03 81 71 D1 80 36 22 00 00 76 0F 9F 53 01 01 5F 2A 02 08 40 9A 03 12 01 02 9C 01 00 9F 37 04 AF 98 25 63 4C 48  

 --- Clear Event Queue

2015/6/10 11:23:51.066 [TX] - 56 69 56 4F 74 65 63 68 32 00 83 0C 00 00 62 57 
2015/6/10 11:23:51.097 [RX] - 56 69 56 4F 74 65 63 68 32 00 83 00 00 00 22 03  

 --- 02-0A MS key/ contactless/ Non-Event

2015/6/10 11:23:51.181 [TX] - 56 69 56 4F 74 65 63 68 32 00 02 0A 00 27 00 0A 01 00 00 00 9F 02 06 00 00 00 00 00 01 5F 2A 02 08 40 9A 03 12 01 02 9F 1A 02 08 40 9C 01 00 9F 21 03 11 22 33 53 30 
2015/6/10 11:23:54.736 [RX] - 56 69 56 4F 74 65 63 68 32 00 02 23 01 25 00 92 00 00 00 00 00 00 9F 06 07 A0 00 00 00 04 10 10 DF 81 29 08 30 F0 F0 00 30 F0 FF 00 DF 76 05 04 30 00 00 00 FF 81 06 82 00 19 9F 42 02 08 40 DF 81 15 06 00 00 00 00 00 FF 9F 6E 07 08 40 00 00 30 30 00 FF 81 05 81 DB 9F 02 06 00 00 00 00 00 01 9F 03 06 00 00 00 00 00 00 9F 26 08 26 06 2A 39 D2 1E 85 C1 5F 24 03 18 03 31 82 02 19 80 50 10 44 65 62 69 74 20 4D 61 73 74 65 72 43 61 72 64 5A 08 51 28 57 01 00 03 81 71 5F 34 01 00 9F 12 10 44 65 62 69 74 20 4D 61 73 74 65 72 43 61 72 64 9F 36 02 00 43 9F 09 02 00 02 84 07 A0 00 00 00 04 10 10 9F 1E 08 30 30 30 30 30 30 30 30 9F 11 01 01 9F 27 01 80 9F 34 03 1F 03 02 9F 10 12 01 10 A0 00 05 24 00 00 00 00 00 00 00 00 00 00 00 FF 9F 33 03 00 08 08 9F 1A 02 00 56 9F 35 01 22 95 05 04 30 00 00 00 57 10 51 28 57 01 00 03 81 71 D1 80 36 22 00 00 76 0F 9F 53 01 01 5F 2A 02 08 40 9A 03 12 01 02 9C 01 00 9F 37 04 60 26 D8 D7 F4 54  
---------- END OF TEST ----------

 Result = PASSED
 

 MASTER RESULT = PASSED


Docklight Log File (HEX) - Stopped 2015/6/10 11:23:56.322 

